-2676 -4486 -3661 -6312 3182 7983 1172 -4025 6915 -4880 3581 7861 2015 -2690 -8183 6678 -7335 5094
-6795 3701 1134 4526 -2523 -2316 4452 5395 -3007 3683 5615 -6529 -7178 4094 -5877 1801 4062 4674
1125 -3540 -5120 -6680 3961 1153 2411 769 58 -7753 3202 -4558 4967 5011 -2086 -8186 -382 -989
-585 6256 7511 5372 -5576 -6043 -708 5554 6159 7052 2004 -1191 493 3109 -4208 2861 -7558 2812
8115 2663 -2819 -6780 4624 1307 2204 -3058 3156 7753 -1981 -1494 -6404 774 -1766 795 8161 -1340
4531 1141 6773 -4420 -5173 -3883 3981 -7557 4769 1207 3793 -2166 4102 -2182 5077 -2506 -1546 6768
4295 -2689 -7461 4126 -3901 7197 -396 -6763 -3137 5294 -4783 -2072 -6619 -4354 249 -4149 5634 2157
-5460 -692 2008 -2683 -6464 7593 3342 1682 5801 5458 -508 -7808 7064 -6148 -1596 2740 -7232 -1831
-4779 5922 -975 7419 1198 -7825 6496 2506 1862 -961 -6067 -5735 581 -1123 6710 101 603 3977
-755 -5453 -213 2461 4710 -8067 -1438 2010 -2260 1625 -2968 7825 3536 -2383 -1871 -1171 -706 3346
-7248 7066 -2483 7606 -7062 3864 4591 -7404 7075 -7395 -1553 2967 6840 -4706 -4532 -3708 -7157 5118
6467 -6422 -4332 1753 1009 8125 4631 3304 7569 -7143 4984 5903 -6305 5260 1190 -2170 -2277 -5470
-5965 -2526 -7638 -145 2175 7104 856 595 -2411 -4395 -4799 -5676 -7022 -1270 -1213 2190 3132 7697
4910 4188 3639 -3184 2437 -4730 2129 6687 -1447 1054 1399 -5243 2251 -1665 2373 -7699 5947 5086
6461 1118 -5639 6670 1427 5187 1711 -683 5028 5649 615 -2208 3074 -4331 4134 -6550 3628 -3495
561 4460 -5152 5809 4078 7803 -4603 -4116 4710 -6846 1350 -6898 2410 -6249 2114 -567 6993 6717
346 253 -7843 1978 -4569 -403 -3399 -2222 -3448 -647 30 -7654 -7845 -5351 -3558 -8128 7366 216
7139 6232 -4043 -241 -2834 6877 -6694 -3046 -5380 -3124 -1550 -5421 -279 7250 -4724 -1513 -499 5818
6907 3948 2615 7766 3568 -4398 601 -2655 292 418 -575 -907 938 -4438 -5122 6248 -6167 5440
2917 6472 -477 -6749 2096 -7247 -848 -4013 -2494 3010 6090 -6492 -2174 -5623 -5367 -6553 232 5219
-2461 2737 4122 1329 4334 7116 939 6781 4911 6199 -6143 -2207 6918 -3881 -5422 -3722 -5306 -3520
1871 5242 2271 -2789 7391 -6653 6077 4023 641 -3240 6448 -7506 2257 4973 3583 -1361 -856 -6399
7709 -7831 7261 208 2041 6038 4526 -12 -1677 4645 -7624 1624 5221 -2942 -5988 5468 229 -7680
2119 -1403 3847 -8089 -4656 5723 2648 -6760 3572 -6297 236 2651 -2748 -7357 -8171 -948 6748 2015
-5971 -5925 1228 -4393 7438 -1153 -1383 3301 -5463 -5889 1624 -6260 -3801 -7722 2044 -5441 -5811 -6715
-7632 -5942 3427 4726 -2474 -4540 1357 -6323 306 -3028 -1992 6217 2602 6688 1515 -5608 -2272 -3395
2497 -3783 -2308 3088 -5839 -4534 5323 -453 4101 -7823 -6779 -5596 7215 3814 -7578 -3498 6965 3743
-7686 6137 6982 -7913 441 1518 -3604 -7370 -3508 -3066 -1443 7010 -1941 -5029 -4755 -1626 5218 7373
5410 1270 -7625 -353 -536 4003 -7070 -473 -6313 -4896 2869 -4941 5811 358 -5403 -6533 3323 -5811
-3557 -2367 660 3301 4932 -7163 -5470 7886 -3470 -4508 8181 7450 2514 -5615 -604 3994 5855 -21
1327 7492 535 -450 5219 -3388 4964 917 3264 5150 -6885 -4675 -4464 4994 -6244 5844 2452 1835
-6246 2704 1375 -1935 -5895 -627 -7359 -6676 2126 -3890 -1066 4807 -2807 2899 6721 -730 -2516 5083
-2308 -2648 2997 5297 -3006 -3554 7838 5041 7720 5452 4479 -6048 4177 1500 -7217 6684 827 3674
-1596 4233 -7375 -8083 -1316 -7 -3362 -2796 6391 7181 7042 -7141 -3550 -1420 -4925 -4962 7916 -4164
-4582 2229 8053 4175 1000 1599 -1781 8084 2607 -308 -2457 5918 -6440 -5981 7319 4109 -2646 6897
1661 -1914 4063 -237 -1808 8011 4437 2297 -7810 -132 7516 -3908 4557 5734 1324 1851 -5724 -4726
4597 8174 384 -7511 5265 -5681 2022 6153 -807 -3748 -7369 5836 6799 -6706 2615 3432 2559 6999
-6858 -3006 -4576 -7019 -5693 614 -1426 -746 796 -920 -4512 7938 -1748 1874 1137 -530 -6106 2510
-2340 183 -1326 1360 7138 -2917 -1689 -3716 -1080 4949 7950 917 -7583 5749 2059 -5083 3651 -3647
-5514 -2904 -102 -4418 -5218 1905 2197 864 1042 2976 -7806 7633 1086 7995 -7565 -164 -5203 6505
-7015 -8077 -6933 7886 -4810 -2082 6150 -3583 -7127 7939 -6728 2600 -2010 -4782 -742 6580 -3451 1225
7700 3897 7347 -5720 -1444 -1433 -1718 7981 1805 7970 -3398 -7281 -3844 -7992 416 1271 1414 3960
-4931 -5702 546 414 -7045 1426 7291 896 7210 5659 -2764 1792 -7469 -8114 1862 7538 7580 2348
1547 -6760 -6674 917 -1063 -2119 -4842 -4827 6978 -1569 -6242 5181 5374 -6609 -7615 316 -7064 -4766
633 -839 -7010 -158 5301 -4877 -8120 -7168 -5593 1115 -4617 -4654 -6091 6979 2854 -3798 2961 -4449
2018 2353 232 7664 -2811 5410 5426 -7590 -6377 -2140 8102 6331 -38 574 -6324 6408 4192 5886
-6612 -2902 1496 -5594 -5081 5641 -3351 -4597 864 6975 -6223 4879 6233 -6693 -5520 -6720 1945 -1592
710 -2808 4869 -6817 -5740 2700 -7982 3210 3963 7978 1554 4374 3080 5516 -272 -3562 -6291 -6937
5748 7274 4320 -559 -8187 1654 -3155 4925 1129 4319 -827 4505 1162 1661 779 -4606 -3143 -2719
-7112 6044 2981 -1282 2130 -2792 7155 -648 7642 -1985 -2202 -5109 132 -3657 -8010 146 7330 -4392
6402 7226 287 2983 4581 -1726 -3548 753 -6880 3046 -4519 -6523 5104 3187 -1847 2440 -4088 1127
6498 1786 -4077 6334 -6631 -4534 4594 -5284 1703 9 3214 3478 1267 1236 -3263 7648 7180 -6078
3312 2706 6098 -7683 188 5077 -2254 5892 6738 1708 -7414 -764 2011 2846 -5201 -5687 5011 -128
7944 6368 -1285 -1313 -5800 4435 -6750 -3958 4757 -2692 7586 3772 2680 -6401 2992 4712 5395 2285
6342 -5599 2585 2549 -2175 -7649 -1857 194 -2300 -3211 -7620 1139 -7781 -4016 7405 2872 2271 -6298
4633 -1783 403 -1920 -6065 -6016 -3828 -3038 3175 6100 -4536 86 -5331 1016 6305 7321 3477 7115
-6624 -290 -5715 5496 2917 -7233 6669 4081 -180 3008 3595 2692 -1016 -58 -7055 7324 8 5772
737 -2155 -4000 5476 7132 7350 7898 -6671 -2719 4434 5552 -1259 -7638 -1285 -5421 7934 -106 -4645
-794 1103 -5592 5940 7114 5225 -1369 3577 -297 5330 -542 -3196 2723 7621 -1773 -4495 2179 -1062
-4899 -5735 4493 -2356 -5900 -7888 3927 5991 -7591 -6153 5183 -6507 7743 -4451 -4761 -130 -7281 -2253
-4037 -4388 1282 -308 -6736 -1696 -2575 1841 5386 829 -1114 2756 4186 -3371 -4756 1134 1157 2170
5418 5570 -4357 1380 -7512 -2764 -1270 7091 877 -4495 -5939 410 4421 7901 -62 -7764 -5788 -2002
-4361 577 7712 -3300 7392 7688 5470 -952 2249 1961 1421 1325 -27 4753 -7352 832 2046 6881
-3685 1830 468 -6543 1762 -2546 -6915 -1796 -1966 3883 6017 5486 -497 1875 784 1613 502 -6988
-5687 -6340 -5373 -6997 7347 2475 5957 5575 5582 -4442 5776 -4131 6087 -4175 6068 5185 5443 4317
6756 37 473 5620 6070 6926 3744 5304 -3257 -5261 -2975 7764 -6409 7022 3432 -1558 -1196 6052
-7939 2607 -360 -3534 -7574 6217 3144 5067 1464 7589 6010 -6918 -5124 1808 2487 -1682 2376 2776
-6023 -6275 1600 3099 4943 5566 -181 -6866 3235 -5951 -7325 4902 7959 6886 5257 7305 4489 -6048
3032 -4846 -1100 6464 -7370 150 -4751 5058 1697 5917 -1378 152 -4307 3069 7578 -5271 -5753 2605
621 -5781 2611 -2133 -4989 -4065 4444 4614 2321 -6616 -8130 5645 -8162 6213 575 -4974 -2538 7280
-5212 -2474 4121 3345 -4136 -3817 -4899 -6565 4457 4021 -7134 -4153 -4713 -126 -283 -1109 -6784 -2910
-1512 -6405 1784 -2145 1541 -7398 5884 3599 -2984 -3112 -62 -1953 -6477 -5232 1125 7863 -4101 3928
-957 -6382 -1481 -4759 -2075 3669 -7407 3977 4500 -340 -7943 5044 2961 -795 -7450 5322 -548 -6398
-839 -4751 -2644 7650 4669 -245 2180 5131 4815 1744 -800 7056 -2152 -5362 2694 -4830 5745 2678
5248 561 -1170 -2136 7844 -959 6894 -5446 -7986 -3256 3697 4864 -1622 -6844 -4627 4833 -7377 -7972
-2094 4048 -5461 -6867 6574 -8088 3702 4276 2931 674 839 6491 3920 -7112 802 -6243 2105 -6380
-6165 3794 -1783 -5135 -3176 -863 7742 3345 2054 6521 -2968 4896 -3991 -2993 7447 3614 -423 -3242
-2922 7305 7309 -7177 2579 2701 6441 -7214 3223 4960 2477 -788 7803 -4414 2698 -4359 -7795 -2933
-939 -62 -4653 114 149 3254 1259 8160 6205 -2160 -3050 -3094 -6733 -6116 -2360 4458 -2934 -723
3067 2368 2256 -6502 4107 -7515 6149 626 3381 -3674 -4696 -2236 5309 5054 7528 -6784 4783 -874
1276 -5617 -4545 7381 -110 3057 -5938 3363 3292 3857 3464 1853 3533 1576 -7249 5937 6367 7622
-2705 3768 2063 -1402 7532 -6988 615 -7094 -4896 2749 -7370 6318 7257 -7439 222 -362 6435 8116
-2742 5321 -7868 -2109 -5637 5580 28 -1993 2493 -5441 7601 7890 6652 -6290 -3449 1616 7598 -5767
4643 3806 1004 5277 7735 3262 1058 1570 5205 -6409 -5665 -1695 2142 -4046 -3510 -2196 -643 -7239
-719 3038 -4152 4234 -3137 6340 135 7321 -6454 929 5910 -5601 1735 5534 -6048 2332 -2212 2259
-2296 -268 -8047 7342 -472 3610 -93 -5245 6324 2047 6516 6955 6012 4858 4258 -7458 6094 -4498
308 12 3254 7928 -7187 5238 3298 3289 6973 1868 5924 -415 -5158 -7295 8085 -1903 741 3368
5971 -4141 3020 2063 231 4819 -2129 -5794 839 6525 -1931 -4515 3444 -7661 4481 4715 -832 1637
7 7680 6062 -3276 7412 2262 3957 -5216 -1399 -5833 6691 714 8069 2658 5980 -2671 -7678 -7139
4541 -4511 988 3412 3808 7476 4809 -7183 -3 -4689 -4596 949 1321 1363 -3136 1620 5438 5088
-2094 -6511 -936 8139 1677 139 759 6357 5330 2353 -4152 6858 8165 -2371 -2566 -5540 7905 -2970
588 5650 1991 6956 -1875 1396 2614 2494 5238 -8138 440 5509 -681 6037 439 -4401 718 -1062
-755 -3564 4180 -6171 -5324 104 3095 -4876 -4834 6403 -3488 2167 5025 3556 8079 3597 2448 3492
6856 3993 869 7257 4907 -4734 -2409 -2648 -7748 6406 -1396 -3612 478 -3394 5417 -6046 4735 3883
5385 -5923 4561 2943 -1204 1541 -6732 -918 5889 2853 -7507 -7912 5194 5868 -7277 -7087 -7939 -2723
-7220 5546 -5890 -3376 -4559 -6937 3120 548 4746 2411 4103 -4087 -3141 8159 -4421 -669 -8070 -6174
1555 6871 2233 -5147 2020 8059 424 -729 -4584 -2918 -5552 3534 5216 4249 -7459 4900 -1646 -1264
-6022 -1558 2698 -3098 2006 5847 -1843 -2144 -1972 7476 -341 -1331 4499 1423 4891 5772 -4553 -4450
-4304 59 -4985 -7634 -6371 1597 -8123 2118 -1803 -5146 -6432 -3484 4854 7806 -4005 2245 -3201 7545
-4407 1013 -7012 4023 -395 -930 -2755 8174 -1885 -1539 -3577 6712 748 3655 -58 -6982 3403 -7648
6525 3439 4276 493 5149 1811 91 4570 -5679 3885 -104 -3028 -4368 5942 3682 3002 -3432 -5401
-388 -7024 -4907 -4705 -7380 -4963 -904 -5904 3489 1687 5770 1609 2043 -7949 -5793 -4671 -7964 6903
5438 -7174 -1581 -7680 -829 -7885 -5643 4305 3778 -1169 -6231 -1255 3046 7615 2723 -4354 -5672 -6481
6321 5859 5652 -6201 -4327 1345 -1436 -8128 -1381 5273 1251 -4921 4117 -6760 5563 1641 6089 -6842
5233 2719 7478 -6804 3802 -6537 -2655 -3835 -7253 7894 3888 -6436 6824 4083 6841 1093 -4992 7632
-7658 -5639 7220 -4113 -724 1288 -7120 -3563 -2161 -6654 6393 -3015 6339 -4063 898 -7284 -7904 -5459
5404 -2397 -4787 7795 -2295 1728 4711 2399 6059 -4030 -6968 4662 -2209 -3038 -1187 1648 5855 -2900
-7756 3123 2408 1854 2707 4714 3163 -2758 -2746 -5883 -6504 -6648 6005 2889 -3732 3141 -591 1623
3364 4112 -2933 1467 -7354 4203 -5025 -4053 -1964 -2609 -5709 7774 -4277 -4149 -3018 5646 177 6105
5734 4870 1862 4930 8147 2149 -7082 -4566 -1028 -7178 7595 2485 4049 -602 -2269 5978 -4128 -732
-5670 -1208 -7932 8085 -1276 4074 -2598 -6281 5209 -7008 -1353 -8050 -8146 -3720 589 520 2845 6693
1264 6327 -4767 -1531 -7050 869 -574 4932 1715 -5293 4134 6963 6313 716 460 -600 -5061 -3092
5394 4489 663 2411 7919 6269 -2757 -1115 2050 943 3979 -5210 836 6071 2849 -2449 -931 -5715
168 -5554 8080 3911 -165 2128 -683 -978 7468 7145 -5246 -6559 -3704 4768 -6619 -5183 3247 7665
4592 4794 7620 2375 -7597 -8173 6500 3600 1312 7116 4842 4095 5613 -201 6742 2912 -1283 -6638
4297 8085 -4655 -800 1452 -80 4445 1606 3693 -3287 6109 -3678 -5402 -3905 6721 7336 -6054 -661
-7357 -1481 5404 6525 4116 -1991 -2352 -6691 2231 7861 5445 2898 -3605 504 3077 3603 6845 474
-2962 5969 1986 -4051 6768 7927 7648 6210 3581 -124 3781 412 765 7681 2294 -6225 4599 -4061
3461 206 2899 2682 -4769 3645 -4296 216 4158 3918 -1005 704 1857 4531 -6732 -507 3351 -1815
-6377 -3709 -2604 -2376 188 -1544 -3998 3817 5555 768 7058 -8177 -1733 -6607 4310 2915 7930 -7602
-6522 -2589 -13 -2905 3034 -919 -6668 -368 126 5375 -4156 252 2493 -2227 -30 6203 -6310 1554
-6171 459 -5640 5093 641 5723 -4805 -789 3623 478 5995 -4148 -1461 -7222 -7981 8121 -1734 -7824
1188 -1637 2221 5235 7578 5713 736 8044 4123 1069 -5546 4759 1045 -7830 571 -5449 4206 -7709
-6807 5126 6674 -1576 -4603 -1186 2217 2010 8133 5987 4839 -2090 -6446 -3096 1152 -1736 7491 -5789
-72 574 -5809 2697 7314 -1441 -6663 -3573 -6226 1487 -6012 -1430 -7511 3125 5231 2549 2110 -2967
4116 -795 -2572 -4251 3055 6029 -661 3146 -4483 2755 -174 -4202 5819 -2993 4602 -6310 1873 -6777
5512 -2378 -5043 6665 -2108 4697 3458 -5988 2441 -6093 8088 6172 -6174 -5069 1435 -7514 6830 1084
-2738 4284 -5378 3373 4095 -2376 4859 4870 -7657 -466 2439 -2505 6957 1431 2912 6148 -3882 6
-7171 2073 -515 7934 6133 3372 4327 -3983 -3294 711 -1569 -1323 7229 -6600 3171 357 -4026 3217
-6880 -1417 1891 7135 -6564 -7693 -6781 361 -729 -3598 -1920 -223 -7910 -5257 -6659 2597 -8012 -1721
2769 5240 -5021 5859 -4575 -1090 -3552 1446 2564 -2262 -1098 -1541 -5145 -373 -7776 2741 3692 1139
1164 3217 -4336 -632 8065 -7223 328 3805 -7014 -2609 359 7569 -2451 1320 2305 6506 -4084 -7829
-6396 -856 3492 -2737 7528 6885 -6201 7408 1668 -1747 4931 3623 1019 2328 6062 -769 -1709 290
3712 1615 -3039 -5105 7388 2688 993 -5776 6636 600 -7319 -1705 5094 -2054 -2576 3354 1455 -4606
-1587 -2238 -4324 7868 -3388 -2931 -7728 7553 -4620 -6111 -2875 1068 -7824 1233 -3990 -2372 2410 -631
-6811 -6397 1294 -2346 -9 -7542 5354 5008 2553 5253 -761 5801 -4729 1523 -4970 -3056 -5575 1488
-4793 2749 3848 886 -967 -7711 -5420 1297 3721 -7386 1407 1087 -7285 -5087 5046 6854 -6510 -3881
-2226 2415 619 2411 -442 768 -6034 -6935 -3475 1367 -4825 -1243 -5215 -5469 -844 -2092 -2383 -836
2223 -1875 735 -2911 -3641 6324 -6137 -4079 3813 -7512 -2217 1858 5136 -7032 -5959 3263 -1327 -450
5841 -7839 -4535 -6804 7078 -6557 7396 -1963 -39 -2138 -3666 6627 3725 -2044 5947 -3879 -19 6605
1608 1041 3139 -4765 478 3572 6599 8168 814 250 5880 -3026 -2306 5976 -3168 8087 3771 -6200
2678 5447 1841 6514 -4763 -5811 -6440 -3839 -6558 5635 5569 4279 7933 3468 4404 -6703 120 -7832
7386 7386 -369 -5585 -3185 5957 7890 -1683 6613 -1007 -4427 -100 5098 7567 -1501 -4037 -7819 3668
-2872 3597 215 7998 -6157 -5777 7204 -8033 5910 -1326 -7760 -8058 -4884 -7337 -5571 44 -7377 -632
-4394 6779 -2292 2097 -4035 5563 7188 5470 4600 6743 -19 1905 2830 2252 4230 1626 -4528 -5966
5891 -2310 -5047 -5406 6461 7824 4315 -1850 5086 -926 7784 -5440 -210 870 2216 8113 -3994 -464
-3817 4011 2498 1750 -6388 5043 2842 7453 3430 -848 -2779 1193 -6171 -3217 4441 -2727 -3565 -1067
4212 1981 477 5411 4503 -6211 6083 4455 1037 -2238 7849 7674 -2649 -5348 -695 5941 -60 3061
-1210 -7879 -6928 -6795 7133 8145 4390 3437 -4037 1928 3766 3390 870 -7733 -7743 5964 -7718 -459
7257 4764 7856 -5384 7506 -6516 6269 -4501 2961 4264 8118 7085 27 -4430 204 -902 -3920 1706
5081 -5626 3344 -2277 5109 3859 -7967 6495 -8153 -4838 -5083 49 -6156 7818 1129 7221 -6763 -4026
-3966 -3911 -6199 3093 4330 -7540 3395 3687 1741 2813 -3133 266 -5216 6387 -834 5408 2918 -5596
-5702 5667 -3174 -6543 -3527 -4076 2213 1889 5454 699 -3062 5562 2258 7203 7454 1851 2094 5136
-393 1655 -6956 -7497 2526 3788 6732 -4991 -4862 -6526 2030 7414 -5972 -7937 4650 2765 3239 -3290
3456 -242 2631 974 -2799 6491 -4224 608 3790 -5273 -851 -4725 -173 1390 -6408 5153 -4276 3568
-1710 -1515 1166 7790 -6628 -5236 4303 -164 -1179 -6113 -2067 -731 3021 -4046 -4126 -4005 -498 7789
7260 -3331 5389 5978 -6162 7393 -7502 -1767 7386 323 -2252 5436 8078 1895 -212 7880 3244 6248
-7632 5699 7365 -988 5140 7671 4002 7997 -5423 73 319 7248 -5379 4658 -5546 564 7417 -1059
-4461 -3733 7342 4441 -1430 2724 -2579 1405 4736 2160 -143 -7972 5834 -509 1667 1757 6963 5409
-703 -3330 6130 1322 -653 -2015 4991 7489 4632 -5101 2081 7062 6534 2332 -6365 -5164 -3541 -4158
-1117 1699 1000 4760 3846 3166 6180 -2492 4364 5329 4698 3982 -6786 3626 -1171 -5723 6526 -6910
-3719 7787 -7547 3970 -4507 2815 -5917 -2633 -2311 2635 0 4337 -7000 8132 3627 -937 7147 7232
1539 4230 -7861 -6412 -3177 1128 7929 -2933 -247 -4845 3355 5728 -6419 5845 3751 -5154 5170 4455
-2842 8174 2493 -5846 -1131 -863 4497 -6247 -4181 -297 -5721 5329 4791 -3030 4700 5181 -4889 3295
140 5723 8098 -5115 5431 -1618 -5421 8101 7390 5307 -2365 2859 -1937 835 5279 -4651 -3625 -3965
1948 3916 7736 -1891 2230 -916 4024 6950 5905 7688 -1803 6357 1790 5115 1041 -2496 -7780 7728
-144 -561 1813 -536 -7686 -1337 -6770 6408 2331 1899 -2410 2467 -3502 -6058 5462 -7289 4697 3792
8016 6647 3077 -916 -3649 3985 -5967 -7773 -2667 -1476 5195 -3672 3110 -6844 -236 1355 3688 -1125
-6430 1802 -3891 -7126 -5601 564 -563 6736 -6573 3895 -1786 3199 1113 -2294 7420 -5393 -3022 1971
1408 -3976 -1420 -3077 -1874 3987 4444 -2008 -8054 3441 -120 7670 -6321 -2765 -6597 6555 2115 -4798
-5797 6639 1863 6352 -3330 1466 -7954 3950 -2916 27 -6850 5316 -6175 -4588 3869 6767 -3806 5935
2636 -2568 -6806 6995 -1528 5357 5680 6052 -3508 6435 -6999 -2929 -2632 -6394 -331 -2316 -5619 4117
1910 3700 5458 -7290 3459 -1317 5528 3821 4278 670 -6823 6444 -1632 5270 7798 -7844 1175 3776
3557 -5139 625 1064 2533 -6174 -3888 -1034 7402 -2518 3087 915 -2274 7445 7392 3577 -1927 -3591
-7305 -1510 1425 -7458 -7592 -1431 -1802 -5533 -5423 -2172 -7376 6067 -4855 -6142 -5274 -2910 -4688 -2215
670 -3103 -7341 -2584 -1117 -3743 7503 -5085 -1665 -4412 -2462 2779 1699 5628 -2856 4782 1707 -5111
6758 -4986 5305 -568 1432 3402 122 -3852 -6430 7850 -1075 833 -5298 1798 -5381 -7787 7895 2677
-5725 -7841 -6054 7925 -2507 1554 -7908 -4687 5656 7365 -5620 7019 -7060 6115 137 4617 7526 -2803
-2851 -6849 6236 5903 1094 3152 607 7679 -1872 2823 2943 -6285 4097 949 6318 216 3344 3168
-5052 -2567 -3019 267 5914 1414 5493 -4826 -7082 -6687 -6557 1545 4546 -7191 3456 4276 1753 1531
-7845 -4985 7265 -751 -709 7471 -6480 3564 -4748 3514 5258 -893 5464 -6473 5295 -7320 4302 -3710
5101 371 -3205 -7504 1516 -6283 -6248 1432 2704 4109 3686 -7423 -7690 2987 -7100 7392 278 2727
2641 6481 -1777 -4232 -2093 -2407 763 -3312 -2793 -7602 -7556 1365 -7665 3493 -3882 -3134 -5506 6367
693 20 -5685 -4148 -1387 -3792 -8074 -3721 -1612 2068 -731 7410 450 -7430 7001 7490 -1757 -1911
-1596 -4507 -7228 -2764 2606 -2696 684 -6986 7448 1547 -5097 -3675 2786 -4472 3636 -6861 7328 1461
-4461 -3836 5774 4969 6167 -4823 -6623 3665 2473 5177 5557 2263 5997 -6254 2024 1840 4264 1444
7299 6281 7237 7291 272 -4792 7668 591 3854 1148 5612 7747 -1602 -5525 3406 -5315 -4712 -7632
295 -291 -7330 -2927 7696 7836 2249 -542 -396 3335 230 -2796 -658 6419 7673 1494 4171 6554
5914 -2065 -1867 7927 7012 -621 354 1212 1221 -7425 6029 -4720 3188 -1765 -3354 4900 765 -2748
7737 -2985 -4613 -8136 4794 2911 3425 3614 -2089 5686 -5515 -1611 -1597 6920 -3493 -877 2200 -3376
-438 -355 -3557 1039 2908 5765 -6126 -2127 1031 -2688 -6826 4597 7461 6142 874 -1637 -5972 5548
-3388 5899 8188 2663 -6232 5569 2009 -3466 -4689 -3655 -4107 -3125 -3097 6924 -4064 -4495 919 6578
-6873 3604 -3167 -1197 3895 -2382 2684 -2750 5113 1622 -7961 1180 1601 1555 -2282 -2430 -2722 1025
3748 -7576 -6643 -3985 -1261 158 -2292 -2008 -1310 -6430 4941 -2591 2910 5399 -3128 -2881 2301 7209
4837 7686 3678 2301 5021 3038 -7182 7569 -480 6977 -3533 563 5159 -2303 2194 -1826 7920 -2572
-5388 -849 -1850 1599 -2098 6019 -3018 -62 6387 6068 -7453 6040 4332 -4117 7671 3792 5887 -5345
4661 5675 5071 -338 -3669 266 -3936 -7016 3325 376 2867 2007 -2454 1879 84 -4899 -4027 -858
7919 -8154 2363 -1817 -2598 5371 -6114 -6731 3633 -438 -5806 -4507 1122 2966 4069 -2864 4549 5155
-5050 -6846 -1823 6688 -1402 -7297 -6578 -4087 6747 -5391 -1989 -5603 -7506 7149 -374 -6659 -3388 4133
-6762 4706 794 -4055 7568 249 6101 -7145 -3955 -5028 5841 6496 6421 -983 -7339 -2116 2936 -3774
353 -218 931 1060 -7508 -5871 2473 8034 7973 1707 -286 60 -1229 -2479 -6741 -6307 -640 -5623
-2609 -7248 -2453 6457 -4222 -7840 -1250 6001 -250 1775 -2499 -5554 -7443 2672 4151 6274 -6406 2272
4413 3084 -6747 2466 -305 372 -7621 -2023 5868 7740 -4706 -675 -5393 -6041 -6225 1054 -1038 -1756
3908 4248 6892 -7016 -3367 -2386 -4511 -3895 -3136 6175 8105 5543 -4587 -2832 4596 -8135 -2255 -2095
-6962 -3364 1239 2244 -7083 -834 -4365 4056 -5875 -7591 7667 -3588 2384 -3801 6106 -3591 7780 6245
-557 -106 -219 259 -5000 7876 -3491 -341 4278 -3833 -1355 -3096 -7342 2784 -441 -7306 7423 8053
-5169 2214 5421 -5052 8061 -3854 7523 -4358 -5780 -3944 2886 3957 -2136 -5008 823 2012 1517 4817
-2666 -2861 5364 -608 -8026 6105 2914 5999 2314 -2617 605 -555 -1292 7007 8127 -1330 1489 -3567
-26 3909 1218 -4402 4389 -5942 -6769 1282 -7460 -950 75 -6218 2591 -8186 -3679 701 7701 7832
2467 -2532 -4638 7458 352 -649 -3530 3726 2296 3509 7306 3588 -8092 4789 1512 6761 3282 5930
8034 3346 7348 146 -6621 1415 3155 -5802 -739 -7051 -741 761 -4508 4011 4470 2689 -2538 6484
8023 -1819 6388 1079 2899 -1620 -5996 -223 -409 4517 -2261 4464 2136 -58 7431 4804 -8003 539
4513 -6209 6289 2287 -1461 7666 -4471 505 -3966 -7956 6113 1470 -7708 -7588 -4108 4357 3005 -4254
-8121 5238 -3008 3316 -3232 1108 -7345 5486 -7142 -3502 -776 -3787 7083 7056 -131 -7037 -4020 -2887
1805 3154 5741 7731 6421 1132 5800 2694 6446 4234 -1480 203 -5708 674 23 1354 6641 -1961
3282 4662 -7173 -5767 -6439 -5500 7190 -7753 -3706 -3866 5079 8037 -1851 3299 4808 -3733 -177 2074
-6461 3651 -7791 -4721 -4644 -459 -216 5419 7164 4749 -758 -6821 7694 1048 4675 -2880 7376 -3422
-3750 5647 329 8093 78 -2034 -809 7677 -3775 -7258 -2336 4364 -4688 546 -7636 -2940 -6564 -2677
7117 1966 -1591 -4837 5562 5558 865 -36 -4358 -2800 1333 -2204 -1161 -2050 -415 5288 7539 -6080
-8182 -1793 -3427 2013 -3324 -717 -2376 -3826 -8171 -8000 7669 3904 -4912 6957 2281 2891 7966 -1653
5138 -6989 6497 4608 -6889 4623 -7891 -2153 -2161 -7519 -7502 -2045 2937 -1297 -7493 3499 -2224 -6502
-3757 4029 -76 6465 3840 2661 -2362 6287 5807 2348 1297 -5790 7725 -655 7720 -1515 8014 2814
714 -7187 7086 -6963 4797 -608 3344 978 4158 6399 5223 -7671 5906 -6713 -1680 890 -5831 4987
-4872 -2167 4925 -4989 8127 7227 2604 1090 8184 3521 1312 -3471 3949 3080 -2951 -2694 -7106 121
6311 -2547 1602 -4659 6823 1478 -1261 -3062 -6135 4854 -3423 -3424 -2902 -5231 -6528 -3427 -7165 2351
7619 -7411 -996 67 1924 4463 -7137 3163 -510 -6060 4229 5003 -7073 7697 7920 6910 -3829 7587
919 1686 5824 5026 2647 7615 7720 -5794 3434 -4267 -7653 6165 -7239 3754 127 7766 -5946 952
-3626 368 -8121 -6040 6478 -6892 5972 3318 -107 -7415 1340 7558 2604 -4851 3570 -7483 -7819 -7480
-6110 6069 5963 -6677 2272 -4452 77 5735 5891 -250 4536 203 2059 -2314 -2577 -5961 -5955 2346
-5735 -1668 -3253 -3441 4964 1746 -2768 4282 -6035 -6213 -6498 -7259 3891 5484 -2676 -2964 4941 6266
-6545 -1222 7067 -4601 3207 -425 -2767 -4320 -1068 1101 -6955 -7112 -2396 4920 4387 3775 -1845 5926
-2221 4835 -7570 -5714 -881 2913 -7044 5258 3585 -3706 -3910 2421 -7821 -7359 3961 -5886 2185 -3736
7399 4784 -5970 7 4096 6166 2443 -7450 3361 3363 3124 20 -6599 3988 -798 -7504 2714 -140
4438 1975 2160 714 1505 3846 -7728 3687 -5376 6769 5988 3528 5531 1276 -5430 -7127 1010 -968
-1416 -8029 -5865 -6729 -1703 8065 -3826 6829 -7174 -3413 -4201 -7252 -2726 2849 2953 -402 -670 -584
6360 6115 6897 7381 -3272 1088 -1132 354 2900 7994 -7472 -815 -1852 7778 6939 3653 634 -99
4718 5349 -4107 7616 1136 6461 5365 5449 -2991 -6197 -5654 826 6194 5799 -7445 2064 -1980 -4011
5981 6370 -7316 7587 -5062 2197 -1120 2238 4836 4924 -1070 4949 3770 5517 -1658 6628 4908 -1409
1025 7712 -4990 2302 -7390 4738 1340 7120 6085 -7956 -1509 -4734 8169 -6536 3767 650 -8112 -416
-2865 7042 -2596 5638 -2021 -1669 4220 -7131 219 7804 6594 -750 -262 5149 2321 7721 -4160 -7616
-6286 -5538 4165 -28 -6910 -3621 -4498 -6100 518 -300 -5495 7533 -4699 361 7062 1139 7208 5306
-6104 -7727 -2303 -2295 1505 -7330 -6070 -4351 -3680 -46 -7163 -2005 4659 5758 -3867 -3983 6088 6440
4807 -7992 2535 -5631 6336 6906 5653 -2112 -3890 1686 4374 477 810 5872 -814 3825 -2237 1106
1232 -220 -7105 581 866 1229 3900 3320 352 -4815 -1760 1998 649 850 7677 1797 4235 -2314
-6086 -381 5792 4531 -1745 -4165 -46 -7114 2437 4283 -5668 -2669 805 1625 7851 7876 5829 -5258
-6520 7238 -4319 -152 -6964 -53 964 -2676 4429 3094 -4729 -22 94 -6913 -361 3838 2927 7549
44 -8022 3149 3565 6109 6192 -758 -921 -2417 -1679 -4488 307 4866 290 -6318 -3728 4625 -2997
7671 -1601 7799 -8003 7894 -3287 4679 -5944 4452 7184 -3075 5123 -4666 -173 -5844 -201 5388 -3204
-7977 -6814 7711 -989 5984 7146 2359 -2203 -2534 -1052 -5116 -7810 -3978 4727 2154 6274 -7969 4724
8170 -5572 1827 -7948 -2655 5661 -5490 -2267 4325 3430 397 -3273 -3437 6993 -7915 4708 3809 -134
5503 -4579 -527 -7092 -6354 -2486 -2844 -1116 -4943 704 -1625 -5239 -4963 -2616 -7347 5379 -3840 2496
6423 7963 3694 1013 -7657 4076 184 -6530 -2203 7653 7995 6989 -5355 800 2768 -3493 5542 -803
5988 -4885 7221 278 4900 -4101 303 5190 -4778 6089 4544 2357 7870 1667 -7730 5372 5571 -6133
-5990 280 2064 1247 -4089 -6742 -5137 7726 -6021 -2613 -1225 -4872 4957 2058 480 -422 5691 -6902
6711 1784 -6005 1582 6316 -6256 -4597 3717 2373 -879 -4154 -6218 176 -3335 1459 3359 -7431 -975
-7427 -4332 -7724 6941 5849 -2003 5270 -7094 -3047 7883 -5177 -5333 -3781 3249 -7602 -2415 -3268 1718
-4536 -2515 5359 7846 4982 4923 7428 6459 6489 5714 -2902 4661 1748 -956 4297 2198 -6771 -3026
8180 7417 -4396 -8029 -4388 -5101 -7108 5617 5495 3905 -2614 -4203 7878 -4783 -2103 -2379 -718 -6834
2616 -3111 -625 -639 -3102 -6739 2749 -8050 4873 -2322 -3085 4773 -6721 -4748 1935 -5913 3025 -5032
-2899 -4908 1121 835 1333 -2577 2319 -6950 -7505 -7309 2260 -452 -2153 45 -7059 2490 8038 -1413
-4497 5786 -2250 -1443 4346 -8189 251 -73 6926 -4862 -5265 4775 6005 5052 -3954 -4092 -4258 6579
7352 -1043 -1403 2867 -3975 -7024 -240 982 -4382 -260 760 566 2705 2076 -3805 177 852 5077
-3060 -4777 -6552 5180 2078 -1298 854 751 -6237 -6875 1923 5780 4691 -7721 4676 3694 4748 6517
-3160 -484 541 -8039 -6185 -7317 -3903 3232 274 -4006 -4572 7556 4702 4909 6561 5820 3259 -6485
-1644 330 -7926 5234 -962 -3867 6289 4987 -7064 1598 -2530 3240 905 2165 4545 3977 930 3990
313 -7888 -7512 6732 -272 3879 -7788 2215 -7783 4247 2336 5641 5754 8054 1553 3117 -4018 5093
-214 2384 -835 -5203 -6467 4993 -3448 2000 -5662 4869 -5560 2639 -189 -4637 -3121 7677 -2158 7821
-1494 4729 4503 -80 2116 5704 -3093 -6381 -8150 -1772 3643 2473 -2330 -3 1098 700 1800 -2532
-7047 -1996 3015 791 3064 -2565 5824 -3615 -1374 -1389 4698 -3702 -1949 3768 -7480 -1469 3667 -7632
-2135 -8076 -2713 1960 76 -10 -840 2514 5269 2410 2437 -3203 1144 7100 -3393 1254 -8159 -3148
6704 -4055 -5457 7088 1379 5817 2463 -6777 6144 -7646 -7476 6264 -3604 -3652 -1272 7501 4853 -2141
1894 4752 1576 -323 801 4836 -2369 -3100 -1006 6020 -3918 -5071 -6186 216 -4367 610 -3177 -4300
-1748 1388 -8092 -2646 -3251 4636 7738 4366 -8060 4583 -2139 -4853 -1026 -1837 -2 -7847 -5838 -899
5710 -3810 7639 7751 -4392 -2458 1911 676 -2771 953 3737 -4226 -1796 -6690 -1632 -5185 -2198 4006
4396 6653 -3304 6648 2111 2120 -4921 -7714 2529 3853 -4461 -4415 -4487 -1754 -1057 -5429 -1353 3834
6093 5972 -5581 -297 -2966 1931 -6254 -946 -925 2850 -2974 4291 2421 4912 -7548 -2280 -1687 -1238
-7868 -910 -3153 -5 6 39 4524 3902 -5984 3275 -1128 -1889 -3264 -7087 -5127 -5305 5639 -1700
-5169 2433 4668 -4185 -1712 -905 -7913 7567 -5300 4603 566 -5952 814 3735 -4684 -2057 -94 -617
3023 5108 -7730 -5818 -2996 -3709 -2243 1358 5973 -352 6748 -2770 4634 -4921 -1119 -1839 4349 4700
-6841 -5810 355 7479 2992 4028 -2775 -4022 7280 53 -1613 -6547 7652 741 1185 5192 4474 -2742
-2014 863 -5486 -4722 -7971 57 3068 2558 -4208 -2644 7716 -2388 4152 -4285 -4149 4891 -7957 -817
-3225 551 -5569 4361 2864 3575 7014 5478 -2629 -5605 -5152 3318 3382 -576 -6972 117 -5285 16
-3142 3443 -7202 4270 2442 4767 -6242 5703 -6573 4909 607 3412 5456 2920 1331 4335 -1445 4178
3955 2001 -3342 -2951 2150 -150 -4882 3027 -1145 7961 -2857 2264 -5796 -629 7631 3233 -253 559
1327 -7115 1615 7383 5038 3313 139 -659 -454 -1510 -549 5577 -6044 -2693 -7363 4023 -5511 5430
-3793 264 7472 -8012 -785 1996 -4866 7837 -4519 6320 5890 -6632 -2958 -5768 4514 -4863 638 400
688 -4765 2000 6871 1353 7158 -3040 7272 -7876 2515 -1391 6557 -2527 -5322 -6825 7976 -1012 7529
-5134 -1971 7134 -6696 7702 -2505 311 1064 5419 -7303 -6137 4503 -401 -4697 1981 1876 -4173 -4342
7715 -6637 6342 -7551 -1081 6322 883 -5256 5131 3080 -3039 -1024 -3356 5579 7444 781 6684 -7013
-2471 -4912 -6061 4905 -5064 7976 2945 6283 -2459 -947 -7878 -4197 2487 5494 1645 -4222 -2412 6087
-1815 -4245 -6679 7481 3166 -4284 1745 -5182 5403 8107 7899 3203 2651 762 3810 1327 565 367
-360 7545 2357 -5517 162 -1353 -2169 -758 -7838 -1132 1481 -3751 -3508 7662 902 7505 1012 6359
-3778 -4484 -8017 -2910 -8168 4830 -1590 2851 6462 2828 6520 -1524 -4408 -180 2896 -3742 -1975 4575
3438 -6118 7434 2165 -971 -7981 -4642 1706 2737 2220 -3964 -3142 -1636 6725 7883 1347 7930 3796
-1219 2360 -3996 1887 -661 -5916 -7713 -2024 -2070 -235 2918 -44 -1571 -1176 -6388 -2646 3625 -4942
6582 5800 6731 -4980 6280 7603 -315 1527 7392 -4231 -1233 4399 -1798 -7025 -2066 7820 -210 7084
-2171 -5484 3544 7686 4481 -2787 -3619 -61 -1769 -2658 -3650 1689 -3769 1683 -3222 137 -3910 527
3734 5303 5932 -5792 -567 -1949 -2422 4563 -16 4609 4495 -3919 7338 -2945 4654 49 7467 -883
6515 6072 -5192 -1499 -5349 -3818 -5175 -4065 5829 -2834 -814 5098 -7990 2123 -1632 5997 3232 -2747
-6568 -6407 2815 -5947 7968 -6811 -4730 8054 -1696 4170 -7666 -1071 -5733 5727 6049 7996 8186 2540
3852 99 -4751 -1684 -1780 6292 -7307 6205 -7135 -7597 101 392 7171 763 6800 -209 -841 6549
7121 7913 6964 3251 -47 -125 1477 4484 -6423 -8143 -526 1532 -4181 7182 -4591 6172 -5893 7092
-900 5212 3796 -6407 -413 5432 -7250 -8002 -5062 -4647 6264 5881 6608 2522 5444 -3899 5118 7226
5248 -7011 -6661 5985 -7460 182 -6072 2123 -2612 -4225 6986 3794 -5462 559 -4229 3352 -8074 -5234
-716 2066 -451 -2879 3623 4911 6163 5707 -1421 295 1215 -213 -1205 -3102 5620 -3061 -2735 1404
1335 4258 7302 -7040 1889 5423 -3105 7452 6336 2573 2667 -5729 -3107 -7309 -1992 1011 1237 -4283
-847 4692 2916 -2278 192 -5870 -634 -8112 7801 -1157 7343 -3005 -3988 -2583 4030 6827 2706 6890
-3216 -4072 7919 7563 -3194 645 -4173 4800 7821 7705 4369 -3088 1595 -3074 7353 3226 7792 1368
6366 3371 -4901 7270 -2830 7386 -1224 -585 7662 -6982 7733 7042 3152 -4638 762 -2774 3491 3253
5436 -4918 -5195 -3244 -4083 -775 -3224 -6885 -5322 6304 -730 -6824 -2244 7930 -1807 6922 6658 -4700
-8169 981 -497 -1315 3711 -4091 -6558 478 -6747 -7752 -1786 -5286 -1251 2349 -3544 -1010 -2859 -2005
-3619 -3198 5339 1673 -2427 -6942 5848 477 -2615 -3082 -7909 -7615 -6589 60 -5300 7742 -5191 -6105
7360 6108 -2042 -4494 1136 -829 4757 -5220 -4992 4999 6283 5510 -5256 4123 -6269 1834 -2796 -5808
1261 4723 3255 2432 -3043 1595 7040 5219 3292 -3485 3060 7147 1210 5130 -4776 -426 -794 -3088
154 1876 1710 -7964 -3854 3671 -3922 4199 6656 -5127 3714 3941 7601 128 3381 3339 -5210 -6761
1595 -5693 -953 1286 -7401 5195 -7817 -4433 920 7931 -4377 -6268 -1850 5901 7174 3010 1619 2085
-7787 -461 -815 -2586 -2860 -361 7775 -2647 -7589 -7886 -8161 -3491 -5496 369 -1495 1148 -7792 -5697
6195 -6100 -2763 2652 7382 -1171 6674 -1668 2409 3710 662 5727 -886 -4010 -7794 2475 6456 308
6741 -822 2206 -2713 -8012 628 -6033 4635 -5567 2662 6120 3679 -3198 6686 -2696 -7626 -1388 -6967
-264 -4652 -3712 -943 -6505 759 2609 -2686 3668 -1432 7680 -1704 -982 8071 4841 7524 -1853 7187
94 -671 -5399 -4612 -2634 -4150 -7809 4445 -7105 4026 7718 -5985 3829 -2615 4736 3235 465 6678
-7665 3884 -3399 -1669 6839 6479 3601 -2103 -2584 -4077 4340 6461 5200 2338 -3327 3334 1616 -1614
456 -7441 4848 -5779 -4115 -6617 3972 5017 -1598 -2257 -1547 80 -7763 7906 -6248 -47 -6638 -2912
-1352 4610 -3356 4500 -3913 1034 -3878 -5337 -1331 -4598 -3011 3708 -3220 6896 -4767 5929 -7616 1151
7341 6902 -7977 -4772 -5030 -6960 4568 845 -3659 -1849 -779 5016 -2015 -1211 344 -1165 6044 -2736
-3876 7843 -1795 4084 1466 3643 2488 212 1275 -5778 350 461 -141 -7542 -1369 3519 862 -3559
545 -896 -3919 -7663 7309 -2087 489 -1224 -6455 -7234 -1122 -363 4447 -3188 5273 -2799 6594 1659
2205 -211 791 1317 -6201 -4388 -3927 6703 5259 5504 -7172 20 610 4099 125 -493 -6399 -1267
5851 3628 -4037 6497 6637 1629 -3956 5724 -176 -289 5171 -4473 -4721 3982 4345 -6063 -1539 7808
-7537 -6416 6178 6563 1423 343 -815 5514 805 -6319 5842 -5284 -180 -330 8001 4052 7083 716
-7307 -646 -7897 4031 2706 -5156 495 -7111 -1850 -4605 -6571 795 4621 -3588 5657 -162 -336 -1155
-3966 7170 -3254 5044 1259 2612 7812 2095 -489 -4224 -410 -3353 -3582 -470 -191 -6810 2161 2479
-6581 -3817 2577 -7844 -5685 -6484 2608 6913 -1811 1705 -725 6104 5427 -751 -4760 -4746 -118 -7641
-7943 -797 6901 6754 -7707 -7713 1769 3958 -1280 1071 4917 7285 7025 -2782 3996 -6363 -3364 -7389
6402 93 -2029 3445 -6592 1438 -4985 532 -2412 7601 3650 4003 -7241 2676 2705 -2672 -1652 -5687
-7365 -953 5490 8086 6248 -112 -4295 765 2346 5386 3500 2200 7314 6338 2255 1004 -6786 2542
7080 -1552 4847 454 -6221 7860 7961 -4477 -5132 -1997 3832 7279 4522 52 -2915 -2260 4260 -163
1538 3328 3372 -1199 -1376 -419 -3681 -3577 379 -7313 -6759 -980 502 4573 -6963 4271 -1748 3234
6004 876 -6673 2053 -4508 -1802 5491 2997 -6986 -5763 653 7425 -5852 -4900 6545 -1228 4342 -5692
4821 6156 5782 -7676 -2598 5723 1470 -2576 -2302 -1864 5967 6386 508 2651 7870 4399 -7481 -5087
2860 -943 8005 3990 7696 -3213 -3181 2620 6547 2087 727 2783 2169 -2901 -4399 6927 -7751 -1758
-6159 -2371 -5719 12 -6110 -7183 4821 973 -5591 5286 116 3919 4004 -824 -5007 5080 1970 -6586
4896 -4629 -6096 -4783 -6503 4949 2969 -4425 -5221 1113 -6764 4695 552 -1545 -8187 -1081 -1096 -5289
-3364 2812 258 -7085 2162 -2249 -5767 1825 -8050 -4625 1620 -3295 1022 -8 840 -5445 -1304 1713
7894 -3463 6044 2924 7228 803 2083 6874 -3830 2326 89 3757 4177 2721 -4428 -2224 5498 -4200
3486 -4160 -3918 1017 901 1417 5884 -4163 -7313 -288 6125 -587 63 -5931 6897 -5211 -7004 -2121
-6588 7517 -7804 -7284 -3710 -4844 1332 2724 -6694 -3391 -4819 1117 3552 -847 1137 -4616 5888 4907
-8048 7052 -6515 320 3908 -2253 -7053 -849 1723 -2004 -627 -6418 2674 -951 -107 347 -2374 -4770
4274 3715 1239 -800 -6987 -1399 -1588 8090 -3621 1199 4525 5008 1867 1034 6576 6635 1832 320
2758 -4316 -6595 -133 5854 -5332 -3250 -4503 -1330 5077 2066 8049 1735 2886 -6717 -2054 -4215 -7020
8005 -1330 6676 2171 4874 -7509 -3047 -3009 5749 -6164 2796 -868 5364 -5294 -3272 7911 1197 8172
-3282 2632 -3369 -4567 376 -5358 2466 -5644 2737 -7623 4563 5642 3978 -3339 4593 3683 3466 4210
3350 5044 1141 5558 867 4642 2630 4494 -2539 7430 -36 -3918 4396 -1573 6188 -4104 -818 -3006
1079 -8014 -2008 5428 -2691 -5846 10 -2230 2337 2869 -7396 4637 3506 6900 1440 -2333 -2679 -4180
-2311 6147 -6204 -1862 6827 5620 502 182 1818 -5353 -929 2218 7124 -3895 719 1385 -3706 6025
-3027 -5875 -6772 3146 6801 650 -7384 -6959 3600 7542 -5042 3398 5141 -5165 1049 4321 -4760 -7151
-800 -2130 -6963 7465 3037 4981 4168 4822 -7023 -2607 5890 7148 -606 -5817 -4666 -810 378 -6238
7198 -8150 3194 -6319 -984 8042 -1342 -1545 1760 -6689 -6230 5650 7989 6024 -7981 1479 -4702 1599
-4390 5323 -401 7920 -2650 -2194 -2921 6383 3678 1215 842 4471 7419 -541 13 7491 887 -910
-131 -1465 -2911 518 3758 -5243 2188 744 -1229 -5868 5289 -6698 -1093 -4563 -5774 4844 -5292 3946
-2120 2995 -5809 -7386 -95 -6584 4032 -6679 2866 -6749 4769 -6896 5762 2310 -1644 6524 -6257 3208
1601 -903 -2136 -2887 -1693 166 -3958 8044 2138 -1756 7945 -3156 -2691 6330 7530 -5448 7406 4931
5964 3124 -6101 2843 -5820 6004 -1505 5310 -511 -3098 1519 -1406 -5328 -7533 -7584 2669 -4130 2773
3016 6198 5780 7199 -6458 -679 7430 7902 -2706 338 -7325 -4467 4411 -3075 1350 -2343 7053 -7163
7761 -4626 -2360 -1144 7253 -6687 -1514 -4917 -7897 -4296 -3636 -1768 5651 -6506 7785 -1098 -3344 -6269
1087 768 6859 -424 -598 -7767 4162 4934 -7688 517 -7310 -6008 -3346 -6760 7042 -6751 -7452 6811
-539 2508 -6774 4554 -2790 -116 7497 7723 -1747 -5301 5961 2328 -1089 -4310 -6131 1103 -1603 -533
6837 -7121 -2895 -2309 1256 -5102 -2638 -6760 -3762 5832 7160 7457 -3404 -6862 6417 3197 4558 7412
7339 675 -6242 349 4620 -438 5739 -4011 -3802 681 -3215 -4743 1342 2925 4884 1370 -5297 6586
2513 4821 -5652 -2981 5042 4235 -6951 5380 -2947 123 3648 7366 617 5054 6015 2450 -4724 7264
920 1766 -2603 -3236 7496 5013 -7759 7344 -3403 5810 -6323 5022 6338 7581 6774 2309 6146 7462
4384 -555 1351 -4130 4227 941 -6185 -5251 -2850 3482 -4293 1900 -6695 6889 6835 -4491 2440 -6620
5194 -2686 2062 -7637 -7804 4494 4574 -4239 -5201 1716 -1380 4947 474 -5554 6811 7063 5735 -3518
2315 -2051 6711 -5260 -8016 -3073 -2174 4422 -7864 6827 3650 -8118 8074 -4449 -2990 7681 5584 26
6926 -4138 1873 2883 7351 -1258 2052 -6025 4952 -6108 6950 -1847 -1186 707 -1447 6299 966 4479
-2204 605 3574 7731 2715 -5284 -215 2487 -32 1218 -6784 -6997 5177 -5449 4794 -6308 -2520 -5237
-4478 723 -1418 -3807 -7584 -6913 -2106 -2468 -7858 -5639 6830 4799 -4888 5236 -7042 1578 6718 1863
-6501 3756 -1974 6675 -4981 -3453 6650 783 -6513 2095 -6677 -4108 1765 -6468 -4687 2050 -7244 2053
-4395 -3791 3966 1860 -164 4722 -1454 1436 2046 -4826 3456 7899 3581 1942 5128 -1964 -4469 688
-7791 5073 3556 5316 2577 -3907 7170 883 7182 -6838 -3863 5814 -4222 -1572 -7525 7950 -1196 -3976
5802 2247 901 613 -3727 5735 4593 -540 -6952 -970 2983 3587 207 -2331 5365 5797 1890 5982
5639 -4464 -6552 7597 4648 -7767 6349 7428 -7260 1363 4501 748 3657 2280 -3487 -1140 -1392 3151
-4190 3342 2899 -6473 -7056 -7112 -8131 -6286 -2053 -5118 -2370 -1294 5784 -5519 -1098 -547 -8067 -905
-75 -6067 4099 -5376 8157 6947 -1621 -3297 5475 -1651 -6239 -1199 -589 6285 -3339 4078 3371 -4407
7275 -8015 -371 3664 1777 6492 -3860 4776 5546 3982 1630 3288 4005 8097 -2758 6056 2861 -3395
7667 7679 700 2039 6054 -682 5517 -1363 1330 3667 5581 8154 -6914 -626 -6545 -2891 -4773 -426
2712 -1974 -6267 448 -5955 -5555 6982 -1097 -7352 2308 -710 -8141 2289 2125 -3670 -7525 -335 7116
5654 -7879 -6834 3634 -7340 1751 7313 -88 6733 3192 -6628 1368 3434 -6859 2514 1052 -1908 -467
-525 63 -1614 7339 -2873 -910 7225 1117 4593 -7735 2244 -4182 -5782 2801 2998 1066 2562 -5001
1113 3402 -2652 -3029 -4449 -6400 2328 6575 6528 -7519 -2684 -1495 -1018 4064 3440 -1797 -1308 -3092
1924 -66 4284 6301 -1836 5952 -5369 -544 -5939 -3141 -4724 5917 209 -4594 -4471 7907 -1688 1076
7540 -5482 1799 6862 -6559 2125 -5999 6594 1014 4304 6490 7697 4640 -2134 2280 6843 4935 870
6713 -7477 -1482 -2062 3260 -2436 -5479 7430 4318 3466 549 -5420 -5565 -1891 7253 1710 -7794 5063
-7473 6640 -6179 -7105 7266 -4880 -4652 6937 3245 4121 4179 5953 5726 -723 7368 -8071 -3563 -1389
3869 -2680 -5148 -5413 2893 -6270 -1677 4689 -2920 7220 6851 -833 -7089 -3663 6031 3389 -7604 7408
2892 -7628 -7934 -602 4557 6000 7979 289 1668 4195 -3803 3681 -6040 5239 5076 5427 5230 -6260
2882 -1400 -5962 -6000 -4404 -1069 579 -8133 -6929 924 -6297 2535 -3901 2347 4281 143 4870 -2742
-7483 6626 -7979 -6607 2622 6527 4593 3222 3315 1619 -5947 -1068 317 3087 -2590 -6353 -462 -3390
6465 -6583 -2471 5780 785 -1375 3863 -5724 5669 -4027 -6483 -5640 -4600 5017 6870 5538 -5455 5698
528 1781 979 7468 -5765 731 1489 4539 2389 -7335 -1457 -4083 554 -6115 7774 -5013 5255 5953
-6052 -5681 -6809 -2011 -169 7056 298 4703 -6614 3114 -4280 -1306 -985 -7380 2173 6455 5486 -7111
-7741 -4412 3296 318 -581 2652 4524 -1610 5860 -3628 4741 -7921 -2987 -5194 2160 1596 6935 -3296
827 5728 3639 -68 -1649 -2928 -4260 -5153 -360 -8001 -3572 -7493 8037 -6194 -3186 -8001 2517 -2382
-5775 -4082 -222 2747 -1883 -5348 -3045 6406 -6333 -4251 -7948 -6401 -1297 2631 -7495 -4596 -2601 2560
-4004 1116 1111 -829 1385 -6959 3387 2034 1118 4096 -2398 -7807 -3437 -8087 4474 5473 4047 2996
-595 -7895 -5245 -5336 -1833 4034 -1653 1318 -5711 8017 2224 -3612 6668 6944 7348 5414 -3714 -3131
3584 1845 -7531 -172 -3843 -6427 7361 -5185 -6402 -4424 -2850 3402 6876 1843 5698 4909 2848 -4026
-4459 3140 -7208 -1077 -6624 1520 2567 -3265 5853 -4335 6844 -7551 5139 2329 -65 -7742 -2919 4434
7138 6285 -3661 -5075 -3845 5106 3229 -833 362 -5682 3241 -3489 3928 820 2047 -2467 -1151 2045
2305 985 -6749 1390 588 5060 4249 2558 -7331 -6411 -5109 4168 -52 6241 1461 -3312 6966 381
1132 1132 3005 6832 -4449 533 1317 -7694 7823 199 -355 -3712 -6616 2260 1305 4287 1124 -568
-5025 -5839 -4497 2868 -3939 -5749 3653 -3938 -1357 245 -1765 -6528 6419 -921 -200 -2437 8002 -4075
6044 159 -517 -2280 2345 2003 1519 -3293 4977 -157 -6356 5719 -1741 -3168 7959 -7863 -4513 1975
-6376 7950 3029 -7530 5585 2435 2739 1263 1291 8090 -5823 -7567 -4560 6109 -1143 -2048 3949 -1785
2440 -1747 2939 695 -765 3771 5627 -4011 239 72 7802 1 5263 794 3090 1973 -3041 2052
-1107 637 6437 630 4836 8141 -2965 674 6537 -254 -7289 7369 -5183 -7949 1042 -2137 -2362 -1612
-6529 -1036 4686 -5012 639 -232 -6003 6989 -4316 -7438 -303 5555 131 1213 4294 3673 3348 -2778
4193 -7242 -869 4963 -939 -7052 -7493 1426 7993 6670 1835 -6122 -5806 907 7561 -4577 -2329 2640
3783 3424 -2734 6945 5695 -4399 -1899 -4804 5224 -361 -3163 -7798 6436 5394 -6841 1027 1971 4872
-5227 6439 5704 -5394 4123 399 2870 -3763 -349 7601 -1592 -4526 -1910 -1097 -8021 2679 -2355 -1677
-5112 4172 3236 -7038 -717 7521 -821 642 -1543 -943 4952 2926 1433 485 -2483 17 -6828 -6288
-341 -6487 -3432 -991 3133 6043 7388 -6240 -6661 -7086 7437 6063 6402 562 7327 4856 -6076 954
-3515 2803 -324 2489 -2505 -6412 -2470 -2392 4145 -7601 -6783 3621 257 -2132 1322 2702 2483 -3226
-7770 4795 -3476 -6370 -6146 6614 4819 6237 503 4950 7723 -7062 4789 1306 5378 -3295 1532 -7774
7809 -3312 1039 -2970 -5281 -1896 -969 2646 -7051 -1482 6111 -8074 1773 1007 2144 647 -4069 7133
342 -7174 -1311 -3626 4526 7379 -3888 5169 -4800 5332 -3886 955 6417 1709 3452 -8006 3133 -6821
1285 2835 -2191 3482 5329 -4190 1293 3471 2730 7313 1007 -5005 5515 5877 3786 -914 -2022 2923
-7635 -8036 7855 5094 -3292 4381 -1259 -4965 -1922 1875 -6195 4612 -1881 7226 -2806 -7656 3635 740
-7874 -1404 -2822 -5868 8013 -4575 4569 -6160 -5019 2937 1819 3815 5985 3699 1909 -3419 -1040 -2276
-1624 2600 4912 8079 7877 1029 7190 2821 3345 7610 -689 2039 -3709 -6359 -7461 8048 -5657 -972
-1733 -5263 -5727 7796 2119 3707 -1264 -1765 3997 -6591 3980 -1822 -6477 -3226 -4081 554 648 4207
108 -4294 -7427 -3633 -6336 -8050 2489 2311 3170 2395 -818 1275 24 547 -2345 2389 -822 2932
1753 5905 5481 2747 432 39 630 -5306 1822 -8105 8092 -4777 -894 -2801 3063 3426 -220 3701
-266 3432 -4050 -3172 983 2671 7226 -3142 -4652 -6119 -8059 -348 -2343 -925 4030 -433 6893 1405
-1921 2940 -7625 5062 3925 -2171 -5226 -3614 7806 1343 -5653 -2827 -720 2830 -6663 -256 -3952 6150
-2331 7513 -1978 5692 859 3398 -5974 1069 -687 4276 5274 -185 -5536 7445 -5907 -1644 -5422 3670
-1154 5251 4413 -6145 -4124 -1320 -822 3682 -3131 -3156 2059 517 -2877 2205 -369 1805 4625 -1765
-5387 736 -5207 5320 -4170 -1570 4369 -2289 -892 -2249 -3618 -576 4683 2283 4536 -2842 -6182 6626
-7658 4522 -7912 5154 902 -2461 -5390 5423 4267 6580 -4646 7807 -2875 2791 -5916 3098 -4121 -4791
-6258 -1198 2759 -6982 -7137 -5226 7222 3413 2216 888 -7636 -1983 -8020 960 4215 1932 -4774 4775
5912 -7353 -4495 -5839 556 -7777 4552 3235 -2686 7221 7019 7722 -6714 3201 -1957 -5499 4447 -5796
3570 997 6874 8105 -2068 4080 1786 -8152 1785 5069 109 7249 -3565 -6042 -7391 -5012 3148 -8003
-3795 -1870 -3743 3182 -3220 8090 -1327 -8126 -6227 -3257 -4190 -4374 -384 2057 197 -1060 2734 -4592
1049 4681 -7094 4143 6 -5570 -7843 4556 -1592 1488 -6590 -6681 6215 4233 -4211 -1728 3493 -5421
6056 -5718 6486 -5226 -1539 -7058 5349 502 -2614 -6698 7514 299 -3434 -3108 2869 118 -6083 3563
2838 6467 3240 -5165 2300 -4771 -5857 1482 39 -183 -1740 -98 -7781 1732 5466 -3849 -7358 2906
2843 -6967 -5716 -4321 -6940 2517 7797 -3191 883 -4511 -6843 -7572 2807 239 366 -6892 1460 -4040
7732 -3202 -419 -7124 2990 -6735 -3069 -5600 -7611 4409 -5721 3606 7893 -828 -3218 -1236 -5768 5077
879 7453 6362 -7001 6189 7411 -7093 4636 3741 -3376 5712 994 -1563 -6448 -3595 -344 672 -1250
7330 -4493 -4128 6424 -344 3363 7088 -1123 -5032 -4346 -2730 -3987 2509 8079 4882 -5440 -1201 6202
-2649 232 5195 -1154 -171 3871 5890 7652 156 6509 -2367 1870 7308 -6474 -4409 -2490 -6482 -4385
8134 3959 -867 5660 1545 852 -712 3933 -1487 5056 8048 8145 3731 1016 2754 7571 -1205 7298
-3265 -7307 -5433 3404 6977 5095 6428 6118 -826 -6905 6110 3035 -942 4035 -5977 -213 -6257 7211
49 3298 -7815 -6955 -7131 988 -465 2918 -2704 3987 -3993 -1975 6476 1311 2689 8033 4834 7758
-2760 -7152 -116 3299 7663 5669 1966 -4119 -337 -7651 -2484 5422 426 -4516 2322 4326 -7556 -92
-5328 5464
