564 4077 2230 -3683 465 -3466 1741 2266 -28 1010 2580 1879 -831 -3984 -2256 -2846 4066 -2857
-668 408 -240 3432 3891 -4050 920 -1529 -1666 1139 678 2378 1590 3907 3477 2930 1964 168
3940 -488 -1702 -1689 -974 -3660 -3252 1220 1988 -1533 -741 -3147 -2002 2596 -663 577 -1674 3480
-3332 76 1876 -250 -2975 1701 -3579 3542 799 -3737 -3301 -3170 3969 2213 -2187 2642 -1560 -3975
-3269 1110 3756 2371 1251 -2219 2458 -1704 -934 -1311 -526 2283 2853 3066 4091 2387 -3415 -2479
-717 -3942 -2708 -2982 -14 601 124 1856 3008 3830 -3620 -2151 3875 533 -3849 -18 -2046 2421
-456 -3562 1946 3340 3744 -1954 -3318 377 -1926 898 -674 3525 1548 1656 2108 3442 -3212 -3833
2072 2016 3189 2603 -1804 1531 3954 -1186 182 -195 2657 3466 -1002 1789 -2340 2297 771 -3306
2619 -1811 441 1230 -309 1056 -3252 3363 2811 -1264 -1332 -2734 3000 3341 2046 1211 -2366 1331
1188 3351 -1515 17 -2229 -2574 -652 -1216 -1871 -3971 2792 4017 2239 3251 -3226 -2079 12 -1844
-2955 -3384 2799 1007 -3087 1190 2854 3417 -2347 1698 3340 -1874 2071 1575 3420 -3922 -2916 1319
-887 -3786 -3799 -993 -866 405 3960 3823 1721 -2005 -2216 -2677 -2803 -4014 2255 2408 -396 2988
-924 -1838 152 1964 1631 -3849 1452 120 -3532 -36 677 2589 -1310 -239 -1252 -1780 -2695 2105
1959 746 -3418 1125 3034 -3909 3148 -2242 -1853 2884 1078 -2313 2304 -1316 2255 -3551 -3219 875
1269 -3012 328 -2593 4047 2593 1291 -52 447 -2239 -337 -3467 863 -861 2711 2588 -1141 710
2060 3750 -3714 1866 -3014 -2426 2050 -156 1730 1278 1711 -4056 3306 3257 -2512 3491 -4020 4001
1188 458 1558 1303 -2286 3111 -3094 -141 -809 -1173 1847 -1585 2624 -3645 3130 1840 3877 -2812
379 3062 3726 -1118 -2846 -1384 3195 -2185 1886 -840 -2392 3937 1055 386 -658 2216 2128 -1434
431 -3784 2167 -248 3286 2981 -4014 417 -2078 3597 2638 3225 -2434 -2884 2961 -3462 2869 -1630
-3703 2345 -1616 -3678 3601 -1655 -1031 166 3884 -954 4067 1422 -186 3350 371 3812 2818 3382
1883 -1691 2479 -455 -2423 2393 -2767 3621 447 -59 3718 -527 2638 -937 -1054 -1225 -2364 3384
-690 -2482 -2884 -603 1247 3498 -1342 1102 3965 -2163 3897 670 2868 768 2398 -2631 2076 -1739
-3762 2646 205 -2027 -3032 -2960 -2204 3901 -3785 -1101 -3049 -1985 -2765 -561 604 -3286 2186 -2162
-1632 116 1472 -2630 3714 297 -806 -295 -1609 -2455 -1831 -2378 -3743 2360 3148 3255 524 -3158
-1555 -2545 1075 -3005 -441 1190 -1198 1221 3959 -1033 -1142 -705 -2048 -2924 728 -922 411 4001
735 -432 -2769 2819 2100 -1425 1221 -2196 -952 -3609 1183 303 3801 1830 2123 3316 1024 2018
2263 -1754 -3139 588 2314 1344 -2019 3757 -842 4073 -2316 1598 2059 3289 1054 -3999 -1005 914
2390 -232 1310 -2065 -3941 991 -4001 3439 -482 -2610 -643 1650 -2348 -3586 324 -4062 129 3926
3687 -960 -1950 3737 2373 -1599 3419 -60 -1076 3378 -1334 1470 3679 -1544 -3895 -3741 -1314 -689
1827 -825 -346 3113 1987 -31 185 -2852 3511 1910 -3865 -2675 1481 1892 -2809 2181 3489 -3804
2377 -2229 -390 1972 2196 -2688 105 -1588 494 -2907 -3277 -1196 4091 -3681 2476 1852 -2162 3344
1204 672 573 3968 2742 2608 -1510 2647 2240 760 -1180 -2395 -1498 -2193 348 697 952 -1579
801 3985 -118 -2838 1434 3850 1599 1003 -2187 1009 -3328 -1307 -974 -2859 3802 -1967 -1214 -3403
217 2316 -1994 1141 3982 -2155 2294 -2001 -3781 3995 3863 2879 -2174 3813 2348 2618 -3149 3195
317 -1635 153 3884 3393 2135 3814 -927 1705 -726 288 -1997 3584 -55 -3028 -20 -106 3799
350 -2116 3643 949 -2264 -2866 2324 -2800 -2753 -854 365 -1714 2415 737 -2638 -1587 -1557 -486
-2467 -2076 -1491 -686 2577 -2879 -2192 -2423 1459 -753 -1609 -2126 -620 2417 1627 -3345 1194 -2868
311 3878 -274 -1701 -1701 -2590 -1118 -2659 -437 1919 -816 2571 2780 3763 191 -3928 666 -934
-3453 -180 3762 1172 -2410 -2598 -2172 1599 -1911 2355 1965 -2639 3775 3074 -2634 -3128 -1731 1618
318 2641 -3967 -775 204 -2377 2418 -1586 3353 -1026 867 -2634 1785 1308 1303 -2691 1234 -3943
-543 -1413 1181 3703 4048 -2032 3966 2434 -2060 3820 3049 1235 -1635 -214 2900 1721 452 -3532
-3967 -1560 1908 3457 -1204 -520 -443 3871 -2282 -4038 -23 1286 -1861 1493 460 68 2318 59
-1084 -2822 2298 -2841 -2880 2075 3103 -3732 -1369 -1006 -2296 -2851 -1495 -735 -527 1910 -1104 -355
-3812 2470 -1444 2551 -3144 853 -1518 -3941 2642 3214 -3689 393 -544 -1938 3516 -3102 74 -1185
671 1824 4000 -2637 4085 2621 1216 -1155 3429 2704 2725 708 1020 -1137 2868 -3830 2466 -1968
3754 -3823 939 4074 -1401 2565 1398 -614 3355 239 -4075 -581 664 -658 2060 143 182 -1333
1569 3038 -2581 -420 -1993 3158 2346 -972 -2249 1994 1857 804 1811 -3782 2742 -1779 1489 4008
2880 124 -345 -1846 -3636 -3931 1574 -3978 -498 -1899 -2944 3577 -1364 -2347 710 -2009 3310 -453
85 -1724 -759 -3802 1335 -1085 1002 3064 -2391 -3896 -1113 2028 668 -3705 -150 3893 1889 -919
-2053 2924 3149 -249 468 1878 116 3567 2505 3314 1149 -1208 3382 -1826 -2948 3370 -1333 3068
-2342 1255 218 -2936 1371 -2036 1605 -2221 -2777 3127 -1300 -3470 -3358 -2357 -845 554 -2079 -3746
-487 308 3428 1029 2907 3400 737 -2443 -1234 2308 3170 2268 2042 1050 3574 1452 -324 724
2342 3351 92 3551 -3702 2924 689 884 -672 -1214 3580 -3390 -2243 1132 1025 -1359 1480 -1844
3497 -2826 3722 -34 -963 1650 2245 -3539 -1245 -541 1383 -2684 -200 -1567 259 -1282 -3914 -201
1247 4055 -859 -1921 3093 542 2787 2065 -3653 2599 1466 1356 -739 -1578 4095 3614 -3819 694
-2353 1513 -3233 -3092 -1076 2740 -3832 221 1272 -1618 -2835 -3633 3866 3065 -2748 3882 4015 1234
3390 2228 881 -1537 1971 2430 -2450 3979 4057 -1612 678 4067 3352 -207 -3507 -1749 -281 -532
639 2291 -591 2350 -3160 -193 -2596 1694 1109 457 462 -3048 955 -1869 -2027 -3756 -1872 3433
-3453 -412 2628 1262 888 4089 1768 -409 -462 2685 -2271 3833 1816 1279 -1845 1026 -3780 1253
4080 1172 -565 -3202 2608 -1207 667 -430 434 352 3280 848 -855 -3020 1152 -1589 -2455 3576
1653 -1736 3855 2763 -1800 3792 3765 -3305 -3922 760 -1739 -3005 2692 -136 -132 177 4019 -2176
2934 25 2242 649 -3200 2333 -2898 2811 -3481 3392 2313 419 -3834 -4054 -4022 -2303 -409 -3278
2822 2906 884 3652 2399 -2390 3912 -235 355 -1707 2291 1944 -2159 -2378 1007 1246 -416 2673
1035 -2259 484 -1625 3570 1137 1141 -3870 -3771 3590 366 4070 2357 701 -1287 -2995 200 1605
2025 995 -2160 -2339 1715 2031 -3068 2634 2651 -1487 103 2873 1675 -2884 -191 4048 4015 1444
-2984 -3415 -3040 -2185 3918 1806 862 3964 -2871 -3697 2149 -3365 -3301 -548 3077 -3206 -107 -1284
1101 -2629 2387 -2357 1550 -4092 -344 458 -670 -2790 -3574 -2998 586 2630 -1121 -568 3681 -1452
1102 -2106 2194 1618 -2200 1225 3049 1334 2004 -2871 -403 -3267 1504 -2092 -754 550 -3441 -2023
-3676 2881 3449 1078 -2054 -3009 2640 729 1772 2015 2771 -1870 661 -3220 2670 -1619 3206 2555
-1953 3726 -2274 -367 3425 1997 -3878 -2560 -1536 1734 3275 422 -1441 -2503 -747 1018 3239 -1250
1135 4059 -2306 -2363 -3118 960 -1538 838 -1771 -3664 -806 837 -3148 -2806 4086 3583 -2916 1820
-3285 -3921 -506 -3180 -903 3638 2146 -595 3180 -2515 347 -2238 3324 -989 2525 -1373 2044 2122
2099 2107 -3542 2665 -3270 -1772 -2121 2067 2963 1806 1913 3904 2046 -1012 2457 1579 2475 2251
-295 389 -595 -2901 -2715 -1547 114 1833 -4031 2534 2139 -954 3639 3247 3147 1187 3423 2045
2910 647 -1997 -1896 2720 1180 -1741 2928 3551 3983 537 -1016 132 -2183 935 277 -3197 -1518
751 148 1363 -1341 2367 -3059 -1786 -3721 -1129 -2508 -3755 3402 -2389 738 -2851 -1025 -905 596
-4011 -2234 -3990 2228 -1063 2266 3860 772 -1972 1644 -399 -1463 2495 -2475 950 1549 1017 -480
-1085 -2250 3572 3048 774 -3046 -3704 -1150 2579 3836 -1008 2153 940 4042 1321 3483 2410 -1491
131 1055 1010 2275 4025 378 -3139 1921 -1730 1764 1892 866 -1699 594 -877 -763 -3517 -3507
-1937 -3420 -4064 3482 -2906 3371 1615 -68 3581 2173 -1382 -1232 -3714 -5 891 -3441 -2784 -1943
3721 -1676 -1769 -4063 -3113 -458 -347 3732 2935 -658 -3716 -996 2570 84 -3909 -1261 -1706 1768
-2965 2899 -3592 3814 -874 -3856 2846 -1898 1774 1857 1369 -1444 -2042 -1708 1396 1066 -2807 2185
1124 951 -1249 -1370 2372 2690 -3768 -2020 -3483 1714 468 -3157 612 4028 -1940 1109 -2463 -2083
-3683 2720 -1485 862 -1785 2595 -72 -2376 781 -3992 3637 -911 -228 -3555 3776 -3107 3965 -2151
2749 2467 958 422 364 2841 676 -84 2437 -2710 179 19 998 -3697 -4034 -3051 -2992 -484
2063 4033 1328 -2090 3489 -153 2949 536 -37 -1218 4037 24 3947 -3473 -3874 -29 427 -2463
1596 2105 2839 -167 -2572 2624 -436 -3216 993 2031 -861 2253 3823 -3999 1364 3134 348 741
-4052 1298 2335 -1548 -3888 -178 -690 3803 3985 -2774 1436 -2222 -2854 232 2284 3526 -3051 4083
-2072 1428 -3265 75 -1875 -1038 -1034 332 2188 1726 -3298 187 -1832 -3556 1046 -723 -1091 3540
-892 1710 1586 -1127 1435 1740 -1034 -254 -2030 -1820 2712 113 -2168 3006 2204 950 -3433 -2678
-606 901 -2975 -3308 2208 -3385 1206 -1188 2362 -2903 972 120 279 3212 -382 1730 -3506 -2367
2098 2904 4066 2822 -2274 753 1369 -1555 -4005 2554 2636 1528 93 3851 1817 2463 3341 -3931
-90 2828 -408 -2239 2336 3774 2742 1206 -22 2542 851 491 633 1479 3839 975 1630 -2958
3783 -3915 3146 2282 -1418 -276 2095 -3410 -3683 -2635 624 3630 3621 2434 1813 2848 -2691 -884
2082 -1648 -2753 -854 2029 -309 2178 1931 -3951 796 -3410 3636 3425 -1707 3289 208 2947 -3811
-3387 -1070 -2429 -2776 3166 -155 -2561 1575 212 2606 362 -3178 -4033 95 3802 846 206 -2028
-3618 2293 -870 -3067 3948 -459 3303 1416 -1049 -831 -4066 -283 2080 2867 -2254 3823 -3458 -584
1964 3838 285 -1157 3906 -981 -1505 2558 1527 1245 -285 3883 3025 950 -141 2879 -222 -3911
2790 -1152 -1962 461 -3607 1737 2142 917 58 1252 1701 903 602 431 2961 -2970 -982 3354
1179 1529 1451 -1812 -270 -1751 -3370 -2725 -2638 2387 -1177 3450 165 -3062 2009 -2959 -3933 -2041
-1952 1151 -2459 -2940 2796 222 266 475 -2731 -1181 -3816 3193 -1925 3833 3335 2844 395 4079
-2952 -1694 -436 780 -297 4014 -1675 -902 687 346 1055 -2182 -3463 -1484 327 2038 3067 1104
-1968 -2347 1867 3884 933 2593 583 286 107 2568 -2638 3093 -3015 925 -3886 3755 3553 -1419
2221 -1400 -2474 2573 -2103 2315 -2413 2060 -1151 -2214 1944 2110 3052 -3424 -3714 -3206 -1198 3518
3718 -3520 -1491 2357 -2217 -965 3267 1639 3373 3461 3915 3880 1838 -3389 -2658 2721 -2107 3337
891 2176 3851 -357 2662 -1160 3917 362 2561 3090 -1903 -1921 6 -814 49 -754 1232 2208
-1642 -1918 359 -2924 1250 3130 -977 -518 2254 -2005 2322 -577 3195 318 -1453 2585 -2457 2198
-300 3985 1377 -2930 2820 2634 2210 -874 -1706 -1879 3041 -1825 -195 -4030 -894 1742 967 3611
-813 846 -2875 2881 2649 3037 1909 3744 3123 1919 470 1338 3707 2161 -1679 -1623 -51 1975
1215 -3093 -2609 2928 3111 -1402 3536 -1788 -2180 -517 3701 1044 1292 1922 -136 -1196 1879 -3038
-915 1037 -2510 -2807 -2137 1437 -3949 -443 -3546 -2657 -1046 -832 -629 1531 -514 -876 3373 1474
-408 -1877 2871 -2609 3222 -850 -2356 581 -2205 -3510 75 475 -3278 700 2206 3052 -1104 1465
-1904 1642 3600 1689 -2754 -880 2278 -1832 1683 -148 3718 1256 -2854 315 -2305 1624 -3503 3218
3736 1084 -2594 2131 3569 -781 -1078 2424 2205 3635 -3700 941 -165 -3465 424 -1606 -3366 -868
1182 -329 1042 2802 3043 2330 -217 -1397 3053 2191 -552 -3117 -1449 -94 -372 -1654 1284 -3536
-794 -3328 -2198 2492 2275 -1366 -3379 129 2458 2559 3754 -2979 2168 2988 1570 -3451 -3560 3347
1906 -743 2470 -2018 2690 -1168 -1061 3675 899 -2483 3705 3702 -2403 -3891 -1689 -780 422 -199
1615 -1727 251 3226 988 -2024 1104 -4060 2422 3118 -1884 876 -1888 -2501 -963 -1415 -1839 1344
434 3726 -1291 51 -2287 -794 363 486 -2562 2588 -1632 80 -3589 2944 1066 2073 2482 1834
-1912 1407 -4012 3043 351 899 -3076 -3615 -427 -1427 -2502 1356 2158 -2408 -1128 2972 1548 -3939
1847 1215 2923 -70 1921 -1775 -2885 -105 2272 -2778 -2370 -3496 -3187 1123 -3320 -2052 2413 2924
3258 1037 2307 -3245 2783 2728 2661 1702 1354 3524 -1203 -3762 2318 986 3892 1067 -3706 211
2180 3483 737 -1462 4048 1977 853 -4068 -477 3448 -57 -3508 3929 -2159 -1771 3374 406 -3532
1772 -2829 -2375 3224 3374 -1686 -789 -3245 -3867 -1233 -3265 -2435 2497 2836 3934 3247 -705 3307
-1722 -3122 57 1672 526 154 3117 -3021 2769 -478 1269 2889 142 3574 -988 1099 558 2611
3813 -2776 -2676 -1442 2934 -2854 145 -1020 -1238 -3743 2922 -4034 -517 -3843 186 3829 -2891 1984
-3860 -3844 1702 -1421 3470 -3596 -23 -2113 453 -1267 -2767 182 -831 -2164 2616 2464 -3254 1056
1968 3102 3431 -1516 -566 -3175 1282 1849 65 -767 2727 -3134 -1774 -3355 -2733 1741 -356 -306
-3508 2773 2678 -1806 -1514 745 -580 3891 -152 -3662 4080 3191 -704 846 -2691 -1728 -1798 -1282
-1366 -353 -639 -2668 59 1144 1159 453 -2407 -3048 -3362 -189 1143 -2042 -830 1435 -2517 579
-2216 1021 623 -3640 3103 -1352 473 78 -3193 -103 1475 -3713 2946 3603 3027 3156 3901 -3010
-1259 -2072 1237 -622 1941 1146 1574 3213 2468 -1572 -1620 1047 1422 -3050 102 -3653 -3849 1905
3552 -1617 -3394 -2873 3896 -2639 2671 1821 -2500 1960 -941 924 3476 -3797 3828 1230 2825 -3910
-2222 2608 1224 -2593 139 -2797 -317 3354 3115 -1076 -2788 -2923 -2053 3125 -1881 -1365 1636 1666
624 -2231 -2452 2397 -3232 270 2096 -1959 1247 3916 -1273 -2640 -96 2509 534 -1957 -675 -2198
-873 -2194 2753 3190 3724 -3129 3666 2555 1829 -1771 2410 3772 -3686 -219 -1976 2834 -607 1153
1575 -1898 -904 2922 -1415 1685 -139 -3570 -3056 -927 -2769 3867 -2179 608 -3536 2987 1377 -3329
570 872 -540 1122 3873 1041 1574 3061 -1496 -2738 -2856 3265 -2822 459 -1329 -3693 -2255 2740
3256 1015 -663 -407 725 261 3812 -1130 -3133 -780 -2366 -1646 -162 -2428 3521 -236 3753 2874
407 44 -556 3433 -2345 3231 -2757 3333 -3488 1917 1677 -2986 1894 -3815 -3333 2403 -2291 -954
3945 -2739 -383 -2070 3017 598 182 1504 -3473 -3623 2216 2089 1150 -1289 -3788 -661 2157 -3287
3954 -2625 3979 -3693 3260 -1830 1951 3632 3362 1657 -615 3531 3978 2595 1606 -1079 1102 2874
-3541 697 1910 -3494 335 1230 -1155 3340 -963 1288 -3682 2250 1773 582 -827 3657 -3357 -2790
-1029 -2526 1341 -3721 -1680 -72 -2579 -732 2827 902 -792 -1012 -3688 2473 -3456 848 877 -575
-2118 -3015 -58 2334 3004 4066 -2174 3152 844 1235 2198 229 1883 1869 -1786 -873 4002 -2695
3671 -329 -432 -1956 3771 239 -3642 679 2212 -2982 -3740 -434 3589 981 2663 2535 14 1218
473 -2314 -1912 3837 -3961 2530 3506 1330 3600 3294 -571 1659 7 -2423 -284 -3497 -3554 -2713
194 -2078 3161 302 -829 -1684 3182 736 423 -676 -2285 -2897 -2079 -2727 1645 2740 2906 -2860
2708 1413 -2076 -45 281 -127 1315 2835 -1880 -2566 3870 -2436 1454 -201 2123 -1314 -736 3634
-3527 -3069 -1475 -2754 -1602 19 1141 2142 -3129 -699 -1453 -3950 1956 -298 -2447 -3888 1009 616
-3181 3556 2827 -354 1212 -1506 -3053 -3065 1628 -2627 3456 -1690 -624 1349 -430 3136 2663 3732
-3405 -318 586 -566 -3765 3046 -2206 765 1551 2820 532 2512 -87 2966 -3691 -1091 3175 -3489
-1920 3653 -3127 217 -1404 3563 -1652 -4 -4058 1785 1880 -2233 1415 -742 2543 2341 2378 -3389
-266 -605 -3978 -3731 68 -2972 1146 -3172 2513 1789 58 443 1824 -2920 -3797 707 1355 -41
379 -3658 -2409 -2013 89 -1823 1173 -2248 3384 1022 -545 3075 -1232 2586 -941 -1062 -3735 77
-3856 -3341 -612 -2493 -3529 3392 -610 3473 -1503 -3958 -2823 3306 -3931 223 -3168 11 4043 2139
679 1420 -427 -1227 -1004 -1164 3562 -3812 692 2980 -1556 -787 -235 2325 -3143 -1098 -2444 -296
-1630 1024 215 498 1362 3703 -3293 1803 3807 214 585 3296 -3755 -3030 -2935 -881 3550 -159
1458 -3923 -1411 -207 -3181 1074 -1718 1087 -2221 -1483 1355 174 251 -147 -3619 -543 -1533 -2416
2463 -3164 995 -3974 2563 2461 -2092 294 2138 -1010 -906 -3461 -642 3293 -2383 1498 1279 -1532
2692 1428 3319 563 -3842 -2274 848 -3873 -2002 3859 -590 -1405 -3527 -2021 2290 591 2165 3461
-738 -3561 -2153 -1328 777 -630 2538 225 2171 -1587 -2905 -3536 4060 600 3396 1695 -1921 -3029
-1040 -1981 3186 -1976 3 2526 -3860 1671 2964 2117 1588 -1602 2833 1922 -3018 -475 -530 3276
-3958 -3296 -2719 1620 -1245 2383 -465 477 -385 -2576 2699 802 -3989 1158 258 2836 91 -20
1399 -3872 -4012 -1133 303 -572 1359 -2512 -270 3265 3158 -344 50 -239 262 -2989 80 1639
-3394 2954 2786 -2537 -2738 3979 -1516 -1038 -1469 2730 528 -3577 -74 3533 -380 2599 -3661 68
1827 1093 2862 -3865 80 -3946 -3190 -3708 3263 3725 1448 -2652 -2761 2474 -619 -610 2909 1293
-1609 1774 -872 -2337 3219 2806 -1549 1162 3114 1262 2593 202 -1067 2112 2699 -898 -581 37
-2967 2895 2265 408 2797 3380 -3941 2197 1931 -590 -1292 2474 2360 -1548 -3551 -3877 -1070 -325
3813 -2354 -892 3857 2148 1360 -4020 1241 1666 -3032 -3711 -994 989 -2257 2418 -1470 -943 1738
-1256 504 -2809 -1110 -3127 -2803 -1244 1748 1805 -2821 1527 -238 2682 855 -1596 3218 -2402 -3313
-2034 3062 507 2917 -1400 -3683 -1251 3543 1410 1603 -2391 -65 3831 1530 -2408 2251 1814 -1438
-150 1871 -145 -1731 119 2900 -603 85 1100 -1655 -2377 -2138 3610 1779 -49 -3358 -1748 3714
-3668 -1214 -134 -3745 2963 -1369 -954 792 -3366 -3830 4039 -3425 -1036 3391 -1816 -3829 -1505 -3577
2574 1844 658 103 3587 -1248 73 -3989 467 -2509 1363 -3820 -1834 3393 -2374 -1864 4018 -1180
-7 -359 899 -3936 2816 1755 -3583 1380 2505 -1593 -2115 -3119 3710 3921 -3729 1994 -213 2058
-2729 1772 518 -957 2467 316 3908 -1392 3315 2995 1404 -350 -2592 -2663 3485 -1698 -356 -1623
2933 -3246 414 -1008 1984 631 -925 -2508 -3881 -957 -718 330 -296 -767 -3838 196 -1929 3470
-2459 -635 1356 86 2687 -3348 2749 3744 -2786 -336 108 3893 2248 -2940 -1724 3917 -1030 1681
3588 1748 -4013 966 1650 -3847 3311 -794 3586 523 190 -3721 -3803 946 -3599 -2691 -4074 -3989
3955 -3843 1094 -2216 2435 2650 1358 355 1603 -893 2675 177 -2195 2523 -2626 864 1544 3353
1434 -3431 -1723 -1842 -1514 -2322 3398 1751 2714 2831 -223 2197 -1718 -2609 713 -1801 225 -2967
2093 332 2605 3625 1095 -3592 1552 -1440 848 -31 -1769 -3683 -1794 1983 -2661 -3261 -3126 2101
-3716 -1944 2132 -3145 -2974 -760 -1584 2882 2962 -1916 -2948 749 88 3700 -203 310 -523 -3895
-1778 -1482 1060 -965 2048 -2157 -3270 2059 3499 3658 3771 -3558 1816 -3249 925 60 3233 4071
3844 -3 -2344 1781 -3429 -628 -636 3057 -3210 -1250 -2637 -821 -3955 388 975 -113 3513 -3293
1750 -2845 80 -1489 -3699 76 -1464 -1217 -2355 -2230 229 1326 -535 -1987 3084 1872 1042 -1503
-1269 1769 -36 -2538 -1020 -761 3009 -1093 -3360 -2658 3273 -3756 -807 -1796 -1491 -3900 -634 -1912
-1253 599 -3446 2004 -129 1626 -1345 -1280 2274 3718 3588 -3226 2137 -1995 -3441 -3169 1662 2155
3274 977 -1411 -1350 -2343 -169 1330 983 -884 -2906 -2723 -1752 2306 -3943 2511 -514 713 -515
-2359 1971 914 -3470 842 -1640 2166 -3681 903 2468 1998 -83 1380 3845 2454 3104 -3075 2935
3936 3569 1863 -3989 2270 -1531 1215 -3839 497 3300 1572 464 1875 -3878 2884 -2171 3785 -1721
3033 1346 -20 -932 3702 3041 2678 1046 -1655 -1290 1840 -107 859 -2903 -3997 3504 -2496 -2718
3801 2552 3504 -4032 2171 -2835 405 353 3439 140 1165 1793 -3888 -1472 2634 601 2542 -1279
-1279 -3744 2862 -2338 2276 589 2914 -2864 3252 -3586 3783 2005 -424 -2547 3206 -3482 3721 983
-564 3378 -2404 -2747 -3222 -1479 828 -932 -241 -735 3926 1708 3337 493 -3072 398 -1118 2819
626 31 3318 3956 3360 -3031 121 673 -2873 -1346 -3854 3628 -347 3513 1036 -2246 2224 -1269
2186 -2048 235 -3387 4079 1705 -2887 3344 198 -3449 -691 -1823 3705 -3956 -466 -2946 -3145 37
-1350 220 -924 343 -2102 -3896 -990 1327 3674 1241 -409 -3709 1102 -2747 3356 258 -4043 -1425
-1315 -1890 -726 -2731 3502 -1236 -3133 2249 -2207 -2953 -754 1145 -1938 1155 1177 -3382 -1425 1081
3735 2683 -220 3152 1799 -2776 -3835 -2160 -272 2950 -3477 2404 -845 -1907 -1984 -3650 -2971 1101
3403 -2239 3387 -2118 2816 198 2317 -1498 1251 1841 -3364 -1628 -3194 2185 2413 -211 -1024 1393
2819 -106 272 483 -2290 2657 -1347 -3513 2814 1870 388 3533 3874 970 2600 3878 -1902 291
-253 -897 -2776 1171 -3099 -47 1687 -1508 401 2185 387 2859 1472 -139 -2647 -1512 -2891 1535
-3037 870 -1698 2507 -1869 -2583 -3821 1421 2846 671 -48 -1984 -610 -2695 2578 2975 -681 -2090
-3782 -3324 -1557 3556 -131 -1156 -1772 4042 111 -2500 -1197 3997 -3301 -2458 1704 3369 -3431 2837
-918 2187 597 3777 3857 -2913 -1333 -2834 -709 -1492 984 3883 1682 3324 -1619 -3475 -20 942
2353 -2655 -1191 -3235 280 -3415 2393 26 1131 664 2073 826 -1097 -442 1467 -1941 -3657 -982
2742 -3431 -1885 -2925 -3773 2478 1280 1317 -297 540 -1272 -851 1206 -210 -1126 2107 -884 307
3522 2718 1560 127 -3628 -2278 -1295 1580 -1278 -1921 -698 -3146 -864 -631 -2360 -1440 2018 -3183
3215 -3212 1842 2190 -738 -1465 -3050 -665 3428 -1773 -2912 398 -1560 2464 -645 253 -3862 -1343
1402 -661 2725 -1133 1987 -1054 1182 -607 379 -96 -2819 3782 2067 -1206 -1285 -1044 1305 -3735
351 -628 -2913 3387 -2032 -240 -3284 3291 -1625 501 -1975 1449 549 3532 2700 -1009 2995 3580
2630 -2158 -2462 3676 -75 3122 -4077 -2145 2496 544 350 -886 -1440 -2890 -2920 -1792 -657 -3633
-1070 -3113 -2261 -3483 2817 1157 -2249 -2685 2856 3480 3377 -2425 -1131 3325 -1066 1967 1577 -3300
-2124 2561 -1086 442 3699 2933 -618 959 942 1144 2240 -333 77 -574 2245 3865 387 -2196
1586 -3934 1104 -1427 -2485 788 -1387 3412 194 3368 1720 -2721 143 3599 2786 -815 -2876 -276
2230 1963 1657 -2816 -335 4019 -1837 1464 7 -3914 2052 -628 -3037 -462 3188 2716 -1377 2888
1766 3123 223 -516 2743 2061 1595 -2367 2862 -2452 -1108 1375 211 1540 -1005 -3034 3043 2234
2574 614 2249 2593 -3994 -2227 -1111 221 -3598 1529 2048 -1080 1578 3064 -1706 -1048 3900 764
-3602 -960 1703 3830 1182 -1951 3449 369 3755 -3369 -750 -1211 -2384 3170 1396 1429 1437 3328
-2510 2857 -307 4033 -294 2821 3089 -3466 1024 3421 755 -1501 -2602 -3110 -2080 3408 1350 3619
1147 -2783 1205 3015 -2555 1588 -3776 -2966 2229 619 -3700 -190 1353 -2967 1846 -3345 1416 -2582
-59 1687 -2846 503 551 3419 -3559 981 1491 1301 1797 978 -3997 -3735 -1185 733 1738 -986
-2151 1519 3876 1016 -815 581 4092 -3474 1736 2921 2620 573 -775 -3063 -1378 3825 1961 671
-83 -2347 3615 2803 -3741 2097 -3365 3415 1861 744 -3357 3273 -1502 1867 -733 -806 -437 -1197
1753 -1948 882 -229 -3565 534 -2288 -1608 2870 -48 -2482 -2219 -3419 -3647 3223 424 -2205 -2450
2986 2991 -2087 -910 -1477 -1595 3487 -3304 1573 -259
