15654 -9909 10624 -11540 12468 -12119 11920 -8577 10486 -10956 7743 -14397 13172 5411 10610 2396 -1974 4086
10818 -13485 7289 16240 14578 -3031 7813 -11806 3364 -10934 -7874 -9817 -179 -2390 -10025 5618 15972 -14934
3644 14543 3554 11067 -4950 -12704 8167 -12985 3447 10600 -8262 -179 -2508 -1776 -16268 9802 -781 -5147
-7172 5087 -14615 1055 11829 7345 5430 297 6262 -4594 -11259 607 -9923 -6450 8144 -14573 13340 -2176
13573 12242 1531 -12860 -559 -6931 -7806 -12554 12847 -14798 -12340 9740 15947 2041 2400 -5949 -7416 8552
15207 6134 -15142 -4111 11543 -177 -8998 13335 -9873 14368 23 -13444 -11993 -11372 -3789 -13292 -1818 -4094
12326 -6984 -2123 15776 -921 9955 -5709 13922 15659 7608 11017 3353 -15348 -10684 -12509 6111 7629 15618
6165 14773 -6787 -2907 612 3946 -12869 2577 14568 -7232 -11176 10666 1291 11976 -11229 14802 3896 9365
-5888 -338 912 5906 -9669 11047 -4384 12076 -228 825 -6193 -16074 -11844 -3223 -10149 -16245 9237 -15985
-1147 5747 11104 15068 -7349 -8117 -10850 800 6871 -10015 7532 -5819 14583 -3811 -12252 -6888 -2354 -9242
-1502 8785 7880 4418 -4767 15569 -6188 3264 5706 4648 4300 -13546 4814 -13220 -12231 -13565 16306 2533
-5066 5502 12331 -14595 3759 4368 -15444 -5098 10711 9341 -12805 9642 209 -4956 1416 -5828 10413 2469
11266 -13420 5529 -14519 9507 3148 2133 9373 -4146 -1386 -4120 -286 13656 5939 5007 -7262 -7381 6086
6397 -12766 647 12110 15042 -11264 -15700 16365 -15610 1300 -5865 -9744 7799 667 7208 11271 7049 4501
15341 -14116 10716 11372 15674 -6716 11768 -10281 15097 -2353 15682 16124 12737 -13304 -10711 -9507 6570 5110
-5984 10475 -11680 -6294 -15664 13567 5492 -15755 13836 -1426 -7429 3766 2057 -8081 7249 8926 1096 -10807
-16065 -9361 -15914 -12373 829 12479 -3787 12247 8985 -4538 -14695 -10745 -13126 -4330 -11177 -8054 -6850 932
-5735 -8145 -181 -6957 -13993 867 -5726 -10200 -12925 -866 3063 -5795 -13692 10234 1537 -8930 -14618 13349
-15153 -16114 -9392 -11653 601 15627 -12618 12906 -7328 2484 -15665 -13278 10094 12328 1225 15975 7999 -2286
-10691 -15419 -8890 8418 -15778 744 -11129 -8354 -11403 15945 -9813 8280 15504 9998 14929 6080 -13446 -10451
-8533 10974 14055 14031 10562 8409 7409 -12036 2329 15485 -14903 -9356 -3588 9018 -346 -2597 12045 13680
8448 -7143 -15448 15338 6659 -14336 -12702 3752 1598 7727 8817 6369 13724 566 2868 -8631 11158 -515
-4597 -6768 -4185 -6048 15975 11305 -15872 5914 -2008 1877 2171 -6164 5154 5720 2005 -6922 11009 10761
15640 2147 14928 -14956 -5288 -7345 16340 7287 12703 11232 7966 12752 15658 -2373 1376 -804 -5162 8084
16256 14006 -3371 9507 13931 13672 -8794 -959 1452 -2013 -1725 7750 -8130 -14138 -100 -10563 14236 5795
5955 5172 -9949 -4469 -1173 -16269 -2670 13311 -8180 -7214 -14611 -56 -6553 6115 -14196 -14419 13745 3416
13678 13181 3083 10529 -16173 -15528 -9294 -810 15618 11043 -14219 7763 9328 1888 6507 8873 14596 -12508
-3354 -16331 11700 10075 -4958 -9206 3669 -1189 -10173 1684 -9807 -366 -13314 11135 473 -1124 -14954 -1834
-14659 5246 -1654 -16023 7929 -10194 8844 -8591 8946 -11950 -6858 -11147 11809 -3511 7160 16238 10928 622
8021 -13781 15171 -3939 -8624 13551 14105 12015 -9439 12129 11347 -1076 -8148 2470 -9068 15391 306 200
-6198 -13589 15561 10842 6474 -7681 -11765 -15520 2851 4 7819 -6552 5036 -4159 6285 -4868 12640 -11113
14710 59 -5908 -8114 -4989 7366 -13946 5652 -10826 3546 2943 16066 1300 9149 -740 -3485 -5611 10587
12705 -9488 6995 -8911 9903 5212 -14713 -3735 -11310 -12840 -9037 -10426 -10158 4175 -12639 -9789 15185 -12747
-4724 -13449 -3561 8318 -15332 -13381 8359 -11023 -1128 -6385 -14184 12702 8534 5817 -9696 4525 -8073 -7247
-9359 16218 977 12473 6726 12093 -11218 -4143 7105 207 9907 -14645 15985 -6100 12195 -6343 -15696 -6894
-4794 7566 11572 -5327 16163 -9338 14308 -8282 -650 -15938 -15124 4031 9437 -4952 2059 1285 -5547 2210
-9675 -9605 -13467 -3739 -5289 -2272 -4454 -8035 -14732 -11845 -6093 -4138 -9223 8662 14107 -3681 1613 8715
3616 -6679 15531 -14464 15707 3503 -6097 4781 -12305 -7714 3883 -8858 12792 -3732 -13628 -13803 -3390 -5430
15032 14406 -2247 -11135 -5247 -7574 12448 14614 -7527 2260 11142 -13774 -15076 -12791 2806 16128 -13164 10293
-15377 -3624 -496 3072 11539 281 -10377 13443 13987 -2212 -6373 11413 -8532 16070 400 -691 13690 -7234
2496 9665 1621 -5439 -199 -16364 -1939 15761 -14649 -2128 15373 -3178 -7866 13518 6168 -1667 1207 8511
-5196 -9178 -13419 -5529 -1985 15035 -4509 -7034 1930 9253 15238 -3269 -15802 -7266 -16037 -9398 -13638 158
-8576 -7779 -4168 -2555 11381 -9335 3021 -7056 -1943 5202 -6976 -15383 15949 11250 7989 -10040 -9681 -11497
6834 -4140 -7229 2154 -13882 9644 -6078 15127 -9596 15718 -2441 -2422 -15563 -13704 12566 -1161 1869 12755
-9391 -5603 -14176 -14762 5029 -7733 -1842 1121 12538 14753 16131 12488 -2579 13980 -6682 -8468 3683 -7473
-6713 8740 2922 -5652 -8420 -4510 -11969 7946 6447 -5101 11172 4009 -9959 -15545 -895 -14349 9449 8720
14500 11325 -14550 560 9958 3029 9860 -3600 5493 -12032 -14910 -7092 -1682 -3527 -11 -13227 11432 2239
-11018 2006 15832 12371 -9711 -8903 1746 5182 8958 4260 -722 -12909 14100 -11158 -3827 -2380 -6468 6301
11832 6165 5408 -505 13170 -11704 -13778 -4036 -3064 -5838 8375 11014 -10331 5274 -6918 12045 -5011 14829
-2238 -5710 -183 -3267 -14614 5175 3710 1925 -1654 3621 -13689 14388 4715 14063 6425 2026 11839 2771
-12661 -8578 10000 1794 4441 11840 13431 6400 7174 -379 -9200 7501 -11996 -161 -14807 12613 -10834 2731
-13631 -9146 9628 13906 -13648 -11248 -10566 -9270 10529 -8079 -591 14555 -1718 8736 -5785 3496 13396 -16150
10380 -9234 2972 -15092 3445 11141 11039 8160 9252 -1999 47 10172 -12629 11412 -10132 2839 -1104 -12670
-4882 -273 11086 -16262 11717 11366 13862 15472 -7769 8627 2733 -5167 -4639 -13767 -11063 -16191 -9585 12783
-15462 -2905 -6382 6156 -7783 -12309 -15682 5341 13030 7934 15825 -10506 3550 -1892 1709 15241 -7699 14669
-14528 -14821 -8029 -10190 14015 15188 15624 -1794 -3171 -7368 -2763 -8381 14774 13940 -9700 9966 -14130 -1253
-13912 -6634 3897 5233 -12533 7153 -4899 2598 7505 4391 8790 2729 6204 3403 -16264 -4907 -8370 1447
11258 -2866 3871 10552 2416 -8146 11513 -4613 9594 -669 -3932 870 11579 -11693 -8071 -12743 -13554 5696
-3138 -11914 -1164 756 12081 10413 11856 -16105 -4122 -2178 2134 -3107 -10161 -3494 -10047 10213 5017 -7031
5956 10596 -7361 -10383 -444 1408 10968 16148 5444 15099 -4555 -12324 16288 -8685 -2647 -7788 9086 13221
3238 949 -765 1944 3728 9963 12738 -15750 13774 -48 14458 611 -7904 1782 10496 15138 -15571 14893
2170 8599 12387 770 9678 -6561 -253 -6520 6746 943 11634 -7597 -15641 8834 -15656 6856 -15145 -9480
7653 16028 -3163 -11275 9717 -15469 10894 1552 4696 -8054 -4467 9648 15339 -5959 -4986 -1936 11499 -5063
10178 6596 -7412 -15933 -4956 -3360 -2107 -8772 -9326 -5676 8941 6765 8243 3066 -13428 -10855 10469 14229
6890 1833 -3481 2228 -14866 13641 15312 3414 162 -5734 14030 1232 -12262 3004 2057 11891 11895 -15080
11235 -5270 13638 -11819 4968 14304 -15856 -7378 3457 16235 -14036 -2328 -12180 4260 -13609 -14307 14184 13335
7813 15678 2229 10843 2170 -2214 -10308 5506 -12906 -6503 -10358 4532 14701 2059 12674 278 -13664 12455
13395 -12559 -1689 2447 -4310 -4591 -13203 8594 3360 5737 12256 14324 1278 1536 -15670 9329 -3806 -14070
3738 127 9142 -12979 -8953 -2603 -13523 -15153 8213 -10711 15080 7086 8312 -8131 11323 1357 -6629 -10724
2961 -6990 3831 -14176 9707 5164 2097 15416 -13680 -12231 -8863 2793 13565 -13913 4650 10131 -11481 8952
14869 9846 15321 -8948 -15719 12021 -5761 -2310 9080 15001 3334 -15042 -5805 -15014 3362 -15335 -12684 -11494
1459 -5835 -10767 -4495 -9341 14472 7412 1198 14386 8315 -10667 -15585 627 -7859 9321 -9847 9848 945
-15073 -14853 -15701 8894 -15287 3528 3230 3337 10294 2002 580 268 -13174 7173 15202 2250 -8377 7205
-4286 14518 13354 6601 679 -10799 -7617 -8792 12804 10001 -8276 -7150 11248 -2550 4046 704 12245 711
-2160 7121 1257 -4358 3055 525 -8863 -7083 -12574 -3474 -1568 -1481 11867 -14626 8499 7818 -9811 -14782
-16316 1517 272 13750 -14780 -6385 13186 3866 4395 1371 -12590 206 -407 -12581 13814 6842 -3118 4436
-15962 -13165 -2851 2745 7970 6488 6162 -10047 4438 9251 -3903 3022 -14301 -1505 -16143 -7910 -15884 15827
1943 -6130 -5224 6058 16144 5871 -3504 4012 -8246 4800 -986 13453 -1218 11876 14975 13290 802 -6908
2805 -14384 4323 -11343 6752 7548 -16047 -2487 15923 6505 -1898 11165 -2032 7303 8808 -15147 -10350 11977
-15736 9228 11887 13027 -5789 11841 -13628 1874 -7915 5231 11174 14492 9880 14330 -7166 10457 826 11853
8096 -12173 -9652 10177 -375 -982 -230 15809 14987 11353 10015 -5074 -13542 -1664 -13191 14843 -1190 8698
5274 -10971 9848 9487 3904 9662 3650 3888 -7767 7269 -16 -9345 12799 16352 15167 3724 -6373 15874
-12342 -4505 4198 973 -7024 -1069 2594 8414 7639 4309 12747 -1530 5430 -14214 16088 3891 6126 5070
5032 -10086 8058 8239 6841 -241 14438 -3385 1050 -3150 -13467 -8876 -2268 10960 -866 12328 3171 -502
5445 -12935 9178 -1616 11122 466 -5271 6512 -977 -14870 10630 14388 11210 -12905 8244 14151 -8073 2080
7218 8379 -5360 -2629 1139 -14071 -3527 -2482 -560 13302 -11347 -2695 -2311 -16194 12243 6102 12463 -7829
-11372 -12928 5688 -7803 -2967 -4654 -1524 -15 -3400 -16271 2764 -8173 5727 6027 5245 5685 -1645 -8350
-7692 -11474 5603 -14587 -11641 -3269 10143 -6562 -2034 -3023 -9374 1393 -12021 5845 -1566 -5917 -3294 12171
1549 -14406 14799 -5584 347 -12701 -12967 1344 -13730 -11527 5633 -14267 -13929 7876 -4223 14695 -8051 -3839
12465 -10649 -12513 7904 -9333 -11092 792 -2860 2385 11450 1541 15622 -6387 -2868 -699 3881 -10693 -12615
-4001 -12936 1472 -4837 -13928 -3343 5926 -3152 -15164 5865 9219 14080 -16292 -13880 14262 8000 9424 12040
4439 12918 -10720 -1916 -15889 2527 -7257 9968 -1309 13965 -5577 13226 8372 -9898 -9110 1972 -2579 -3607
9526 -7173 -3499 10560 -10045 7898 6757 6974 -6278 -9500 -5376 -7278 1886 6877 11613 -3622 -14432 -10486
-14520 -5875 621 -2133 -9334 3609 8458 -10044 -12634 2508 -6619 15139 965 498 12897 -14688 -6668 -12866
-2244 415 4492 -13973 -13297 -7715 12786 3360 -9872 -9624 -6269 2844 3776 2798 -13881 -9972 -10750 -3012
-9748 10423 14825 -10754 -1674 13286 12854 6603 14641 8063 2625 -4249 5227 6639 5589 -449 -5021 14539
10305 -12231 -10246 -9800 428 -9808 7087 2694 9897 -15686 -8750 15523 -10739 -10836 -5392 -14416 4347 14047
7820 -148 -5815 -13899 -15334 -7974 2558 -6440 1061 6814 11833 -14398 12750 -2900 -1476 -13438 3195 -9443
-5442 -1859 -13874 4192 -12668 -7949 -1069 -13668 -460 -14077 10108 -16311 -14744 15089 8018 -6108 14337 -6936
-2457 -4025 -11584 -5765 8071 12434 15887 1327 3255 7248 1060 11582 -7455 -2279 841 2966 5570 -12045
2421 -990 48 3516 -12767 -4278 -13187 -1075 15958 -10820 -16079 15830 -12533 -1684 -14849 3087 -13907 -6183
13562 4242 -14593 -11886 -13304 -7420 -13276 760 -11632 -6284 15864 -9657 -14471 5252 7848 -8496 11091 -6961
-13956 -8823 15062 -2174 8431 11974 11660 9291 -7413 2376 -13108 1660 6126 1656 -2328 -15511 -12625 15342
-7514 4108 7264 3638 14066 14837 4468 8403 -13610 14174 6468 1923 8611 665 -2068 7365 -2189 -15183
-9636 8601 -3632 4939 11434 2695 -14155 -14891 10925 7650 -1099 9690 -8503 -14513 -6278 -332 772 -15231
-12431 -12185 -1949 3909 12227 10696 -14223 10438 -5239 -4635 -6886 10762 11064 2208 6849 15804 -157 -10593
-5997 -6352 7072 -15262 13072 15007 15819 -5966 1268 -5445 5483 7744 -11720 -12449 16241 -8050 -3730 -13914
10793 -4086 16212 10527 -2709 377 8365 -2465 8976 -868 -10677 -14663 11179 3596 -10390 -695 -13446 4201
9792 7478 7058 4276 -11558 4408 -13468 -3589 8224 3161 3677 -3020 -196 -6149 4590 8810 -10982 8982
4017 -5089 15950 -6453 -12317 -4632 -15073 13332 12308 11613 15831 7899 550 -13258 15717 14895 -10380 -2386
-8671 6611 3145 4395 -14615 3320 10141 -5855 10356 -2483 -7427 -4812 9447 -6860 -4410 12444 -10843 -11179
-14697 15821 -7323 12632 10756 -935 -7033 4590 3471 11789 -2649 14867 6100 -14493 -16271 -10351 -250 10009
-6985 5828 -9576 -3811 -2110 -2908 15674 4268 3557 -3584 11022 9658 600 3079 -16363 -7786 -3770 7693
6883 5830 6171 4236 -8291 56 4139 -1686 -6368 925 6002 4473 -4480 -3315 -9292 9028 -9547 4591
-1077 -10487 -7023 -7907 13116 1 -16138 -2493 -7149 -12567 6468 -7544 -3351 3514 -6119 -5008 10561 -14149
3637 8448 4637 2233 13243 36 1230 661 -13919 -14257 -11768 -8191 16220 9568 -14537 1410 -16153 -14642
-1004 -1598 4320 8442 7801 -11774 -11505 -8724 12406 -14360 -9458 -16100 -4961 -9085 -11453 683 -15195 11404
-12271 -6720 11819 -9747 9038 3622 12761 11904 1016 -9926 -3922 -9189 -8667 15877 5011 -567 -8391 -1875
-9929 15961 4699 1288 13846 -14307 8489 11410 15066 -7700 3243 11138 13543 -8855 -3449 12600 15665 14983
12914 16347 10577 9293 2030 12096 4825 10967 -5068 -10482 -5915 -8546 -11161 9246 16369 12536 8209 7463
-11278 15842 -13355 6811 -3937 -7426 15448 13773 13327 -14375 13701 13142 -8310 15213 -11786 -4937 10905 2798
3752 -705 -13216 13761 16121 13869 12077 8905 -815 7705 593 15079 -5861 -111 7726 3264 -12169 -13567
-4461 -8766 2097 -12331 -10428 -13214 6005 4320 -14628 -6233 189 14335 -5161 -8212 16268 -4869 16362 13536
-12704 5036 -8808 1234 -14111 13668 -11265 -7890 -419 6539 -4873 -13248 2167 -11896 6493 -15297 14879 15326
-2131 -114 -1345 -15712 10446 15931 -7755 -9985 -6348 -11058 9732 -961 5152 -11202 13901 15316 12105 -3261
3325 3273 -4958 7378 5313 -5023 -9102 -14362 12608 5625 -9816 -898 -16375 -12234 12913 10723 9672 5467
16139 12851 15297 6906 -9513 -12517 12663 -815 -3158 13279 13996 3819 9067 4256 398 6926 2018 -9504
1328 3414 -13113 -194 -5064 -11234 7194 -8059 11222 -2272 -5955 -14356 -15619 10715 -14533 10902 -1588 -8898
-14104 -6050 13645 5241 3374 -6193 13154 314 -728 13173 -15618 11004 -6807 -932 -13167 9654 -7649 9676
16069 7101 -11939 15965 13167 12005 16306 2606 -7999 -2838 770 621 10940 4877 -2160 -4580 -5906 15617
4951 -2028 13401 6921 -15452 -6583 -11854 -9380 -14115 -10673 3019 -3383 1184 8988 4690 -12128 -4586 -10223
12477 2511 8317 -10956 -3714 16203 14347 2239 379 -15436 -3850 -7713 -6206 -15311 15563 -8010 -6792 -1887
-15864 -6238 4626 7923 -1562 12736 1992 -14891 -8074 4788 13383 10892 -5393 -7260 8614 11812 14405 -15997
-13411 9674 12286 148 -11023 2679 835 -1746 12592 -13361 -15308 4540 5798 -13753 1916 10760 -13175 15499
-15315 -13381 10607 1058 -6715 -15331 -10741 13644 -15217 2848 10260 -10705 -1998 7076 10627 6446 14467 8436
8195 5792 -16225 7569 10402 -13917 -6089 -4302 15309 -11195 -6357 -11257 11643 -12562 -2215 -10940 -599 9978
-14153 15069 3333 -12120 -1120 -4977 2542 -12236 5482 -7135 10652 -8640 9025 5352 412 11128 -207 -4974
5503 1909 -5250 -12004 -4907 -4381 -1991 -16349 -15020 -15136 -6381 -3227 13659 15267 371 11902 -11616 12389
5318 6646 12572 -387 2328 -12417 -12721 3525 -14878 -1160 15523 8261 -9950 14261 9008 8975 5295 898
-6749 1640 5582 -794 2168 -7893 -5373 16164 9584 -7321 -13277 2695 1087 -9138 6317 6495 11141 -10414
4193 -14776 -511 5255 -1525 -6229 14336 -8111 11417 1157 -7908 3640 11893 -14737 1569 6942 -8425 -13097
-12460 14998 -8496 -14964 -14640 -11380 10475 -4479 -7344 12329 5116 -6958 11027 -6918 11376 -6909 796 13134
7525 -8055 -356 -5406 7103 3210 -15702 3768 1911 -12823 -11719 -16051 14133 9853 -10677 15338 8738 1953
13921 -10917 -9224 11762 5430 -9280 5979 -5546 1453 -14913 8811 -968 3081 -285 4506 -7910 16220 -11456
3259 15691 8002 15958 -3491 -15880 -3632 8505 -15017 13410 15814 9200 6306 -1424 13580 -14821 -4753 -12186
9052 -7464 14192 3057 13627 11238 -1156 4207 11055 -8180 15440 -10138 -13011 -16203 10678 14416 12879 2779
-14898 16036 12495 -2257 -2912 -10993 2608 1390 10744 1788 10169 5909 10616 4447 -1238 7483 3302 8111
-10329 -8773 1223 -9679 -10505 5009 1839 10613 7921 -4473 -7975 -11485 6966 13840 -9102 -11273 -225 4979
-3015 6920 9198 -14546 -15924 2640 5969 -12910 8251 -8085 -4602 14002 13411 -4200 11988 13698 -12423 -14842
-5689 10811 -8222 11088 -12394 11262 -7095 5960 -8862 -10821 5361 1525 -3930 -9647 14154 -13095 -10389 9205
-12347 -10891 12474 727 9698 -7922 12632 12035 -12656 14768 8366 8582 12469 -2956 8711 2258 14347 10494
7678 -9115 10799 -15797 -8137 -11355 -11787 -13142 15692 -15346 -2818 -6904 -10997 10893 -14452 11631 -15137 -7120
-11628 -5422 -8565 -9736 20 12290 14108 9229 -15960 14852 8737 -6112 1368 -7799 -4841 -2303 -4939 -14926
-4320 -4714 -1500 5147 -16131 -8974 10360 4636 12600 15807 8391 -13494 -14172 13024 630 2364 -3324 -8361
-3688 -1898 8199 -11422 -8330 7999 -3971 -11032 -16018 2037 -15420 1817 10752 -14587 14723 13652 -2009 15442
-1124 -15034 4324 13983 -7076 5201 -10463 -9204 -11020 -15307 -10826 -1063 -12244 15080 -12348 11634 11605 -9783
11080 -8019 -2175 12277 -5642 -15538 -13072 11257 9274 8139 -11573 4266 15012 6486 4370 12625 12648 -5863
-13605 14604 -5567 188 9909 369 12405 13869 15211 15476 -13506 -9055 -11023 -2676 2632 -4395 1430 11792
150 11928 -10366 6374 -7796 -8816 12891 14687 13381 -3279 -14005 -5794 -11986 -3055 9503 2744 -8755 -12699
7889 -6175 15073 -8254 -8662 1988 6320 2087 12478 -1805 9628 -4545 -13019 -10240 2808 -10016 -10654 5417
11291 -15913 13216 15675 -9293 1511 4138 -13902 -1188 -10736 6033 15389 14703 -12788 -15825 2249 -7905 -11232
-14897 5278 -3901 9744 -342 -13755 -5522 14194 -7019 2699 4804 -15061 -8072 -1013 4625 -15828 5632 -505
11155 387 -2662 -15722 -230 -15972 10904 -11261 2255 -837 14774 2420 -11432 8908 -7228 11979 4123 8290
8344 -7220 2530 -10502 -14771 -2435 9634 -5504 12459 15568 -6762 2067 -796 12679 8847 2573 11649 -10159
-4208 7486 -13667 11569 -9323 -13446 -11695 9000 1458 3921 3439 -2540 14180 -10970 7282 -11314 -1755 3418
-12105 8346 -10950 13288 9701 -9530 15569 -3815 -4174 -7800 -15536 14220 4041 9003 9190 895 -14330 -2447
-15000 8014 -795 9007 12375 4407 -966 -8642 11077 5729 7201 15507 -3749 -12514 -14791 -7763 14130 108
-15602 -4816 -3605 3777 -9772 -5169 5243 5640 6233 -12433 14150 -15641 -10435 12936 -8719 -11964 -12708 -5424
-12432 -11257 -12916 12051 13413 10783 -4723 -11162 -4178 -15156 -12995 -6531 -6859 8979 12043 8023 8971 9878
2735 548 8378 9609 -6374 7521 2262 -8707 4263 14401 -16169 11871 -100 -4270 8994 14148 716 1115
8045 -13720 667 -6773 13637 -13588 -4054 12240 -791 -7449 13511 12421 12890 12832 13742 10833 -2379 -9703
16369 -7860 15295 2888 -3920 12898 3521 -2133 -4722 14845 12183 -12676 355 -12833 15620 9535 -3785 -12723
-14518 -3578 7527 4721 8182 -1299 -15574 -3070 -14848 -8473 -3527 15900 10514 7100 2761 886 14120 13651
-10307 8117 -6052 -7634 6425 -6117 15607 -7885 4794 -12443 -7724 -9038 -3258 241 -4381 -349 10078 14119
-3066 6702 -4837 -12013 -14300 3697 15286 -5297 -12675 -14721 -11382 40 9786 -1372 2615 -11519 -1974 5871
10024 10994 -10390 -5389 -7111 8373 -6525 1732 -6479 962 14647 -5814 -15241 6841 8893 -7245 -5759 -15614
-6417 -10680 -3697 13231 409 10852 -13798 -6229 -2018 11714 12422 -3315 -5833 13048 -8031 -14388 -12521 6978
1861 11672 10168 11648 -12960 -3832 -2190 -8573 3863 3569 -9783 -4477 4933 -9960 5255 -13 -10453 -4856
-7917 2937 -15774 -8635 -8199 -10951 -10476 -1374 -5431 -14510 12907 6126 14374 -10837 -3766 13782 1565 -12561
-12996 -2295 16055 16085 1449 13717 -13620 -14937 -5808 13977 1815 2298 5104 -16097 3982 8642 13385 7229
-11020 11147 -4538 14470 12455 -9982 11631 2211 -5439 12722 -1107 -13000 -6565 -8938 12330 -10227 -6093 7883
2708 2670 11121 -6107 3720 4818 14533 8933 13130 11708 13238 6473 15290 -4640 4664 8005 -13692 -12410
-3459 -7919 1686 6961 780 -1308 -7208 -9340 12567 15870 -7146 -5538 4361 -14612 -7103 -9915 13663 -14073
-13865 14601 -6213 13117 9375 1192 -1997 4629 6298 13168 5868 -11538 9271 13924 -5136 -13176 5830 -6941
-7884 12484 -13519 7298 -11524 -13392 -1306 6209 6757 13245 15637 -15648 9792 -12459 1571 2181 5661 -11382
15191 -5204 2985 8238 11987 -7878 9786 7436 6088 14316 -9048 -914 -9494 3836 10589 1758 14112 8188
15535 -11213 10880 -8190 10606 5578 9084 15366 16314 -10731 -11689 -2928 2583 -11949 11994 -9074 8388 -13410
1611 -125 -14519 2089 9630 -3354 2125 -14901 -3097 -10551 -15438 -6984 4368 -13895 -7460 6543 -13103 -11290
10059 -11878 2523 3459 -14474 11344 -7848 1135 -12847 11807 6799 9494 -4565 4201 -13587 10899 -15041 -11571
12833 -9704 13960 -3672 9893 3470 -9127 -6694 9830 -11904 15910 -11827 -8259 6708 -16090 -76 -14692 -11235
1818 5391 2574 -11410 12143 8056 -543 -6386 11907 -8549 -13155 4787 12101 -4225 1465 13386 13057 15627
-9201 6294 -7301 -9779 10380 -15590 -13511 9971 1323 -4807 -6108 -4961 5157 154 -13230 -14501 -14492 4305
-16098 3813 15412 6204 8313 6713 -186 -980 -10106 1221 -13105 7237 -12959 -9985 8457 -3800 3389 -15337
11496 -433 2746 14091 775 6967 -11921 6372 4320 -10299 -5950 -4551 14398 -29 -9982 6639 7412 617
1714 6988 -1329 16196 -10202 -4819 6088 209 -9907 -5495 9854 9354 -11827 -9150 11492 14054 340 5149
-15560 1658 -2514 14604 16179 -3483 12819 10417 8071 -2070 4420 4637 -13433 -15522 10198 11742 -1248 -14268
2381 14136 -9456 9398 11885 2738 -16042 -11255 -4786 3541 1510 -2903 14253 -15311 -11356 9545 5001 13727
1416 15680 495 2509 -7129 -7121 -14322 -775 -10412 -13087 -12657 4596 -8159 6003 2855 9587 -4340 7868
10348 -14716 -5513 13543 -8214 -1959 -1703 4957 14958 -16051 -6604 492 10922 11044 11846 -1757 13819 6293
4355 -15366 8069 5127 13251 -6981 -13949 -1127 11705 -16100 -16167 11876 4132 -9813 9969 7940 16073 4207
-4664 -4267 11425 -15666 6718 -1670 -12080 15018 183 -5596 -6187 15056 12258 -12271 -11001 10898 -556 -15149
14399 9394 -5286 4817 3026 -4733 -11892 -876 -8508 5194 3491 2363 -200 -15381 7952 -1455 10537 1728
-5177 -12607 3423 460 7897 -2266 -15203 -5357 -10933 8006 792 16192 3361 12513 8237 -1390 2747 -3159
-14764 -9998 10342 -4470 -8369 -7837 -15316 -4557 4262 -16225 16363 -11050 -9127 14078 -14417 5928 14795 7578
-11720 2737 15109 -14669 4060 -5823 4639 15693 15252 11709 2806 10271 594 11811 -13019 -11343 -2926 5837
-1488 10171 13872 10993 -1024 3028 -8062 -4501 6038 -177 -13666 7354 6139 -6051 11258 4431 9591 -8585
-12992 1285 7428 -3072 15190 -15122 -1020 -15579 12483 -14770 13357 -15864 10549 15335 -1075 8733 -11428 4222
-4564 16084 -11014 -5480 4171 -8325 5435 7549 3543 -12197 329 11143 -15781 5928 -228 15773 -7503 -14688
655 13305 -9540 13672 -1862 13355 13143 7230 -645 -10143 5263 -8367 3924 -7196 14353 1766 13692 8420
-8224 11080 -13262 -13446 9544 -10275 -5298 11746 13335 10638 6938 -11758 -14837 11380 -13465 -5013 -3450 15538
-16165 -7224 9864 -4451 -4984 6847 -10016 -15844 -7741 -8663 -12647 9554 -8653 7386 954 2689 6183 -13129
3124 5417 -14546 8423 276 8817 6882 -2711 -12806 12488 5124 5062 -3380 -5427 -3121 13608 3497 -9877
13701 -6771 -16092 327 -14769 11347 -13653 -4256 -4285 7680 -8891 -1810 9668 15165 5253 12938 13842 -16096
5050 -7527 -996 -12629 9575 -3358 7825 920 -4363 9596 62 -937 3235 4337 -9316 -12463 10693 10140
15519 -4241 -5841 -12712 -13098 6110 12774 -14764 9649 9493 13345 -4536 7460 -239 14961 7885 -16273 -1823
6971 9736 -3787 -13978 -8599 9867 -10029 346 -5283 -8841 9714 8849 -11475 5090 -14241 15488 2827 16256
7954 12797 11014 5756 -13161 3142 1266 6824 9610 -187 10146 -8233 -4733 785 8797 4485 -10730 9911
7310 -1086 -3022 59 5566 6980 8113 -8741 -7743 -1822 -3789 7314 13611 -11228 -11741 -14363 -10737 -7886
-11494 -6438 -15137 7668 15469 6723 -3660 636 3329 -4026 -11851 4256 -9378 4373 -5935 1765 -13051 10497
7088 15010 6145 13232 -8726 -8862 -15675 3243 4213 12679 5676 -5860 9316 -3527 -2586 7893 -10800 -3466
4852 -9068 4878 14215 11408 14212 -7125 4769 -11467 12808 -6506 -574 -7693 8116 12569 16343 8714 2717
13327 7209 -13124 -556 -5678 4342 -8358 -9940 -5261 -5798 -2655 4674 15788 9841 7752 1726 -5606 959
-8742 -15400 14502 6863 -11326 -6376 7494 -5604 13732 -930 11747 -15571 5363 -727 13466 -7165 8896 -10989
12839 16310 -6702 3995 -7009 14942 5875 4904 9821 -9166 6032 3404 14654 16364 13956 -3002 -11758 -16267
14125 -15925 -1974 10684 -12606 -13563 3573 -3862 3045 -9765 5106 14260 -9092 -5262 -416 7952 9659 14323
11602 11533 8837 -6255 -8758 -13826 -1034 6339 9956 6357 -12230 7127 -10414 11990 7071 1961 -14584 -4499
14322 2991 -3784 2390 -6648 9017 -5504 -4600 5523 3575 1890 9292 -8384 12732 -14602 -8911 -6912 -13950
-10789 14877 3231 1453 15730 3907 -14176 404 4943 9533 -7359 12861 15592 15858 -32 12904 7057 -8005
-14717 4047 13482 12739 -4686 -594 10774 -10061 5767 4221 5871 14989 12040 -6395 9335 2776 -12618 -7022
-5293 -2049 -16033 -8059 -2828 -2316 13368 -4338 -3754 -3559 14639 10038 -2836 -8352 5245 2596 -11558 431
2172 -4198 -6299 -9845 5048 7102 -6488 2285 -10934 -7647 904 11895 2912 -1543 747 -1073 -8160 -6224
3878 2879 -1873 8097 -8267 14500 -1396 -14813 2349 395 -1246 12478 2421 12436 3485 3269 -7115 -10212
-7426 -12535 -7288 -8168 12393 -12066 -12041 11074 -12344 15977 15013 6011 -12661 14878 6350 -8855 -8501 -9853
-6289 4959 -8549 -8397 2111 -10360 -5737 -10712 231 -6853 10427 -3526 -5776 6574 -11139 -9758 7926 11221
7441 15683 3751 7041 -4844 -8595 11496 7116 14918 -4391 -4907 -840 -10057 -6600 -13331 -10222 1029 13936
-14838 1435 4867 231 -14953 6761 2431 12540 -7172 -2164 -930 8148 3676 11245 -1046 9563 -7547 11644
-1940 14985 -10211 11658 -11011 4325 2593 3188 7319 -15543 13461 12418 3443 996 14964 -15345 -4463 -5243
-14358 7913 -7279 -12778 -6973 -8453 13001 14438 2850 -3031 12696 -1235 5749 9083 -13575 -6326 7849 -14978
-11180 8014 5020 -15384 9368 8766 11472 6777 8589 -3178 358 -8405 14183 1160 -9141 5505 -4455 -15728
8363 -11964 5096 -4318 -11601 -5041 9927 9406 6243 -11322 481 11571 -14599 12397 -3595 3354 -12243 -4520
11998 -5983 9223 -6207 -5380 9611 -9527 14133 -4946 -4484 15136 -2820 -6595 -1168 -3938 -7250 -30 -15475
1641 -12248 -14306 -997 -1483 10403 -432 2256 -1168 3874 -5241 -16046 10939 -5361 15764 12278 -4702 15901
6244 11726 10883 -16263 -11890 -28 210 2077 2598 -9792 -11901 16257 6877 -5840 11195 12154 1603 -12472
-3629 8285 -6805 10918 -13704 -10652 690 5884 12848 11602 5856 -14902 -16121 5977 -9103 5223 -1922 827
-4818 -15541 11722 -4687 7678 12935 -7102 8712 -13052 -14444 11277 -4590 -10783 -8114 -9948 -12996 8281 -2240
9849 -12549 -735 -8926 6514 15468 -15125 11167 14749 -16067 -4663 -10914 -3935 7110 2741 -2248 9839 6267
-5780 -12594 -4669 -9080 -15747 -1472 -11066 -15437 12189 -6858 11793 -10875 -9146 1827 -6692 5549 9335 -10548
14187 13220 5595 5891 -10543 -8818 1812 -8007 -7468 14944 14670 3635 13097 -12471 14358 -5220 -10514 -11190
-5264 -12100 -10418 15398 4130 2054 4739 -3197 2645 9944 -15608 6981 -14752 15103 1794 -15806 7131 -3717
-1017 -7657 -6404 6784 -15618 9042 -13279 11973 96 11485 -9816 14840 11434 661 -1018 -12655 -14068 14133
-2025 -6455 -13215 -2692 -8269 -10519 -9116 9354 13442 13511 10015 11149 11537 -10097 -3927 6301 -12249 -9537
10504 12005 -9645 13173 7804 8195 8645 -8466 8161 -2893 -5018 11077 9065 -5977 -5085 4996 -14957 15800
-10876 -13348 13401 -13756 -15226 -7381 -9557 -14641 -7257 7622 -8163 7915 2365 -4741 -12068 -13985 16140 10955
485 -5245 -6119 -3199 1402 -13334 -1862 -11677 -15410 -10172 -2834 5185 3072 -15742 10481 -4552 12623 -1733
-12268 -9934 2188 -178 7618 -14677 -9780 -6455 -8984 4794 6750 -3319 6520 -10415 772 9762 2121 1211
-10658 15746 8486 -7311 -5214 -7725 7968 -7416 -11885 3614 -9435 -9593 7599 -3530 13522 7650 15275 -11181
-628 3267 -12002 13819 6604 -375 2425 -16341 -13124 12171 -8640 15019 -7679 5030 12146 4805 10710 12790
-16307 13596 -1181 -4641 -5071 16086 12611 -7856 10208 -13826 -11157 11335 8944 -9947 -5843 -8807 7547 9806
4757 -10004 -14827 -9972 0 -8699 13311 -6171 -10011 5448 -11869 10489 6897 -14979 -13513 -10774 7772 5839
-10813 1778 13431 1819 -7605 -5797 5252 -3223 4419 13581 2763 -9549 -1460 9607 7658 15852 7191 -1547
7789 -16059 2221 -16233 -11105 -3414 8659 -3735 -16225 -9845 -1592 7169 8373 13281 11312 11450 12775 1137
-15530 3347 -8503 -10676 -626 9043 -12142 -9832 1782 -2704 5746 15761 -1173 -3282 -10453 -5165 -15184 11145
-16169 2257 10478 -3751 11014 -8790 7527 13099 7958 3869 12642 2678 15036 -14886 9577 -14861 8413 11258
692 -3264 -4954 -7214 -14618 11214 -9513 -9243 -2057 10494 7520 9270 13423 -7290 3379 10441 5084 -15853
11857 -2719 -5249 6961 14887 -6518 -13502 3694 9245 -5156 -14609 -1858 -13203 16253 -8285 2073 -10960 14056
8575 12908 -12865 4333 -13918 5039 10295 -6918 2131 -2221 11613 6040 13187 4318 -7513 -1991 -651 10201
5775 -5071 947 15082 1843 -13567 -13747 -8642 -10467 -12325 -2242 -9942 -15270 -15261 -7636 -14575 -10799 -14156
-13227 16263 -3369 -9053 -11066 -13896 6397 3654 -818 7939 9261 -3655 -12110 236 -8968 -14824 2209 9777
-16090 -5168 13803 826 14998 4123 -12176 -3657 14409 12745 14419 -1147 -8776 -7361 -7 -13104 15462 -4678
4652 4478 -13380 14812 2209 -15924 4880 8552 -14690 8753 14854 3656 11252 -1395 -3299 2769 -3019 -14211
-2942 10056 5663 -3829 -3288 -10075 14174 13710 -11238 13462 2163 -4143 2062 11975 7408 -9874 -15041 15201
5094 -7555 4980 -1327 9377 -9357 -8602 -11573 -7277 -2492 576 6284 -11378 -7477 1670 12391 5941 2667
-1251 -14723 -10571 12023 11167 1220 11695 -3888 7415 -5548 13688 77 2351 10205 -121 -416 -12924 9593
5155 -12170 -324 5541 -13978 -5217 6072 14730 1631 -9490 -2482 14978 -14695 1314 6736 15576 -3650 -2681
-9487 4047 -9325 11287 1608 7909 46 14565 7989 2136 -12183 9916 11621 -789 8845 -1788 -11342 -13086
6996 -16155 8365 -14764 8979 3502 -12930 -14175 15154 15479 -8469 12608 -14367 -5370 -9034 1471 8710 4591
4906 -250 1401 2559 4857 -9764 12148 219 -7357 4267 -16058 8420 6639 -7544 15174 -4000 -12729 -13458
9231 11219 6590 -11829 12266 8113 6930 -12995 -887 -15045 12181 2716 13554 9886 -10554 -3779 12737 -12702
-3037 3437 -5741 -14844 -7358 9285 -14922 -6175 4636 13471 12069 2133 5548 2402 -6210 14884 -4933 -16120
936 12826 -6925 -4522 5914 3567 -10694 13935 -5058 621 10304 4113 -10896 13524 -10662 2071 -4181 -15489
-6773 12095 -5820 -15936 224 5423 8408 11023 12294 -2885 12420 4459 -9193 -2720 14676 2808 5807 9746
767 8938 -10423 5440 -15406 -11867 8900 10765 9449 -16351 -11961 8928 -10587 -9581 -6585 -8926 -13990 -2487
12005 -13758 -8632 3797 6781 13819 9419 -8593 381 -15909 -2088 -10859 -12683 14844 3999 13812 15723 10005
-9322 -11124 9592 -15945 14488 -14578 144 10960 -10391 136 9629 3444 -6305 8516 -5935 3548 -9893 -528
5689 10671 -12547 8694 -1386 -4734 2583 -11977 -4504 9113 -3997 -13099 5962 -8199 -2190 -8342 -11386 3479
3300 -2972 992 -7952 -12576 16040 10166 -11329 10426 12924 -179 3593 10233 -10587 10337 -8098 7550 12491
-5881 13147 -8450 -11993 7344 4212 15537 -16043 -2163 10224 -178 -9591 5138 -1994 566 -14614 -290 -1465
15855 12857 13498 -2165 -10539 -4682 -14592 -4912 1036 2877 6686 7822 -7494 13237 -3462 -15759 2417 15531
-15495 -7661 -4109 -16069 -2854 -9466 -238 -15825 4680 8218 -8971 4456 6448 8156 -13950 3205 -10031 -2978
7958 -5445 6289 -16329 -13444 8706 -1896 -9014 -10986 10108 -16233 15817 -16291 3854 4327 11773 -5744 -12720
10715 -14015 9894 9892 15695 -10290 -14967 -1366 -383 -4422 14974 4818 -7134 -1598 4839 5458 -12116 4678
46 13627 5365 -14441 3834 -8984 260 15469 -8539 -10343 -2267 15804 -4881 15963 13623 13992 -13837 11314
-14257 9686 -14247 -654 -8585 -2073 -563 7785 -5418 -5314 10159 11588 -12298 -7927 -14322 -3279 1119 16253
3792 -1855 -6803 -13979 -7372 14734 11352 3799 8569 15142 14744 -9401 -7969 2847 10861 -15169 -10801 -6004
-4933 -16277 9301 7314 -15084 -8101 14039 -14758 -1257 7811 -4862 7721 8190 -9976 14079 -3122 9077 -7240
-3856 -5060 10922 -11561 4758 -15752 -8795 -7391 1874 4021 7894 8971 -15791 -8513 -7948 -16050 -7424 3732
3843 9374 -570 -14246 15031 12479 -8975 3181 1273 -9028 -12816 6871 -2871 -402 -12605 15078 12355 -4285
12207 9751 -13308 -4542 -712 6714 9390 -7351 -14775 -10542 -2358 -6247 4788 2489 10446 14227 7650 -4339
-1152 -3642 10692 10309 5241 -14557 -503 3749 5900 142 -6252 1238 16202 -604 -13268 3023 13150 4270
9843 7927 -223 -9221 -482 7053 -4633 5202 12379 14151 13980 -13118 7318 -13766 11799 12188 2403 -4102
-3161 -14141 -10828 -15358 -13333 -15068 -13750 15700 7656 -13440 8050 -4762 -14754 -11663 2800 9780 13649 6059
-5576 -13381 2543 7299 -8995 -11128 8340 -13392 -7349 15786 -14553 11340 -10824 -2606 2983 -14809 -14505 945
-9973 6963 10702 -5207 -10682 -9631 -15123 6305 15271 12176 -10603 -13254 4716 -11037 -4353 -9695 4751 -14028
-8928 12993 4831 -12314 16228 293 16213 7646 3238 -8171 2469 -10284 10587 -5505 2067 -14905 -8950 11034
13960 -8242 15361 12109 -12826 6166 -9910 -16050 9623 1576 -11045 3462 -11411 -10388 6667 14141 -603 10475
-7601 8307 4940 11865 -12261 -5875 -8504 -13740 13864 -5839 9902 -1051 -8477 10994 -12069 -15024 -6118 10031
15294 -4087 1782 -13894 -15877 -11771 -14284 181 7214 -1997 8330 -9405 5388 -9653 -7825 -1187 -15437 -1082
-6661 -8448 -16329 7724 3111 -15216 1666 -5993 -12734 11895 -1181 10349 4252 -13806 -14372 3952 -2172 15814
-320 4862 -9870 8822 -16257 -12142 8580 11289 -11968 7049 13870 -14936 -10960 6187 14382 9270 10009 2025
11710 5474 -711 10979 -4593 3314 -12214 -9552 -7949 13753 14563 -15786 -6440 2489 14091 -10337 -771 13711
6148 -1648 -3616 -13556 -4507 -10191 15861 1822 -12178 2450 -11106 12025 -12134 -4080 343 -14220 -7048 -10795
9521 12715 11702 -7778 -6012 -9232 -9856 -14143 13532 11741 2569 -7570 2876 -12087 -408 52 2692 -4769
-4955 12231 14890 7047 -15854 -13821 -4814 2448 15838 -3287 -11942 7816 6632 -3983 -364 7146 13778 -2367
6839 637 -1960 -10567 -6790 15993 -9505 10738 -16229 -8468 -11440 -6775 2139 -9125 4134 -2600 -12232 12971
15046 -14460 -10286 -11709 13327 -7747 -13267 11370 -205 -2624 10522 -8456 -12603 1951 -12552 -15573 -6125 5189
8342 -7211 -12106 -10058 15740 7870 -1433 7828 11340 -2742 -7916 12775 2435 -12205 -12493 -7137 3685 15192
15445 -16302 1080 -9502 -1537 -11062 -2128 8729 8885 13762 -16214 3005 -166 7535 12828 -9672 -10571 -12992
1611 8971 -9390 5215 -9407 10609 11154 8064 -11401 -13244 6141 -2597 11990 2842 9175 -14478 -4123 -6474
-3083 -3944 -7876 8346 8141 -10573 3895 7679 6355 575 2545 -3605 7171 6679 880 -11623 -7748 9201
7709 -483 -51 11817 -135 -11703 12752 -14655 -1269 7120 -1089 -7260 -5733 -8018 -9540 8240 164 10688
-1996 -3081 15879 4024 4905 -14659 15358 3893 5067 1477 337 -6098 -693 7763 8653 3216 12776 362
-15630 -7640 15699 5334 -10005 -9277 6449 13680 12226 11666 8188 11932 5332 8404 8720 -13545 13443 -13648
-12029 -7440 43 10848 -2763 2770 12376 -3435 8614 -14195 14134 533 -9712 -3892 14153 -12374 -8402 4646
-11681 -12999 5465 4446 -6973 1580 14686 -9499 177 -738 -10356 -12900 15889 3246 14599 -15649 12897 -12365
15205 -10298 9452 -11115 -14727 -9307 -11453 8181 -11158 2005 -9751 -15721 -16377 -6983 5455 1657 -12962 -8
3843 -2236 8330 -10224 -13530 -13850 5837 8460 2587 -6276 13792 -14700 -11641 8052 9607 -12505 -10379 -15115
-6295 1188 3800 15222 -16098 1551 3127 14006 3208 9874 -3164 12750 -7577 15811 6381 -7776 -11480 -13018
7959 9842 8702 7921 11272 -16160 13876 -15849 1155 -12816 14017 1918 9306 -12674 1053 -7020 9951 15842
1108 -8445 5020 -1070 -2726 -6721 -7355 3455 14748 15177 -12054 -1528 -11553 -10960 -13457 -14833 -187 -11052
6976 -11613 11435 -658 4161 9064 13884 -13483 -13306 -12296 8256 4217 -958 9343 -14794 14900 6528 13742
12065 9284 -487 -5163 -985 7441 -5794 -14010 9559 -204 -15595 -4096 -1845 1080 13099 10892 4078 13474
-7768 -981 12063 6448 -3362 -981 -15495 4447 5093 150 -3350 -3280 11084 -9193 -3446 -10197 521 13076
5933 15267 -1869 11295 -11206 -12739 7408 -114 7350 8875 13105 10853 -9562 6077 2204 -14211 -3948 9114
8522 -9762 -1681 -7091 5811 -2193 14999 6523 14950 15057 -967 -5253 -12033 -8822 15320 9096 -1710 -11425
-4818 14671 5098 -7165 15665 -9806 16058 2036 2936 -13627 14602 3237 3520 -12004 -15435 -15397 -11829 -1463
-11884 -15790 4456 -3937 7224 -3672 3288 15420 -3873 -1670 -8367 5447 -13919 -15413 474 11126 1770 8356
-3997 1748 -8913 -13053 9485 -6718 -13607 -7953 -8754 15418 10883 -5912 -8140 14427 13677 11909 12164 -4061
2600 -2975 -5873 7286 2963 10541 15036 1384 11273 -10709 10217 952 -1831 -13122 4210 15259 -1546 -10408
11791 -2884 14830 -3680 -1052 13184 2591 -13362 15441 -2161 -10454 7507 4370 -15472 8608 2755 -9851 -11725
-4347 8941 -13498 7283 -14604 14151 -1790 5406 4252 5011 15240 15758 -7048 -10052 12580 -2116 9780 -255
-14550 14708 -1294 -15532 461 1256 -4176 1027 -2501 -13716 -7160 -12134 10978 6007 3353 12545 -11756 14065
9414 -6165 4811 9902 6431 13422 -11314 1590 -12259 -10505 15604 -7479 -11373 -8871 -7479 1182 -1696 -1468
-12208 8561 -9240 -5154 -7385 6208 14021 13738 11727 6734 -1093 12720 -11186 -6805 13289 15577 5870 -3213
327 664 -150 -15589 -11186 11215 -7127 7658 10736 -2830 13799 -121 -6701 -4251 -13441 562 7354 -3542
8187 -2922 -7357 -577 14068 -834 -2864 5955 6940 -5019 -14649 -8482 11027 10866 -9218 -6823 10371 -10812
-5007 1296 15720 1321 13622 -15854 -5200 -14154 1203 -2690 6915 -12237 -10481 -14289 14564 -9484 5861 -16226
7929 -11056 -10687 -6141 13223 -15254 5060 -13634 -1821 -4426 -8149 -10250 -700 -11336 -2064 -7040 -7332 -6001
9548 -11006 -3255 12978 -407 13143 -5498 10362 -11314 13109 -504 -1310 -7399 -5617 -15738 11401 8693 15925
-4328 6656 13643 -11964 11778 -10428 -5963 -5703 -4141 1664 14896 8165 -2901 3104 -12773 -11766 -38 -15354
-8356 9146 -5714 7184 -34 3206 908 14311 15683 14811 576 501 -552 -14299 -7532 -12877 10691 5941
-995 -4315 -2938 15849 13912 -5209 -9570 -7926 5117 10216 10120 -3727 2186 14135 6130 5485 -13276 12286
-5079 -16022 8604 10637 -307 -15413 -15659 -14565 13260 -14312 -6331 -3066 -11371 5468 6359 13665 9859 3024
-13571 13487 -7011 9653 -6149 -6163 -12928 -127 -14202 -1328 -872 11066 -13937 -8883 -12907 -11481 -2976 7004
-6883 -4187 -4889 -7679 12733 5205 6737 -10876 -1752 6272 15836 7424 -14951 7860 -5144 -14554 -14440 16303
6988 -5065 -26 -9088 16111 12629 -14926 -9240 7575 4352 -756 -10491 -9219 3291 4507 -1743 -4830 11440
2451 5927 -8988 -4427 -15133 -16022 10450 3340 15531 -10784 6977 15503 -10506 -11071 -9062 -14129 8868 -841
12019 12625 4008 -3522 2021 11300 -2187 -2483 -868 12691 2481 -4039 13354 -2766 -3787 -12586 -11229 -4064
-15057 1246 7010 -8053 6819 9367 7985 -7561 -13793 -8527 -8565 1466 15778 -6034 8118 1356 -9500 3332
-13278 959 -8777 -4536 15974 -3829 14023 14466 13996 -628 -15733 -12888 -5834 15948 -5003 11176 -9419 -6523
4714 4645 479 14945 15482 11079 -10297 7940 -822 15340 -9116 -5169 3020 7940 12786 -7973 -2884 4154
-12924 -6453 -6588 2520 -4786 -1080 -1155 14820 -14010 -3644 4378 -11632 12783 -7678 -1304 14801 4468 -1575
11633 -9138 758 1204 12287 10106 -3039 -10402 -5429 -4347 1281 124 9578 -16015 6682 -7588 -13936 -4095
-11082 6636 15857 -12841 -6790 -10482 -4725 -5540 -4803 2570 -12541 -13597 -8167 2659 107 -6262 7873 6864
-13521 -4255 14869 -4476 9285 6094 5365 5037 -852 -1231 -10155 -6332 -2542 -13629 -4722 -2557 -12332 -10300
-3333 -4430 8234 14292 -8509 2470 11683 2210 -15373 2443 -815 5828 -4655 14690 -6594 -5144 -14995 3015
-14170 2088 13687 16245 11110 -13630 88 11532 -6860 -12823 15485 8722 6921 14836 -5392 -4808 11108 -11325
-9173 -34 -9805 -13736 -10452 -14120 -12791 1990 14026 11377 15636 2388 -3765 15793 -13228 731 15919 7389
1667 -11923 -12720 7997 -2979 312 -13779 9250 11643 -5454 2689 15144 -2656 10988 16155 -72 14871 -1205
-2069 -12847 891 11351 -15271 13318 12187 -14349 -8998 -14645 1973 7855 2756 14572 1771 -15238 -15774 -8864
-6924 -16259 9027 -2498 14609 -3005 -11559 -2805 -14013 -484 -6849 4157 -9797 6851 -14247 -11779 4241 -13760
-6877 1064 -15941 15368 -5310 7577 14132 -14740 -1312 5291 -13947 -4815 8373 15097 -9117 15226 -10134 1640
5043 -2833 2331 -5271 -11080 -7656 12347 11382 -6267 15369 11933 -15642 -13132 -1210 -5168 -15136 7001 3549
-15445 -4952 -1222 14553 -3544 9504 3895 10456 -3723 16275 -7151 -2564 -440 13997 14153 7934 13939 8903
10853 16296 1465 -15508 13915 1638 -11039 -15852 -3256 11571 12039 4659 2144 -1605 -11972 4730 -10197 2239
-10170 -11434 15597 -5956 197 9910 -5786 -14393 11653 -8940 -15940 14522 10247 -11342 -16203 -11369 -12447 14370
15657 13600 10569 9485 9143 8655 2420 -978 -1864 -12312 -15587 8604 13936 7398 6368 -941 -9331 12831
-8494 -8215 15817 -9050 714 -15453 -2830 7274 -4351 -5458 -3571 11944 -1318 -7770 5844 6016 -8701 -2724
-7830 -4381 -9795 1748 70 -2899 3190 -8042 -7563 12310 9121 -3810 6141 7757 -8255 3764 5796 13406
7870 10339 14035 14422 -8058 2116 -810 13735 -1587 2812 581 4302 -5839 -3962 5063 -460 647 10801
-10505 -8110 -7054 -13844 3229 -12009 -5072 -2367 -15574 -9586 7097 2719 3422 8890 9738 15709 4426 3782
5567 252 887 8540 -15903 -3282 -7578 6226 1278 2067 1591 3468 -5505 -11701 -10066 7965 -14795 3112
-13997 -7503 -5579 -14780 -11784 10279 -4379 -8396 8031 -12414 -16041 10393 12860 13825 -5162 -8863 3162 -371
-13121 -12989 15899 14676 12178 -7793 -6108 11955 -951 -8406 1364 -11942 -3863 2515 4349 7082 6485 3244
-8881 -9117 -1685 -13320 11792 13947 7497 1053 -5228 -10159 1008 -9738 487 11778 6158 -16317 -16305 4891
11028 -10625 -13069 -14478 9870 9430 212 11086 -6219 -9866 -16378 1741 -1731 -5370 8728 -8056 8051 -15244
-296 10095 -5491 -8716 13109 13307 -15559 -6330 12932 -7034 9591 -6345 14312 -9999 -594 -2966 11276 4494
-9223 -5288 4883 -2750 -3646 -14954 5842 737 3473 -2473 316 12766 2342 -4047 15133 -14808 -8760 14371
8972 6986 -11563 10711 -12133 10972 -1374 -11994 6096 -11748 -3707 -806 -7974 6866 4909 -4425 10235 2941
6710 -13124 14796 -15697 -8708 14245 -93 -7760 8876 10933 -4020 2665 12193 2227 -1793 -2939 8173 -1484
-3437 -8751 8501 279 -2321 -9755 5315 -6826 10945 -15098 -14633 -8452 -12428 -8630 12348 8560 12635 -13060
-2524 11260 -14797 5442 7213 906 4039 16382 7362 14765 5877 14835 -9301 -6941 4818 11817 9947 -4586
4138 -8301 14735 -10393 11564 -14865 -2661 -8147 15714 -3603 -14596 10810 -5656 -877 -6734 -15261 8660 1502
-5679 15928 -4356 1710 -6700 10520 728 -1570 -1227 10859 4036 8367 7482 805 -15763 -6544 -2540 12434
-4221 10070 8738 2643 -13901 -8528 13722 420 13272 57 -16307 -6687 880 205 -15426 -11705 -14514 -11711
-12419 10493 -6512 -10612 14258 16214 11215 3625 6651 8018 4252 1473 9332 612 -8916 -14586 -11497 -5768
-4021 -12069 5954 -2508 -15465 -9542 7580 -5763 -17 -6314 9757 -5315 13863 -5505 8804 -156 4097 1605
3661 -13267 3418 9057 14021 5537 8610 -5934 -7458 4705 -14960 -10556 4893 -606 -12013 2229 -13541 2673
12681 -7461 6474 7232 -12233 11967 -12007 -5980 15600 -5329 11060 -6573 -3815 -11436 -16338 11635 16079 -7906
4417 11548 -16281 -12568 4980 -9708 -9193 -9127 -3872 15064 12274 -9592 -2996 -2842 -1510 -15516 -11521 16180
-11983 -8108 -14122 -8701 -16111 -15334 14995 3027 8123 7164 -11654 -3145 11925 7206 -13544 8394 -9262 2891
-9118 1793 14377 12683 -250 2340 -2861 11930 -1539 8215 -592 -1249 -4512 1887 965 6488 -10882 4833
3055 14599 9514 4588 -10797 -11638 3674 -7301 12052 -699 2542 8115 1737 1348 10189 -1356 -10961 1061
-11208 -15218 11162 308 1878 10896 177 -9006 4886 7625 3291 2840 823 712 -13578 -7743 -15454 3751
-3769 -701 247 -2742 -2379 318 -2193 -13087 -1992 14363 9184 -13645 4751 -10768 2844 15644 1074 -7521
2945 -6440 11145 3909 -4916 8058 13659 -1318 8748 -8895 3978 10763 -3424 3084 -3074 13935 -1158 -10837
8157 -1825 -16063 16216 2820 13081 -15678 -16250 13234 -849 -15778 14040 -11645 -2271 14756 -9355 2717 3394
11045 7547 -5585 -15899 -14716 1488 -12521 -11854 4812 2082 992 11352 4871 -6873 10487 2282 6412 547
15894 6531 15001 -9803 -8190 8749 7329 -5685 3699 -2302 2279 -15631 3671 9616 460 7379 15418 -12926
-14234 5121 -7422 -4996 2257 -2830 -5416 8517 8394 14404 -2965 10795 13433 5194 13399 8868 1423 -14391
8930 -15308 -16238 504 -11284 11915 13427 3026 2846 -1289 10345 5770 -8086 7927 -15365 -11429 2227 -7633
15702 14465 5835 -5250 -15894 6028 -14177 10601 -13007 -5931 13486 6595 -7731 -4023 -5184 13447 -10026 8044
-7468 -507 15216 -10077 14681 1085 -9563 -2134 12194 -13423 6505 -15516 -7787 -4458 7426 11483 6562 -2742
-10354 -121 -12291 10092 8409 -6454 10754 -8664 -11912 -4931 3583 6386 5140 -10705 7956 -9802 -7929 -22
13682 3117 -10203 8502 9932 -877 -4900 6052 -3314 8567 6270 8198 10566 15601 1758 8379 6378 6395
-3812 -5837 9021 -7398 6841 2732 -16117 -5315 9462 11844 4244 -13849 11355 3117 -47 12686 -7021 -6083
-6446 -4281 9847 14246 9860 -8548 9329 -11253 8093 -11074 14595 -8269 5585 -14623 926 16150 -11449 12257
-14405 -13406 8264 -1746 -15834 9144 -7362 -5408 -5989 15353 -804 -6359 -14442 5568 13464 -2827 -3481 16112
-13981 -8757 14724 -271 -1390 -7435 6949 -11020 7450 -12830 8715 11133 4357 -8248 9889 -6876 11041 -7027
9798 9874 -6409 -4888 9449 466 -2820 -3132 -13097 -6451 -1782 -3355 -16176 -757 3344 10956 -11168 -13632
-9206 8672 7787 -13048 -5844 7879 6666 -6800 -10397 8723 -13928 -16199 -15106 8995 4100 6872 4006 5191
13424 1090 5272 -3545 -15363 3175 -16115 -7586 -14884 -2690 1780 9577 -2646 -10880 2540 -8248 -2049 -14218
6254 -422 15682 6133 -15034 14860 1731 -1045 13636 -327 -15867 -10091 -2760 14664 11865 7632 -5093 -12005
176 11162 15753 -12118 -1613 -8239 12408 361 8715 12600 -4571 -269 8453 -1082 11593 1377 -7843 -7657
7574 -260 -1969 -6079 10078 5396 753 11213 -11375 -14287 -4662 -8954 -4118 -11416 -9573 -8851 -15511 -8433
6267 10123 -6396 -14700 -7635 -7180 5784 -2646 -10582 -12415 3622 8357 -8192 -10532 -14530 -9175 -928 2882
10931 -10240 7537 -11123 2713 -16056 4586 1127 -1938 4053 11617 12005 -13422 -15658 8799 -5064 -5123 -12111
-15690 -6215 13616 -12747 6674 -8146 1388 4335 5844 -693 -13021 -12068 13599 7801 12971 3393 -8147 1752
7738 14551 -539 2688 -15856 -3796 -10065 8461 -3346 -15034 -9338 347 -6962 -12407 -11186 10893 8148 9946
12391 -427 -15996 -5370 -6268 -12177 -8657 -4003 2229 3948 5807 -12638 7628 -5446 13915 -10457 -10016 6616
-4810 13875 -16343 10477 -1437 -15447 -13290 -4480 -9506 -14620 11165 3708 -12179 12772 8913 11901 -11052 6063
14259 16204 -12984 -7693 8522 -91 4645 2536 11510 7223 7908 -10114 3586 4341 -438 -3660 -13447 12172
-14630 12100 -16326 -4308 15252 3721 -7859 -5747 -6943 13722 15991 10545 13764 -11336 -3827 11502 4438 -7960
-4857 -15192 -15240 222 -6059 11099 -14402 3364 -13194 609 -8782 2676 -6586 4594 -7876 3427 -14312 -3351
-10149 -11709 4611 1477 7960 3140 5250 -9480 16062 12260 312 -4004 -15035 15489 7696 -6144 12555 -14004
11918 7212 -15152 -9884 1889 13476 -10280 15166 56 8488 -2449 -2228 14295 7485 -6504 4565 -8597 8496
-6914 9258 -1510 -7079 11817 4349 -9763 -11108 10231 -10230 10897 10035 16203 -13064 -7603 -6477 -12799 13698
-2577 8772 7457 4825 3321 8757 -10403 6724 10146 -14924 -76 8459 -5335 -4651 -16266 -107 2149 6619
9837 12235 -3932 6327 7257 10950 -13135 -3123 15006 -13909 -5578 -2313 16185 11720 4931 -1588 -15878 -3059
1071 -12766 -1812 14232 -3167 -2094 8470 10156 -7961 4538 -8342 13513 7309 1032 11762 6422 16178 -4169
10577 -16381 662 -3246 -11668 -11988 12529 11519 6243 -7552 7817 7617 16070 5536 -7805 -11786 -3066 9357
15352 -3296 11305 8576 -5044 9960 5058 -4589 -10309 -8344 12064 11685 -15563 160 -1593 14083 3690 -181
6684 -14012 9513 -9001 -667 2029 6887 9388 -4112 606 9372 -12615 1425 -13714 -6956 11045 -6573 -8625
15872 15208 -11417 -5704 7956 7297 -1951 8770 -432 -6530 -9053 -15596 -2474 9536 2328 -5189 14725 -12670
13862 -6565 -12409 -9961 5598 6411 -11997 -9869 3703 9854 5720 -14483 -1797 480 2732 -11965 14399 -1535
7106 -8226 15384 -76 -2516 12374 -15155 11128 1151 9914 -1336 -14759 -6995 15882 11919 -9711 -14450 14726
-11013 3186 -4416 -1236 5023 -13814 15536 9083 -3701 1020 2808 -8579 52 1332 15085 515 4274 8897
13425 -7885 -14035 -13445 -14576 -1727 11921 15076 8519 -9351 -2422 -11433 -11738 -1914 13739 -7333 2329 12524
15857 -9642 2050 -12581 -16023 12395 -1139 -13023 3372 1437 11708 3964 -3947 15412 -14646 -4069 9386 4707
4142 -14757 -14369 -215 -4610 -13611 -15876 -10636 630 -869 9305 -1909 12248 -5187 -9642 4268 -5000 3346
15870 9972 7439 -1226 -6894 2433 -5799 -14128 14888 -12075 16090 -14314 13870 889 -2556 -5230 -12777 7402
-12936 9253 -5939 -1103 12199 -8114 -3731 -1332 -2394 4260 -9804 14932 8759 -10837 8371 -9374 13354 15044
12746 13097 9960 8836 12244 14697 12877 -14292 160 13830 -11592 -1427 11425 -3596 -14755 -3212 -6425 -4266
-2846 -3545 -11955 -4890 -2775 -1876 -12044 14486 9577 -11221 1774 5497 2436 -11819 -16064 14557 -7274 -15067
-2045 8890 15049 -15515 10984 -10927 -15246 14452 13031 12299 -7338 14535 -9167 -3669 12619 13486 -9117 9632
-14583 -3878 -1794 186 13877 -6117 -3558 -3836 -5689 -1426 1368 -6938 -8056 3382 7449 3472 -2568 201
-17 8352 11610 7983 5201 -8966 13066 -6103 3218 -10505 2062 -8595 3860 -12347 3053 14902 11961 7176
-10043 9475 -14436 -8759 9623 -7528 5117 5512 8933 2882 3457 -12620 1407 15201 -4452 -5314 13210 -9176
-6074 -11640 -14301 -5729 -8203 1923 -8110 -9751 -13876 -5607 -6270 2507 -3312 10184 -10945 -11666 -12067 8080
4512 11355 10006 15631 -3112 976 7073 3819 3848 8757 2517 7281 -16039 -12059 10796 15995 14662 6449
-7617 -104 -6850 -14932 -12047 -14490 361 2207 -5399 -10942 14283 -5153 15172 -12765 1672 -4671 7307 -7741
-8056 -4246 -540 -13567 15418 -10164 2181 12162 1212 4844 14703 8862 8477 -14613 -15527 -12420 1530 -3011
-13078 3699 1360 -11333 -8405 -5699 -12142 8416 6203 -10935 -7943 12495 -2491 7657 14874 -1387 -12625 -11334
15039 -2898 -14955 13241 -4112 -5174 -9867 -11079 7760 14032 -10452 7031 -2640 -5084 -13791 14858 8924 -986
15551 16001 13243 -11013 -8918 -2871 408 -3184 -9686 8140 5563 1498 3179 -12832 15420 611 16360 -13217
14617 -9980 12709 -366 -11385 8427 5533 7122 11140 -6166 14587 6386 3509 1767 5261 -16167 14703 8117
-7305 -16276 -13040 10248 4643 10675 -13167 9666 6528 12858 -2467 115 6763 12473 -9630 3104 -12950 7664
-6295 12612 6807 7382 -7517 -10730 -4635 -12813 -635 -4855 7038 -3574 -554 -13160 -6005 8185 11270 13378
3096 4581 -1086 8916 15446 -12909 8900 -7704 7171 11281 4592 -5461 7207 1183 1181 2018 9730 -310
6705 -9936 8514 -12331 11761 7057 10873 -6308 -7912 -9429 3533 -12485 2852 -3513 -9741 -15700 1143 -1639
8021 -16208 -224 3526 12186 7600 -7697 3625 -3766 -10139 -9777 14542 7108 13812 5464 -14399 -4226 -5793
-8540 -3190 15973 -13799 1882 -265 -10071 -8713 -9453 12315 12695 14925 3034 -9576 -12058 89 -13036 -8422
-7144 -1827 4226 -15324 1078 4872 6563 -13297 967 -13664 -9407 11343 -9986 14681 -11452 -13831 -2003 -10361
-10038 8066 12929 12276 4215 12233 -4878 2835 -1262 10840 -15504 -10920 -11703 9447 -5021 -15137 10196 3618
-4009 595 -1340 15788 2545 -9965 14097 -15003 -15830 12940 -11399 -6168 7349 -7954 393 -10153 -5950 -770
9212 10073 2534 -9403 -186 355 -12966 -9101 -10135 8760 8035 7422 -2546 8621 13585 -14323 14295 -592
-467 4500 14322 1415 -3220 7105 10987 2652 5352 -13416 -3642 -1797 11473 -12070 4681 -16173 10848 -6869
2461 11329 10509 1650 11544 3605 -2045 12419 3413 -6066 13775 -9730 3974 -4063 -11168 14446 12555 4929
6442 4030 10564 -7581 -4690 4299 -8796 1271 5143 2896 -9210 6716 5190 -2292 -12477 11129 -2830 6175
8706 4996 5415 -15688 -15404 -119 14840 492 -15238 -4857 9330 9705 14725 -14054 -15408 -691 8746 5374
-10259 15824 15691 13267 6141 -8150 1496 -14944 12672 -3279 -13988 13203 13167 10816 3278 -11887 14778 10976
13232 14569 -4875 -8797 7512 -16278 10828 -14772 11400 13720 -6207 10035 -4794 15162 10381 -3088 -13081 -3814
5610 -10449 6252 -14075 4085 -12318 13585 11544 -13585 10655 -14555 -9409 -13148 -11192 15123 6645 -8660 -8472
-6965 10834 -14888 6620 10555 6980 -8857 9275 -6593 -7650 -10119 -6031 3228 -9137 -12473 -13274 8294 7794
-7792 5990 5004 13455 1494 -10493 11946 14232 -10037 15924 -986 -9161 262 -13437 -5768 -8504 -1285 13542
4807 -3927 -7894 -8403 -4930 2735 1174 -7012 -16235 -14083 -5767 -4392 11889 13298 -970 -6137 10739 6784
4750 -14541 9483 -7770 3351 -1041 -8945 -4812 11499 15677 -503 1491 -3682 16303 4180 -8118 4978 5837
-7062 10745 -4658 -14920 -3848 16042 -4629 -15603 -10444 -5236 -9776 -3061 366 -7308 896 -7432 4077 -14226
15475 13503 2037 -4491 7491 8670 -1754 15227 -2647 -2431 3337 -14158 -1880 -8728 13547 10498 -1785 -753
-5651 -1822 -13820 8332 13140 6981 6214 442 -6360 -14350 -12524 -6375 -9990 -12550 -8763 9197 -5373 13698
-3720 15150 13685 4041 -2299 10657 14350 15463 -1741 6978 -13845 -6956 12074 4070 15260 -6359 -12500 13086
-8322 3368 -1663 -5281 -5052 13441 -12368 -7072 -4649 -13231 3060 6337 14431 -13339 11501 7925 4513 1732
2455 15706 1164 499 -7814 2470 4879 11890 15647 6024 14895 11527 13002 -1395 -937 -194 -7321 7998
-6674 -13907 -15427 16274 -16339 2938 1513 -2428 -6606 -4317 14095 14075 -4015 6260 -6837 10739 10667 5086
-7705 14299 1026 -13590 -3120 -16067 -563 8710 3656 -13667 11910 9099 -8223 8098 -4788 -9222 -12893 12666
-14938 -13439 11917 13435 11939 4293 -9403 -16120 14379 12514 -6649 -1100 8850 8366 3807 2216 5226 -3263
-14303 -12725 -7524 -11857 -8433 -13544 7862 8218 7383 721 -8314 -3087 -3125 -14624 -2072 16233 3270 -8718
4058 -10667 -14092 -12572 -11301 12309 2993 -11547 11882 2798 -7985 13015 16368 -11138 -11523 5113 2245 -1145
1666 -2107 -1650 3827 -5070 -3307 -8763 -12774 8346 -8054 -11109 3645 -13441 4652 -13310 6487 4998 -14762
12804 -5610 -1483 -7219 -12197 -5852 13338 -16081 1595 4010 -11957 -1133 -11149 4887 -13810 8301 -4171 -482
-15399 11955 -13007 -9474 8827 13119 -8856 -11514 14748 1141 -5825 -6313 12900 -7897 -15022 9963 -1671 -2380
-12404 1495 -14036 4726 -5387 14798 9202 605 -4662 16359 -11495 -5927 13778 -4191 15794 2038 -10511 16163
11222 -14388 6134 7368 -13815 -1003 12729 474 245 11550 1131 8862 -2715 -6172 14116 -8302 -15254 -9865
-2621 -9229 -12324 14754 -16140 -8831 12041 -14129 1168 -9850 6057 -6875 -6098 -11500 -11502 -1292 3566 -4465
5034 -11182 13212 -8597 16033 3076 -5640 3382 -544 10147 -10673 10458 11836 7416 12878 -3298 -528 -14678
-487 -1173 -12470 3095 6294 9683 13220 -16248 12814 9046 4758 -639 -13064 16223 -11925 -908 -16115 9871
3792 13218 -2911 2748 -14636 14906 -16334 -14278 -3315 14274 12351 -4008 -1258 -7494 6494 -8916 2369 -11652
12939 12946 6026 10341 10684 -3980 -14132 -11206 -6468 -1467 -7631 -2107 -4044 14288 -1813 11710 9995 13111
10279 14321 -13323 -10185 -7358 -10081 830 14504 14389 -9443 -13583 -1458 5720 4034 5911 -11828 -4794 16135
2142 12018 14362 -10263 -3872 -443 -14107 -8821 6969 9141 -6056 -10206 2019 4783 7619 -13039 5312 10073
13123 594 -15628 9497 -13767 4376 3828 -423 5109 2995 3811 -13946 700 15029 -13538 1884 1770 13651
1294 7784 11374 -9969 -8121 12230 11391 -7020 8654 10541 -14448 14815 -1603 14379 -1157 2982 2821 689
-5627 -1545 9619 -14125 898 -7655 -6504 -11319 -13864 -6728 13089 -10695 16290 -4796 -16145 8631 -10313 10648
8576 -10867 -1844 -10020 884 -5448 -5772 -11610 7697 -16076 14415 8036 -1250 4729 -2941 7934 4852 -4794
-13721 695 -4388 7836 -10113 7764 -14958 11278 -12115 -11135 -14808 -15558 14756 8816 1298 -15729 -7006 3779
16255 16216 -5288 -83 -5913 11513 -13783 15442 14050 2423 -5477 7543 8000 13112 12809 12632 -938 -13301
-5990 -10538 -13418 -12952 3183 5074 14946 12790 -6878 10973 -2781 -10155 -5269 13329 -4971 789 -9948 15674
1380 6662 -2705 13626 -6658 4277 -3786 9899 -10593 5684 -6188 1477 -6223 -3558 -10223 5506 -11688 13001
10579 10241 -14520 4343 4371 15912 8153 11367 -4976 -13681 9565 1528 -7488 7064 -7501 -9502 -7541 12514
13333 -15044 -11974 -31 2359 -14911 -723 -5178 3474 6866 10443 -2908 11004 2239 -15935 -7723 6781 -2236
6244 -5221 -2209 2126 11126 10242 2178 3080 -9196 16142 13306 -2541 7650 10770 -12076 14351 -2159 607
-13517 9572 -6275 8991 -12635 -15300 179 8832 -5456 12238 -11233 -6634 -6738 -4125 -1541 -10630 12762 -5742
-12406 -2506 14507 -12978 15623 -8220 -3998 9762 6112 -4203 -4128 -4548 -2783 7024 -2887 -13143 43 16284
3981 -8096 10670 -7838 -5481 15488 -15658 11658 -8577 -1570 -10048 13837 -13963 441 -7120 13038 -9088 -2607
8580 -13726 -11502 -9831 9451 9263 -14111 -7992 -300 -13221 8689 1813 1185 10500 14581 -10940 4517 1933
-14374 -2211 -11186 1276 16025 2107 -1126 -10847 -938 13901 -10032 12279 7846 9624 -13967 -8497 -9421 13052
-661 16042 6014 -838 -4720 10855 13060 -11213 5702 6943 14214 -782 -13694 -178 -7262 -8981 13039 3378
-15450 516 -12941 5240 -13147 8405 211 4886 11721 -3922 6325 4467 -13332 2263 15815 2510 7010 8987
15934 -8482 -13285 -6264 14979 9652 -1049 9584 2600 -14614 -7401 7603 -4830 15094 12107 -15807 -8910 -6689
138 3802 5026 -10731 15504 -8423 5945 -5479 11365 -6735 -6550 9315 6196 10484 4551 9989 -10917 10397
-9537 11405 -1346 4296 10884 -3926 12127 7742 -2739 -10481 -14540 6136 -8769 -12005 8751 483 11428 -14663
418 -4895 -3865 1669 -14391 2063 -9287 305 -10852 -10418 11538 -11224 -1298 13051 -15263 -6287 11444 -2813
10620 8916 -2650 -2284 8665 -444 -11003 -14795 9729 -3723 -69 12152 -13502 1740 14248 2573 -2653 5505
11579 -7555 -6627 -6400 8000 -5330 -1784 -13428 11514 -10709 10450 -7641 3698 -987 10487 6068 9999 -2884
11566 8541 9830 1018 12514 -2507 11091 289 -11550 3094 7497 6824 6487 -9258 12262 7040 12797 -3945
-15156 5532 654 1656 8106 5552 7547 -904 8352 -15302 -4384 7567 -1849 6077 13749 1316 3331 -939
7497 8865 -1243 5223 2796 8288 -2769 -2375 -3091 12746 -6413 3490 -12348 3263 6627 -1116 -1392 4664
-13530 10519 7106 -5589 -6169 -8377 -6884 5806 -7182 5281 15829 -15775 -8575 -12726 11806 -12795 2386 15057
7882 -7823 1534 -5562 -16054 934 11655 -14484 13270 -447 -2511 13896 13810 4113 -5229 -1049 273 13065
-4884 -11434 6547 -1702 9657 -11279 11253 -14887 -2935 3297 -13750 -7258 13320 -1559 7651 -16113 6754 13656
-7849 -11854 8908 2914 13983 -9246 13660 -11626 11679 13644 281 11686 3791 13018 15448 6765 15919 -12327
16198 -3534 -13696 -12202 11457 16165 -845 -7475 7532 2866 -1119 1284 258 3063 -10244 12341 10730 -12272
5252 4204 14092 -11885 -385 -13519 -12315 4574 -5532 6502 -6443 8855 10455 14450 -2624 16364 -14373 -2400
-5932 -8163 -3006 -8510 11174 -9158 3943 -14566 3205 5677 -13023 -14471 -5622 16378 -4625 -9560 -8469 10310
-5767 12039 -8167 12310 7479 -5514 264 -12837 -11404 -6799 -11699 -15957 13934 8574 3687 -8496 991 -308
2271 3717 5281 -2795 5012 -4096 3245 -11324 -12720 14764 -14521 -12963 5278 16313 -11404 -11752 -543 -15400
5298 -560 9116 -3521 -9236 7450 8727 12273 3235 3514 1829 7748 8818 -459 9023 -2147 10935 -12097
-3881 10615 1674 9566 1511 -12371 2290 -12462 -15407 -2828 -15015 14762 14690 15527 8764 -196 -5320 -9780
1063 14776 -2490 -2227 9441 -13285 -16203 -2682 -5404 11330 11501 8456 -10992 -4128 756 -14691 -12640 8337
1015 -14205 -163 6991 -9176 6397 -5103 -249 -6457 15889 -1218 -4477 -1918 -15733 12815 10642 9217 14400
15760 -16024 11453 12186 7195 -5057 7186 -14254 -1260 15423 11413 16246 7380 15780 -87 7863 -9493 -16354
-11956 -3873 6274 -12428 7733 8090 14621 8044 -4059 -8573 -4211 -4367 -15246 -14504 -1767 9833 -16152 2953
6401 13680 10965 -8450 -6101 -3162 -11165 14 -13037 2270 -3038 210 12294 8325 6885 13726 16277 -5060
15319 -4915 -9914 14785 -1338 -11332 -5499 8217 13501 11544 -8734 2024 -2340 15452 -6019 4895 -10400 2710
-13380 10202 -6909 -6036 -8384 8841 8331 -11940 -2280 -3250 13469 5190 -1484 10917 -8236 -6865 15643 14665
-15088 15422 -2846 -6313 5646 9739 -10668 -14675 -13247 -5860 13686 9364 -7208 9380 14640 16039 -13025 -13162
-2234 16107 2061 9946 3205 -15553 7706 11740 1347 -3079 -4526 -951 10760 -4659 -88 9746 1161 751
-12915 8889 12503 6012 -15680 11468 -12585 7448 -10649 15021 10224 -3629 -161 -2922 -8949 9804 -3631 -13351
12471 -4319 -9466 5995 -15955 -14978 3963 -9820 -13962 -1262 -8391 4927 13158 -15059 1118 -14422 8147 802
-8191 5753 10116 -15374 -1739 3643 -3228 -12508 -3478 7282 -903 13558 -5892 16093 2071 10683 -3322 -9735
13400 12412 12151 -10041 10440 -10014 7272 -1585 16222 5204 10157 -4764 14769 -6555 11690 10537 -10648 -2968
-9623 5333 -9486 14436 8424 -3019 -6793 -9423 15543 12911 6924 -1577 -3644 -3442 1582 -9667 -402 2361
14699 -11515 -3104 -15417 2651 -5454 -5983 8304 -1832 -3572 14693 -9242 5737 7620 -13268 -2043 514 -7332
2434 8164 -13332 7489 44 3352 -10753 14907 -6425 -11726 1046 -1016 -3961 11909 -12091 2370 9798 -12496
6724 -10614 15456 8535 15279 10975 5339 6580 -14734 -15537 -7003 5454 -4097 -9774 12000 14217 1985 4978
2689 -5792 2389 6576 -6632 -8722 7928 -7388 15849 -16334 10301 -4252 -1978 -4589 6401 -1498 -9195 -7007
-15200 -5720 -10830 -15969 -5783 -944 -515 -449 4173 -1648 6058 -14548 5343 -5620 -2336 5580 -5765 6910
1790 -4407 -5187 -3878 -7487 -5690 -8899 -13009 12931 -6537 -11142 3021 -15130 4820 14865 -9426 5522 9899
9780 -3058 13914 -1958 12887 -2981 -12664 -12589 4909 -7851 9325 5352 3795 5357 -6845 -11829 9035 6769
7984 2762 -3796 15980 8617 -3484 16022 -10806 14331 2170 9836 55 -3547 4068 -14401 -5678 -4120 -726
2437 -12290 -7648 -15736 -14700 -12907 13908 7482 -2614 12868 8332 -14340 8843 -5836 -2204 14023 -13966 13029
5726 16353 -4800 13920 14973 -10725 -2023 11662 3343 14416 15598 12514 -12085 14901 11581 -6593 -6884 2641
5881 5909 5051 6475 -314 -3634 -9084 1636 -5530 -1432 13185 13636 12150 -4510 -6836 -3846 6748 8155
5523 -16322 381 3066 3068 -12552 6317 12426 -15571 4357 6376 -6936 -4572 569 4167 14877 -6196 10145
-4562 9806 -16175 13836 8129 -171 -8270 457 -12125 2216 -6375 7090 9174 6274 -10648 16234 -1788 6210
6291 -2333 4577 -7152 -2762 5922 11247 -12865 6110 -1465 -7578 -14602 8619 6854 -5013 -2415 -1765 -3076
2952 15683 -13283 -13344 15965 -4734 -1939 -13802 2963 15005 -12769 41 -1773 9008 -8068 -14567 883 -9541
-9971 5651 10680 -2419 245 13952 -7876 -7706 -2938 -1725 1509 -8868 13578 -11973 6816 3452 3306 -2290
-4592 -9033 -1552 -1495 -2179 13428 4579 -7421 18 -11893 5469 -13662 -5043 14291 9434 2912 14765 2328
-13296 -4368 1202 -15563 -10369 -612 11013 10614 10312 -11567 -8716 -8888 -1469 6876 14624 -5618 -12213 7669
12665 -14256 -1315 -897 -3988 7193 -4895 134 -4269 12962 -11577 10386 -6346 812 8149 -12387 -5967 14124
1472 5723 12337 -596 2683 -3642 2664 11756 12364 723 -8967 -688 -7130 7044 10099 -13194 9777 5412
4229 -12378 8365 -9265 -11408 5742 8441 -11471 8631 13966 9967 -1905 -13025 7699 -396 -6646 -12844 -12095
5963 6946 -1817 5298 3890 11898 -1280 -11707 8743 -13092 -5295 11055 -2804 10620 2760 3318 -4500 -15486
906 -15742 4507 9410 15517 -14072 4100 -562 5605 -5069 1214 -15569 8274 -4737 3682 12270 9815 15075
15129 -11942 6302 -1868 -1286 4 13050 -7482 3218 -5616 -4706 -14124 6083 4776 3723 10785 -5420 -5423
-4273 13407 3516 -6301 -13588 10705 8138 14417 10262 -3410 13157 1329 13218 -8762 7211 -11526 7995 -11162
-7356 -2296 -10152 1407 -10770 15204 11114 -13306 -7586 6218 10073 -11112 14025 9955 -10957 -14753 -10558 12628
6170 -3271 6847 1018 -13944 -11498 -12800 -7180 -6736 -12638 -8559 -12574 -9151 7459 -11347 -6165 -9902 14756
-442 13828 6808 13141 6112 5999 9438 -8916 -15449 3714 -4686 8396 9656 -13396 -12966 -1873 1220 6322
-13042 -10882 10710 2365 9574 -3393 -3471 5273 275 -8524 -14115 -840 -10288 14718 -2366 9845 -2671 -4215
1525 -14560 513 -3291 9106 2870 7219 14704 14668 6768 -8560 -387 12545 7423 -8431 5295 5778 9750
-80 -15513 3058 10154 8990 -1826 -15491 -11401 6584 -11436 -2933 3393 -9542 -14998 -444 -11676 -8789 -9779
11444 14982 10272 -9708 -11228 -2645 -7257 -8980 13983 -5267 4088 -142 -6179 -8312 9586 -12832 9022 16283
15303 8043 -14283 -466 2294 -5779 -3896 7919 -13189 -12864 -10636 -10173 -1342 -6038 -1738 -4613 15584 8317
15589 10593 6277 65 -3897 4734 -11218 -10099 -2723 -12648 -5224 13170 -2946 -14347 10360 -9692 -8276 742
13168 -3566 10401 -15351 12605 -2734 -6099 -5178 -16336 2628 -6339 11034 -5668 -393 15931 -2658 -8939 -5945
-354 -11072 1047 14024 6841 78 -13561 10599 -40 -8129 10904 1231 5770 -9303 -13553 -2165 7488 6419
-11414 -791 4375 5107 14554 16037 6386 11119 8826 14790 9933 3687 13627 10948 -15538 10422 -9185 1260
14235 -2635 -8024 -1785 2419 -9216 -6256 -12490 -647 -2435 9656 6174 5067 -4455 -7833 -1715 13019 -13355
5035 6355 -2944 -9087 15907 -5067 -14013 7110 -14109 -4478 -6658 14571 -852 450 12204 9170 -4765 -105
6522 -15677 -5947 15646 10526 13672 15702 1558 5482 -14047 -4708 -11450 13089 624 9098 -16359 9226 -8234
-1984 906 -957 14787 -7182 -4025 -11817 -7192 -5595 -16367 -5486 -3152 -10719 11873 -1004 -12275 7073 9809
12835 -4488 12240 1978 -4280 -7885 -4493 -14436 -1134 6864 -8351 -4165 5563 2807 -4040 -15985 6775 -1946
-2479 91 13824 15409 3315 9887 -11274 -15788 9159 2733 -16024 -3224 -11890 13976 13617 -5201 16142 -2221
12935 9046 15954 -6378 -1581 -5124 -7660 -2301 -1092 -6290 10609 15369 646 -9291 5096 776 1442 2129
12670 -4040 -9345 -7992 833 11715 15774 -12197 16368 -4678 -11538 -5352 -12038 -15577 13397 12308 7075 5757
8077 -16134 -5490 14648 -13261 12991 2903 -9021 5914 -9287 -2912 -3946 -2074 -15663 2095 11167 -2859 5138
-14987 -15124 2271 15982 51 8061 12289 7865 -4232 -4737 3543 -9226 10446 3737 -7574 -10028 -9291 11684
-16055 -8585 -7855 -7804 16089 -7045 -2977 -10934 2032 6709 9581 15265 6048 5436 -8373 4461 -173 -14038
4028 -3155 -2794 11420 -14222 3233 7221 12160 -5062 -9165 15375 -6511 15474 -8305 -9948 4121 -9532 -9197
-7060 -10750 4878 -11921 -2835 -3831 415 -10492 16266 4430 -5717 -5999 -16095 12310 -12299 -6641 -12591 11977
11728 -13607 152 -6337 -12210 -8176 10790 4408 14254 -4546 -10769 8496 2842 12856 -2438 1109 -2922 6474
-15871 -8749 -1744 2190 -5062 10575 8571 13213 12913 -6469 1603 -14741 -4644 13127 5498 -6548 8232 -3146
9074 -12549 11863 -3115 7248 3322 15823 8004 -5699 7613 -6228 14207 -7970 -2778 13909 11033 -13179 12042
8534 -3512 -6232 -4131 -1171 5279 -9197 14474 1757 15390 6489 12706 9228 -1680 6161 12729 -12725 7530
-8896 781 -9489 -13347 -11758 11369 11944 11142 -15411 -16054 -8941 -10391 8198 -704 -6519 -2752 -16106 11925
2106 5452 -8504 13364 -11648 16215 -2219 4804 -1682 -12043 -15215 -6890 5030 4357 4453 11198 15220 7296
897 -16379 -14822 4210 11596 -4610 1376 5444 -994 -1546 -14471 12093 -10578 5392 2306 -1974 -51 1329
3433 9977 4434 1051 -11917 1738 9049 6614 3092 -14933 -3158 -2474 12681 15032 8564 3669 11429 2636
-11963 -119 -15768 -13512 -13006 -12 -11313 4428 -2728 -9067 -3602 287 5255 -13494 -1981 -12019 -4802 5101
8516 -9348 4818 -11067 -14020 9827 -7436 -6630 -11435 1037 13138 8485 -6922 12571 1947 3635 -5297 5064
-7253 15874 7985 113 3579 -11668 -1244 10069 -10653 -1468 -10316 3993 13564 -7036 8714 -15472 -10906 -4441
-7995 4663 -7636 4691 -1281 2566 9347 -10691 -2639 4327 -13252 -14777 6974 15744 -3087 14058 -16054 -10825
13697 -10276 8395 5747 -7484 -9750 -2972 10406 13943 11301 -12050 -6259 4473 5190 -5033 -9168 6202 9803
-14673 4652 -15248 -8349 -5760 10680 16139 -6134 12638 -13594 5739 -16012 -10816 -8669 9425 -7634 8974 11777
15124 1537 6907 -10689 -7273 13595 -4330 9212 -11914 -14741 2458 -13486 -12281 -7862 6285 5637 -14720 -15776
-12533 -4200 9203 -14396 -12072 -3454 -14459 2148 -964 -9538 14548 -1366 1555 392 -15171 -4523 7202 -14745
-11710 -8787 425 2406 963 -9764 -9672 6823 -1927 5781 5827 -15588 -15846 -9989 14584 -13684 -7460 -12865
-7983 7900 -6238 2695 -10139 144 -3471 16022 4611 -10095 -14044 -10581 -13182 6952 15456 6177 -11822 -9132
-1333 -2206 982 -1734 9336 11638 11127 -1289 12967 -12035 15858 5789 1963 -2495 3186 -4483 15148 6818
4579 -1885 -2417 -8385 -11514 11935 -2638 -10548 1215 -5492 -36 -5437 -4936 5450 -4877 7107 12319 2573
2799 8502 1234 -11491 -2160 11310 -1888 9172 -15796 -11885 -15643 13291 -5492 -8321 -11168 -8195 3607 8679
6466 13119 -9265 -9601 8581 16023 7834 -4136 9088 -7980 -2908 6091 3257 -7122 1731 283 5371 5399
-11204 -16298 1960 13880 -6491 1020 14159 -2638 552 -11292 -12414 -14427 9713 -8229 -1822 -13832 -3869 8588
891 5461 16005 -10839 2903 8054 4165 4159 -13490 4769 5854 -3985 4634 15983 -4078 14140 3508 1489
-4963 -14906 -7972 -4523 -3478 -14694 14065 13476 -12537 1631 -13812 2639 3669 16318 3912 -7987 10629 -8578
-669 -6723 8768 -535 8578 5231 -8665 9846 -2470 170 -10628 3754 12652 16040 -4067 -7368 -1360 3166
4024 -9624 -15785 8196 15932 5821 10472 16336 -3696 7386 11669 1797 -12927 -8034 5833 -979 -3842 11662
-14078 -9054 9093 -4482 -33 -16045 -2336 6246 7543 196 12557 15512 1012 -3496 4732 1558 11609 -2357
-13186 9790 -2656 -5630 15353 -2903 -13558 -7673 15455 -14766 14517 -8368 9954 16377 -141 -11712 -11805 10185
12497 6638 9383 -1478 127 -8146 4949 -14798 16337 -2362 5916 5230 14241 6656 -2383 -8663 -11174 15467
-3334 -10509 -10162 16345 11275 3553 2126 16299 -11687 10736 1659 -12208 -2011 -14940 -12452 -10232 5946 11755
3369 -6931 7902 2122 13679 9266 7682 9271 9431 -8530 -8770 -1083 11581 7828 -7 10110 -13815 -7545
-2452 -13930 -4420 458 -6711 13373 9159 9691 -14026 -12460 -6747 -731 -5631 324 -1504 2824 -113 7979
12278 14629 2965 10297 15522 3546 -14708 -12197 11380 11270 12383 7701 6371 19 6502 8116 6437 15924
14232 -1113 8444 5610 7164 -8158 -15916 16077 7265 5644 521 -15734 1359 15131 16013 10279 10301 -6339
-13652 -7025 6660 -16077 -15834 13385 13716 -14720 -15993 -15733 14054 -13687 -1868 -16016 562 -3851 -13372 -10362
-5278 10069 -2543 1675 4549 -7669 -7281 -4231 9224 8292 13404 6079 8290 -1016 7833 5073 -6896 -14444
8825 15075 9473 132 -15207 -14349 5330 6231 -15729 3077 -7171 -10000 -2620 5555 -10675 -6089 -10106 -3611
4500 12039 -7848 -5667 -3166 10060 10380 -7562 1132 -10908 3093 -16212 -10091 -3896 -14951 -2209 -2035 -19
9922 8788 7441 -5269 -4130 -11649 -8351 -13217 -2906 -4227 8101 -1522 855 -11677 -14537 6859 -15859 -578
12289 15388 -2490 5841 -14139 13848 -5432 1061 -13955 -8683 -6230 -10941 3103 -13185 -3924 -10312 -8818 14857
15817 -671 -9531 14346 8720 -2071 11860 -14301 -11086 11661 -15851 5918 -12203 -5340 14610 -8420 15534 -2211
-14895 13550 5718 -5305 12461 -15164 2260 -3050 8865 -15868 12027 -7644 2093 3708 11642 10549 8338 -9027
-9298 13824 3394 -11842 -4422 15596 -2667 -5687 -9512 -6632 4795 9363 -8463 -1378 14329 15533 -4500 -2280
11024 -4580 -4796 10081 -7941 4164 -3491 12193 -3366 1802 1047 9860 -8398 -12485 804 9419 -5290 10790
14231 -4600 14623 11408 13374 5792 -6939 13514 1074 -13539 16295 3100 -10578 7326 -1650 14182 7451 -2386
-12142 15110 -12427 8759 6009 -10755 -13623 -1577 10505 -1971 -483 13137 7030 -1883 -9867 -7577 -14305 -12992
13105 6343 -1162 -13302 6045 -14493 -7868 13828 14021 -15130 269 4586 -7032 7554 -8495 6676 -8468 4080
5110 -15973 -12616 -9293 -2941 5308 13885 -15204 5262 -1918 -15751 -4205 -15880 3485 12887 -876 -14760 15000
-14246 502 1331 8493 -1445 -13067 -13705 753 -11346 2919 -8929 -9930 15722 -15662 10806 9260 8457 14496
7172 13649 6448 12208 -3708 -1788 9418 7954 10772 882 4185 -14835 -9871 -6976 2445 -16031 -2078 2143
4373 1489 690 9153 16053 -7195 227 -1999 2969 -1819 -16349 -5125 5865 12584 -8712 16082 6301 16281
-3776 -8844 -2412 11886 -6180 6278 12254 -4805 -4950 -15673 4706 41 -5708 -1437 -4449 13446 -1368 8610
15816 -382 -7287 -13617 -4576 -7119 -8285 6988 -13954 6611 -9020 -5623 10795 13148 -2391 7449 -3589 3887
-14665 2721 -2160 -8665 -9236 -7947 -8704 -4903 -4332 -9730 2716 4635 10047 15838 11534 -6456 627 -1832
3493 10941 13983 -14230 5613 -1239 7888 -15428 -14460 15875 2216 -15555 5416 -6435 -2547 -5237 -11755 -1832
10012 -8300 11148 -5642 104 -8709 -8008 -13417 8544 -12867 11438 -9154 16141 -492 5842 -6507 5887 7578
7522 4528 3719 11442 -4530 1685 -11737 -4314 8772 3837 2372 8458 11796 4437 -3546 -3350 -460 3593
-1509 4383 -3943 513 9716 14979 8400 -11667 -8513 10825 14927 9660 -2387 -9944 -15099 -12814 -1457 -9800
8240 10267 8713 -11234 8055 5402 -2103 -6934 -455 -4182 1263 -7360 7450 9115 7313 -11722 15847 -13724
5602 380 12702 -3877 2799 8515 11459 -5570 -4211 -12967 13818 -11146 5262 -11375 -7467 12700 -5316 14698
-10518 15036 7423 -15120 14631 -12325 -13470 3292 4969 10547 3124 -11260 -12212 11717 -2541 13295 -13506 4881
-12025 -9528 9943 10784 16265 -8075 -8850 -571 -3151 -2297 16354 9760 -15196 -1451 -10558 -2709 14417 8931
-9846 -7695 -10909 -8181 12361 -11942 -11922 7507 13165 10542 -4243 -2268 7640 -14182 8813 8862 -6860 -12435
-14197 3269 -4987 -10651 4634 -2846 -15101 -847 -5846 1573 -3799 -4434 -4825 13455 -8695 -13835 -10531 -7920
1762 662 -10075 2283 -2314 11686 -12583 1122 7573 -11015 -11125 6288 10366 14377 4214 -8046 -10135 7903
-12745 -11798 987 8274 14261 -8156 15429 1036 -15641 953 -14005 8173 10166 10292 -4516 -10382 -3520 -14955
11914 8246 1342 10482 668 12216 8391 12388 13664 13919 -16072 -478 -9663 -13378 -5524 -6425 4630 -4079
13103 8088 4673 -14576 9465 -4565 8695 -4124 -15399 -7742 476 7795 -11608 -10729 -3627 -9755 10118 -14819
-14057 1120 9355 12772 -11132 4119 10420 7101 -4298 1412 3360 -8032 2394 16114 639 -4149 4419 -705
-7479 9642 -3399 14814 -13525 -12801 8335 -9693 4676 4409 -9090 10170 -4455 -11991 12587 12921 -7874 14550
-11635 -166 14549 941 -10128 10430 -16192 16349 1872 -11264 -3953 4098 7028 8226 12217 12289 -13770 -3608
403 -16077 -4709 -16118 11646 8645 3626 -13631 14172 -11425 16130 -12917 15431 13571 38 12843 1922 5176
6933 -14861 -3152 -9879 11680 -5568 -5053 -11384 -10500 -8893 9013 -6409 15125 5 -12545 9127 -12250 15789
1214 1665 10885 -2050 699 -5625 15044 7451 -239 -5580 12791 -13672 -12636 16295 79 8617 -1959 -10743
8689 12474 2180 8611 11777 5670 14501 -1965 -9215 -16318 16208 -3676 -3238 -4455 -9109 4662 -9929 -10118
-2660 -14744 12440 7349 -10495 -4050 -16216 -8539 -5087 3138 5447 13418 1314 12933 3563 -13702 -962 -2659
-12625 -8104 -12432 -6690 -14431 674 626 15215 -14754 9809 -8979 -5203 -14874 2364 -10009 11722 -3928 -1056
-10880 12987 2271 -1957 -7710 5201 11042 10941 13429 16294 7991 -12668 8787 -8516 11049 1372 11005 1375
7322 2864 -5043 9555 -933 -5279 4778 3499 8249 6991 6530 -1672 3865 7713 -4106 -3676 -5304 5570
-10800 1564 -10484 -6869 1209 8756 1917 -14367 -1615 72 -1636 701 -3402 160 -614 4595 -2873 -6249
3192 -1969 -4593 -14596 7130 5049 -14246 5814 -7146 6915 -53 -16209 -13177 10467 4560 9195 -3543 -1989
-10153 -11527 -923 13721 9530 4491 13355 2563 12801 -10904 4419 -15627 14281 -12669 12766 15265 -15489 14947
-3982 -5245 6737 1743 3011 15886 -15769 1956 5445 6086 973 -15354 6561 11380 -2635 7863 14229 2741
-5156 -8756 6402 181 -10167 -10881 576 15930 -2756 14941 -5194 -10267 -13467 -8530 -9817 4019 -6059 -8438
-6579 1737 -9933 589 12843 15473 15791 -12108 11935 -414 1851 9788 -2375 11836 14458 -15277 10823 91
14577 9899 -198 6093 4358 8048 -731 9116 8743 -352 5920 -7853 12105 -14161 6104 10428 -13931 -16270
5089 -6929 -2723 -14274 -10677 7815 6996 -8625 -1163 -1224 6654 14438 11811 -10625 2918 -15688 15062 -10313
4880 1539 -4779 10579 -14288 14594 -4983 13674 4119 260 2190 2928 -778 9687 12046 -11450 1214 15595
-1590 -3727 9317 4020 2929 -16210 -15534 -16047 11966 1189 -5361 -2197 -5185 -1539 10051 2654 1901 10128
8676 157 8581 -11007 -12375 -9899 -7016 -13715 -16193 -5559 -932 15740 -5699 -11003 -14778 4004 -1831 -10440
-4007 -15961 2906 -1447 -1472 -16295 -10414 -6516 -13157 -4440 7557 -9015 -9577 4316 -2129 7226 448 -737
-10524 14053 7195 13624 -14762 6540 -1936 -12898 -14786 -13613 11493 -14934 -11500 9631 -2094 13610 -4862 4805
8911 -3296 13207 1508 7185 6592 -5695 -15988 14839 3006 -2570 9887 -8991 -8500 12976 4865 -7358 -12450
8996 4971 9204 8623 -8148 -4964 -7469 5129 -11903 16308 -3196 -14781 1838 -12830 -362 14979 -14519 7995
7372 -11442 9179 4333 15545 -3393 11553 3733 1678 7952 5111 -1297 12849 -12189 -12142 2989 911 -13380
8557 7336 -7884 12108 -2426 15933 14615 5109 7369 754 10170 -6132 15820 -12198 5490 -6310 1982 14135
15876 -11163 4506 5860 -10637 -10507 -12383 4085 -15083 9167 11270 2585 8170 -11831 6123 -11966 -6862 -7
10380 3588 8756 12620 5306 7489 -922 320 9868 2822 -12115 5609 -2734 13488 -8960 -3270 -1079 -10667
10291 4991 -8555 1886 7186 -5842 -2325 -5511 1453 11742 -2674 5294 -4107 8855 12796 -4144 3203 9549
-1558 7190 7871 16296 -2833 5385 7458 4871 -3971 7586 -812 -14907 10260 14253 -9349 -10822 -8774 10865
-1197 -3068 -10586 -9069 -14975 -12794 4155 1334 -14684 -6223 -16066 -1944 -9811 -5373 -1216 4793 -2831 4301
91 2092 -12932 1722 8487 6739 -15192 -2418 14052 -1609 -11281 4779 3576 -10633 -5378 -13350 -11104 -7120
-3062 5190 -7714 -10973 -3481 -11315 -5960 4244 -4265 -3724 -5213 10353 10527 5687 1084 -11722 14432 3339
-11461 -6387 8100 -7138 11425 12088 -1735 13148 -11205 -843 14138 11320 -8640 -9960 10739 -10583 2139 -13637
-16280 8050 7890 -2786 14121 7079 -15876 6279 10612 9580 8183 13549 14456 13824 -2402 -11242 15602 8443
-3659 16124 14079 5332 14693 8820 -4045 1190 -15120 -6382 996 -8395 -14946 -16313 -15924 14122 15862 14028
7887 -16217 6451 12867 10264 -14345 -10505 -14819 11372 1444 7992 -14921 4024 -3152 -11644 -7224 -787 2076
-5533 -7937 -5619 -1874 15895 3559 8836 -5134 -116 9230 -13378 15229 1163 14951 6125 11128 12336 -10002
6963 15197 4255 -4213 -2332 -3075 1267 13367 -12512 -10557 -135 11364 16039 -11716 14362 -6757 15601 -8234
-7394 8543 10877 12007 -16369 -1957 -2204 241 5369 14519 6190 6950 -5667 973 15596 -3800 6236 -4353
-377 -4845 951 11231 -2481 -1860 3322 -1126 -3112 11321 6004 -3695 -15094 -14938 12650 -14013 -15243 -12769
13580 -11406 8677 4112 -2647 16004 6455 -15689 -13025 15915 2924 3806 7572 -10685 11773 -12050 7018 -13063
-15250 15394 -3215 2096 6180 -15584 8535 -9688 8827 -5722 2662 343 7444 -7264 12398 -8291 -5011 9570
4352 11414 6323 -14028 1245 10062 -14116 -4598 13230 2844 -3088 -3178 -4105 -13367 15526 14208 3908 -8976
11064 14324 4781 2216 14704 16221 13177 6504 -6909 -654 10269 -9436 15392 12654 13674 14260 6216 -13917
-8188 -3456 -1183 7217 -11755 -14506 -15611 7443 -14014 -3943 9759 13660 8413 -10080 12472 8128 -13218 -1444
12815 -4521 -10739 13627 -12054 7580 13824 6222 14888 -10051 5452 -5975 7582 -11506 -11912 -6393 -4828 -9506
-11218 6325 4581 2414 4917 6063 3072 13374 -13148 11784 12367 907 -11440 -16247 -1918 -11752 -122 -13157
6511 14889 6142 -667 -11347 -3115 -14576 7224 12894 -6020 -4062 -8148 11341 8085 -1694 -7932 -9413 -5969
-8774 12631 15730 -6481 6910 -7182 13731 -8097 -12180 119 15597 -1495 8526 11083 -1219 15647 12289 1199
14806 3903 -15075 813 -7119 245 -2326 -13001 2822 5090 -6887 -10742 7594 -8483 -9035 -15913 -12898 13109
-1961 -10972 -12195 10048 4249 -3215 -3203 10770 4301 -3817 14073 1158 1008 15477 -7731 -5243 -4645 8782
-15172 1922 -15176 12654 8053 5450 7866 397 -9249 1022 -6127 -7818 5032 13402 13587 12391 5155 15674
1217 -6469 -11177 -9891 1900 4549 4430 -7577 15794 -14592 1206 -724 944 -11674 -5719 -9429 -9100 9244
-15420 13655 4527 -16039 7294 -7136 -1099 15484 10939 14502 1437 -1916 6304 -1196 -15924 15262 -9309 13198
8850 -10977 -11549 7368 11057 -9578 8125 -4931 11528 -16327 -4961 -12554 -6906 -12151 5655 14737 3424 -14541
-5582 -187 14216 4915 -3583 -15711 605 1087 -1669 11923 159 -6299 -13942 6193 -7257 -10516 -14241 -4684
15956 -16000 -3062 5824 -2998 -4974 -5305 10732 10581 -2565 -1893 7039 -15052 6370 -11360 -13960 -8331 14817
3228 2256 10169 -410 -10662 6146 7717 -3243 8754 6860 12306 1778 -15766 816 3331 -9723 1729 3007
-14373 11318 1864 10006 6220 -6213 4468 2217 -12142 4146 -5262 10943 -9375 6352 -7749 -2625 -10725 -6724
-11544 -4950 6982 -842 11717 743 -11970 10492 5548 -185 -11993 5741 8461 4159 -1498 10223 -6580 -2691
-15151 3343 -13619 -7528 10979 -9495 -14256 -218 14132 11334 7296 10227 -11798 3339 5833 -10864 7400 13521
-1939 -13301 -2928 -11055 6863 -2050 -5977 -765 -12265 7370 -15982 -9081 12791 14372 -6709 -7868 -11573 16082
13199 -1330 1248 5807 8920 1164 11286 -3593 -15475 6939 -12885 -4163 -5131 -7953 -11698 9662 11120 -2503
11897 -2210 -10902 10251 -6907 -8728 14470 6849 6134 1560 -10716 -3171 7064 -6430 11775 -14934 16333 13671
-3531 -14869 -15450 -9648 14189 2739 10032 -13254 -2732 -9642 -12399 -3189 -5303 -13061 12626 -1168 15704 -14895
-2816 13343 -8851 1898 -13842 -5535 5313 -6300 -9380 -10163 -15974 -6843 7101 4949 7473 10407 -9642 7047
7666 10909 -10492 -4082 -13844 3662 -14241 -13064 3455 -4896 2051 -2501 -5540 6297 -9937 13304 4780 6983
-632 -7165 -15217 -3104 3134 -15203 -1592 -10394 16217 -9087 16309 -1778 11085 9253 -13434 7584 5324 -11199
7846 -479 -10016 -627 -12418 15791 6964 -12857 -13732 -2386 11961 9724 7852 8993 -5013 -6647 11377 -7077
-5017 4440 -14863 -4649 -10934 12528 6569 5986 13750 5809 -1906 -9596 7219 -6692 -13204 16149 -7877 1233
-11604 -1229 -10355 -9187 -4289 -13738 -10550 1715 11221 16319 -11201 -10374 14161 6170 -513 -10231 -1668 -12706
3124 9389 3830 -2064 15543 -13900 -16013 11279 11487 1509 -12254 -1420 1432 5710 7279 13615 11700 -4284
3822 4569 -2425 1700 -14192 -6676 -2387 4958 -3047 616 1836 -6603 -13357 -3388 5827 16320 10114 8956
-14470 -14411 9883 12556 2681 2406 -13645 -4732 11808 6540 5682 -12431 4692 -14012 849 -8318 -2280 2647
-6332 -8596 6491 -5953 5549 10892 4632 15717 -10147 10447 11165 -463 3895 13521 8484 -12483 3186 -9149
-855 14695 261 -5746 1787 10770 3421 443 -492 8229 -13742 -9835 1444 10836 -8616 -14839 1525 6817
-3335 11214 -4883 4898 7809 4683 1386 -12282 5628 -8778 -10016 -11566 15198 -2951 -12522 -11537 -9213 -11302
80 5992 13142 -10278 -4710 7664 1493 14940 4951 13092 -6090 3466 2591 -8175 1761 13686 10701 -12043
425 9469 -7467 6471 12216 -7693 -15917 -1794 -8248 5240 -11927 1798 -5998 9646 -12727 -6888 7559 12690
-7792 -8019 -1083 -12256 -10921 9550 9027 -1606 -2172 -7150 -4015 2763 7909 5218 -14019 10927 1665 12799
-2986 6606 -3289 7239 2581 11016 -10423 -1355 -10341 -5033 -5876 -13657 -15017 -15698 -8546 -1437 5640 -729
-15158 13658 4587 9053 9161 -14928 -3538 790 -6563 12020 8354 -16088 14105 -6602 8122 -3693 -14332 -13512
11953 -1294 14429 -14589 -506 -14056 3264 13213 2093 4852 -4757 -3814 -7543 14265 7897 -13359 6804 -2242
-5990 6127 -3231 2463 -8613 9778 5956 -9681 16197 -2576 4559 -5754 -8303 -14249 9729 6906 -12207 -1800
-11077 -3781 14735 16261 10099 -466 6815 16089 4908 2592 -6994 1337 1957 13858 9113 -7716 -302 7598
10502 13221 8328 15243 -4690 5431 -12675 5617 7414 2603 11374 -2578 -310 4507 -1885 11782 13217 -15899
-14191 13345 -2332 -11861 -547 4770 -9360 12829 1928 -2859 13940 7802 -15510 -11636 11400 -15147 5079 -247
5368 -5099 -598 7964 10076 15167 -7582 -13678 10095 1527 10915 -9018 798 -15802 -2835 14488 5855 2965
7296 904 3140 -10493 11428 7195 1744 15572 5134 -12417 4873 -1208 11418 4715 3022 5775 -5313 -16048
-5652 14872 -13247 11181 12779 16146 -12377 -4418 -3025 -978 6639 -7333 4923 -15710 3328 8987 -15273 11378
-4766 -5952 -425 8178 -6230 -12337 -13646 11399 2615 14205 11481 9390 1827 -13101 5067 6464 -11659 10
2532 6645 -3947 -5831 5879 -8409 2305 -8145 2206 -16168 4420 -13407 5325 7924 9255 -5240 2733 7899
-9948 8900 1447 -7652 12312 1030 -10561 6779 -6846 9709 6179 7999 -16025 624 7939 -6233 14931 -6787
16292 3767 -2165 11997 6064 -15298 3893 -5277 -11566 -12526 3934 2364 7549 1175 10082 11176 14868 -9844
1443 -7729 -5079 -4097 15742 -15127 11803 -14692 -13954 -15961 -6927 -4816 -562 4305 1627 -7574 -269 9008
-6885 -289 4281 1192 6024 4431 -11921 -1369 11376 4143 13648 -7741 8735 1120 -10685 3740 -11330 4414
-5180 13834 -12066 15838 -223 8310 -11437 -7272 12264 11393 -14523 -6717 7329 -6931 6532 5823 -15430 11705
-16354 -4550 -3903 -13170 12588 -2901 2516 -12198 15345 2081 -11939 7225 -2010 -8636 -4102 6557 16270 -6256
-9542 -10841 -6701 -2072 -5745 3539 8841 -10163 12799 -4131 -7786 9706 -1505 4318 -4681 8788 -10309 -8262
10585 -9967 -12330 5814 -13902 15958 2648 -3985 -14326 11029 -4601 9191 -678 -9672 14511 -5120 7191 -13529
-6233 7694 -944 11663 1141 5063 -4617 14950 10702 -5024 1404 7722 -11066 -5901 5792 -10133 -10690 -6109
-11895 13448 -1887 -15102 13841 16317 11732 7473 -11931 -8098 -9877 -15798 -1589 -3491 2840 -9604 -830 3346
15721 -2955 -3248 -10692 -4940 4740 12438 1602 6730 -3840 -342 447 4083 3043 7582 11326 -2148 10170
14564 -10173 6985 -7741 -14632 -1910 -7853 2892 1682 -2413 -10035 -11165 4100 -11682 -5563 2476 10823 -4237
180 -5738 -9171 13092 16047 -11094 -5348 -10216 5087 -8894 15386 6912 -14670 -1436 -13524 9388 -14768 -7707
11483 -10939 -10032 -12848 -12775 -11056 -1622 12555 -6588 3320 -912 7991 -12409 -4078 -14407 -5158 14696 12633
15454 -15175 -5729 -11653 7401 -13433 -219 10838 2378 -3389 -5234 -14076 -7474 8669 5784 -8939 11337 -7011
-8188 -484 15001 10685 -3163 108 -13999 -11042 9141 13859 -14422 10137 15728 -16023 -3650 -14859 3036 -9230
2553 -9735 -793 14281 -14641 6817 7347 -8879 -14165 14838 -9418 10884 11304 -390 -12291 -10369 3204 3009
-4016 9279 2641 7782 -5251 5037 10862 16157 8556 -10278 8502 12580 -6277 -11388 -8712 8161 3973 -11039
-5466 -12345 -6843 -4708 -3119 -10632 5594 3097 3284 7727 13739 14849 1104 14432 -10130 9212 -8998 -15462
-4221 -12614 15855 -5970 -7546 7477 -3792 13074 5667 3129 16331 -14200 -10963 -14555 -15303 -15366 -12310 -1557
1062 14248 9649 1117 -6474 6790 11447 -3412 -9497 9439 -5081 -8407 -15792 -8128 -911 8526 -3051 -4462
-15901 -4605 -5101 -13179 13693 -13030 -1442 4915 12289 2075 1773 -763 -5301 -2488 15764 12752 11743 -13864
13875 7749 -11062 -15738 -4817 -9590 12193 -5810 8221 -7135 -7442 14709 -7482 12048 -15186 -9524 70 -11708
-6351 -11985 -874 -11475 -14803 -15024 -13778 -11089 -13809 -13638 2050 11577 5519 -14576 -9288 10294 -11895 -8554
15376 -2394 -5368 2546 16298 4868 -2141 14645 -15381 7283 13323 10261 51 -4840 -12058 -14466 -9891 -4163
470 -8119 2401 -1857 734 -11446 -4263 9769 2023 6798 7079 2847 -13666 -4122 -5002 10874 10879 15520
-12705 1203 4918 13974 -2708 15619 7462 -12693 8769 6599 7236 -11503 -14439 -7126 4391 -4467 9199 -5378
12385 -8194 9086 11497 -3056 5851 7789 -4662 -5200 4989 -14524 15185 15922 12510 -8798 9460 4690 15264
-1743 11013 -11993 -1454 216 10525 -2315 2798 8755 16316 -6585 14757 -8894 307 -3775 13535 -1954 -6718
3376 -15745 -3984 -13571 -7064 -9628 14692 626 14920 -13771 -7460 13201 -10849 -14755 -2782 5316 -6860 3155
6752 16351 4766 -1504 -6124 9661 14172 16155 -9026 -6872 -6109 2551 -6692 2296 -13709 -10239 535 -3712
-6034 -13918 -11329 -4826 -2327 8234 14196 -15279 -15934 -14126 13095 15495 12915 6391 -11966 -10537 9449 8108
15394 -12939 -367 12404 11725 5283 15280 2891 2017 -7463 -6403 -14871 10188 1052 12136 -9664 -13508 -845
4154 -438 6356 16122 16228 10503 8488 -1898 -10734 -5946 -5148 15050 -6273 -4451 -6841 552 -1524 -3269
16344 -7826 5778 -10009 7768 -11352 -7688 11966 6645 -1638 -2815 -1724 -1853 -14751 -6552 -7143 10340 -8360
15150 -16120 -12018 13111 12595 -1978 5295 3203 6148 -12808 -12694 8995 11252 8436 -6585 -3761 10095 1741
3366 -12369 -373 -5876 -2819 7359 -1825 1975 -9925 -3206 7575 1312 -5237 13614 9672 -8487 -1856 -5450
-5885 -2047 -9716 -16183 -2011 6341 1650 9131 -9611 1835 -10113 15886 8431 7434 -9162 -8394 -15393 -170
14664 3158 -341 -9565 3469 -16060 7665 -14104 -13392 9288 -3110 -15229 -3546 12631 -6490 -13186 11872 8290
-12921 7695 -16310 2825 4019 10086 12778 5493 14779 6051 14187 7812 -741 12327 -13502 15142 -12788 15117
-9565 263 5022 -13576 5692 -7057 7690 10254 15142 11621 -10427 3652 -6120 -14309 -7726 8413 -11561 -2938
6616 14125 -3598 6475 11387 -6492 -4429 15842 14695 -4601 -3248 -4105 12970 -6656 10593 6156 -4409 -9511
-872 358 8451 13187 -2643 6438 11273 2526 -15977 10422 685 -10186 14593 3942 2828 8200 -1028 16215
14294 -4592 -2574 409 -13330 -8323 -8741 -14959 -976 3200 1714 -99 -7280 -1007 5162 -9479 -660 1257
-6241 -15644 6682 16338 -9912 1790 452 -4318 4530 7926 14710 -127 6000 -11933 7797 1521 -6895 -15888
-13356 -8431 6986 10938 -446 -11367 9085 -15106 -5595 -6614 -10659 9454 14315 11849 -1308 3300 6815 -6999
12689 -1091 13499 1192 8145 -1412 16191 10012 -4166 -4811 9984 -1455 -2057 -5330 5186 -1204 8199 -7618
4232 -11183 -11093 2424 16043 1195 8340 -6384 -9941 13738 15717 -4750 -5438 -7958 12507 -3145 -2754 11218
-13753 3390 -1393 7269 5180 1173 7198 2869 3725 -613 -15262 -2380 -15238 737 3758 7087 4897 597
-7858 -2275 13372 -733 -4654 5396 -7924 -4397 2983 -12003 8591 12213 8432 -5207 7161 -10616 3468 6370
-1949 -8882 -13192 -4952 11452 3456 16217 -14381 -15094 -2194 -10151 10942 -1076 -1827 5681 4358 14011 5872
1671 14991 15293 12110 -15748 1481 12820 -15230 6524 16177 -15405 -5729 -8607 2587 -3180 4387 2740 -14673
-1428 -15578 11345 6448 -15842 -340 -11983 -2427 -12401 -13738 -6783 -9743 12665 14401 14325 2084 -14492 -7889
6242 888 -2861 6882 -15221 5494 5306 -4661 5940 4504 -16071 3553 11645 13650 -15485 -9517 -2445 -13996
-16352 11105 -7969 -6134 -3244 -6136 7009 3427 4574 14556 6850 -11301 8678 -13636 -9593 690 -8142 -4191
3010 -11906 1431 7764 9773 1250 183 5453 3961 -14179 -2069 9423 -13083 -5434 10101 -7079 -3317 -9130
-4092 -10436 -14338 6886 10578 -15220 -13416 -6213 3372 -14789 6671 -4097 -12646 -11389 -9012 -13743 12627 -13691
15733 -4735 13690 15664 3921 1171 11145 1380 8910 -15345 -15222 -7079 -2212 9329 -3451 12601 16251 9729
11581 -9451 -5347 458 -4321 -15881 11301 -5146 -397 11090 10574 -13576 -10539 -10845 -11467 2298 -14616 -4270
4013 -7871 5704 -2854 12120 -12363 -14398 14889 -7814 1380 -13375 9033 6660 1596 14087 -12223 7672 -11243
-11867 -16329 10734 -13585 4644 12246 -6413 4728 -9979 14070 8593 -14118 104 -5765 -2252 -13654 5135 -138
-4691 15425 -14968 -14189 10509 14390 -3938 -4428 13248 -14559 -15335 -13352 3284 1184 -7512 -10430 -3946 5537
4119 -4648 3936 -11298 16073 -1591 9909 -11612 4452 15729 12430 8408 9415 -14973 7407 -5058 13890 -14755
-13888 -5648 -1530 -5953 11478 10292 13784 -13918 -7080 11636 -3058 12640 8512 2182 -7500 -14819 8255 13870
13069 15711 9416 -28 3395 -12032 10852 14293 -5033 -1209 -16307 -2513 -2470 15951 -15561 15256 9439 -1356
-5776 7424 -11855 6502 -10965 -9061 -1087 3291 8472 5158 -10142 -4752 6968 -11150 1207 13572 8689 -8673
-5267 -8723 -10401 -10329 12966 -5877 7913 9374 -14793 3891 6427 -15814 -11756 8666 4530 -13042 -16121 -8466
5108 5146 5030 15354 6468 -8951 9095 -4969 1523 15792 9903 10239 -6055 11998 1865 -3583 11811 15445
-7265 -5354 -15377 -2539 -13759 -5167 -11498 1752 1672 -4228 4552 5090 4419 4607 -9889 -13829 -1622 9477
-2323 15284 -9584 8282 -5608 -2829 12253 -3687 1574 -6229 8257 -4348 10588 5610 3877 -3662 -379 7449
2783 -9489 -818 1663 -5335 2270 6616 264 13264 -411 -7663 -6075 4016 -15804 -5317 15539 -2080 14723
-10931 -3775 -9430 279 -12924 12811 -9795 2748 -14415 2155 -5850 292 -7724 52 -2948 14164 9706 12853
-13093 10059 7691 -10234 -492 -15387 -4430 -13055 -9309 8701 -5291 8332 -9758 15577 -9923 7585 1915 -9788
-11113 -5239 15138 -12555 3016 11234 -13946 12727 -15101 14829 -10371 12235 -7658 -4348 7302 6153 -10614 4195
10614 -10681 -15382 -13771 1897 -6532 12386 -9272 -15620 804 2957 -9954 14267 4837 -2679 9641 12252 6515
-948 3158 11309 12210 -15558 6348 -6068 -14564 -14089 5615 -4331 15457 16249 -10838 -11423 -683 10850 9706
-7955 -14842 14221 5869 -9832 14635 1511 -2371 4817 -10298 -12671 9718 1872 7169 9186 10704 12548 15197
15266 8026 16206 -11251 -2507 -3067 -658 2459 6403 1888 -710 -11051 -4414 6697 -9708 2787 -15875 11909
10268 -8264 -6668 15751 -7258 -6228 -15960 -6663 -2840 -9113 4405 -1960 7156 10495 -11933 1054 -10001 357
2424 -13752 9335 2303 -6318 14607 3176 -13168 -7758 -11013 2246 4956 -11046 13079 7410 -13423 -12967 -6010
6431 5599 -2778 4918 4105 13417 -10516 -8204 -11034 -7965 -5211 12704 5523 -12815 9833 -12861 -6884 -10283
-3447 12862 -13736 10317 -10279 -1948 9965 -11846 14665 -5844 2689 9598 -7744 9918 -14807 -13911 -11486 3896
-11232 -11819 2988 15532 -6210 -8371 13710 -14742 14758 3187 -2895 10108 -7101 10084 -14636 -4489 -7058 -41
10718 6767 4720 -13244 -905 -14005 10032 -5558 -13103 6971 8614 -431 2499 -4216 8335 13933 -13789 -8564
1125 13446 7752 5376 -4722 -7240 8180 -2946 -5421 15605 13400 7485 -5101 16113 13420 -15068 -13000 7487
-4215 -4 3433 -5447 15410 -8956 1667 -15586 2869 -597 14531 14333 12531 2455 -314 1240 -9988 9197
15794 -12667 -10273 -14897 -6730 -3631 -12480 8734 -10577 9576 -10197 -2422 -724 -3335 10151 -4664 15252 -13419
-7793 -2273 -3162 15192 3484 14121 -15326 75 -7480 -2598 -12602 2185 -9008 11705 6779 7074 -12265 8310
-6702 13117 -4174 5278 -598 -14590 -1600 8360 -5069 4021 -518 10037 5143 1445 -3444 -5994 3062 7752
2851 -12914 -12780 3361 1607 -12456 4174 3043 -6932 8427 -10157 -4647 -16316 -642 8208 643 12758 -16312
7788 2949 468 10632 2101 -13890 4009 -2866 -8868 -6732 10450 9327 5724 14135 -15888 9821 -14847 12357
-14821 13851 838 -4307 -3975 8203 12190 15343 -7154 -13843 -4775 -2835 -2602 9376 -9634 11963 -8943 -5325
-7394 2905 15837 -11496 -15927 3206 -15861 4532 -574 -6804 13355 -9438 -175 3968 -12054 15917 2967 9901
-15714 418 15559 -12111 -1249 -6453 -13676 13246 -8233 -2766 14053 -16274 -995 13229 13008 -11566 11710 -3427
-12344 -4378 -35 2925 -12019 7213 10237 14690 12650 9370 -9891 -4204 12583 15022 -7548 -12232 53 -13599
-14052 10527 -10071 -957 -10236 6531 7533 9313 -11360 -15102 -11975 12909 -14220 14307 -1601 -10853 10224 -8030
-15578 -7482 10125 -15705 -2119 15707 5658 -14760 8160 -14472 6993 -13741 -8624 7498 5551 -9740 -9088 8128
2690 11549 -9380 4704 -9149 -10952 15420 -12170 15140 15220 5654 -8852 1005 -11175 10996 -11140 260 11384
-11870 -1140 -15923 12929 10152 -688 -975 -7556 8063 3765 11392 13903 16128 896 -6276 -120 8728 5682
4781 3670 5571 -6351 -2308 -13863 -8391 -2270 -7811 7578 864 8343 -14709 -8098 8845 -11022 6937 6167
15465 8320 -10167 16187 -4050 14824 -8905 -4293 3347 8393 8983 5194 1805 3999 -2168 3686 9143 -15128
12573 -7273 -3189 -6267 4676 -6287 -5292 2656 -12729 -1056 12772 4950 -6997 -12508 -2549 2384 -14655 15129
-8000 3500 -1157 10685 -2143 1253 13693 8941 929 12911 3960 -6287 -12288 -13341 -7498 15670 -10889 -14500
-5137 -12062 9653 -5856 12897 -12154 11023 -11133 -6873 9132 4211 9224 8897 -7009 -6753 -13110 -8459 -288
-11376 -12005 -9512 5880 -2756 1641 -7381 8058 10371 -3478 -14102 16193 -5276 880 -14302 -4873 6508 10269
-12028 -7208 7540 2621 -6345 -10820 -5235 -3856 2930 -431 -10445 3591 -7348 -1111 6600 15025 4938 4084
7493 -6312 -189 12431 -8404 -15675 -6942 1598 -70 -9078 1158 -15689 -11934 -14688 -13229 -4257 -899 -1456
14722 6487 2877 1103 -7171 -325 -3612 15406 -6104 8480 -6348 2801 8960 -7831 8486 1279 -2964 2228
-13856 -9413 -1081 -7498 -16160 -6288 708 -13014 -899 -10255 2681 -8030 8079 15999 11953 5768 5998 1646
-11385 4193 -10725 5637 -11981 -7087 -838 7972 4641 4828 2630 -7382 -10420 2547 -7544 -4587 5824 -9937
-16064 3306 10372 -1192 -4697 855 13726 -9942 -15849 -15209 7532 -5801 -9208 13206 -15046 4559 2109 11861
1553 11839 16192 -5999 11476 -8231 -14834 -9824 -16245 2643 -14580 -15972 758 8754 -2239 2497 -8337 12361
7109 1051 15338 11900 887 -12706 -8101 8650 -14095 -9202 -6082 5515 -3913 -5145 -3472 -9226 14257 -4992
834 14309 9699 5160 -13102 -11298 14675 12308 -11886 10824 15690 -4417 5417 -15609 8642 10629 -12411 -5595
-6371 -3686 -10715 -15380 -3566 -7140 12217 -7650 -9236 2432 1522 15995 4853 -15304 -5740 16010 -8399 4747
7368 9367 8007 10186 -10311 4601 -11834 8359 15198 -361 16006 -10530 -6507 -13910 -11156 6165 -7822 -14397
3922 -15349 -11562 -3569 -1465 5611 13378 6872 8690 7425 -2065 -13487 2908 10385 -10985 11915 720 11012
11924 11724 -10470 -10170 -14411 8706 -11015 875 15172 16017 5838 -103 -5909 6485 -867 2080 -13124 -3099
-8146 -3089 -2807 10772 -9837 14372 2683 -5697 10191 -509 7779 6081 4564 -12278 13133 1609 -11344 8800
13268 -8110 -5120 14966 -13381 -4505 -8787 14825 -10440 6318 14805 -12120 -9071 -13781 1546 -9644 -15379 6456
-11587 -5397 -16027 -9891 5617 3750 9561 -1472 7740 -16093 1802 -10247 12781 -8255 -666 -8052 11909 6984
-9697 12975 15469 11473 6911 6613 -5400 -11802 1407 2917 -14267 -11295 8341 2379 -13735 7833 206 3506
6955 10820 6814 -7152 7665 15511 3827 4962 -16323 -15059 9744 15801 -5262 -9944 -4966 6389 10872 4632
9962 -6959 -10311 -11228 3757 543 -6332 16222 3756 3925 8525 -12165 -3868 11849 -7964 -2905 13018 -10438
10970 5296 -3021 -8945 12549 -9362 13181 1761 5547 15196 -12972 -7488 823 -2169 -3677 13737 -5069 13224
837 11487 1903 -12395 5592 13407 -9082 4565 -564 5800 -2941 -6765 9910 -13884 734 12213 9196 3460
6830 -180 12115 16142 -15333 7470 2675 1429 1553 16098 -2611 15464 14396 -8001 12909 15918 12592 2892
-15933 -2704 9447 2034 -10321 -10664 -14478 -14126 13017 9655 2023 2029 -12467 12621 -2142 -7793 10043 -8890
12712 -4632 -2526 11007 -10641 7670 12819 7443 -4162 -8276 12109 7315 -12049 -12979 8722 -15471 -14500 -5095
-3404 12511 12055 15915 6125 -14051 16348 11169 -5256 2288 9796 1790 11484 -13167 15676 12494 9863 12422
-1097 7816 10524 -4171 -5472 -14151 -12016 -7529 14097 -15266 -13712 967 13513 2960 1794 7623 -6948 14695
6807 1531 -11099 15641 12696 2293 -5886 -14236 -10784 -5129 -5697 -725 -2613 10161 -7853 7777 -7789 -16301
9417 -14290 13016 -8512 6145 -3256 -11646 3870 537 -14428 4292 -14184 1575 591 897 8795 5161 -3426
7893 -9754 -6592 -11643 15339 3712 -8680 -443 533 -10742 -10583 -12470 -6628 3830 15907 7762 13267 5015
3110 12498 -10766 12956 -6092 5526 -12254 4312 5218 13481 8019 -10171 -4013 5749 -2985 -10168 10341 9770
-854 -1227 -6866 -3227
