148 -639 -335 -918 -1040 1442 186 -1052 -510 -1518 -250 -1118 1713 233 -568 867 -1639 1750
-1882 830 1395 -1363 -1551 -31 -1714 3 -823 -468 -1089 -1183 681 1161 227 608 -795 144
882 627 628 1901 -643 -1895 711 -103 1365 -861 -533 -1459 -1240 -1395 670 -1204 -1114 -952
-1326 1384 1138 -350 1801 -1447 -346 934 297 1104 -1029 -749 1835 2022 -1233 322 1595 1208
-4 1339 1722 868 834 -470 428 1856 2014 1265 14 603 -1895 -440 -883 587 -1076 458
-1999 1085 300 689 -1435 1741 1594 1138 -785 -1998 1492 -514 -951 1817 -128 1529 -792 1258
-1334 -1396 -536 -76 862 -219 -1634 627 573 728 -870 544 153 -1603 901 1534 -1817 -1074
-1931 436 642 990 21 -73 -875 272 -171 614 1160 1358 -1576 -1392 -837 852 498 -1636
-55 1729 -1416 -489 1284 -1879 754 250 670 -1228 -301 576 483 -312 -14 -1220 566 -1227
1290 1337 -223 -150 1175 -1292 1560 567 1171 824 104 1682 1960 -1170 -579 -538 66 75
992 -1307 527 -1167 26 -146 607 1065 -330 2028 -10 -1514 1332 -305 694 -2046 936 -1419
-1075 1430 -1616 49 1700 1611 930 -301 864 -994 -930 -1233 -1239 -872 -1982 313 1769 -362
1485 1062 -1801 -161 -1939 9 536 1401 -1568 1932 642 -46 1758 30 -213 1955 848 1848
-1004 939 -1350 800 1013 801 -1716 -1607 -556 -258 536 -43 -1797 2047 -261 -1123 -32 3
-358 -915 -1419 1306 -743 713 86 -783 -1037 -1322 875 1776 1402 971 873 958 128 1802
703 -1937 166 -1759 -660 -1019 2006 1890 -1477 1476 1377 -884 1764 -1345 1869 -287 1954 303
-1473 611 -1379 -2014 -873 389 1992 -1582 302 1766 -592 1898 1606 -1378 918 1145 -750 -636
410 177 1644 1296 1826 1655 324 560 77 -844 -229 1460 698 621 -1226 -840 573 681
-1797 1948 1530 1820 1518 1542 -402 -2028 989 -1434 1237 54 1963 -128 1159 647 331 650
1708 -1745 -1693 -949 228 -1143 -1775 -1099 -169 519 -1956 -861 -1374 1615 2000 -762 570 1573
443 -1239 -1105 1949 1942 -144 -171 1307 -2025 -975 733 -114 612 1535 -1455 -641 766 -236
-14 1378 -319 -2002 -1136 -1611 -1900 384 -1612 1366 1608 -463 -1215 -318 278 1225 -517 111
1602 -181 1645 -739 1139 1331 -1083 -440 -1495 538 -504 892 472 843 1854 229 59 -275
-2 935 318 -208 2009 -1402 -2027 1031 -1464 -1721 -256 1509 90 1389 -1229 -1022 2039 687
355 165 229 -580 -119 1545 -1972 -1090 -1998 1580 787 -712 1043 62 -69 -1384 1596 -499
0 -1760 1893 1017 774 -375 1272 1531 87 507 -1993 1057 -947 201 519 -1755 1641 1389
-10 -646 -1515 1878 1738 -1673 570 508 1880 -1807 -1953 -1607 -1553 -1291 -114 -789 1259 -12
951 2013 -1277 263 -518 -1535 1440 697 1606 735 -2047 -563 762 1378 -159 151 -292 2012
-795 867 1531 -165 -611 592 515 -831 -713 1859 1643 -1493 2008 1633 1299 -230 1949 1926
-1076 -1567 577 -171 828 1253 879 570 -63 1568 -1988 1040 -869 -156 -1983 -332 543 -522
238 554 -190 -29 -139 -1832 1794 -601 -547 560 -1452 -365 -52 -394 -298 1664 874 -512
-1270 849 757 -372 -1947 -1877 -1162 -1774 969 130 1312 -1375 -783 -268 481 -1333 -717 -42
-374 -1522 1597 -862 -1239 -1330 303 284 1804 -174 -352 -697 1259 -183 5 -1255 946 -162
-1264 1672 128 -697 -158 -434 -443 -1301 -200 -1030 1925 -1280 879 -1586 1751 -1597 -1148 1250
-1424 1062 482 524 -157 -2024 1332 1045 -1769 60 -246 -1616 329 1484 -1940 444 1358 -1313
1244 -934 -786 1995 1084 1835 -147 -490 1040 -1152 831 -1197 190 -851 -800 -343 -220 -711
-1713 -1211 -227 -1708 -1859 -1431 -145 -757 1497 1909 927 1229 -433 -1915 1074 -325 -1827 -508
-1591 -1233 -601 -1062 -1104 801 -734 1692 599 708 -1491 1854 1581 -266 977 -43 -1184 997
814 984 781 926 -1530 -393 598 703 1650 -1688 2013 -1528 -1965 -307 37 -1238 -827 -1894
357 -153 -929 2043 -200 -398 132 1879 -328 1047 -916 326 -1143 817 -450 -230 1599 -925
1260 -1685 -838 1815 -211 -717 1237 851 16 -25 -1507 702 -552 1312 1738 -122 1879 76
-1849 -136 1179 1248 -1284 -1548 -225 -105 926 -229 1593 -1221 -34 1737 -975 -1167 -656 1499
107 19 -1388 52 856 -1139 -778 1557 -1934 -323 2040 818 750 1262 750 -485 416 581
1969 -416 1643 -190 -1491 -2040 -523 966 321 713 1010 -986 419 -1136 -1885 -1352 785 1728
1002 123 121 465 -1373 -196 -1144 -1373 644 -67 1047 -1247 -1723 -396 -1003 -80 -1197 -1723
-1990 1755 -320 202 1602 215 -300 1956 -1794 -710 -831 587 710 -629 519 497 -269 -1256
-1796 -790 657 1674 2041 -235 1324 -49 953 1239 -1572 -839 1365 -1251 -1711 -770 -1940 1749
1339 487 -523 -371 1446 -1955 -1991 -1924 -1873 -1111 -911 1962 1320 -114 -369 -1388 -1873 -2015
942 1491 404 -534 -79 -672 -702 1233 -1419 1734 -1159 1105 329 1777 -252 1903 246 1529
-952 768 -773 -1161 -448 -1871 102 -539 613 1368 -789 1926 1017 279 1157 -1194 1849 -74
601 -903 -770 1996 -206 703 -195 -195 1577 -337 -266 868 1530 1928 1034 -1112 886 1511
1908 -842 -1621 1371 -1934 -1251 -988 -112 1288 934 2014 -1159 1667 2041 1893 782 -1462 1536
1677 -1531 1955 -1885 -1442 -2024 -1302 -1989 -1630 342 1686 -1703 -1376 -258 710 77 638 845
-1129 2047 -1336 -1284 1783 641 -1637 1689 604 504 262 -369 222 65 521 -1005 -1480 1002
1974 -1605 824 -1816 1803 1537 22 -1128 2021 -1436 -1747 -882 930 374 668 -1114 -534 -359
-163 222 1051 405 45 376 2029 -1818 1781 2021 421 -793 -253 -775 -378 1699 699 -1823
2011 -858 -204 -1430 1849 -1976 -478 -1269 1111 -491 1741 -459 281 -1101 -428 624 66 1481
2015 702 -1205 -1918 -697 -318 995 1277 139 -1997 1434 -415 -308 -998 1072 224 1300 1620
-1267 1366 -97 1497 -1441 -1051 1009 81 1640 21 -396 -1169 1390 273 987 -1392 207 78
-243 1832 1475 340 -1059 635 -1463 -769 1858 1800 684 717 1380 -1955 -944 -1346 1563 1935
-1543 546 -1965 -1247 1639 1552 1238 140 -1661 1483 265 1583 1196 -69 510 1010 711 872
127 313 94 -1270 1655 -349 -1934 1803 1611 518 -1420 -471 1169 -1215 1510 -884 1208 71
40 1135 276 1791 223 -1323 -300 -1179 -1644 689 1622 -1934 1264 310 123 593 558 -624
325 -1955 -1761 1718 114 -680 -1175 454 -1926 -892 -149 -1186 -915 -1557 -1732 -384 -696 1148
-410 -1143 -222 -1931 -1866 417 1741 -1923 1215 1339 90 -982 136 1565 1795 -1493 1749 -148
-253 -810 -1117 1091 -1586 1900 1604 852 1337 -1360 -589 1037 -503 -198 885 1990 1630 1058
449 373 -1891 -1943 -1739 -395 1829 -603 703 703 396 -1405 567 840 -90 -1146 -496 203
-1274 -1904 -1867 -593 1893 -581 29 359 623 -534 -14 1001 -1166 -588 -1300 925 -1156 -758
2001 94 -410 -470 1698 -508 1336 89 -1434 -1814 643 -789 -990 -243 -1765 -764 893 -2007
-580 1713 -1650 -167 1046 1987 570 -1840 1988 -785 226 1539 -1626 -1099 1174 758 548 -612
131 -266 224 803 -767 -1172 -1466 -756 1481 819 -1145 604 480 1278 1412 440 -1644 815
1813 1147 1839 980 1855 534 1751 790 2001 -1472 518 697 233 1121 -1228 -1756 -546 -1321
1576 -1428 -1003 108 376 -530 1089 1710 -611 -1298 -375 885 1601 -327 -1529 -953 -1484 1751
-1971 1522 1661 451 1338 -256 287 164 -1089 863 -2045 -869 8 -24 128 -1528 -101 1043
-992 -920 -58 -1904 -267 1331 -1263 -1778 -985 64 1537 2010 1319 -1996 -1067 -1594 2 1397
-1128 199 357 564 1580 1017 -316 1510 1466 -1205 1320 731 -257 -635 -1744 -1969 1290 1813
-856 908 -25 -2011 -425 660 -351 106 107 710 1344 1877 -1510 -484 -221 1775 215 358
1596 -2025 -570 -490 1996 1653 -1087 516 1771 -1339 666 1999 1417 467 -1031 -1481 1106 -287
1631 -766 508 -82 736 1516 -1414 230 499 -2013 -363 -1718 -1032 -839 1143 -1509 -1573 -1355
-1639 -1186 -1429 -1760 1673 600 -1840 -617 -707 -1824 167 494 542 997 1108 852 -1873 -40
488 1412 999 319 -1215 -905 805 44 -570 1829 -1049 -789 -428 -560 -1802 1143 1480 -437
-125 838 704 -1837 667 -816 -778 2032 1427 1625 -314 1499 1486 -1121 355 -1558 -907 -1116
50 132 144 1133 -60 -2004 -1517 -1044 -767 1524 -449 -840 249 -990 1533 1298 -544 1326
1695 -329 420 -518 -646 -542 707 353 1781 -458 946 -6 392 -1063 377 1594 1292 -159
-1549 -1080 -251 -1277 -459 -463 -948 -108 -608 449 165 1986 -484 -1319 1218 42 -524 -1464
-1254 -1374 992 -202 1085 851 -1608 -1775 782 1571 1607 -1019 -1708 -1317 723 630 -698 1685
190 -496 116 -1792 -1060 711 -1885 986 -536 -385 764 832 -90 1943 573 1343 -979 1315
63 1835 723 -1266 877 1865 -947 -816 158 305 -153 309 -1569 903 -1551 -1632 660 1394
-1457 1873 -1633 -1440 -461 331 454 -1394 762 1317 -1746 -288 -967 1400 -2028 1652 -793 75
1935 1167 1978 9 -1881 -709 813 385 -935 -193 1434 364 1283 479 1561 -1028 448 1238
1647 236 -997 -1753 691 1710 -1868 295 -1258 -254 851 -412 1105 1960 1756 -1094 834 -1633
-1627 -1463 40 343 -323 -95 1551 644 1178 -1092 -1314 482 435 1349 1165 1936 1904 672
-2030 1136 -1000 -452 1621 -756 1048 -852 1013 1152 -1217 781 20 -1539 1617 1075 1753 821
-621 784 1054 1652 -1868 253 699 -348 -864 1584 -768 -1052 961 -1263 -1322 -1239 291 193
520 1892 1786 -124 1332 -333 286 -1710 1505 -496 -1050 1869 1601 -489 2021 117 -230 840
805 24 1619 -931 -2002 -1379 -1354 273 -1144 1802 321 -1005 -2016 -1058 -1855 599 787 1438
-16 665 1893 1479 731 -187 538 109 -1054 -647 -194 1843 -814 -1137 74 -2046 -823 -1622
-888 -496 -223 1737 954 -1114 21 -788 981 -1226 -1139 -332 -1540 -460 -1401 275 -131 -1992
-1100 905 -1237 -791 953 344 1955 -209 -1640 -428 1788 -2000 -1094 -1624 1108 1165 560 -1737
-1067 -394 -1390 2033 -1650 750 511 -1595 1996 -1800 -1573 -130 -692 -1818 -1126 -693 972 -1389
-1972 -460 1952 -1842 -1988 1827 -1900 149 1865 1012 -832 -1380 600 262 -563 1422 632 -1054
272 -83 -1494 -680 799 1565 333 1971 1852 -1898 1087 -1163 825 1984 663 -761 -1987 -779
527 -499 231 425 535 1195 1393 1343 1160 870 -481 1927 -2036 -1032 1193 1685 -1891 -70
-755 1627 703 -2028 1591 141 -554 -1674 -1235 840 -1504 -1200 1282 -759 1764 1946 1619 -928
-698 -916 145 509 1073 515 -1087 -1164 -1526 -14 286 1357 -1943 951 301 -1304 -366 890
1447 658 1805 -198 2013 -896 1252 -1270 -1029 750 -756 1244 -1616 558 -1931 81 713 1754
836 -1269 45 -1814 1460 1035 1466 506 -1249 -1889 1434 1397 933 325 883 -1814 1303 302
4 824 1894 690 -595 267 341 860 1620 1289 453 -1543 835 604 -1485 -1751 -162 2044
1742 -1789 1094 -1214 -1840 -1475 -1298 -1989 -163 -686 4 1623 933 64 1243 1995 1191 -696
-732 580 1810 -725 539 1893 1497 1919 -1112 -1144 2028 905 1994 322 1943 1044 266 -1977
13 220 -961 1516 -618 2042 -442 1568 1255 -1571 540 -1269 -471 -1465 -24 -1537 -2027 -1838
-673 -966 -46 -1149 -2016 480 483 -547 620 -558 208 -257 719 -1873 1512 333 -215 446
-1867 1566 925 -1012 399 2032 -513 -435 1002 -597 -511 1055 1196 -1697 756 1784 -1713 -737
1874 -658 1032 -1971 700 1852 -1605 2044 735 1184 1521 -804 961 -152
