-146 -696 -992 -459 174 -674 -986 459 -664 355 -105 -332 -83 888 765 661 187 -684
-789 655 696 1 -58 725 728 626 -234 963 807 286 409 164 -201 -767 -676 107
748 -993 -240 -861 -323 494 497 -306 126 453 359 125 -979 420 425 -415 961 -109
172 632 388 -53 -875 -555 1004 -506 226 -525 -401 13 -79 -484 -397 1004 41 240
-92 -20 -116 623 -276 -344 -534 -346 -172 -646 1008 -675 -3 -141 758 -263 -368 812
-886 712 -706 -595 701 782 -77 158 -371 -263 -477 -481 -663 -302 452 90 866 670
485 -185 775 -135 -790 675 77 984 -916 668 -70 -238 -61 -711 -238 -956 -979 732
209 -763 -549 36 -97 1016 288 -178 772 929 -243 -131 692 414 -864 -1013 394 676
-21 561 -624 -150 591 -184 -436 -320 808 -559 -370 -725 525 926 772 -478 -1021 -176
724 -176 716 -172 882 509 419 210 -767 756 -373 156 119 -746 912 -906 -826 -284
-210 -274 -956 -191 -243 -1004 -102 417 -911 314 -131 -526 -635 -496 606 -909 715 326
-150 450 1013 -228 -1018 869 858 996 -747 248 853 254 317 603 -826 -443 -648 -239
503 -413 278 -243 -726 57 673 321 -516 918 680 20 -769 896 -543 11 173 -935
961 245 769 12 745 -582 756 -352 134 805 284 -696 1022 490 693 606 -990 -1006
587 99 -231 542 321 -427 611 42 392 -101 -1009 -201 692 459 626 744 434 634
956 4 -408 870 622 981 -397 -209 47 205 80 -792 -999 148 -472 -830 -567 -44
880 1016 636 1002 -820 619 -663 -288 -714 -13 152 452 -33 985 -108 454 489 -859
260 65 843 624 160 499 531 542 -356 -582 -174 922 -551 -273 227 373 -477 966
-148 -1010 933 994 924 -367 239 -180 570 16 -842 556 500 -276 149 -643 617 199
551 218 -120 -669 903 -538 154 -390 -849 314 -458 762 707 373 -439 -40 -324 93
401 -859 120 -379 438 -439 -87 -605 836 -501 -77 475 719 -212 -36 -448 120 341
-771 -835 278 548 -527 -571 65 1015 14 -21 647 -924 -797 938 768 110 -399 946
901 233 819 -554 721 -749 -216 -780 -64 -555 787 29 -783 -39 -168 -221 -1001 -346
901 218 -992 -225 -14 858 393 904 656 616 -1004 -143 -936 -932 283 -611 93 432
-551 -428 516 -103 188 60 868 433 -710 522 312 829 302 -187 -619 -1016 -211 -417
-355 313 -782 608 635 -397 309 -405 -533 -190 42 -694 -404 -670 466 862 -616 990
391 -742 -345 888 479 76 893 113 -976 650 643 -488 -253 745 635 60 673 322
-613 -282 -238 348 295 -916 675 -997 741 596 -902 -763 367 -740 549 -409 239 814
938 574 323 -157 -722 575 -262 792 378 -721 -960 88 -834 968 802 29 656 903
-432 -739 -325 374 400 -201 969 853 -165 -29 -296 347 -874 976 935 -317 -20 501
122 876 -547 -937 -847 -801 -298 704 421 201 140 951 221 -148 -33 986 -286 5
-907 -12 -515 -606 871 521 31 -400 559 -613 799 1015 -237 846 -344 -422 82 93
-256 234 -147 489 1022 607 397 144 -156 -309 660 -920 458 -589 982 -584 397 633
995 675 704 348 148 -503 926 -193 150 -46 -886 -369 -573 761 -255 -124 -653 393
681 -542 27 708 972 674 -656 970 617 931 -449 -272 -714 -81 351 517 -66 283
-805 -39 -275 -711 151 -731 817 725 979 -711 909 -487 662 -364 201 1001 -914 943
-1020 821 429 70 -16 -446 113 -183 -16 592 -344 452 -934 -29 599 774 -233 453
-653 555 -13 -714 -404 -665 963 346 710 -195 -575 79 -772 494 -461 4 717 352
-560 -714 -648 -81 246 -336 203 -844 533 812 674 -818 -410 5 -56 -246 -929 760
-78 -240 -260 -709 -973 760 -718 554 -390 349 196 -48 -369 -34 955 872 -361 -434
-58 92 -229 -278 -331 944 -622 -84 -155 602 628 -730 -440 -858 10 768 -816 -791
-184 636 -256 981 991 794 611 149 -785 -574 -600 -253 852 -364 -1001 551 800 -582
-966 -664 316 861 -801 611 663 -221 -62 -506 -481 -186 -741 725 -332 -67 -180 743
-412 -640 505 -102 43 -431 964 362 376 299 -541 -477 174 -72 229 -117 503 -801
476 257 -113 228 -225 -478 -299 -212 -8 177 -153 -530 -390 56 -643 -980 -333 346
-826 -496 645 -180 -759 -1021 -665 -611 -557 -839 -194 -879 603 -404 426 -426 761 -110
-271 -190 -687 831 -575 -146 142 388 299 -29 -286 -6 -7 409 377 706 669 141
75 581 795 293 730 -558 -509 563 829 -126 -45 447 181 397 -501 -273 763 332
-239 -198 921 52 67 317 -377 -249 -650 854 -186 879 254 87 967 -927 -67 144
596 -681 54 364 949 -802 31 480 -285 -387 -128 -528 -132 -928 -830 -121 -969 243
229 -286 -346 -848 -235 210 362 89 -293 -749 -443 0 -956 747 272 -291 -738 -398
279 122 -357 -872 -545 -189 672 79 181 -825 -18 -251 84 1013 -910 -345 -78 399
-769 909 -667 773 420 104 -825 15 491 -375 -484 -201 56 189 -259 405 -112 -249
71 -506 768 -683 721 11 495 931 32 686 140 422 99 900 -95 -951 755 -455
783 -191 661 -834 559 246 708 -900 330 775 -198 -853 -119 -625 763 -471 114 -118
53 252 -925 661 -501 -44 -233 -966 -590 -597 -92 772 -1002 -522 269 450 312 885
-311 -247 666 -514 -937 841 485 887 848 973 -741 -942 -247 -843 392 -89
