4720 15403 2675 32608 5400 4636 15938 24752 11633 10726 14704 24199 14066 27387 2974 23699 15880 2659
12620 16230 13749 10202 30944 17111 26561 10775 8544 28414 27855 26184 7802 21955 14144 24294 11726 1429
32163 9712 10475 24025 4123 11713 16765 12347 25887 5681 4575 23360 27108 16349 12120 19022 24839 13240
10711 1801 24021 10413 9215 18236 9636 13764 29109 9472 1212 31426 26352 27500 25365 19443 17461 9441
9124 11736 27718 22094 6956 11123 20296 5143 10788 21533 13924 23473 18028 27812 23994 24350 32596 8095
1779 11542 18928 14537 28894 25336 8088 14312 24823 21357 15531 18190 10658 20167 2562 24454 23008 30822
32083 10911 596 21826 32206 26981 15173 9 5912 28577 22566 11810 2055 32342 29750 29239 30724 2327
17553 26576 24767 13008 23303 13364 30186 3605 18145 2218 6390 27686 15969 4610 9208 18316 15811 204
6062 5636 18236 6128 30867 3435 12443 27455 26544 10276 10742 15410 16986 29843 26968 8086 21765 31699
10290 22625 28148 19417 23929 5054 23133 28933 25053 29375 7044 27153 26641 3299 24211 25697 30544 22534
1045 19175 21193 8568 16963 29810 31293 1196 12070 32023 12245 2684 15687 5935 12157 24201 30782 24401
790 17661 3090 32645 8308 15941 25656 11787 15325 911 28002 21204 31907 18657 18167 24832 32306 28664
28573 11909 19230 6436 14551 22650 15519 15500 3680 32087 27670 14639 23576 23336 8518 1412 8171 7433
27177 27672 29306 25414 18378 750 4842 21442 7242 18195 17060 15455 18060 2521 31608 5569 5826 6973
19899 28811 2122 23999 28944 6796 27914 12071 21724 1615 30110 21108 15302 17087 17197 18407 11931 3501
28266 15640 20997 19818 12120 828 27740 32248 4951 13854 9663 23908 27443 151 20525 25414 24440 10833
16973 20280 21878 23218 4577 23448 4536 15572 14729 24119 17292 28982 29930 25868 26176 30755 24974 6715
8946 493 11653 31411 8227 20452 25172 11512 27269 4803 5755 589 25280 29274 4819 28579 23685 10918
13963 2532 23341 27088 9946 20647 5996 23443 5587 21819 14859 3624 11348 2156 30747 7104 25471 15175
31907 17995 22778 8098 19169 28496 27401 21389 1706 6627 10127 17479 19746 24976 23073 29696 2960 4724
17856 28517 32464 20153 21922 32283 18501 27958 20811 23148 17411 32096 24460 31898 3156 7291 25993 17608
22108 2024 3128 4326 5077 6403 31058 2394 1683 5625 2049 12485 12417 984 3072 981 19925 26156
27832 13171 17302 6006 8989 18080 12208 10059 26386 12165 1769 26981 6128 8149 27385 8717 11336 10304
9959 31713 13567 28465 31682 12941 16266 2834 11162 7987 9089 19282 27814 4480 1891 32041 12927 8940
10434 30536 30793 28196 13162 30944 30693 22601 13289 10270 31474 22392 29094 15194 12386 25235 15191 6712
13293 30152 29700 439 12902 22879 27125 30506 22332 5205 17913 5905 28597 14792 7434 2757 28369 31358
29152 12681 16102 10264 12660 18651 3135 5548 30356 8197 29932 273 8525 8915 18985 29296 3288 18322
20096 15261 29035 11447 7621 1601 15587 28933 10690 6667 28372 4969 30838 18662 17381 26191 3978 11273
15430 24967 14591 7730 18827 24620 3356 8108 12193 5414 28026 3812 25951 17268 23950 25343 32663 1373
25686 21202 29799 11990 25407 5609 16619 6053 3641 10785 16059 22532 29027 19242 13368 17775 12128 1724
27834 14753 25997 6715 25400 29117 24836 1511 19678 4169 4379 163 3667 3681 25348 14770 26852 10342
29374 4946 27189 4525 15690 17052 27574 31644 16394 147 11583 15339 12635 14551 22160 7736 16077 24848
27865 11486 31711 26102 1693 31948 28357 22925 19328 18724 26085 20083 2736 27020 739 3210 30066 28653
9908 2811 18493 31181 11028 23385 28428 76 5418 29206 29034 13269 11643 30761 12673 11986 10526 4541
18998 3047 20510 18162 6386 11003 19732 30884 15922 12810 4671 3973 8618 5314 32664 20433 17836 12168
13859 32405 30109 16887 17606 17449 7064 21576 6700 30614 18921 21515 26581 16338 17117 29799 25285 13779
3205 7494 3237 29670 23460 30157 29554 15983 24966 22129 4358 12727 18759 11668 14525 8549 28821 9276
15957 5252 10091 3427 16767 2933 741 27859 19257 31428 4056 8503 10311 10062 28677 32089 11453 20428
12145 23738 19712 20308 23519 32612 14351 9561 11378 14544 24212 3801 17433 15977 5115 7386 23378 8451
13308 29671 23907 15742 31296 8500 17549 12569 30263 12418 16733 7305 18786 28664 31216 17040 6561 3157
27566 19936 26068 29494 15493 18961 10025 9749 1988 7150 27559 27321 29077 1279 22097 1275 3630 32369
12297 26030 26704 30446 30286 31363 12888 16421 4791 3063 28544 14127 10196 21376 8113 29783 8045 14321
15064 3638 26142 23077 1920 15370 32677 24503 6277 25399 24838 9938 32303 23545 15295 20164 30328 31128
9753 16991 10450 8614 19664 12133 14450 32362 6696 5902 15055 6405 32245 25630 23755 26130 17161 12819
17191 4650 7649 12658 29292 6522 24753 21881 18978 30324 94 14124 24184 29666 22296 22836 16028 28218
20417 14798 28947 4149 26458 23784 13267 22109 11892 15448 19357 26234 14725 18710 28310 1430 10389 27010
5599 14752 13812 8461 17118 25148 29972 19806 902 21671 12015 9254 16786 18260 1969 24282 10696 6197
22995 16183 13722 15009 29220 22848 9399 22609 6444 20025 29074 29109 5567 25977 3327 2435 5471 11702
28002 10132 9462 5135 15622 16063 10034 7237 13210 16961 29851 9761 26339 30325 4189 27686 7936 18486
7666 10073 31098 14435 1402 1175 26630 9684 28555 22261 22068 777 1951 13164 614 17139 12042 25016
22109 2305 3467 20129 19055 26726 10959 27449 8389 16041 32100 9654 726 30065 6948 26426 20264 14232
30266 17209 8658 25930 21501 17279 25551 21495 26934 32343 28352 9376 18058 24851 3787 15946 897 23643
28690 14090 21032 23994 17344 14530 26525 16908 10234 11431 26275 11672 7986 15012 14028 30025 8879 26487
30022 1234 7222 24094 27313 28304 21344 12542 12902 4253 6582 7533 32426 31370 16947 8081 9938 300
12327 24704 27033 11067 2372 19506 4528 25350 22227 23179 26355 6621 8836 22445 6508 18532 22958 14187
4299 30781 1296 16460 19911 17150 7800 6475 18612 29242 4791 1871 30970 11580 14935 26067 29167 24405
21898 9843 16709 17404 22409 25622 31301 17400 3374 21830 6798 4057 27317 10672 13308 9055 3236 7931
2001 7865 14426 22697 32557 8349 26498 18328 11419 3452 10915 11392 17195 28789 28574 420 11913 24876
30337 22542 14398 6867 628 29593 26304 12481 4464 13009 235 3087 9979 3423 25491 7805 30402 13935
5016 30382 31324 11711 14813 8574 15724 19549 29681 1214 28259 6205 9864 7979 32050 27480 15502 22904
22110 14848 23 21694 1119 1156 30776 25202 17628 16320 30753 4316 23832 16746 19359 31126 14629 31550
11480 15584 8972 4454 28390 22088 7317 6286 2659 13964 10479 1731 30400 20204 4237 9175 31926 31089
28098 1206 28261 27287 2863 24209 28820 6253 25230 15503 16611 17009 17853 25929 9616 1845 32716 31565
29316 13079 31049 9451 20282 13288 11011 18232 10882 24161 27888 8287 1693 28761 27642 19779 3104 31905
21211 1545 3080 11199 29335 7823 24810 32330 30179 5439 22587 31769 27668 15865 4478 32085 14118 21418
32272 30677 10443 32133 28473 32482 23390 4886 23562 24352 4449 11262 19956 1172 10402 18094 7570 5490
27767 4698 27983 28216 21378 10365 3301 27440 29750 16691 12879 11025 15619 12071 13337 14059 15280 11900
12454 15246 32693 21297 20213 16222 25681 8894 1149 671 19804 9376 3161 29730 9116 30393 31676 26463
7281 12375 8104 30714 6281 8429 4015 18022 9681 13749 8786 31201 28903 4861 11872 13185 12722 11300
17810 24225 24334 26453 21584 2767 13789 6229 21334 14943 24401 24200 30135 21200 17038 12856 144 6679
19812 11495 14361 28007 16460 22969 3559 7445 18921 6113 31730 6576 32082 23859 14793 24195 28685 25513
13832 17707 2830 3626 445 11977 23283 4270 6357 11686 27545 10066 13242 7473 31514 26890 3647 21061
3934 377 20442 20816 15361 24058 273 13668 8781 6583 14821 13469 31127 13703 30263 28151 10688 26238
15010 27624 17877 2035 30391 2290 29066 32018 20810 8385 32266 3349 18603 15093 18914 1878 21853 6929
12419 14880 31016 24984 5276 2328 26604 10909 20997 11984 13703 21797 8902 30087 13568 24686 17239 29497
29942 2524 25120 5337 1349 6265 9863 1287 29179 416 23208 14765 8055 21246 1238 13608 29680 3430
31739 18087 31210 24054 17338 21845 26749 24275 15108 953 15377 20178 27332 13642 19748 26986 32590 17387
4055 19425 14574 28826 26816 5219 24715 23245 17220 9620 2620 3071 21746 15360 13396 25006 14862 16463
3316 25322 22454 796 27465 19811 12001 19925 18304 25879 3296 29880 16065 21448 17677 22168 28063 9136
24475 30019 11872 8475 27101 5003 1567 12139 21450 1113 19830 23944 1620 5961 24614 17786 8143 20006
24671 731 135 18408 22747 19785 5569 3285 19060 413 3321 10299 28896 9758 23826 14962 19200 14048
20572 29030 12746 17484 31750 4508 2858 12712 20732 31860 25494 7879 12630 24578 31549 18554 14362 31677
4657 27894 7505 9992 50 32466 25532 1114 25373 13253 15317 3567 29000 14963 18393 26582 15016 9049
11621 8933 25956 18761 8175 23917 12715 17582 20715 27825 20647 13986 28863 31693 23267 30407 11582 19503
29144 28849 22904 655 22671 15470 10851 11745 4098 15925 13666 29518 16887 22947 6988 2875 2028 977
3435 31691 22694 16669 5924 15468 10609 22948 22903 12004 3643 20907 8982 6532 25913 28837 4655 3696
22976 25594 11106 27739 18974 18573 4637 25742 23847 10205 19819 12756 21151 13462 18282 27928 23285 20927
28826 11055 635 12744 13674 20329 31622 6250 12393 16401 21561 3090 17922 26520 25297 578 5503 12145
30300 21413 27404 24587 5501 745 8021 4504 22863 8933 4113 6914 12014 26775 7658 10533 3240 13186
23478 27667 26181 6642 23251 1258 27798 17450 16652 8609 25662 8977 4913 29019 8094 19977 24923 24174
26720 5001 16559 14797 25570 2589 15752 17163 16103 11112 13219 14951 11457 18190 14172 26470 1453 22780
31742 16690 4167 3684 25445 9246 16967 1625 8981 16378 1220 6637 10790 11347 18217 14002 13575 19829
28197 6560 14800 30436 26928 29712 6743 30455 31644 18659 18319 30713 1311 3197 16753 25094 21776 21505
8483 10918 21854 8166 6079 15762 6296 3505 3708 27214 5922 32068 21491 937 10219 29888 775 7177
23 20585 3778 2832 17947 2367 8002 10355 1011 8006 11445 26734 1232 29299 603 17636 27080 6012
6116 8228 496 29631 27504 3312 12715 11250 18702 10124 29974 13000 11093 27709 18976 582 8525 13990
3348 19591 26044 22378 5514 12326 4995 27016 7521 15098 9015 22094 16360 18711 7682 12748 7094 2662
12829 23765 25621 15293 5100 6185 28034 24362 22706 29912 364 32626 13988 19952 1380 19222 22004 14189
16671 4597 8034 3695 20625 29423 13227 5775 3070 17512 30916 20653 29872 1001 26539 30363 28615 22874
2089 18592 23795 31014 17748 6047 21620 29174 1881 14572 6088 12602 16146 20248 581 19351 19939 5167
1097 21444 30703 4427 30359 19815 19110 28377 20423 1720 9507 19143 2568 26032 19805 16384 17231 29719
16180 2596 25986 14198 8221 29636 24882 8021 1055 30984 18415 6107 28848 19456 21067 2745 18445 9729
7118 23516 2651 4685 9160 11564 6021 7706 23613 30098 24362 6514 21632 14187 10384 22018 19200 25033
24931 3713 12919 10672 7219 25540 30187 26005 11607 6874 2179 14644 4137 2139 3103 7072 620 21850
7050 1417 29 2305 947 20963 3341 1022 30776 7768 30577 22722 3910 14066 32737 11591 4202 22689
4734 4607 25420 22433 32103 31193 10428 29819 20551 16355 19417 27793 20853 26103 5601 4662 13289 30758
4550 30569 31403 17088 19056 30799 13797 17409 12432 12454 1056 2082 13296 10397 1541 23092 23411 17649
11906 30246 26840 17905 7315 10324 21332 25219 27139 1579 9660 18828 7147 11297 3043 5908 8111 11469
6875 2217 509 7523 8529 31952 19128 27447 2511 2532 10720 26399 7612 14367 25161 12475 12968 10992
7452 28944 3807 17756 4819 3112 4569 5595 13664 14731 27445 5541 18326 11593 28029 1698 3568 15990
18384 32053 1106 13991 13028 24803 17714 14108 23943 28751 3645 24287 9216 5331 3575 7636 24290 4321
26195 25081 21785 21885 4425 2283 7478 3087 4610 17217 31247 7611 8139 21708 32351 18375 13671 24193
1027 1479 13059 7442 16933 24603 31764 18810 3783 26850 16192 1580 6062 29920 21294 1478 7765 23262
21708 22265 828 18178 29346 463 11399 27947 4493 25106 4977 9791 13990 27324 1542 17683 25201 16211
26341 11895 18761 19900 30909 132 5385 21931 409 21830 7160 2443 20586 27698 14593 13357 29336 18289
12528 4120 9354 2137 20839 15295 18775 5773 13480 30623 30171 24326 22167 6308 23334 13890 26504 23744
7141 10527 1907 3077 22788 18926 22349 5000 553 17373 2781 1334 13475 16955 26754 10524 13847 30363
24935 2958 22097 19068 12270 13605 17467 2056 9876 30604 8782 1593 7261 31634 26082 9188 8844 31919
20018 7847 28609 23986 32363 4178 11182 678 1716 8229 2300 7165 26886 13137 22448 20220 25806 10224
32038 26504 5655 26733 32116 32410 13222 24905 356 17237 30891 9802 1668 20311 1426 21314 9193 13882
17413 29630 4209 14609 6688 32273 22012 19421 31007 11699 24148 22465 4896 18594 17647 26287 17460 7299
6741 9342 31357 15936 1085 24851 10763 22932 26457 32635 5998 7077 1645 32543 1493 1166 16954 2313
5189 11479 26369 12229 22090 18739 13149 19273 29609 31401 991 7880 23408 13501 20560 13256 22072 18436
26220 5617 1013 23345 3365 23771 4138 24477 32201 11897 10938 19757 24097 10037 3709 12614 10175 21212
9300 23868 10479 9036 3249 16288 2649 4097 7329 13649 1659 19203 6718 23907 15773 14092 17428 15472
21522 2803 28692 15112 17588 20088 19822 19413 5446 7196 5655 17474 22468 21549 15127 13567 9517 11610
22670 19826 32062 20043 31914 5800 14303 23749 3523 4400 29528 11626 23658 667 11295 345 11163 32187
27058 32053 15599 29415 11463 17512 11371 21153 2734 26313 9831 4071 8741 2825 17835 3591 21761 489
9290 17691 29601 12203 27716 10826 17736 30236 29357 9999 6525 2997 10964 11173 20328 27817 31745 10441
32165 20646 18149 32052 10249 20971 9775 8526 11760 12793 13906 7964 24121 26326 28789 8439 23795 24170
25858 9103 17658 8799 24796 5929 13361 18839 19059 31852 11353 25348 16761 18376 29973 17769 20157 6354
27506 28818 11815 4223 27278 27576 213 21151 14738 19756 29181 32418 10948 22381 7007 11205 22525 22309
13484 13387 10332 11926 23164 23564 2869 14946 30774 7742 5138 31592 8544 11870 25720 12767 26180 30948
3646 21970 28582 11866 23444 6410 28074 9852 10303 23908 9895 9679 14334 19868 12303 21448 13847 586
8063 27231 19067 24784 16148 28283 28623 7939 4142 31400 30406 6347 10836 27074 25355 25085 16625 27697
3286 17021 23642 21678 13445 1778 4666 10390 29310 21198 18623 16119 12660 24655 20944 31532 7390 22615
26855 28377 12623 12551 24679 28302 23022 15507 2599 26249 18171 21963 10055 31219 27125 21933 27392 14788
17037 16007 23929 32467 26912 18416 10419 13085 653 14392 7590 5726 2276 14124 31867 18863 5554 1525
19312 11998 6524 18499 18858 26233 11330 19130 18629 31101 25484 29355 31316 31241 22921 17144 31657 10094
20868 8706 11685 25000 9600 19867 9084 30650 26920 10069 13510 7521 28182 18013 32429 5253 5402 31466
24724 21738 6368 11903 16369 16543 15921 19853 7985 11713 5267 9870 21560 21817 13624 27151 27012 28663
10846 14370 30607 3863 27723 26359 126 31810 8067 28402 6992 11324 69 10156 31439 4447 9982 17059
6924 22845 4717 11887 8828 24910 8898 20517 16990 28437 29134 15703 8732 30523 13636 25420 8782 95
5339 18459 649 27811 8999 20526 14034 14064 25274 13733 30784 28406 1203 7360 23676 291 19694 29018
266 5403 18204 31286 5520 4048 14577 19653 20817 1272 32324 3769 8193 9060 14707 12524 4539 26852
1542 3771 23193 10600 6127 8160 27829 13597 29701 9839 31361 10802 11857 1669 27570 15726 22727 13155
4391 1616 4152 23935 9456 6766 20846 19983 24839 1010 1192 7011 14594 24403 26959 9006 970 11406
20369 30076 8184 7987 19238 7498 24476 31301 19212 29159 18234 17053 17117 24129 27747 21855 20766 18626
32480 11514 3833 2265 18865 25071 29985 5562 14108 12882 503 23064 9187 7473 3380 22923 3572 23699
29708 4832 27124 19237 3025 19356 11427 279 1143 12643 21167 13265 10593 31609 29921 9719 10970 31401
12887 12583 23893 16875 32483 14399 6453 21527 8251 3134 10349 815 26236 4237 27895 27857 27649 10930
11572 16365 26767 18690 12451 14184 25431 3221 6764 30418 20697 25279 11590 13090 26465 6538 25597 22062
14148 15206 3105 1478 21024 15980 19661 15737 3421 21123 18390 25798 11289 23244 16330 3752 31736 24291
28277 20199 12744 32362 31236 20426 4264 13477 12866 5609 10517 30418 942 7296 15107 31265 19395 14268
1765 11426 31218 26492 6783 11686 10991 2104 25735 20799 10291 3094 7104 31493 31000 10862 17729 23612
29100 12191 26131 24823 27107 23152 11219 22762 2806 29451 6388 9920 23848 1663 32749 955 890 29793
22954 8573 20537 14531 17323 14319 7928 8251 12452 18884 8099 20641 6451 11472 32500 21333 14073 8489
6227 3193 6132 925 7270 19422 5118 26545 22919 25297 29323 9344 4337 27440 19149 8523 1492 11293
27609 27810 12473 18236 22415 27503 17693 7195 7375 11027 29579 3070 7485 8824 5533 2935 2507 28355
11938 11526 8956 22326 28125 4375 2070 9187 7682 26374 8623 5240 11742 27572 29561 306 15889 4393
24910 29793 24734 15211 13209 17862 29942 16062 26286 1603 19939 2847 4540 18005 3144 12469 28852 954
23385 10763 24046 19120 31294 5884 17954 22078 15968 21832 25797 15253 31639 8731 21184 27909 32083 12586
13525 8160 31960 25776 5420 25065 16685 4859 13322 27130 21462 1274 23572 28535 30473 6716 1371 5556
18728 15915 21515 13837 16769 6731 15907 5511 29150 12837 25784 20874 14905 21490 27607 4115 22737 2776
24178 16063 924 32420 26907 28065 30709 27610 30698 4323 10766 8761 970 13789 620 13231 6970 30532
21831 16506 29186 15589 32132 3432 1034 4721 19065 20056 6136 8522 10832 21106 11381 6681 15685 32167
7493 6437 16198 15235 2816 21076 29019 22190 21114 4072 29098 25222 8080 20769 11225 8537 26261 5013
20253 5114 20887 5117 30011 7921 27802 4702 26389 28782 7448 25941 10837 5053 12515 26725 17485 24061
4152 4622 24094 8224 24284 15551 13928 18926 6370 28422 2908 27254 30283 12107 27469 14831 8761 11898
5489 6250 4361 22068 22695 11766 530 1476 6859 6242 30794 2857 30130 20856 13932 8833 5529 15158
2621 2352 17465 31968 29451 28752 19912 7549 28544 23043 10896 1906 32451 11861 6732 24894 8358 4994
7348 26670 24911 21690 29378 14132 15309 25937 5638 10215 24686 18926 20651 14447 10723 30246 25298 8842
19913 26710 24909 4095 5235 4496 14737 6252 9219 21504 1762 29729 10953 9531 9404 4119 29856 8104
10843 28617 14286 3749 15328 1934 9515 17091 23690 31884 1877 14421 11693 30208 32018 24174 18429 27541
7051 1981 6390 7455 742 21390 29260 8063 12997 6715 13911 10961 10708 10189 19868 5571 7321 21272
20963 10842 20328 15166 6708 16374 24508 14531 5239 17997 2237 19968 6122 11731 12072 8807 7482 22939
16434 21899 1933 1575 12282 13635 27430 20863 8923 8844 31925 20650 3755 12929 5778 24201 24064 21960
32481 3948 25724 5161 23236 30352 11413 9795 31536 10330 28058 31588 28416 9721 13504 30265 1500 7822
3496 27967 12482 12581 13694 14648 27562 7206 9743 24728 7328 1562 968 10434 5016 19324 15105 7012
6161 32237 22638 19100 12269 174 26927 24720 2796 28235 28033 17939 16442 13148 11076 27902 18629 2801
27540 2341 25267 18378 28508 17733 19089 5929 10143 15982 30052 10404 31879 21336 14369 26471 12350 4736
2094 12410 10318 21455 16768 12964 11049 18767 7630 25373 23589 4941 18619 13282 763 9142 15806 30507
27359 31853 23304 7127 25690 5426 21875 12195 13956 29902 31340 21032 2993 18715 27150 1368 9546 2775
14195 1823 25258 30757 6568 8304 26493 29463 6725 5422 28036 3648 27907 8665 3303 21980 23685 12839
2263 8045 30937 15585 27193 27810 29340 28977 30407 11748 20400 8396 20091 28570 25910 5082 15572 16188
17119 12773 2268 21285 31480 11222 20758 16914 29824 4997 15834 21872 12729 3162 6110 17254 14510 321
3326 23473 2110 2998 12610 29726 18200 30860 1593 8177 6019 5365 5749 32440 15479 12850 28530 11870
31861 2287 1898 11406 27753 27566 23037 13052 4413 28772 18512 23413 508 274 2103 5838 30445 31941
12017 17196 29292 22029 8934 28073 28380 23163 109 2818 15817 4025 16018 13214 1089 20921 7802 12037
178 7667 12730 23132 1440 14428 1284 13816 21992 5382 14649 9940 20039 13173 6093 13923 1990 22269
28338 24226 24555 18559 16286 11366 4532 3387 3531 17822 19467 16159 22540 7909 29080 29183 2398 27490
28028 21105 27869 5457 18830 27061 29019 18583 29151 13008 18326 23845 20796 27885 10294 11446 13108 22301
19667 7995 5969 16704 26681 31576 24921 7732 10741 17753 4897 838 6454 14832 31589 16544 21167 12246
1527 32711 30181 27894 6472 4618 20004 15037 11490 23933 413 17831 1381 4724 21729 5101 16853 5746
19789 8084 9665 20540 15894 24550 19812 16766 3500 19924 13822 6443 15679 12223 18509 11194 82 14518
20520 31781 28501 18058 3277 16956 8508 19308 18165 6812 14512 11974 6197 19291 12364 12577 20199 18996
29268 8145 7280 28715 1818 25311 30665 1521 26481 13200 24985 5681 15833 1234 30213 12343 8963 27619
30478 2244 8571 5070 15534 9129 3335 2075 13744 29324 30910 25341 26214 5435 22636 10851 4229 9966
6605 26893 28519 17729 16425 19850 14057 15299 20457 24071 16003 360 5380 2583 1506 29367 4278 10405
32508 30140 6874 11334 18754 29352 450 7109 18908 20045 13900 6424 19858 20831 19998 1024 8067 10512
27188 1018 16763 27915 19407 1324 12598 22204 9510 29843 26424 5533 28981 18377 31369 27844 24290 7074
5641 1606 6861 30336 10949 9906 1466 31011 3006 12066 8306 3004 24239 6016 15463 20834 3654 20136
15057 28456 10694 11120 26450 29336 23867 23315 14694 25359 28650 31004 2538 19091 29468 15363 1846 16879
3779 25444 29831 19445 5930 21438 262 3090 22379 2744 16794 9194 15990 22820 6769 17614 22447 3693
9040 16267 15885 181 21387 8274 29623 7854 247 8538 19371 30300 32334 242 20347 23940 25770 1756
20426 9937 21590 17601 2156 4270 14517 24080 1811 22810 23527 25324 16030 8944 21766 2762 29582 6174
7684 22895 28292 30101 23753 31848 7833 27653 11128 27248 6788 549 27629 4925 10706 25602 29339 10687
17460 19339 5242 22040 12599 28451 25751 23147 13847 8185 11332 30618 31782 1756 27435 7224 7401 10741
27199 11249 32560 10139 11790 26924 29028 21091 21544 20053 11625 6843 10285 25286 12653 29045 31692 22081
6654 4064 3543 28698 27084 20651 3297 7507 27073 1676 335 10892 3990 31718 10789 29812 5242 1944
6467 7151 10694 25426 6946 2448 30342 11963 13714 19402 19102 19579 18817 7455 12940 979 9458 7368
22839 5147 3780 1894 25211 9416 6888 31297 10994 16258 20835 3633 6529 16059 29849 21954 27959 24074
29389 2635 13667 22425 20184 29850 24182 15014 3193 23778 32742 26540 27474 3428 22534 23909 32153 13577
8299 17189 26150 13601 10195 23768 18633 9606 23916 21370 15202 7516 14677 32683 16632 2515 11774 8419
7322 8469 3942 11813 1922 15335 6949 11276 5709 8867 3523 13212 22900 6583 29105 5953 1384 14617
4763 20481 11560 23251 17229 8311 23779 11659 24487 6468 8046 13688 14440 27177 15115 18691 21550 11519
12663 21633 12652 5462 20271 29055 30244 12773 22046 7350 14421 10925 3862 6131 19458 10515 20320 16993
16966 21572 15496 30010 1505 4078 23569 11946 16582 26395 14990 6197 30538 20824 13607 13603 979 15450
13149 17081 24740 1856 23369 6505 27271 23302 3466 6014 2192 3124 13383 25759 25953 29083 12690 5953
9605 23754 30921 2703 18252 8002 8065 28317 6001 18748 29063 24572 26472 3465 21547 4932 28901 30418
1262 24336 4683 23006 32527 12713 20698 12651 5306 15802 19384 20200 1903 27257 3124 3310 11085 21192
24555 28215 25120 24571 10011 22231 31046 19327 17739 18848 14062 5078 7801 22461 8929 12563 19911 11462
22012 5183 402 25811 23954 15921 10340 5848 32105 31146 23443 16725 23962 1141 12993 915 28393 13383
27891 20512 4937 25092 6799 1297 21758 10593 13545 5384 14565 18122 20229 11639 30893 8482 19246 1675
12188 19030 17033 18434 18148 965 2341 12099 11618 4370 31736 25316 9766 26430 916 8014 14985 473
30800 10386 7096 27828 21487 11734 32487 19344 23595 2408 16760 28190 12897 2742 24493 14975 30009 13564
2867 31619 24207 8126 27804 24029 2966 25553 23587 10406 22907 16996 7616 32099 928 28843 27755 10909
28448 13623 24778 24253 20305 16950 32453 17690 4023 31051 30386 23290 12155 1109 26028 2001 31054 28625
8456 17467 17847 12790 22852 23696 12630 19330 8130 6892 30115 28172 7291 25609 19951 21066 32338 5026
5750 11652 29401 9175 4040 28289 12662 27691 29821 12481 26026 901 19235 4260 1171 4467 8813 19662
23001 6821 8638 24775 22388 5334 7012 1299 30015 19920 3118 16423 11090 29070 13258 29920 21506 15419
13098 6750 199 8804 23364 2236 3708 32134 6555 1873 1303 1782 11751 2063 3654 11987 5447 15440
4013 6510 22019 28314 13311 20643 6457 19937 28596 29687 15714 5612 19641 29711 20099 16638 2447 9734
3827 11999 22406 14465 32298 27870 17488 23038 2086 2894 6867 6374 19076 11300 18241 19232 6808 14106
2594 2435 14526 24205 1862 2582 23901 25143 31556 25946 2640 14982 9375 4939 20135 6623 11287 11119
26265 28270 6184 13326 25940 21004 6127 3266 21527 4697 12546 16429 29236 16165 7418 18749 615 26970
25061 5967 20919 32598 29176 23993 25409 29436 24274 31403 28018 5161 27534 283 5210 19743 2683 12897
3438 11254 4560 29225 6283 25883 13263 758 31217 15206 1508 5282 25006 31026 9058 29436 27815 26359
14131 24356 10732 27267 30973 24690 21102 15476 26944 6261 7453 24063 22814 26173 23727 15518 2292 25866
21136 11879 27267 4566 25318 13416 21037 9364 5713 11613 9120 26753 5172 26258 17732 8050 734 13614
26607 15621 30897 1367 27778 1082 27261 2619 30178 21792 17170 31643 29082 13616 4259 3177 9210 24362
29246 1728 835 26073 13253 14553 28255 14102 17016 8151 2708 2161 26291 31513 21644 31915 28492 13649
12465 2893 14832 20173 1702 30804 17604 13458 13337 26246 13664 12606 25329 20787 240 25359 3683 31085
8631 25291 17283 4651 1424 2135 26990 14337 8715 30800 7081 32695 22878 26396 25885 10359 7471 15576
25928 15663 31175 1793 11505 12494 30566 25333 24156 16999 31797 19951 23804 13305 7081 1598 5896 8481
32657 27044 14387 32766 21864 31993 20005 6810 28181 2363 11571 2734 31179 31099 8067 1280 3657 26255
11310 32751 24914 31644 278 271 25874 8186 19541 7811 12634 4695 4248 32562 26261 24929 16673 26145
30093 27952 12481 5519 30819 24134 8239 5295 2399 15821 30540 9513 16988 6877 30312 29612 20913 26964
27094 20341 20628 1459 11722 30137 17975 2592 3095 15309 1205 24879 17069 9332 19163 16639 15486 11531
22382 31960 18803 23903 22898 22229 25207 26382 27147 16240 17377 24547 31528 11829 27573 25611 26596 32705
18105 10908 4586 1204 6489 23093 14322 11894 28463 10403 29201 1150 7677 4429 32341 20375 10333 12175
19373 9663 2774 2025 28027 17393 16620 19581 25661 24678 3383 26916 26670 25274 20598 25051 8205 11581
31812 20958 29335 25345 27888 5275 23479 22472 13898 26307 29731 5376 12367 2596 5544 8103 20039 14632
18622 27642 3573 30033 26516 10721 2412 31999 8793 22341 30814 29795 20538 17089 11441 3601 15001 27734
22089 15931 19566 28414 6692 17843 21511 24510 18556 8166 16622 19847 16024 8232 3056 20222 16196 18983
13264 18639 20249 12819 31650 23021 24516 28415 22033 6228 22119 28193 10747 3072 14751 12104 23757 4662
4706 14974 19710 5731 19561 22450 11049 19621 8625 22051 23333 22724 23859 28395 19322 3922 286 3753
27923 15158 7170 4793 14596 5411 22857 17781 28414 22461 6461 9641 31073 7553 7133 17782 8753 29596
2897 19557 1476 19943 29014 26772 28294 18623 25626 15195 1317 25444 30285 3355 962 8144 13927 21544
21720 13359 18732 23378 19381 14582 27516 4903 25280 247 26484 23301 10933 1488 18587 19675 22174 5757
23392 22716 4604 12968 17489 15209 2925 16188 14725 7108 24808 99 11347 23628 22782 1193 28135 27425
5662 28012 6851 7598 11683 16555 23026 25441 20893 12213 15237 23512 30494 32653 16833 7171 9685 32266
25126 11987 23801 12513 2444 7424 14696 10591 28462 2028 18752 10636 17239 9263 14435 1694 1363 7931
17012 29888 3133 15102 5640 10234 3975 12359 5362 30228 14910 7100 7701 26227 5647 2442 19537 23153
22875 26388 22125 15218 25646 26600 32001 23033 31059 10712 12440 27186 32160 9476 24045 18771 19245 12849
2817 30986 25572 13564 12696 31546 3752 13611 718 31614 11335 29530 0 29188 20380 17516 5426 11060
25797 16640 8187 24856 29609 4981 4316 20904 18908 29075 4245 32365 6038 3393 22441 420 19458 2253
8900 9233 15582 14799 28703 8405 25912 18450 29384 16818 18256 29535 26278 16698 15936 3116 12730 7667
19004 27755 32570 19106 9340 31351 16139 26666 9801 1175 14109 29758 20279 32386 4602 6584 30400 28371
5661 3576 29990 6035 29466 10122 20283 9768 20446 6687 12792 30263 1497 938 18664 13291 13780 14023
15316 27022 8677 28333 24615 17552 30835 22400 26838 7432 31968 6458 8742 3508 14546 20107 1150 9674
9124 5552 10816 850 27150 9846 30025 24576 17384 6472 28533 23916 706 19381 12855 7369 17863 3586
25090 28015 32465 1556 2095 8004 13576 29639 22752 17332 12409 16923 12169 27241 31472 4661 20257 9474
25151 10964 12688 24144 26497 31225 29122 20552 18453 4848 7691 9691 2865 22075 31920 5017 16682 11898
4270 29669 24587 3680 26818 12849 26895 7269 1702 4447 17310 14135 26843 6588 31113 16352 1036 14865
16466 21697 14252 26571 31733 27150 2446 19108 9926 27512 13595 16230 19112 21314 22929 15859 30581 25106
21418 28295 25265 25800 3624 31355 7242 13000 22058 25528 1296 21023 32318 28680 29139 27837 23814 29521
10342 683 29480 1290 8485 1507 17413 27946 14968 19231 11853 21525 18684 31773 20345 539 12666 30468
15981 14752 30595 18179 10730 31061 28119 8768 9561 12573 29621 6413 12739 13870 27533 25199 19764 728
22237 29051 5705 3388 17284 16538 20016 16717 30230 32134 17902 27169 32127 682 981 5788 7137 18930
10998 17662 12541 17594 29379 25119 4476 17609 14713 26555 30579 25302 32255 9718 30863 3679 19672 1011
11538 12881 27769 17494 29815 7004 21754 6159 730 2890 16036 3388 9224 9682 21541 9448 24504 8779
21462 7145 27343 28415 11335 13156 4675 12689 24555 1061 2755 20651 15462 10678 21029 29395 12453 20502
3485 7864 20067 28989 4500 26757 17218 19838 32378 22676 21586 27537 7915 30569 10725 11090 29498 10947
30162 14430 5637 20519 16710 26463 26144 16484 28132 19151 8670 10430 13815 2924 24379 25779 14356 20206
3566 17896 23032 15121 28134 29790 3667 24367 10199 21698 19020 4410 29282 8009 13846 2590 28892 5180
25717 19806 14146 31189 7707 10137 7991 20135 3015 20755 23244 24192 19420 32386 28628 8980 16164 28133
2263 8033 6391 14893 18308 7913 32357 638 986 1932 16589 12271 9429 10093 32707 26606 32421 11479
15854 29808 24940 13107 13688 12287 17917 4365 30604 16736 17256 21398 9003 12755 14823 4996 16177 10975
24340 3698 901 26565 5942 12974 7658 9517 18471 1859 15759 7435 4354 7591 29224 22947 5005 30951
10840 27394 14962 5511 23813 19665 10449 32541 10833 1689 16314 7928 32696 21423 25489 12276 2815 24101
28690 971 2363 22816 1211 1363 15410 1668 5850 9308 5053 29571 29868 5730 21958 30954 9627 6406
21021 18990 21546 8504 27915 8227 11471 9181 3444 19148 24082 25611 14898 13908 9727 29180 29331 12085
6344 18249 3588 29215 3298 11512 12127 21127 22510 22078 5911 1166 18732 23709 24746 22223 3456 2402
30610 26190 26584 6217 20281 6845 27576 24405 10874 30002 9361 2116 32190 32453 22112 18083 14675 25035
17295 14244 1543 31459 9281 22295 16797 27875 15034 13679 18042 1048 12508 23380 19008 29934 11093 1604
24556 16821 15772 10849 26912 21395 11126 26070 690 4880 9124 20750 14466 2898 24463 22655 3189 25874
21744 2937 7356 17566 25556 3208 30079 22357 11887 3736 22909 7110 1522 3054 3675 12822 6359 8647
30601 15967 20024 15818 3391 11150 31358 2069 31212 22662 22905 14226 27530 32073 30979 14861 25555 21165
547 24323 4985 18913 2632 28375 3483 24287 23093 23406 23892 21060 22146 30242 19202 22113 29811 22294
23836 31608 26953 24940 24528 26449 32206 4352 45 9212 13176 32083 17937 4568 10027 15866 31314 18704
23694 7067 17151 30161 24271 15049 958 31880 25497 11272 19702 28794 22968 3315 26186 10806 4601 9854
16558 2433 27968 13520 23315 11637 15259 17408 26358 12550 14482 20112 14284 13876 20778 2166 18920 19625
7748 1049 27751 32585 16748 7192 23208 5486 3489 20089 20632 21306 10917 29954 26307 17662 7255 1830
16690 25086 23628 20630 24024 4878 28658 18874 3544 26314 10326 32017 26300 809 30528 9600 13880 7383
1249 29419 17782 551 29647 7846 30676 1441 32104 16018 4198 21352 21439 17 11109 32280 29893 14771
13811 20130 23246 31928 29237 9204 13876 5358 20951 27938 7213 8459 13300 2944 22291 12544 21188 10104
17364 5300 27609 17652 26723 18599 28678 8927 12278 11213 18026 12772 30744 27126 28348 11985 23256 18580
3790 11062 25293 16300 14207 4732 5079 3297 27777 30132 30009 11002 15334 10810 2367 23456 28807 2166
23962 11526 11237 21784 8617 10818 29482 8709 27994 8173 31602 12906 9623 8797 16771 11722 10809 16638
14368 12033 14523 4863 6827 31146 12372 2440 11814 25410 9144 12938 32159 15232 25421 22808 24150 16364
28013 12193 18041 26256 28571 28221 17297 3095 17580 4903 7184 20767 7316 12375 26625 12947 14700 29089
11602 10713 28039 18754 19159 24426 18117 27788 16156 15725 4957 3740 5568 27956 11211 1015 2356 3056
11773 15208 8777 8929 5535 14373 25684 11901 24049 31071 20366 16660 6305 31429 18257 3214 9707 15007
10092 24459 31247 28871 5292 24970 7178 25381 21625 6857 18794 878 14366 4738 27548 16926 26383 4490
18976 16985 5171 21318 9847 23465 27401 12861 11486 5262 16248 7194 26254 579 19761 22639 6443 14908
4665 28503 16225 16427 4310 14974 1767 7695 1078 28331 32654 4327 21801 9976 26553 30432 22912 16589
16926 27356 10963 4606 8368 14605 8353 18135 20610 6357 14716 29452 21413 22543 32705 8686 21363 25439
13620 29247 30907 22515 21049 2213 21722 2668 9212 26101 18440 11983 5655 27747 4392 3716 29539 8235
29373 30301 10669 28471 6390 19163 23975 3108 11561 28002 22759 10464 16998 24167 8158 7117 1955 18738
15095 15580 27310 25896 32465 1371 6303 22336 24511 16242 1941 564 7368 20624 30114 28312 19810 27488
2294 14598 7946 13460 32061 12607 19871 10089 2636 5797 9021 17686 28711 7652 2916 23462 21529 11196
1298 28682 23319 29012 123 5958 11645 21913 29597 19236 20455 22482 12970 1487 32141 22474 22262 12596
28542 28371 16813 13522 15670 17900 1437 12251 17112 5681 17468 10584 14385 15579 18958 17607 25865 4632
30190 17712 7923 27696 14368 27543 31794 31778 13390 31962 26599 28640 21190 31440 895 1295 19704 23714
325 31171 344 20970 25690 1562 6766 24134 21014 19214 21780 22150 24584 25248 29190 3741 3082 32150
7851 16855 18710 14756 24902 712 19737 7625 21472 15969 3305 26402 15198 7675 4234 5049 17617 21842
3388 21951 30404 9942 28876 23771 8585 11278 18870 8220 23200 11468 14588 5491 20386 4541 22813 640
31798 15874 17975 21030 3982 23705 13122 7217 3235 27727 14628 18782 29259 6070 18990 319 30232 9039
30598 19687 7875 64 29600 7047 18821 19761 32192 4942 26437 21271 8959 23729 31772 18645 86 20878
12081 27240 29233 16202 29876 12040 23837 9330 8240 11010 31643 6318 26954 26643 23882 18896 12302 16862
884 14858 3249 4369 18056 10974 30211 12739 28984 25169 3015 12706 15499 13477 20491 12449 6466 32635
23382 16745 29344 594 22734 21771 22082 16400 21796 32123 11564 22059 11481 5089 29355 29862 9682 3517
4949 25491 33 3488 25187 16778 2577 31420 20459 26605 907 11275 19477 8167 23665 29399 951 5298
6789 4009 25249 12189 29315 24533 1638 18580 24679 19708 3838 22696 19152 19618 30791 6431 32263 31373
26922 15477 2506 6771 9136 11293 20224 3489 570 30625 18372 1672 11909 24899 22444 2229 32100 13153
11856 32649 7144 19358 2593 30765 31200 1773 25985 19219 7533 31491 23543 16434 19473 10521 20951 31535
13497 5544 11209 14873 1866 29116 8520 13297 9504 16763 30351 8713 22305 11115 10574 16607 13538 24009
23888 21553 10504 13484 5071 31319 16118 3315 31333 23187 9660 29075 23789 31553 5211 3379 1839 19042
31457 3422 8398 9828 11670 25341 20887 29042 29802 3047 14426 31793 11352 20972 329 21485 26106 11004
10101 16339 11496 9850 11678 31110 25794 5118 23075 27901 26492 20326 17059 2885 20643 23961 12824 32072
8714 18275 14095 16610 11725 23759 25680 32220 29046 20056 4475 7734 20066 18149 9822 29918 19282 29470
15845 219 19382 8820 11295 5815 26446 27843 13151 32159 20493 2445 29963 19425 28808 17476 26961 3605
12276 14948 27142 1603 1868 19928 7461 3544 21438 31115 19032 26319 4708 29337 26550 2147 28985 17181
27069 13002 24813 18936 8915 22098 5320 19523 15763 6533 6961 822 7866 2798 31593 21649 14925 18868
1265 7909 10161 12736 15294 18440 327 22270 3638 30830 23381 23555 16334 12267 24039 28581 13659 8076
20043 32289 3689 29901 4961 24988 14365 469 415 7503 25810 28548 31249 28803 5481 25637 10345 19638
8176 19307 27899 31438 24269 11323 15644 31633 30231 14101 1905 28539 22970 31268 26407 4602 142 26184
12914 4977 29018 4530 12391 24308 5305 25445 523 5902 30700 5170 2740 21923 28131 12495 25419 31635
14404 2457 9567 6867 9933 15008 6436 18627 22309 14913 4780 25257 717 6108 2676 4706 1306 22632
15694 7633 1984 7205 24369 19864 32665 31124 11731 30537 26433 14676 28175 30345 25274 24596 8310 8634
14418 12465 31211 1469 19129 5269 27213 29949 182 5270 16232 13763 17752 20375 11963 23468 3703 6652
21070 6302 4967 13048 25923 4228 8604 14870 19236 32033 14921 21324 11986 11277 25955 9050 17559 9419
26000 4520 31570 487 14811 31637 10512 18683 6202 17617 32512 20069 19837 28937 20540 28753 11898 13030
30780 13379 1662 7189 27742 5301 12036 23268 17580 2478 15491 12466 18422 6228 27825 3611 18191 30247
16871 32731 21322 2890 30672 22957 7294 24546 15718 18749 454 16685 24560 16378 8730 10571 21399 23678
30621 13982 17663 16997 19047 15984 8287 2774 1779 18067 14662 14973 17112 29341 111 26790 32249 12307
29256 953 27022 11755 10958 24271 17380 27506 19153 29905 4663 27255 6770 3162 18084 20518 5217 10603
7261 551 18297 30681 14419 2558 14414 7025 22576 19505 12535 4334 7399 24238 10644 3226 15483 2645
13901 475 10072 17286 9818 16391 27645 9874 16541 20692 26452 17078 18743 910 2775 16555 15483 20952
18181 12501 27389 2440 25657 2972 25404 26590 22490 12918 21483 4583 24490 31476 21612 5725 28902 4549
15744 25631 18090 16521 32705 25337 7076 25486 9117 6260 23119 6632 24056 1778 20927 32114 26199 12627
14435 28112 31392 28786 2768 15045 15205 1333 4459 14767 19933 5242 6538 4706 28499 30671 11694 20280
25963 4059 22843 31783 30613 930 17150 24997 24180 6433 11130 9784 21382 4998 6665 25499 12006 16864
17812 31467 15877 11304 1055 13403 16166 2119 19984 30177 12061 26007 8269 7504 21297 14480 18955 18866
11618 13490 28987 8115 17575 7835 23291 21893 28558 1167 17020 4572 2990 1856 19442 27213 19948 8248
24074 3274 6365 4599 28485 24709 945 27671 4571 10711 32453 21064 19437 32175 16630 28475 1400 4087
27408 16751 6941 10641 2970 11557 24346 20827 28777 32658 5584 29745 28991 20276 14751 6361 8110 25983
4623 27301 2162 7657 27091 10127 29081 26113 28852 15702 17022 19172 5111 8772 94 16315 23235 13537
3258 2527 4402 12030 4292 32254 20207 30709 16890 31356 9511 25178 27677 19212 32572 8353 27708 25001
880 32080 2407 4326 32308 8713 22015 13119 9499 31346 1814 27526 15547 32169 27657 27451 28190 27542
29786 27035 22362 18679 28250 14268 8953 10034 27334 7838 13228 726 29255 29162 11785 17918 30633 1044
28241 14641 13237 26577 13624 28773 21966 10995 6099 32335 13972 30199 32568 31743 30394 15741 17062 11913
14418 28814 10622 22826 23618 20588 24632 1422 29083 23866 11523 20570 16910 1154 28382 1047 10128 31818
13466 4065 5944 30745 30472 9520 3441 8853 16865 2316 18309 2245 22742 25611 30225 25238 8936 7707
21800 25713 27062 4390 21853 1594 14263 8016 16934 27483 25011 30726 4544 22583 1976 6335 18895 24850
6405 21658 9679 15779 10087 28574 27214 28274 5564 6349 4531 8024 28078 20455 15899 29419 26865 510
7324 9094 31075 27063 9604 9647 23706 32369 26187 14132 1736 32478 16439 2042 28860 25327 18609 26573
5410 16528 13980 9669 10535 28712 2361 3197 23585 31833 21400 10178 10969 10325 23158 16304 4470 6742
28092 13485 10620 29854 11595 10458 32301 27175 8456 8924 9471 6776 21309 5548 25707 16543 22581 31157
30447 383 28364 25478 13471 25943 9824 17192 12324 18603 13809 14679 4938 20508 28803 11607 17961 11242
768 4295 11859 13911 26335 31707 4259 14749 13953 4031 25234 26821 20099 18782 5879 22553 26748 12837
12659 192 6895 6464 11744 6960 27194 17177 1584 24019 22353 14545 25729 27037 5959 9851 19329 29519
24653 28934 17026 29347 30617 29371 20746 26050 27960 2030 21784 29521 12407 23014 257 30792 27092 4629
3237 19547 18020 25447 25982 19028 8138 5165 27221 26423 11871 30113 32260 25839 12252 29831 32119 27646
12181 12067 25871 6277 23520 15458 12571 18065 5305 4182 17820 10724 8138 10685 26997 31858 11653 29963
8335 20595 7048 4226 29052 20974 8276 24013 25158 773 19525 3167 14425 16357 2980 2457 18443 5561
5647 476 24287 14620 30559 24355 5530 10091 7509 28748 5402 16330 5808 9854 6842 24345 28696 4850
18388 19245 22839 4767 2205 31090 16 21163 7678 31946 19644 6825 5959 9836 27512 1916 17986 9812
20108 9169 31570 14000 5877 2534 5236 7893 3343 31331 11103 6416 5918 5257 28468 26680 22829 7067
30035 10242 27075 30101 3388 9466 18457 20231 25629 18268 32656 4182 789 23955 9305 4111 29987 20878
5481 11934 8278 5566 12202 18266 7626 21798 24103 8802 7533 12913 13396 21621 8394 8850 31763 14129
6379 11985 26293 26416 13286 10592 18935 29559 25888 8732 5831 10585 30055 9684 30011 10897 9624 5393
12686 14308 12625 7754 26338 23952 15450 10029 4772 27814 30556 12555 32128 28022 2034 1196 9652 30677
4 12635 5715 7172 28775 11115 22530 18780 25194 5478 26361 24001 17672 253 23019 19115 6500 13136
9936 31564 27100 14295 12365 26583 22879 20271 2217 655 21777 1222 5691 26982 13776 30751 1080 2314
23703 9406 11809 7609 5759 13834 28480 15462 21392 12787 977 21058 32066 1796 26522 17517 30656 18866
23915 7588 6951 11473 3144 29872 12095 414 23886 30885 13972 19069 1861 19887 5539 11628 29515 10199
24601 20899 26294 20090 23035 29756 7767 30019 30780 16449 18110 5705 27611 13839 32278 14744 1315 11745
19142 21972 31016 16759 13315 13833 22442 10580 26358 4355 15180 22752 5487 15750 366 26133 31203 12335
5432 2092 11403 11840 6590 14813 13800 25051 34 19052 2649 15196 21381 27175 23248 19495 18897 32418
26498 1605 25211 18804 16129 3599 8589 11887 5820 2120 12527 9514 10598 4487 30200 8765 17822 19410
25894 706 31404 11328 8775 18413 3653 30330 14023 11635 9970 4513 27625 26522 22751 8678 5200 5058
32488 5141 20500 10577 3418 1440 6384 29885 18905 13989 8489 27299 5265 28833 20927 23992 11950 3724
29743 25609 10744 4755 21274 30654 28104 29797 24171 7825 32049 5512 7812 9490 27218 1537 726 14597
9038 1873 22476 28319 969 30635 28577 32192 22661 4914 19162 16787 16245 13795 19378 18465 4527 2867
16637 31943 16891 22180 21534 14825 23946 16810 9832 20022 6368 23302 10655 16589 5810 13020 32719 24756
21463 16544 28232 27631 25739 32295 12260 22833 28318 25420 12992 4492 3396 12281 3257 9313 2574 11866
13282 17409 5900 23305 17753 5135 30216 7710 26703 6146 14742 455 5971 19669 2716 4531 24035 14721
8133 20504 21541 890 20921 27635 26372 20857 30975 9345 13987 2677 167 1455 6270 15144 23245 27178
2232 12141 16768 28298 5826 2573 29217 16839 6331 26826 19631 32465 13123 24289 1346 31623 32496 21292
21100 14568 23157 3425 17632 24666 13077 32455 13403 31410 20698 4551 28116 19375 29142 3353 3799 32584
16554 22076 14947 5212 29271 7808 4770 12343 5952 18518 9249 18220 27569 3876 11851 18225 13032 16036
29963 12076 27247 1351 1970 16254 24526 11816 10567 12303 30219 19996 17824 6011 9736 12262 8314 28483
1662 3000 10510 25079 26327 22065 8050 19854 18863 12877 30440 10252 18986 21128 8599 12416 14589 21944
12639 6704 31797 27303 31296 7182 32436 18209 8571 4646 15024 15961 18051 7154 11138 605 12435 25624
12995 23773 11867 32072 15430 27492 4583 98 11818 10861 30348 22514 28443 23549 15335 25809 4304 5527
25038 26667 26897 274 12794 24184 9842 7421 25206 14347 11213 2114 7634 6856 16335 9393 7149 6386
23255 7512 14545 2414 8351 7068 13336 27933 20768 14318 1519 3473 15496 29009 29980 16643 1694 14521
23228 32646 17685 23323 16022 13615 17829 22324 14652 32270 1768 27121 18226 14113 12459 24314 31048 4159
6006 28563 11850 2963 5990 15722 16891 5746 21049 13364 23859 10040 7325 24316 21333 3166 9875 31785
14564 22752 11126 23832 8076 6682 13543 23817 9050 17011 15656 31511 13532 30182 15497 25458 19770 8936
28228 29747 30390 5529 22712 2197 22311 28503 25697 6327 10064 12316 3751 30560 17267 15564 897 15296
16725 3804 10912 8790 14186 31112 29589 28815 8501 12155 28059 10451 3326 30406 30242 6180 32432 13582
2782 3273 13343 16885 2902 16043 13923 10713 30007 14363 25704 20080 26669 18700 25387 4242 31975 21000
7822 28386 15206 29252 18399 17968 15523 25811 32178 7862 17208 6449 2168 13057 22387 21286 22811 7093
12993 24022 13307 19634 1574 7618 13784 20361 26575 3778 7584 26438 29838 30881 1986 2346 28640 26369
1653 22260 28509 12515 17257 1621 24040 6946 5825 24950 24926 25107 16218 19759 28697 14042 10211 32700
8498 31634 26067 21912 1221 19151 23893 28419 3704 5727 13875 750 24647 27038 3707 4858 32690 6752
5681 27954 17056 30141 14 9881 32638 13268 29645 31472 19598 16062 28043 15884 23111 6408 13956 19008
13644 28415 25303 6134 31611 8125 233 27335 20509 18680 26026 16212 7033 8853 16963 26364 24996 13553
28409 31845 15520 14020 6042 7567 17796 7756 13466 5808 31025 12641 32239 27399 25568 8499 17101 26172
8303 31980 21276 9052 30374 2029 25989 13603 9341 16108 10126 23347 8022 6285 25123 28930 22445 19796
24540 425 19558 12887 177 11485 31173 29702 9774 18838 28352 15154 26059 29129 5680 2647 11191 25394
32558 23885 15276 24932 12451 22702 14920 1414 21516 5228 11272 9875 17231 19894 5558 18395 18055 3003
10589 14219 3058 1079 11620 19325 10322 19175 2141 26330 10630 6214 7679 13542 2335 13283 27063 17741
2509 19757 641 30059 19466 20584 29549 21291 9859 603 5673 25781 3354 28492 23084 481 4990 31070
9642 10847 22243 4639 15135 1398 23386 27442 20714 30483 10181 10916 17737 30169 11690 28107 7239 3735
18368 10327 12998 16593 23592 10651 21074 8416 28074 21993 4810 27389 10297 24275 13575 29632 13512 1714
25282 8619 24700 15198 32664 23633 25219 5197 30681 7237 20020 32745 14281 2198 31624 11280 14524 19880
29445 30149 20304 6374 10591 27747 9922 26099 5649 13305 5542 2368 28790 21121 14255 9136 8649 13601
31027 27452 13500 30670 32544 30109 20812 15582 6414 28431 4005 8029 10205 27599 11766 3370 9783 15691
30155 5015 15802 31192 23769 27645 5523 8332 11311 21337 18079 1916 15379 30928 8377 32355 3488 4069
11421 21200 20652 20979 6176 8578 8323 31293 30407 8529 976 2613 1070 21211 31767 24661 21301 16823
12370 28249 5856 17180 32316 6937 28731 23864 47 6851 27991 17513 20652 19332 9727 6432 6718 24702
8508 21395 15976 26713 28697 2128 8047 31529 10812 29170 22963 7031 14041 27836 30818 5755 4024 20119
28957 28568 26866 18691 29442 9049 27161 16332 21792 19834 25815 16795 12245 32224 13387 3299 28093 18853
12895 20193 24482 25205 28025 1880 8169 16878 3139 15872 20712 13200 2612 29867 772 19114 14693 738
19813 3823 13852 18258 26209 27792 13999 22878 18273 13177 26012 10494 9938 12792 12344 14107 22358 13933
14082 21407 21523 1135 19198 3215 2499 2306 9286 15023 9817 23090 15936 22246 31776 19924 1139 1381
17359 13228 15664 384 19061 32407 23836 22400 22014 26908 12340 5901 19788 24919 1006 27445 28559 18394
16029 17283 9914 19989 4154 31361 16764 32758 10242 9554 8197 17498 7226 30907 8372 25002 28138 28435
22318 20628 22260 7173 23456 27389 19700 22754 15476 16797 25944 14044 24499 9495 1743 25084 24497 11850
5118 24987 11945 20957 31584 25119 3577 19188 22664 29652 9318 26962 4720 27451 16201 3784 9015 19990
3085 26459 29950 31390 21380 10630 77 29458 1492 26867 5921 31484 8307 18647 2489 29069 15446 6578
4312 5466 20208 11730 10358 7526 27205 29068 18528 21230 2219 4727 9740 6487 12170 16930 27414 3694
30065 24445 3572 12438 14147 5171 14110 13765 2270 12575 24470 11 11476 21839 5391 23355 8098 11623
3871 28644 424 21813 349 5994 27928 10548 22374 32099 655 4898 17814 14943 14606 7626 23393 21464
15728 23517 625 19775 27848 28288 6033 13962 13939 13987 2220 25534 28889 32262 9106 14857 28131 8974
753 15815 23171 5144 17288 19913 13666 9788 28499 14465 26924 4806 18863 5506 21910 10402 26794 4257
21510 31810 18389 4793 911 9077 16407 29460 26503 18439 4338 7768 9809 7666 26295 24312 29347 2186
2684 12842 27740 31533 9905 22271 1186 24798 19938 545 12577 6000 11611 25340 31376 18890 6767 26162
12932 13718 25624 24903 23674 10169 5707 4991 5708 15566 6720 10301 2910 12295 24633 9754 16347 17899
32363 30691 15951 7763 28983 31318 30051 30987 26666 15212 20504 14955 19833 22140 21918 15075 28978 6746
23699 11658 1726 25602 7465 10854 24369 23183 11934 10161 3340 31025 15408 28234 23833 4428 32004 21890
20622 12986 15282 21081 1189 9452 30834 9604 13077 23862 29502 13631 14342 7823 10413 23991 18778 11889
3644 17841 19220 19227 6687 259 27883 20224 25010 4116 32051 11591 23464 1235 7474 13293 4456 23601
17002 16070 19345 22122 12616 18441 1472 23149 23830 482 13702 12450 22860 25976 12531 8523 18330 25327
16334 16715 28667 7982 9403 31521 28018 27135 10490 7810 7203 23144 30682 874 13575 15349 21831 3187
16946 14443 31597 5193 22807 27761 11277 4794 17810 20376 16517 1089 4672 7982 17789 25059 6735 13624
28087 13137 4186 31084 26607 2301 9862 22246 25709 26839 17428 25469 21863 31474 29685 9250 13995 191
30871 6743 26892 25652 12626 1931 27740 26976 15531 4322 1271 20516 1017 12507 6356 28811 7302 8647
20300 7827 10607 11753 16480 24920 11070 4247 16311 18747 26773 21639 3543 29093 23584 23471 32120 31105
21412 31691 22479 32624 11373 23855 3116 28000 22820 1425 30351 7813 7328 15638 18909 11675 9709 14361
26926 30143 31232 12891 15399 4811 22089 26485 19250 27837 30816 5253 11777 6882 30613 28418 6709 10590
6957 15653 7398 3820 23007 31491 19251 23860 28453 14712 30349 30836 12576 8710 12297 25318 5135 19402
9882 26311 1806 20057 11574 11255 5606 15599 29594 1217 31821 30652 16101 32250 5746 32218 11502 32309
23101 11455 20241 94 18112 6396 10297 13684 29731 27706 23138 6561 12529 29707 3790 18591 22785 20182
26121 7442 20800 24865 31504 26478 21720 157 17728 18459 32706 117 26163 30846 16959 2659 11917 4068
10752 29143 26042 3812 11263 27488 8585 16084 23626 22075 14495 12206 15945 643 7220 25075 6924 8468
9533 26437 2136 18492 8330 1678 3302 14838 9870 12077 3644 22405 2545 18330 29575 28156 27096 9003
10721 18446 13023 11075 30093 12647 7147 1861 15581 22273 27127 20589 14316 12531 1790 7335 12762 24861
14398 27705 18259 13193 32715 18315 20000 11207 30127 5986 20965 19346 9064 1202 21191 32471 12194 27609
12418 22693 25740 11970 28407 3554 23987 29284 16494 22729 26909 5068 125 12772 26494 24553 3250 2627
14279 23289 9705 29359 31236 8953 18350 23739 13656 14775 8169 24660 11594 16741 5288 13085 29272 31099
676 15549 31165 1448 8481 29880 18565 19767 14176 29993 32197 31886 3726 28461 18519 30412 19950 27608
4941 16997 11144 1920 30312 15503 7751 4374 13594 8395 32158 15309 22829 11974 14841 19750 13412 31756
6840 29912 22009 15651 11661 14753 15989 4318 21121 10097 24389 7270 4637 10981 12786 333 10239 17914
29064 31639 28419 2494 17520 13004 6906 486 24779 2554 27414 31933 30729 31618 16826 23863 30317 19433
19991 25008 24792 8141 12845 3105 24212 16651 21154 6003 14902 8104 15265 9786 25987 22848 18228 5864
19627 21580 28761 10349 1308 14959 32757 23827 8973 24006 32442 17920 17054 22006 6178 9240 4150 24604
23328 2654 23542 19998 891 27900 1157 4414 14641 19068 17699 11207 28658 22823 13078 5682 21833 26242
30209 25460 30426 21443 1968 12463 3670 23347 1911 11141 7892 2903 27648 15544 20202 8997 8518 8462
11492 15163 23840 32243 18187 26804 14167 15750 17989 17679 20755 15682 30058 1880 5951 7304 25030 6765
27750 13859 289 23792 17860 4363 2343 30231 1929 21611 25406 27559 11378 2817 27359 26031 1136 16801
24563 19198 5883 19676 15198 9028 29694 16974 20564 27100 188 28881 26316 16018 2928 25588 15303 8024
12894 16074 4667 5856 27172 31262 16805 3306 12085 20856 28032 9206 11987 27656 21102 20367 29381 3094
21583 4176 23839 21056 14738 307 32325 24512 16403 8684 4912 25596 30423 2691 13860 24865 2375 29772
3884 13461 26542 17432 3971 11709 30945 443 1160 16667 16669 26710 3500 8605 10788 31941 16854 19951
22724 21627 4030 23732 15281 31223 9728 5140 16080 6776 28142 6253 20791 26873 26091 16032 9985 25164
26399 19752 25898 24184 8692 14492 8855 7046 24196 10170 27122 11596 19333 18983 10652 32472 26867 20210
15263 20559 23083 1540 29791 24415 10888 30980 24891 9096 20940 1863 9513 19593 996 20756 7783 28122
6017 32386 16747 814 4133 11484 21754 14997 5990 4053 31626 12093 29134 4570 13854 661 14882 32711
19492 32086 28880 2866 17515 9856 10782 12581 23504 31732 26554 20183 9399 14192 27002 29320 15427 19805
338 13116 16415 4344 14076 7087 29249 10467 17947 29895 13633 16996 17440 31497 20134 11352 31149 19288
6622 18562 14909 4918 6252 32161 18544 20428 3094 5851 4146 10383 1438 15433 17669 12619 5256 28976
12156 7856 1338 17130 13714 15128 22271 5453 27275 9668 22658 14481 12761 10721 5271 13348 16771 14408
31918 29354 4049 20798 31944 15258 30698 26750 25638 9708 8688 4429 20327 28641 31319 32155 37 26684
17496 7175 19868 21723 5060 25032 6749 548 14917 2811 31686 26638 29506 24379 32310 4138 23489 17558
13012 10599 282 11783 29296 29802 4873 12712 446 30077 1239 20808 674 6184 10748 17170 24338 11972
6684 17637 6342 32022 26559 18218 10879 14001 30411 31462 26249 7984 32281 3865 32315 14278 34 10537
7953 9688 18202 25771 20643 16071 12361 26275 56 26002 21108 20341 25983 9347 19423 6386 11335 12682
17181 10920 4062 18117 26513 12821 21320 31953 31918 2621 17202 4690 15684 15786 11432 19531 8448 28861
30003 23640 21005 15979 16509 30655 23981 21665 20226 3015 27514 23515 399 15240 2370 30179 12019 4822
21698 24503 13834 6722 4445 832 31175 14501 29908 871 12732 3563 14232 4132 15491 12978 13206 3459
24357 2472 8006 23005 7591 3597 12070 16230 6433 19262 11004 23825 7880 27005 16852 4744 21604 31865
10746 15231 11788 32349 22350 17971 6389 9396 21930 28986 1974 31324 4636 15552 19376 27252 8000 23146
26516 10506 16730 10601 18337 9393 19749 2214 2705 28004 9760 3441 18422 15517 26713 26706 38 2829
2261 1511 8423 24287 31265 13938 19412 16384 7928 26872 18853 32078 6529 17881 22233 11853 16491 13257
13739 8198 18578 5370 12631 5386 27890 18244 32330 1988 8786 13083 9230 23089 8689 30306 23596 7769
22478 30206 4623 25665 32664 25381 28853 14602 32185 32603 10628 17254 16032 11340 24528 10575 10797 4696
26160 11018 30131 27358 14601 7939 25034 14631 25100 15255 12006 32628 12635 22896 21868 14922 30541 7096
19783 12264 11395 10500 28630 24144 12749 25064 16989 5347 5793 16555 12976 1332 4151 19969 5024 22286
3515 22388 25734 3020 5662 21168 12289 15595 23296 6680 3603 430 11491 28393 5469 2106 15498 27708
18350 11793 21926 22393 17918 9039 32460 31272 22287 26043 10896 28822 3623 7856 26118 6720 7277 12400
12371 5925 6570 32451 26563 32373 20581 15996 30655 14960 22821 22762 13430 13773 4380 11756 3905 17852
14281 16748 4306 32221 16397 8282 17481 22859 8348 2213 32620 25695 12114 8296 13521 21638 21549 18604
14902 14483 8012 22293 12560 12030 3599 17110 31710 19659 3063 4427 27819 8741 31259 3356 6494 2038
19079 5491 113 8895 31308 4021 27561 18171 30479 18696 15283 10853 15352 21139 2288 3736 12698 9671
17883 20742 7523 6857 20033 3165 11271 32635 4093 13932 25430 22578 14567 26732 1893 6479 5669 15248
16024 25287 4153 26415 380 2981 28928 3182 8522 2126 24207 23184 29231 30943 14151 31044 25727 27045
15193 25464 6458 5055 12126 8207 15825 10373 25659 885 15210 29776 20612 26194 1239 25778 9907 32277
4202 15752 5338 16942 18561 2483 6566 2722 32746 4823 6754 21557 13501 27727 9901 21843 12123 23969
5311 20676 18400 14321 25552 20755 24444 25296 3752 14747 22630 11336 15550 22710 6566 10282 31584 26425
27130 10909 27848 8406 11655 10740 6222 25210 21358 5002 18380 30980 32318 24665 7778 3595 13282 29767
21548 23909 8297 5401 17315 8193 14487 1110 13291 22582 18231 2248 3236 27436 12810 29411 24220 13138
501 26749 28180 30887 31212 1068 10865 31127 18901 4909 15939 29060 10285 32613 9730 18560 24343 12168
30337 22567 6334 27597 16861 29101 30402 4302 17597 4492 16659 7752 18857 27670 14357 27883 27880 16220
21910 5923 11780 5680 2523 25005 31384 26826 16135 12066 7664 18060 12361 19063 17003 29848 24636 5483
28689 11818 14901 25984 13239 29205 11119 7371 23689 2405 16035 18814 31170 13088 1974 22837 1606 8662
27181 11017 28000 13693 1746 3414 21625 8083 23792 29258 22144 23526 27245 26654 7216 10952 22381 8266
32195 30789 31061 4645 6628 23853 14455 1164 3522 9403 9653 2873 15026 945 19129 17049 17574 27933
501 22470 13878 12199 25044 10058 30148 18626 1677 32432 30676 6295 18489 20096 23274 25535 10053 22084
22583 19875 31886 6275 13837 14468 14571 8720 9973 14030 16189 28600 17066 31055 9932 121 985 26350
28616 24011 30554 18864 30732 10242 2205 15569 14963 29030 5955 18459 9590 29926 16958 21702 5540 29623
5040 26435 16020 18060 31389 19019 3995 28113 15727 6062 24449 11541 20965 18812 27558 32308 18006 16721
30273 26345 10246 28777 4068 32359 4851 3303 22608 11772 22132 192 17046 30829 23495 32112 10277 21901
14668 24905 14252 27677 7938 22994 2712 14234 2284 28520 28251 25809 25039 26181 11394 29238 975 8320
24194 24286 16893 28094 6204 30027 26497 29601 30265 32005 22380 7088 23292 24546 14971 13011 26441 3594
25990 9540 31337 11708 26000 1220 17578 25089 23778 17161 14894 13512 7520 20020 28690 28700 11400 31299
12662 29369 7147 25468 22375 19430 25518 13997 12359 10853 10724 2567 580 27379 8995 13250 29990 20839
30839 18869 28519 14877 24225 13898 12935 19824 19070 3755 17016 885 28342 5628 25687 540 28248 6785
16636 9044 29115 5857 30086 11759 1819 17905 8320 3611 32211 4799 13639 6255 9760 4676 9089 9586
8744 29337 7427 3867 13489 2777 1912 24126 14460 30881 25936 13124 11620 30375 16830 13740 1672 22776
27646 5988 9633 22974 3516 30427 12226 9169 26925 11439 10027 18066 18885 20596 30347 32409 29911 134
22924 32761 9474 14824 19972 11681 23727 18964 31639 27163 7347 10575 15171 28026 18714 18317 11570 19559
18928 6312 1798 7327 13061 27644 2098 25273 32522 23375 16118 13525 10622 23710 2729 16143 13524 17313
1913 5296 26298 15966 20384 31479 18553 6283 15634 6419 13855 21317 6472 14623 2280 23229 26029 1739
10593 26672 10704 30411 5148 23157 29278 17385 7729 4650 28041 11574 1224 7406 20703 24924 5088 15340
29703 17226 28690 4533 19705 29762 20582 866 14706 20217 12915 6281 16853 16353 22118 26402 16558 9952
3546 22085 7152 11885 10848 17416 31736 17288 5863 23306 10840 6969 26723 8877 1887 28977 29241 5939
16385 27589 10574 21689 12650 20755 25203 8520 9626 31095 14470 25252 21803 11029 9511 19201 23237 19197
6497 18713 872 3875 8390 1874 10222 7652 23715 1652 31812 18108 25058 8024 32603 16396 17965 30769
30901 5749 26816 14446 12043 14630 16911 2200 17427 20349 18140 10537 25076 17453 10869 11318 9588 12568
3173 7971 29127 6405 23827 12037 6495 6663 1489 5244 2077 1480 8280 21142 23288 2630 18729 5436
4161 22658 22883 15066 15866 29742 5048 21730 30864 6288 4364 11293 22472 24181 30612 5075 17395 4121
18906 6238 31013 21798 22749 21744 27482 9594 9514 31931 30661 11148 15229 25377 3939 1316 22727 3890
18277 3419 24751 9892 31153 6854 29813 15280 25576 24684 13350 19130 28298 23223 30586 29234 2638 30281
2535 13070 19997 23511 13820 17298 17050 3433 11198 16738 1656 16571 3755 20350 14581 8940 13959 27320
21616 29023 28685 501 26478 5118 18420 7472 21928 9372 11828 8305 3955 3943 31693 30013 27045 14693
10279 10189 814 22261 14749 17247 25513 24768 15694 31135 16188 20764 21031 24966 3061 5896 4908 22913
21499 27216 27862 22653 29027 27954 10855 15076 7962 18090 17756 21952 2799 8890 17671 24166 21782 17228
14596 28783 10493 3806 6949 16224 23253 18425 9311 16213 14156 23096 24853 20803 28460 26738 4275 15908
19916 2085 7272 3440 9166 22048 12666 767 4860 20597 18913 20515 10209 8577 12737 17387 27787 18596
21110 1698 24672 19348 20997 11402 369 23961 20792 11311 21111 10110 21835 863 2833 7448 10408 6100
23633 3055 16092 7993 30474 20280 26654 6628 16174 21676 24497 11562 22647 24487 407 26936 30852 13337
13294 17787 10652 6086 20202 24816 27543 21651 4226 20857 23857 10140 26449 3585 23329 18985 8308 16617
16412 32625 17685 3190 12940 21477 12955 3972 10965 31124 15083 13560 8114 28044 22255 6773 742 21340
14703 6801 31769 12475 19505 17884 3157 30531 25802 22486 1755 1762 15654 29262 2910 5618 31258 11444
28061 10831 20094 16968 13768 4058 1215 27581 9872 30739 31745 12253 29793 12009 25667 14266 6555 4385
17963 29152 29835 12200 8587 4367 6663 19494 12214 12747 2513 6959 5252 13188 12273 30453 2842 4335
24395 28731 22899 17250 12733 26547 6103 32262 30998 7416 5796 19288 11699 24267 28748 23265 1521 18533
4556 2455 9054 14385 18175 29104 161 27605 5553 3500 3370 27880 29749 15007 8576 15418 10092 9678
14798 25749 21327 29001 8248 25652 3061 7217 30188 5849 28788 31278 17559 3338 7670 17738 1363 32004
1510 6245 18645 14420 29430 23570 27845 21340 18886 29394 2725 26991 20685 12464 2910 10964 2882 27123
3264 7993 29561 9555 1003 19032 8286 15647 18588 7491 8780 31710 30364 24749 9000 33 20359 1388
5535 29569 2695 1355 32654 24791 15520 16786 11301 13822 18178 2680 20629 15463 30182 15518 28833 5472
15679 7805 3581 1295 15894 27791 28474 6488 456 15699 2495 30574 5602 11177 23303 23774 30189 29148
15745 8216 28066 25087 964 15248 24911 26522 26648 12549 9909 32472 6846 20287 23433 19528 31527 10075
25888 17046 18706 15742 1381 276 22633 16507 12523 22440 5299 21756 4743 7200 24411 16317 26547 15469
5607 31524 8938 14958 19108 1045 32310 31921 32030 27085 27740 8410 23981 27983 4546 15087 26664 15391
13327 11753 25101 4511 18878 2559 1983 19628 6130 6971 29943 17239 2290 5770 5380 25284 10328 3821
9494 26112 28576 8349 5933 12249 20829 32058 24431 5200 11319 17693 30932 7435 5234 23052 11634 5463
7535 5932 28053 26829 4564 6723 16975 8729 17294 2510 10070 5145 25145 1336 22582 31502 492 10569
23601 8256 16387 22172 24125 19886 12412 9434 7038 7231 248 12159 30087 27083 32038 10223 29581 566
24509 22570 16146 18273 7556 986 26459 25875 5417 20839 30947 23443 20547 10564 13190 28130 16908 13811
27620 16067 11929 29094 25690 10608 10345 27769 10507 8583 19945 14531 15124 9666 13632 10313 5920 4752
12539 18007 25417 24443 22979 15258 20482 5120 2492 1832 30849 32652 13557 14479 20054 226 19152 5924
23519 26756 3405 25324 27378 17083 2269 6744 22879 5197 6652 29064 10843 22270 11243 26296 7547 16693
7309 8150 23117 9370 29041 32141 31373 28698 19036 3922 32601 8547 15653 21734 32364 12640 1605 30974
4601 18379 15116 28986 22511 17038 27008 12053 3220 23547 20632 20150 3160 31759 7728 28238 18630 436
24170 6916 31975 3695 2037 32616 11460 8631 20897 16008 15419 4020 15798 10453 10499 7946 1439 13827
13305 22924 21369 28675 1457 23776 29959 15343 6712 13812 29509 11007 45 5043 15314 16954 14076 23868
18207 25064 14452 30477 26748 15266 31163 17298 12925 110 28400 10982 7587 13618 24295 13832 23404 22373
4475 2316 835 16341 9577 18600 1124 28179 6488 14064 2232 10654 21519 5003 13742 9202 14418 2783
30137 1991 3894 16535 14097 8706 22158 16791 19494 3976 15883 26839 22763 7263 24532 976 31092 16405
63 16894 3608 25499 24861 15291 22579 23544 29589 7192 21795 18071 30238 14964 370 12947 18699 11963
29199 17292 1715 11658 28252 14732 10951 14036 30622 2541 21644 25738 27065 30290 28978 25580 8445 19378
22622 26216 20834 14283 10445 5572 31499 24290 28604 22317 10179 8089 26515 27102 24065 12081 23114 11526
30024 31683 29267 6366 14107 32580 1910 13971 31255 28691 12892 9266 8624 31338 13288 28517 12109 28586
31515 21342 20722 5641 22260 9813 6335 1659 7960 434 18843 17162 24590 29332 26119 29414 22053 15303
27392 28536 17528 31021 25772 3829 29268 11437 18623 22509 23714 748 16676 2602 26061 23496 21656 10515
4518 24899 6254 29390 6160 14904 22362 28961 23272 9280 22959 3960 2969 98 15036 24985 2917 8147
30605 2198 21346 23343 8933 24625 28508 16749 27124 25074 22605 27094 22401 26899 14780 13664 32521 17449
28349 2887 32235 16300 16810 23704 32088 5658 15351 31636 8738 28860 4116 4556 5349 26252 27585 16792
4222 9074 15599 16178 8393 9612 13792 27743 32568 15134 7421 17416 14483 11800 13170 8340 2009 18602
16192 10725 4650 8021 1178 30251 28838 19461 14937 10855 12994 1630 17901 9679 18000 17847 18988 1175
28869 22429 21997 1600 17764 6244 15692 8823 17713 14397 27283 23053 5053 14913 12908 3700 27936 6101
30428 27907 18930 13956 9751 14596 23341 6594 24613 395 19686 32526 20466 3579 30973 20148 948 3645
30625 3560 20570 23068 14583 15925 3193 19337 5161 22132 11776 186 30569 16437 6171 4345 9599 1858
8978 269 11337 9785 11462 703 225 7078 15128 19376 27804 13675 32421 3922 14207 15550 16448 26698
15355 28562 1397 15583 20429 29541 30962 27374 11797 11501 24985 18129 20231 10624 13625 14770 22571 1383
4654 2860 4807 31618 11378 8708 4769 2646 31266 18495 31387 23052 10920 15954 2629 20468 13787 10731
24867 31540 3575 11137 8772 18093 16574 10104 26124 7219 5207 3705 9463 25817 27321 12480 1868 4815
30945 26979 17966 8218 7528 11216 2671 12011 24947 16785 29705 14057 29207 17023 14036 27637 7166 5324
30963 18957 5881 32701 24118 29304 11339 7817 27838 17968 1197 15680 14033 27023 10556 28176 30297 7489
983 24825 1237 6245 27261 19296 23897 20490 618 27247 4992 22470 1495 27903 27482 18342 14713 20608
32543 21359 7396 32096 7566 32515 8829 11933 20018 7147 31320 28785 9788 31858 15549 17031 23337 1953
32674 10509 15935 6896 9014 14754 3500 25775 25199 28310 18055 9223 29101 20110 25664 31283 14846 12891
14728 14567 31326 13974 19933 23021 23808 9441 27880 3116 19345 24397 21276 434 3757 7176 8922 27460
1249 31723 4091 19662 31857 18412 27533 6088 31975 25283 32098 13783 2938 14501 22217 29048 14021 15109
2680 26556 30238 13232 30095 28444 10123 31277 1590 8108 14717 22930 11077 26736 19367 12558 22792 24137
21210 6992 20343 12182 3199 10748 3568 26991 19740 32700 8030 31296 30221 22000 11407 7527 7816 14641
32557 7126 15379 2540 25122 3743 22000 2839 2961 3650 4075 3322 31565 31534 6263 32528 31621 19430
17873 29956 11680 3091 28360 27369 20846 30963 19059 21722 12482 26373 25355 17885 23766 23787 26752 14720
10353 4021 28115 19933 3035 11315 24080 30585 23952 6542 13336 32146 3240 8552 16938 18632 18424 10460
5228 20884 16135 26387 14942 14823 26545 17593 1169 24015 30132 20728 43 26533 28345 30722 16144 13103
2110 26081 13931 3184 14935 17292 16542 5422 13314 14513 3819 24072 7314 24293 5555 32514 20014 4660
16436 15038 30186 19074 30674 31112 17622 27289 19037 10049 7829 12439 15204 16525 28872 13032 3383 7088
8232 5940 3294 14377 14005 28254 11633 8627 16141 24912 32396 12950 31003 7174 19002 16732 21511 8319
26056 1389 22882 28784 644 16161 30109 13977 2241 28458 18858 24284 19193 10518 29112 18087 7106 19701
28120 29417 4874 13454 5903 30501 3801 8101 19935 31234 15037 27527 20127 752 11073 25005 22115 31991
22505 10791 1388 6923 237 11382 10944 2386 19436 27763 25986 6139 9221 11745 18039 19217 10518 27511
24580 31617 14945 28034 28291 30183 26676 2821 1615 16833 22802 25284 29420 32480 28149 5933 13190 786
12752 22977 16499 9709 24691 20893 1593 25932 4241 10553 16826 20312 19692 20305 10674 23921 10496 14215
4387 11544 7399 9688 28584 16662 13325 20735 31268 14510 23521 26892 14742 10171 23855 19560 19102 31807
19680 30847 12901 7350 53 346 29862 11356 20439 7394 22426 8231 13984 3363 32748 4451 5928 30125
21320 30986 13582 26791 19219 16650 11553 13965 9537 22073 30957 19901 7545 10204 18842 13530 7321 16436
17869 27805 2162 25263 30525 17680 8533 23214 29437 29064 6387 26683 2386 26752 19903 30135 2294 23072
22757 645 24841 19099 22512 28557 12003 6921 8460 6244 734 3722 19325 26133 26673 5479 14857 18161
31865 27820 4735 14355 8700 23591 19993 19282 6605 8203 20399 22314 4237 18890 10914 15289 27350 9217
1909 26836 23784 26053 20850 4448 6433 16754 6567 14381 8778 6660 23202 449 3281 27781 2737 30588
15218 14429 9652 10278 25315 29248 7592 20863 24752 20474 23383 32581 12820 30109 15690 19234 5329 21303
16083 10872 8345 15708 13717 29890 25281 3277 20308 4014 18858 20885 15746 27637 27465 25940 14805 16484
29416 26861 20558 11491 16977 30965 6736 13225 4582 9789 22263 13207 7285 31920 3373 20293 8638 9771
8702 28136 19604 29716 4396 16704 18524 23693 12946 31917 4420 13981 14455 10648 19506 16855 21543 17735
12836 17699 10840 5009 22983 20671 1584 21314 28082 28570 29855 16207 6351 21443 13679 2470 13988 19008
11590 15135 4668 603 17754 9375 16690 29548 25544 19803 25905 28400 27080 2789 24845 10463 25278 11673
19714 17409 20616 28493 13918 11576 16726 3634 30276 20949 6780 16933 11176 32165 17596 30197 9373 27597
9621 29429 17159 22320 4579 26966 10276 5641 9721 447 13294 3184 11929 25687 8939 739 3981 24761
22604 10990 21331 9116 7768 24667 20429 9567 27273 28818 3248 15924 28900 30145 22224 2749 4752 4408
11470 3861 29564 4341 28957 16900 17296 19534 3300 28230 1772 17449 28898 5284 26975 21013 7864 15110
26992 29470 10218 21921 26138 31061 20010 13452 23657 12553 12449 8990 24473 17628 12972 9253 6508 28055
1995 30647 23756 14520 4290 22068 6199 29355 30228 3117 13149 7 11154 25637 9187 12803 18795 2267
17735 25194 26184 19868 16500 25218 24217 1825 3593 2408 13710 25123 24686 28076 31424 25346 130 5627
24925 31363 27214 11602 29894 23653 13375 1558 5642 629 3589 30945 12015 2354 25300 27147 17951 20967
27229 776 24680 5601 13747 27203 23450 22187 713 1832 11894 22493 25492 7299 14767 3567 1141 18148
5771 11899 7596 10646 3625 19876 23588 22393 9998 13480 19853 17054 29377 24078 7052 16224 2425 17016
8822 26319 24283 25430 11987 25560 23456 15990 28357 30892 26866 5883 25095 17978 22765 16231 21917 9193
22548 20790 14002 4539 21599 32114 18542 4725 1365 25249 2397 30847 420 5131 21528 29244 3446 15813
1765 24995 3769 4842 16115 19148 21034 28749 29269 26190 3476 24657 30203 8804 19418 27874 14841 8055
11630 27047 18986 29668 10990 9299 23816 17193 17468 9623 32385 29718 18801 28542 8555 4676 10347 25957
9468 10030 27747 18549 6345 5584 23068 30296 19570 18020 21907 21525 30283 11396 31970 4933 32176 30024
9382 15272 13323 26683 8468 9799 2435 18321 2283 22055 2228 15278 23880 22990 9656 5675 17113 8722
11434 30627 14360 31346 23278 9517 30035 3721 28685 6336 24923 10365 16846 6391 18310 5418 8104 25746
15253 22833 4339 15377 22009 9040 15109 22442 13799 10321 31228 5155 29821 21423 31062 25253 29979 31204
22342 18470 16192 30684 8067 30703 19792 27488 10603 21853 31932 29063 9533 26870 2941 5472 25783 5345
20175 23705 10936 5134 3822 7437 3733 4459 13435 2031 15911 25012 12987 5545 11095 11433 23404 16250
28954 4602 1909 12806 31565 5289 16713 25939 15905 23125 23627 17918 2193 2411 9562 23432 15939 21189
6368 6168 1140 29282 18923 15725 11885 13198 26275 739 29940 17421 1519 26909 17692 25283 10842 26244
12892 13650 9820 22817 22436 20855 19875 27167 13422 17663 8141 19903 20443 10642 22613 3457 12385 3926
4074 18093 29071 19243 23122 2724 1530 29610 3808 19553 28657 6669 9370 1768 32082 2469 20733 2444
21290 6955 21274 5324 21522 26358 6214 13538 11751 25169 9742 1396 6949 13476 30068 19044 8931 20301
11131 2573 25654 5325 23108 5319 14815 7098 14540 9568 16164 22530 31309 1847 1545 14435 13381 27960
1894 680 31929 26243 6865 31457 11890 7159 440 8877 32200 17174 20895 6863 19356 29241 18840 29919
24673 16887 24391 32666 32125 26605 3759 23237 28533 13971 14748 24044 3265 11855 8761 8041 20323 3123
19677 9501 29196 296 21741 3498 16358 32610 331 15502 71 18472 9174 21810 11557 10127 4224 4511
23895 2242 14000 16424 4433 20578 11053 29856 19485 10082 11370 14496 9791 9091 28248 18116 17852 31011
14719 7695 26345 8665 10525 30571 25394 9485 5362 27422 24753 27918 29169 20855 5876 21984 13845 10916
21823 24881 3099 6484 13813 15205 25041 15756 11144 32294 7610 31180 20956 23543 2139 28730 12786 8477
13446 16928 25074 13804 29333 24545 12069 3615 7109 29475 15564 12650 16289 12416 17430 18834 458 7382
25067 24950 12859 4506 7484 16793 27958 3088 4908 5559 20064 5222 29697 18370 709 18346 15883 15346
18107 20746 24732 23134 6785 24163 13718 4473 14915 23576 31542 15902 9601 1036 15253 9398 16785 3094
19828 26501 25411 32585 23065 9862 19532 3841 5195 13403 26440 26311 3353 3118 20270 20418 20775 30042
28270 12050 15327 30 16580 11203 11128 18276 1186 1997 630 9240 26508 30810 8791 15732 31269 2401
19290 8844 30495 22615 3563 22917 10582 12904 14531 4006 32198 24948 28887 22174 3041 13588 24128 7017
8706 4583 6688 16923 8320 5365 19026 4849 12319 5579 5612 25858 8260 5164 24444 12731 30601 23757
28622 32217 1111 28993 32388 17293 30807 32628 17374 18917 23356 29748 32590 5522 24798 29898 8224 24259
28273 19538 31359 14385 23341 6066 13911 21455 14310 15774 25381 4172 10877 31923 23869 15343 10132 7738
28701 14570 6334 5916 25151 28330 14533 9276 21925 13446 13347 11976 10923 8687 22498 690 20177 28406
23660 9582 9635 21369 6005 22358 30423 3663 8375 3167 3378 607 13934 26695 29460 5344 27872 2500
30737 14475 29933 12590 27626 21146 1695 3634 15061 25667 14853 16636 22211 9821 23504 23130 6641 385
2368 26444 3903 4041 7991 21553 19151 5043 18496 12827 16621 4217 13926 11454 17769 28460 21494 15038
8346 23957 30538 21876 26035 21069 26186 17419 30178 24943 13597 17855 23900 20363 19361 10094 29928 3300
7856 4208 30005 1699 26717 4758 26447 30936 27497 18799 7781 11785 3663 5327 9824 22477 22739 15072
21589 27823 8714 31928 25590 14179 30780 27393 19968 827 4340 1396 17512 4535 19473 29066 32610 17827
5656 21653 18400 12061 13724 7451 27429 25814 20518 18235 961 22334 12851 26810 17379 2037 9883 4039
11370 21293 26866 16763 24036 13840 32647 9031 28259 15962 2084 7112 28810 3940 17619 30453 6169 10307
29395 22828 10169 22315 14835 3554 4980 1554 15924 32110 1386 19667 8529 22055 12001 29702 32550 13431
4916 21937 12715 22178 14184 18141 26575 10126 25524 30322 23507 11403 25022 28031 13566 8941 25664 7301
24591 22663 1021 8791 27573 2901 32256 14274 13185 23708 7940 27881 26296 9055 2035 9149 13767 10642
14355 29536 13282 8487 2054 24947 13967 23583 572 7135 16861 5062 17596 8347 19153 19222 22504 32285
23943 6335 9925 6492 29327 25615 1100 9480 32599 24962 27196 13753 3644 22969 23797 8190 26911 2299
8332 2795 9292 8364 11075 25701 4937 14596 355 8947 30342 15700 26087 32649 27270 8181 3280 5721
26562 24934 14961 5993 23828 13863 31809 30028 12623 22787 26292 15547 14480 21323 1113 362 26713 18675
25192 3169 22330 5107 26172 14123 21400 15154 22666 8367 7566 3974 20787 10024 4223 32078 28910 21282
18341 23751 5119 8201 2404 19813 27097 19911 1763 26752 7821 10163 14886 22459 307 27829 28517 6665
21345 17616 17981 1129 11864 28581 13668 18825 10505 6274 24103 5303 11112 31578 15073 1191 7057 18311
29894 4228 20228 27443 27911 9443 28231 13368 17653 1017 13642 29320 29102 13457 15604 1936 9956 3314
14849 3719 9464 9323 23915 2786 13823 14468 16785 18211 26279 20775 4380 20836 17884 12377 21196 16653
14270 22761 1693 12706 10273 14458 70 7944 10217 16605 10999 3815 16893 31889 8722 13165 4881 27283
19310 29425 29026 11629 24273 400 11988 22929 1708 30510 17142 28344 1483 3952 26609 18638 3737 32380
30484 5135 14278 1846 4098 4157 14740 16006 22447 12058 24848 10336 23184 23121 25640 6471 23986 27763
741 2486 11067 10566 8799 18057 9830 16744 19594 10884 12918 11509 16744 19827 14613 27042 1360 21549
23465 26663 6375 19973 7287 13434 17857 19342 2644 9717 11440 6776 15424 8780 343 21178 10157 16287
7749 8454 7829 21070 24515 31326 36 12728 28169 9491 26997 16395 26243 17149 28892 458 3321 18663
14486 20584 29338 3841 25885 29671 15934 26401 16982 12253 435 25520 9226 4098 18566 15416 19918 32598
19421 31478 28110 30566 30628 24550 30633 20995 11519 9428 26975 2723 28134 3789 18546 31461 24125 30934
25056 24182 17854 17370 6510 10753 32678 22447 21556 415 811 8632 19044 23091 29082 15497 19542 4712
21841 11421 18161 3714 32327 24250 4883 9202 10179 21336 23659 24478 21300 8994 11106 29680 1113 18725
24258 22944 19130 23995 8166 28656 17493 12073 7852 10457 1417 25369 8328 2823 4648 3515 11948 6232
21516 27083 28620 25379 15042 7697 30902 24221 28710 15363 8321 14021 20275 25535 9151 15192 1680 14612
9001 10816 5655 5658 18717 25861 4145 9937 9028 23963 19765 23012 31284 18003 31703 21284 13662 20852
15056 19097 5577 2953 10165 1427 21519 7467 3906 21543 28074 56 10941 16559 11656 29693 5760 23598
15355 15539 28215 21433 16740 31355 14756 15269 26836 9036 5965 15311 19894 27731 20520 2190 8189 11860
16493 21977 3301 4508 16834 12015 13794 3345 735 24505 17188 1113 30659 23274 23949 4496 20535 18922
7086 17929 7809 12724 11780 28206 7154 22778 22154 9495 14035 23420 30616 17107 21716 5893 17911 29278
30657 23764 27079 31403 11891 5440 7097 1734 32738 16375 2128 31144 15040 32125 1812 6292 22233 3727
28911 6591 21359 29606 8639 24838 16100 6924 28937 30931 21416 18197 11749 4560 22094 6724 27300 5603
8514 29787 8997 6814 2290 3292 2690 16027 1646 30366 3163 16000 20957 30915 19732 19672 23386 26871
13644 31109 19589 29379 21649 13385 32593 30777 10161 13894 5769 30704 3540 24477 8874 9261 31014 21285
287 5959 9853 24160 24547 20803 26732 30740 4756 27393 20929 25179 9536 10759 19166 15349 22451 25157
24210 3299 28317 20600 18990 6675 1425 23137 7370 3224 20078 24515 29112 14275 27250 2235 4761 2772
18325 15776 3079 31156 12321 13264 579 26894 30390 15330 20580 27039 27814 15646 16237 20113 3068 2541
24627 27548 1119 31292 21679 1470 5136 30270 5278 17356 23298 24288 31031 10696 4677 32706 7192 27568
21893 30164 21997 9187 27001 14266 26539 14302 11106 10983 7009 31028 5655 29362 26766 19752 2087 25624
26376 26601 14141 19092 7620 26268 31975 27458 30885 21766 26738 28609 29043 27249 16883 10147 14379 2462
27391 19063 26242 20490 18435 10050 2787 16527 8073 27887 5656 21788 6641 30845 30978 1012 20352 21532
31969 898 3659 21381 9031 23160 18106 31151 6387 1596 18563 5078 2118 17686 15578 13686 22239 20359
2725 453 6710 3213 3805 28320 20406 3551 22262 27669 9240 24215 18542 7609 21998 29135 24882 4401
32619 15331 32187 7592 21346 17266 20524 22776 6564 13624 29876 19855 30334 18322 20320 24078 18880 30966
7837 497 12335 30120 28707 18296 30098 12511 24991 18087 166 31995 23487 29167 1898 12097 12813 28623
5535 6757 21542 27050 13200 27846 31792 31730 14172 15771 1593 13222 3540 21914 23959 17648 1649 32475
10931 26409 28359 26495 11953 472 2310 25664 30714 5962 10655 7758 23605 6203 2176 30579 25476 3214
4465 12966 4289 15805 16169 11000 13147 20014 20157 9849 11826 27072 21821 4056 24494 31695 1300 9026
5944 5759 11972 23305 17415 30434 18526 9962 18662 21236 2289 15093 8550 23598 25225 413 17444 9229
26577 31984 28385 19778 26858 9042 18201 13927 21364 754 31772 2572 8657 14632 22227 24489 26041 2207
25085 23119 14853 6883 6318 28694 10161 14651 17595 18202 19006 2194 31696 21482 16160 5370 25825 9329
11431 14334 13018 1294 27619 9850 296 27239 8787 12776 32017 19575 21969 2134 2052 24354 18669 30
16413 21443 10670 15013 6338 4108 24541 10847 29052 1645 1781 18514 21859 6994 24127 1087 20502 17350
15751 15578 1010 18816 22517 19060 28039 24580 23256 27042 19 30460 13149 4219 1981 30208 1946 31623
31880 19840 11994 32208 12981 2233 13609 24653 5265 19843 13865 23562 20838 29857 6940 31824 11655 10215
2060 29585 24543 12636 1196 12221 10335 26477 11206 14774 3162 25345 28275 11313 25387 27143 13939 19928
8456 15329 29591 6756 2676 10905 24743 18225 15701 11723 2928 3923 15099 23110 27637 21037 24477 27539
5932 21003 29423 18960 22644 7598 15965 15053 16139 28943 21429 9299 27139 6452 29206 5380 8211 10186
13119 30258 32276 409 28306 6463 18800 5143 32119 2339 12553 16127 19544 19901 2585 15334 26079 3195
21440 4692 25194 12669 3621 25194 26964 3826 12531 4795 12152 7446 19561 11753 7902 18398 8907 31481
5035 29995 17381 7452 23024 12571 30874 18171 22982 11034 2392 19621 7000 28754 11248 8570 4379 3871
9386 3229 21256 4201 26220 8542 14017 29042 16009 17950 29066 2869 22301 22342 12056 5021 7603 12446
18845 8905 22524 10988 3931 27297 29891 22435 16716 2845 25466 2265 14095 12262 32640 28680 21479 25450
23051 24532 14741 17137 28723 32186 25446 32735 5994 28228 6067 23222 11693 18683 22917 702 22674 24489
18625 1894 24621 9247 6658 18041 28843 14956 5326 976 20308 243 17203 5774 20208 7434 15740 22218
3925 22023 16490 14680 21525 19398 30665 17531 32418 21637 10966 18847 30633 3597 13710 4253 4985 28072
31583 24580 15817 23539 16121 3850 31006 10175 3034 3162 31889 23498 7190 1535 32191 17531 26802 8016
29016 12226 20006 24354 20357 13742 29343 17411 9896 4853 22882 10551 2679 25428 20377 26942 10597 18258
7750 27040 5558 16583 11514 31587 3643 21267 766 15824 20788 12883 20590 27985 18343 3592 27984 19629
4870 17084 31209 4722 19165 32559 3012 2156 29935 10406 5326 18420 1410 2655 28419 16282 29178 7268
14756 28240 9029 28044 29630 32545 21429 31996 32675 13045 9027 3674 31729 17209 28705 17912 7636 10630
15768 6049 30797 31030 14041 21754 23819 13705 6321 26356 16912 20789 3749 32482 22808 17339 20237 18982
17420 24374 759 30130 4709 21477 17563 3229 29831 3291 16796 32208 20345 20974 19530 21777 7855 23256
26612 29574 20061 16300 7482 21226 31701 29295 8348 8359 17996 11834 6380 15283 7524 1817 4326 25069
14556 1954 24567 6327 9657 1958 5715 7302 5115 10277 14369 25700 21090 8258 21542 949 8952 18404
16769 30729 21772 2923 4287 11768 20563 13408 31778 18697 32094 13272 25423 31473 14106 22991 7612 30312
12825 9677 12582 18584 1124 7383 13973 9841 15116 20637 31547 30959 10461 996 10185 13377 23104 6193
31731 18252 23139 12476 26675 11512 13719 13964 5134 28188 25910 10752 6698 7559 4161 27974 2271 7226
19918 29838 28939 12313 21576 1794 4376 14951 16940 32062 26233 6499 27654 10469 13030 223 23418 20998
16470 22135 27571 29798 28923 23763 12098 11225 26044 14868 2762 30792 18507 9686 12622 18415 1218 18974
28073 29315 32144 9115 25853 4461 2036 27965 16122 25009 14997 25364 24238 6830 23538 26691 6468 26219
31723 23628 5476 26327 1203 11195 16463 29903 20070 26559 1039 917 779 29025 10949 22079 23675 961
7020 29231 2680 10671 23475 31369 19399 27210 818 24922 1619 14651 3029 6569 27328 30202 11171 13996
28498 1631 9047 9476 11760 22603 12048 26626 29001 22209 829 2384 32169 7764 901 9472 24678 31877
7881 16274 21332 1729 31752 20660 32467 21554 25871 12093 10056 10040 6679 19185 4628 4572 31384 24309
11724 25045 12158 2529 18666 24344 17062 30392 25848 10892 20334 904 28696 18347 14545 4353 29224 7403
4169 26429 30932 30735 6790 23624 20316 24909 7406 10023 19806 18975 24729 3270 18626 25264 5729 20934
30502 8992 2187 7589 19016 21459 17723 15205 5110 8422 11867 25278 32002 1294 6936 30627 7080 6034
30157 27106 13512 2453 1074 8955 30049 24295 17379 11403 11701 11576 2253 31803 23903 28629 18583 4401
6505 14724 16120 19980 6716 21028 22550 15618 31951 2959 2942 10341 664 22959 5247 13593 23947 31102
13300 27130 21118 13318 26408 20559 16256 1998 16376 6645 20714 17919 19031 30831 29234 28395 10951 4419
17748 22819 25232 15320 11850 28858 25759 29738 15635 6436 26676 12054 863 32326 9303 31678 8483 24927
24825 7744 5364 11445 2281 3956 6961 23164 10595 3694 10359 31583 2752 11909 19344 26580 20055 3933
619 26878 15761 10631 20082 25813 13953 23778 5144 22849 24941 11230 4500 13002 7129 20578 30960 19030
17571 5471 31087 5655 21845 8776 17437 23104 29951 9078 22344 25591 28676 31657 7674 7323 16749 27416
11783 32654 6402 22424 12699 16350 2907 8705 18466 10273 22149 13526 27204 773 26716 14392 7452 5572
4550 5915 237 31465 5011 16802 1744 26479 28741 22739 22988 10218 12096 12136 18201 24660 32073 19536
12730 23395 22043 22952 23879 30013 9081 11701 7119 27924 32025 22700 11132 10820 30281 25594 20187 16559
9364 11940 27794 16415 19350 4844 17092 6995 23081 16674 30995 12755 9475 31783 7767 18741 2540 8825
23850 503 26969 12563 29796 4833 8196 11078 15848 22636 28301 5121 20880 735 31278 25645 3785 28625
21161 10759 6573 31523 10572 16085 5962 21214 9631 15407 13618 6825 716 8190 18510 27159 25259 18695
3798 29374 538 14519 25008 22824 14847 18011 24842 3292 31326 12212 26593 11354 10748 12898 21354 16301
6069 6925 26895 22119 26834 30082 26674 21768 12498 18924 4861 32132 7716 5039 14865 32536 26778 23920
6218 6450 27739 11778 2326 7675 8006 13013 26161 24484 19002 21487 6346 21853 13433 7294 10686 835
11326 9524 23868 29117 6184 27577 9609 16410 32335 17191 30941 7721 11369 18991 22260 14720 27969 4631
2457 27027 30469 25400 27662 10103 32750 19148 18096 7276 8881 23978 2227 21565 363 23658 28192 24081
20684 9477 23618 27044 14773 7554 512 10845 15050 876 1804 3812 30742 19879 22089 5892 9134 2661
20434 21929 27575 26397 28137 26962 6526 19755 10581 30760 19934 16447 10414 31603 1772 27012 1938 26107
23301 31950 16516 29181 5325 25041 1515 8733 7319 20447 5915 16812 23374 17938 23495 28708 558 3316
21330 1110 25585 11681 8909 20975 19269 2467 20154 7970 31403 179 27606 21758 16590 20268 21263 14199
20343 4598 9446 12314 15961 7116 10198 30909 26647 1963 20066 12463 3057 13418 28618 10704 24867 5530
151 30821 1864 1498 22055 4735 32771 1594 16721 2706 7594 5813 3225 12559 5110 5222 10582 10683
5369 18578 6245 16307 10239 5347 23010 1324 9602 27014 28693 2586 1071 28593 16903 13911 25446 5613
26830 4832 32526 27028 13422 3685 30760 27012 29684 2342 8018 15826 19616 13246 11261 303 11407 3553
3390 1870 9381 3936 16271 19580 13596 18830 21541 31361 23153 2743 5440 12018 25719 20908 29685 28279
25970 7297 10987 29090 17379 24080 17066 14010 15366 10002 25350 1238 23618 20121 7640 19588 18684 9542
7849 4441 21435 135 27687 18596 12585 10292 9848 23039 23319 29733 28362 11376 26818 9373 25733 27949
27480 16927 25372 31672 6389 4234 28091 9871 21322 24881 29675 9763 21852 20638 23396 44 5313 15192
31554 16558 8595 30157 29832 13364 4715 5038 5029 3860 18096 19106 10122 11862 3364 15295 31153 23919
30897 12530 21401 19843 29032 6392 15765 10683 19456 20276 25167 29974 29950 31314 17568 7476 31489 3645
12577 28306 1109 15770 6820 22011 31651 26204 19088 6924 19 17724 5006 120 25766 32042 28757 29868
19086 15716 15583 16623 9036 4873 29743 24624 9562 12766 8000 27858 204 16492 25044 20054 24239 29518
20432 5322 30698 934 30789 11665 20231 19686 20930 23896 23053 7696 29539 11070 9858 2481 18424 10542
17800 16844 9575 17802 2720 19019 30286 4660 27202 3891 24633 11396 842 10773 4928 13057 8127 25185
12079 29649 14556 13602 26983 16570 19051 28781 24705 5205 309 11606 18650 29774 4389 13672 24233 15687
15795 8169 18654 17356 25303 12639 23010 30254 2050 19282 22828 27721 19367 30284 16876 4100 12383 21565
9128 19249 6898 1332 3887 26353 2683 19313 15802 1973 22629 31651 23677 29561 2912 791 10754 3144
2489 4572 20600 11380 14003 13384 10633 20557 18404 26463 22272 14400 23663 29852 23932 29024 9478 8474
11020 28210 9759 31640 14496 7444 25007 22141 12170 10303 29835 14386 16595 19005 29264 20327 6531 25725
3386 13927 8310 17018 21712 4447 26923 13967 6129 21637 2056 31695 13834 15607 13238 2353 27634 18677
24487 16892 26455 15271 15473 12194 11766 30620 18541 12353 9218 15605 24224 18240 15720 5880 28184 31365
9923 1072 18159 26894 29078 9839 10366 1809 3911 1482 31921 11012 10210 13072 27879 22541 6067 21769
15266 29119 8354 28036 4070 17655 6694 24899 7534 4592 11528 3925 22144 1015 26134 921 4822 16868
11353 4244 22473 971 26144 23643 11684 23253 22970 11543 11892 5330 5406 131 14824 27314 26943 14949
31319 25307 17416 30525 10100 5522 30212 19682 12735 15984 12079 1926 17293 18175 16145 11587 17178 13979
25577 21868 16934 13204 13643 7795 1656 502 30185 20436 6066 10904 22717 29326 32474 14507 1285 28094
8796 14161 26151 28893 27638 23964 4680 15284 9111 4776 21629 2808 11151 14329 9711 14826 2505 25735
8824 25207 27376 31985 17530 2262 2482 21891 29667 7778 10372 18651 13438 26479 1956 28724 32599 4294
1340 26857 5079 30 20907 21207 19345 11263 26171 29854 15773 1707 10302 12472 15640 18565 26112 14199
32536 9603 6247 9103 29583 14896 5733 27154 7595 15205 9489 19817 30558 13783 4520 15356 11302 26747
16448 18867 14106 1700 23583 11549 12340 27776 5387 28439 21756 5096 5575 14104 6180 21417 8330 24773
17574 13899 31652 18170 11 29789 7192 28656 14368 23912 14674 1674 18311 15557 13833 19794 24046 1352
2687 30222 30515 20549 7091 2819 28167 31743 11357 21867 30194 29947 21147 27983 2021 30470 8024 24076
3808 20778 25173 3289 24436 30938 14415 19476 18020 30895 19856 18387 15070 1600 579 14317 32701 19154
23521 855 16400 11287 28615 16396 29411 8048 13125 15673 4670 21707 23686 512 29063 17572 16745 28012
16166 28020 24252 25648 31991 19505 30049 14137 31956 23524 26790 12158 11093 10512 18736 27461 14062 17319
14897 30852 23876 7399 6911 22693 27768 7154 8802 22847 17246 30132 22234 28288 23823 5298 4264 31345
13238 6921 28727 11689 1679 19603 30387 27959 20282 27574 11069 27104 29294 21995 31150 21635 30583 27447
13951 23473 21362 3254 29675 24205 5051 16172 5213 354 29475 15308 17975 3718 9968 32028 21638 20805
28405 4761 31116 21961 13533 18342 7570 14928 18038 27185 12371 32144 30667 15370 1625 30297 14356 23423
26696 24699 26096 12251 16249 11035 28436 9261 2934 29688 1781 15944 3326 23555 246 23622 21047 8631
6523 9663 4063 11159 15059 31739 29755 28995 2208 30056 24334 27848 16151 12478 10890 404 12630 2725
29120 1220 29392 801 145 21082 30756 24152 22571 7210 15165 19474 30158 23965 11896 8926 17806 8407
2920 31347 28541 316 18496 12571 26967 5913 16737 10404 31179 14447 24902 17993 6354 15192 21540 518
22911 9550 4826 4399 18604 29612 20672 30785 28024 27166 6455 4043 22114 4397 10233 18712 24627 21260
18717 15618 8623 24936 19420 21421 10532 20409 21778 3511 30286 4122 7420 15919 24173 15465 25435 16022
17682 22719 10323 27434 22089 31683 29436 29053 11752 1950 13429 16153 6247 24657 4459 6903 22724 19378
7987 13841 8114 26096 24620 16337 8127 22546 2844 18668 27514 15161 27162 627 2048 21857 23744 9002
24897 6964 18729 161 2986 9042 2220 10238 32324 30371 7079 192 13105 27172 12399 18484 22642 28101
18897 28500 32458 31829 4180 10162 28843 6510 7009 11419 8191 1978 15605 4751 21419 9473 7448 10807
847 5987 12397 17141 3027 14231 22024 22582 10603 25825 10324 30331 25257 11696 19800 25369 20718 31218
21150 21439 29232 8841 24441 16624 28583 8659 19380 8124 1649 18877 25629 3820 31860 10965 27555 17268
20285 6332 8961 16194 2094 30698 25509 8504 24903 16476 6696 5652 10208 25104 11178 14966 2056 30249
4850 30517 11687 27090 16357 9479 26292 3593 1937 976 12947 14554 11808 20658 27276 25545 22745 1989
28676 29540 29530 7341 2954 5225 21392 14076 26912 22976 10620 15658 24139 2026 1486 15180 25725 14798
1105 28864 30117 19062 25802 4500 13668 12416 8102 1568 5085 13872 16886 14186 21902 15203 7231 12619
11358 27744 4328 10432 20067 6684 3513 12601 13607 8033 31902 11530 29389 32724 14302 17755 18493 11174
19739 29959 26737 5332 7201 29466 5452 411 7334 2102 329 18424 22314 7007 8956 24296 23958 559
25899 28725 20073 24549 24745 22565 12240 8264 2867 15880 11621 22795 1955 12834 1514 7958 851 32005
13172 6902 19675 2973 6964 26596 4071 9561 20728 2878 25192 22167 14561 3616 3861 15657 5448 1713
18642 8669 19330 7400 13365 2683 27573 22074 28897 12948 18564 13464 4520 5138 10579 29931 11464 28119
25630 30819 29188 29544 27258 9552 29119 4593 5666 19309 443 30238 16432 22209 27120 16373 28692 24245
18557 3919 11678 23356 21805 21888 16969 3692 29448 6428 30133 27774 15122 5601 4504 3953 27691 26223
14484 486 27706 9110 23744 27891 18092 9250 24832 30113 21491 19001 12794 21898 30372 2699 25094 31340
6529 6030 5260 14685 23291 24393 17521 24823 4557 17722 12802 14084 5874 18031 1035 11595 189 29228
26626 22898 15246 25654 15763 31881 11003 11306 6531 9540 16694 20046 11212 14887 14080 18773 21668 30266
20791 19874 30028 9613 24345 4511 18371 11488 24301 28555 18883 10208 29332 14407 1860 11234 4585 26498
20408 30925 10013 9565 8976 9656 32461 16571 25018 5301 15051 3938 3048 14832 12583 24380 7211 461
25880 25734 18720 25325 1222 20936 14999 26114 6287 1140 32234 13069 20335 29490 17736 27606 5232 18808
16099 25274 23050 23517 3759 30848 17903 25178 14257 11601 10883 9015 232 12552 31190 31652 8320 32477
7436 29007 15192 20484 24081 14658 819 29135 19864 24647 33 19198 21264 32769 20824 7213 20866 11723
29049 18391 3454 3778 18800 11562 16616 15531 8023 25207 1891 26752 11314 23221 4178 26167 25824 16964
16907 3436 17048 7932 14871 7139 5655 32641 22306 1176 13021 17882 14280 22704 31993 22795 23194 13641
9807 19030 19424 25264 10063 14721 3050 4278 16013 1077 6964 23691 1043 3354 22418 2938 23391 9587
5742 10009 20733 26334 10406 26329 12218 1954 13173 4748 22526 30333 2658 19064 10166 18883 30470 24669
31910 19831 6520 11758 7661 15676 20052 5250 6583 29887 17867 4604 24792 9208 14405 5885 11972 21074
25539 2638 2109 15708 16157 9612 23922 24197 3551 5868 6934 9254 16880 5306 14137 10690 22059 19869
1210 31661 3640 25102 23212 12735 18390 21385 23138 28023 18734 5295 24865 1857 14472 9893 28890 30436
10605 28590 7192 17278 27171 14135 16821 1637 64 29444 8914 19875 31768 20857 8499 26946 4991 11604
12231 28745 11450 22203 17234 2240 18112 23880 19959 16124 27421 18282 4546 30730 5329 25376 22228 19384
14430 7165 20701 20857 22914 578 16235 11402 22857 28414 5563 25579 27336 29307 13793 20691 22417 30265
2835 12476 660 16854 3889 9949 21384 19498 1899 14512 30737 1525 1167 4501 9651 2512 29174 6651
18764 23931 16567 11713 20473 12270 30868 32119 29857 16751 15820 26513 16252 24712 5352 21514 8767 10108
29333 24642 24042 26768 25124 25758 7602 29250 20469 9072 29450 6475 16990 10495 8003 13253 3740 11426
22040 29112 21568 31681 26025 16017 19573 15611 28561 6225 14395 5599 8026 1867 31227 108 2656 9266
9802 23488 9289 22039 6144 897 30104 14073 21351 31546 32506 18513 17650 30841 30164 26117 9985 22696
18040 8640 6813 19811 1766 29715 16472 19650 18321 28268 23357 4320 27886 23196 19509 12765 32361 29606
28538 10302 5739 9088 10853 16776 24574 29232 13214 21699 19781 4723 25382 16890 29594 14128 5409 2318
14467 7802 27766 948 15459 32213 53 3784 11704 15215 16436 11994 29372 8445 7499 31744 21155 29557
16557 24785 3574 7284 24166 30902 3713 20629 28430 6550 7609 24288 23773 21611 19362 5659 28723 31106
29550 27316 1726 27541 2283 18991 25240 20106 7111 18449 7216 23820 15200 3944 920 29138 10357 17981
32031 4010 32676 19959 9490 30030 18792 3321 18100 1991 6980 11658 29367 8445 13893 32297 16559 3224
20099 24217 2008 16571 26668 26411 6941 7631 30134 13303 21649 16761 8983 666 31675 14607 31419 3137
21384 7914 20264 18827
