20733 26520 6053 24740 26711 2974 26846 25296 11099 12194 4858 9468 23602 23020 20022 10747 2015 19766
4297 30737 11172 18279 11090 2491 3196 22343 9610 16802 11128 29206 26029 11798 909 14167 28470 10046
31768 3473 17670 5469 15749 931 14999 27025 21111 9366 16563 5631 17033 10172 30995 4569 4638 10868
7532 13234 21438 24295 1507 28624 13884 23676 23148 17737 15559 32018 15319 26298 2932 29627 28495 27105
30101 2184 23164 2812 14621 9740 22848 20142 4971 9063 15377 4058 6913 30763 30896 17478 2765 17716
23196 1212 27305 24264 16058 9282 16598 17441 9665 25280 14594 12312 10926 1698 27782 12008 10220 27159
14259 25975 6065 18258 18588 30169 31771 20450 21210 11464 23014 23504 5341 25793 4902 15186 6737 18968
11344 30823 26545 27713 18804 4931 31563 18667 28167 1540 20343 15172 19532 7123 18919 32234 12262 26448
17463 10389 20360 25573 6732 22607 4616 3739 26889 27685 4804 620 27353 872 28951 25363 7562 10500
14134 9237 7425 22558 25622 30295 24437 18002 25850 26867 16163 7789 2486 2557 31818 6444 16559 4496
9702 7898 9671 25878 4682 24057 12493 31947 21965 1010 3810 31112 25195 499 29539 29982 15536 3072
27595 23022 29136 15517 837 20056 15153 2621 16632 32416 31498 31071 19950 21215 32331 14460 19985 23413
12241 4325 14509 346 10448 22715 15251 17720 19064 21178 30283 6685 19695 9847 6132 10038 28504 24248
11395 31949 13708 6209 9604 2217 24185 20117 27032 21919 8 29010 30665 25132 29874 12129 27038 6887
1399 8926 24819 17263 32195 19162 11344 23297 5198 32184 12125 18548 21838 16700 23059 22841 31200 13250
15139 24410 22680 29327 31239 31637 23478 10622 17326 23954 10245 14357 30491 2147 24921 6006 7387 25994
14431 28158 30144 13208 11643 31696 11507 7185 13504 19661 31061 31836 10166 23491 14816 11809 12214 4808
22942 23221 5626 21773 1696 9715 9429 32155 2145 15486 1542 32667 16676 4292 19044 5054 9978 21418
1785 7888 16259 29780 12990 15861 27516 13110 12962 9030 3401 5191 15799 12523 22180 15546 1877 31766
18825 1962 23115 9866 14558 24111 4376 14442 21446 7835 6141 26527 2138 7973 25437 30954 18928 6042
2155 9556 1545 32373 25164 12692 21880 9506 28883 8832 13164 8081 23661 15035 18724 17178 19309 11640
6102 18500 29750 13032 3697 23644 6443 26967 22070 11746 22869 12322 25333 16455 737 26484 4680 4875
21050 16794 26136 26655 19230 4410 9823 13596 5592 16645 30299 3212 3949 24837 10412 2450 29932 29748
24331 2907 23044 27750 16605 19367 21356 32402 21897 7331 811 15630 19853 22991 29212 8824 18192 22642
25256 31364 22998 25367 2113 21280 30207 3168 20811 25541 25268 25841 11493 5503 26469 24807 31403 6255
27817 30810 4155 12879 8306 20251 32362 12944 26923 28552 1406 14170 13379 26003 24961 12313 27674 17271
23590 18705 8439 24295 20529 11327 12611 20801 2461 17334 32089 1651 12111 26873 29179 26570 8789 11646
30364 28111 32175 10417 2691 9506 9197 30543 7557 29380 1493 22413 28555 9209 3620 3829 1025 5262
24362 1307 29624 31065 19621 16414 10954 6469 16348 11702 23843 471 28765 26148 16071 858 7717 21496
19176 32613 14606 28006 9869 22396 8618 27249 27268 1672 28382 9450 24576 12701 25941 3320 32100 15367
3005 24502 11650 10918 2185 2603 11897 25182 13543 26217 5077 3579 4295 15631 14262 14123 1136 14518
10083 24306 6949 13925 22353 8430 8926 7930 10709 11875 24007 13918 5543 11308 12383 2955 30562 16382
31066 30195 23141 22822 32389 19542 17579 7 6856 16502 21061 14683 6591 3168 11220 18580 27740 23800
9312 23822 8895 9560 2633 30524 22421 18430 30686 4243 30756 16584 11842 21168 5754 15544 18734 27151
12241 18957 21517 16340 5418 3796 4069 9918 24704 12162 29601 18333 9050 21441 13303 22720 15131 29681
24144 27799 30169 23628 21313 25640 29875 4229 11267 20475 30705 32251 22315 19693 32624 9660 30931 10174
27923 11455 23035 21562 5188 32041 29367 912 25165 25694 23668 26059 3234 23317 13987 25264 28582 25079
19274 21941 2983 8158 32356 6490 18907 11608 21675 28082 30699 14670 7649 1560 9116 29398 3530 19098
17586 25705 20711 6049 24385 11373 26665 2586 3000 16051 22581 8683 4141 7056 30543 18462 30340 10201
26435 1024 19542 4719 1584 27655 30679 29433 25112 7495 19929 3469 31937 18096 21856 26720 27142 4922
25682 7538 5489 32644 291 5871 15285 26274 13926 8115 25225 21031 17137 30101 23714 22874 21367 18645
9196 7137 12761 21705 6213 9122 5334 32195 27711 14697 32235 8243 19941 31146 20363 32032 5790 13272
2412 28653 3617 24872 21883 22773 3200 16051 21102 27183 2057 22196 18258 16410 23094 1317 11387 29917
18220 17253 13766 6091 5472 18306 18905 14048 16498 16976 4877 25836 4650 18666 5401 27045 12356 13790
29819 1524 26721 3230 23222 31419 18327 11636 9222 15341 18808 25492 17002 32067 10681 6932 430 1115
9676 18931 6357 27529 14712 22649 13561 17042 8775 5301 26840 14405 14076 32005 11915 14650 23957 28354
25936 12375 11536 746 31144 21456 1530 9988 8749 11317 11974 15596 23970 16380 16054 19838 7784 4435
25798 7045 20304 22424 21849 8407 7487 9189 27413 17169 12974 22904 18301 19441 20426 10252 32325 28785
27725 29536 6182 29538 20064 21401 31020 12091 17089 7009 30058 4878 25142 3908 8783 24284 4161 14744
11699 11090 7922 2202 18792 2119 17422 8486 30054 16130 19402 4876 13565 862 13329 23088 31824 8329
7568 22936 24500 27753 15909 15133 21339 3934 16342 24710 1485 27054 14808 21029 8631 9704 11864 22140
741 16649 14781 7923 10900 5842 24296 13899 32573 15626 7426 7131 8904 14879 14954 14436 27962 25296
28909 6062 21956 27482 26331 5156 22311 30594 8753 24298 7091 13968 24647 4518 31813 21943 32482 13685
7824 22058 25268 27396 16047 4800 1877 8202 28644 50 9096 32238 24757 29901 4125 32190 28168 975
23262 19763 4665 14228 13166 29029 31235 14086 7458 21040 20081 8839 4721 6975 31890 13312 1233 7741
2375 28153 26362 8781 15367 26231 11119 19573 11467 30877 25805 3554 411 27036 29552 17110 26314 19777
27544 28473 3839 13613 8627 17450 17983 30719 1960 23258 25594 6920 18129 20744 10451 11256 17437 12824
21371 5344 30901 23023 30846 14516 19514 15530 27064 24984 23601 16419 14529 20443 23740 4614 8465 29394
32358 10156 25721 6723 1407 21254 26637 10798 32323 6300 6965 7681 15064 13119 30363 26436 1540 28805
7824 29537 14169 21194 29607 25766 5317 9263 8190 19129 11538 26455 27240 26069 6123 20699 24081 16861
18206 13875 4149 13403 21708 7656 4654 2439 31560 23860 22986 28009 8687 28246 11734 23281 11090 27831
24803 8087 28839 25104 26697 15680 5787 20688 6529 14359 9946 10180 7112 6921 7064 2820 22498 16444
18432 7709 29612 10215 18806 15244 9572 27440 28415 17766 26937 5588 16682 31518 26277 29493 6033 234
4459 6858 26477 1022 20642 18282 14269 10371 14983 17971 26140 11287 11831 2244 10607 27219 22914 9832
32134 11769 30122 22639 25557 31686 18290 15944 9739 17031 11887 29802 1278 7094 20311 19096 439 2693
9776 9614 11059 25398 2843 22419 7588 18442 30368 31961 7875 26524 4484 9832 900 26625 23303 24835
19220 11214 29582 25278 6912 23455 21889 27663 2199 25006 2536 10278 23421 16879 9323 6257 13795 31710
4696 22427 19801 24943 2201 16184 8570 3850 7555 15678 23443 28986 22993 25789 17245 838 19507 1390
30002 13038 27923 22241 17895 5591 23765 677 32472 23526 18895 6654 24647 10937 2329 17059 5196 20184
12100 9920 32582 28099 13170 29770 6594 9544 27214 30589 16150 17515 25680 7372 7595 2322 31410 26061
13452 3936 6172 7555 2540 24061 2194 22505 1810 15293 23626 2292 9618 15056 10781 15947 22976 9405
15620 18645 26169 13237 30957 24860 1280 17746 707 4912 4478 29351 30608 32177 8231 14659 16254 12309
11975 8623 18198 13345 23248 3860 11437 3834 18504 9246 11384 17596 9828 26956 22579 11325 31997 8227
26109 7526 12205 28694 8781 18150 25049 22593 20771 14173 10308 4777 2791 26028 13192 21685 24513 17529
24607 6345 20248 11499 22414 23858 23960 11476 12002 1114 22216 1001 11820 16937 1504 23611 11698 17086
29144 2625 13269 30312 26816 24474 16515 11940 26137 23981 29238 30882 8420 21177 28542 24830 19567 12102
17006 3240 22759 7546 4294 21266 16009 10515 24046 17764 8397 369 16817 20358 21559 9121 16493 24016
5018 30562 12407 13389 28920 11105 22789 25351 19660 23773 13743 962 24973 22090 3071 11554 11700 29067
15787 18043 18795 26920 1094 10584 29507 9436 553 15462 24636 19803 21690 29452 6963 13168 5048 24257
32595 22055 27111 15735 6623 5271 13097 12604 32574 22102 19302 3393 24418 14288 31535 25523 25914 1408
11601 16813 11640 4699 22991 17274 24773 13773 20978 28319 15583 31903 23008 32016 6413 22891 15134 1441
12902 24530 15506 11650 19033 22470 11192 20353 25932 13108 25319 17376 13267 13169 31016 13828 29677 18879
1837 13035 21682 32598 11549 23862 10692 28645 18048 29281 31217 9319 30369 3324 13509 22621 31367 20632
7114 30444 27641 27273 10933 23162 25182 5131 2822 7243 7136 477 24279 32508 7372 27832 28365 16444
28491 8032 1931 24048 28994 13753 4584 6772 23198 31034 13121 19493 27011 1707 73 17459 24409 10480
3839 22660 15165 5463 29872 23921 23980 29925 31387 6590 364 26374 5631 735 13728 27060 28475 19377
17845 21045 1215 4861 14633 17384 13413 15598 23105 20427 14541 17356 27893 10580 25989 3125 792 7377
11945 2099 6769 12970 18320 13807 28529 11260 25863 17810 12602 17616 28258 29169 874 26341 10825 22859
30789 15012 12883 24719 29016 16396 14882 28207 4042 24141 30113 2124 9099 5020 10950 8680 17012 12985
14860 9085 30108 22938 10963 31421 10017 3397 1607 15780 15849 9989 3690 11461 4646 32515 7028 8417
10050 32646 11538 12201 22269 3685 31400 5042 23068 30395 3802 9203 22972 16576 14963 26146 30321 8707
27181 2224 28795 29613 11334 20354 23796 22925 28922 16557 5331 1687 21031 7119 18596 19038 28303 26777
26037 21569 9191 10561 14457 22379 13518 31651 30817 31820 9474 13762 10393 19276 23016 18858 31304 31908
18866 31857 7182 22941 17860 15482 8812 6907 11442 8982 30250 28826 3930 27973 29425 7798 5335 30666
9262 23201 10861 2641 19066 22771 18989 32305 5781 12174 25859 3113 17851 182 15334 19779 2771 5705
13483 15204 28948 22991 30092 15528 9302 22121 21589 1562 18901 12192 25769 25123 22221 14731 12699 9552
4117 7764 28227 24397 7961 15578 10776 4716 26589 11415 21561 32473 3247 4776 6532 19671 19144 13482
27375 8777 7113 29649 13920 28530 18831 7755 7880 32556 24062 16695 16408 5634 7523 26632 18837 11499
29858 30046 31809 4820 2499 183 22518 516 22916 26087 1061 29730 3491 28951 16205 16845 30993 21737
25156 22929 25851 21785 17041 6579 7006 21174 32717 6587 23141 9624 2167 28372 7637 28442 25126 14279
26774 20942 157 31660 31931 15100 14438 10396 11220 10404 6375 15653 11478 6616 14571 26832 9075 4771
17229 12448 17509 25390 20121 25049 17218 6833 19286 24838 30020 21553 5813 8062 21864 18553 31560 17547
22024 20753 11810 21933 11110 18727 4630 27154 31646 30355 20237 13720 8159 27006 2161 30391 25296 31654
15933 5040 26633 24284 9858 29493 10640 25275 2239 23661 13634 24868 27023 27022 6392 31546 4412 23191
9850 5105 14656 21119 32272 13158 28065 19523 2412 16430 27935 21212 21515 14677 5289 18563 27872 23989
8769 18768 15694 27846 23307 29906 342 27789 24738 11153 19715 8359 16750 2738 19206 7865 4274 13368
8382 11336 4473 11543 9020 20857 16605 24548 18904 19770 19362 3532 2504 22235 15104 15127 1801 22648
25759 25369 18084 3915 27120 32611 19955 15428 21163 11640 23372 21263 3793 270 9276 20822 27498 19571
17500 11211 18172 27823 18882 31855 4373 25811 2793 24015 24850 21622 12665 8165 12318 5540 9810 16876
696 3538 19251 23889 3261 32284 11599 28325 7655 24303 7463 9895 24625 4792 22482 12756 14017 31757
11610 8199 18112 17120 20568 23098 30919 21820 15122 20767 31888 28345 21878 20743 7249 13255 18566 9936
27527 11274 11055 740 7260 10131 29738 17494 2283 23594 23774 6693 15262 17615 8760 9516 663 4469
20018 1980 23170 12620 30328 3666 15526 17581 7447 23853 7219 531 7530 20445 7883 23172 21243 30092
23669 26871 26029 22141 12848 31020 26222 28493 29909 12760 10753 3308 3680 11718 3197 30193 21129 4206
2656 3457 5958 25046 23140 23310 23454 15763 30074 9093 2705 8441 14041 24 9358 25819 624 7467
23787 11810 7095 4093 30157 25085 6719 27745 26608 26921 10086 2139 8526 20103 28978 6334 26445 1174
32362 4903 10227 24345 20553 264 18032 2732 31949 12343 12032 4374 12031 27793 15861 13134 14279 11954
17875 10254 7315 27794 16684 2333 20217 30362 31499 31586 31134 3627 15261 24400 3652 8729 17033 4989
381 23383 7796 5914 24322 26492 10801 6040 9201 11420 15914 13590 2484 21017 24655 2804 11925 19125
32743 18119 18259 19518 2121 23276 17976 24568 22248 6211 8977 30865 24753 15252 12458 14735 4706 14707
11154 23407 14457 22021 28132 22921 31333 21454 29852 21677 13441 17802 8656 22482 15861 20386 26767 26869
25900 25826 19870 5142 12344 18907 27101 23300 11212 27713 22880 14030 22028 22824 17534 5585 28694 24184
28013 861 17257 9181 28553 25906 9675 18054 7149 30983 18730 17667 7879 65 8739 17703 23137 17577
29241 609 9148 25127 16666 28242 19262 555 20808 20865 8172 29691 23425 30361 22301 20026 7720 11623
1440 1570 2970 12513 5751 10080 9067 15408 27120 6593 17277 23463 2855 8138 31710 17476 9689 31362
12838 16027 10717 24269 8186 29154 18412 10163 30961 6230 13195 29231 17251 27923 22021 3589 12583 23400
24333 28676 641 16012 24145 4382 16799 15393 21122 26530 24564 1456 22841 25774 1047 3602 27858 9146
4606 32150 23207 13961 15052 29066 24404 15206 8204 21239 5047 10151 21977 20729 5955 29683 20564 18810
9200 5586 2265 11897 30447 29244 25936 12579 15100 13649 12380 16760 24498 15367 11037 11269 2610 31251
1911 25592 2854 2540 21724 17302 1494 20844 11520 20557 13497 26720 10948 20033 30437 11147 31115 11892
4904 10646 1765 9457 23619 21740 9295 29067 8736 9938 9009 10364 7309 8162 14640 1417 15220 20930
14035 5931 1919 24070 24056 19559 245 5704 25490 12856 10054 10726 26608 27661 5562 3070 29547 13171
25113 40 16682 27474 10129 30515 26144 4691 27639 10640 7781 8213 18662 6956 20131 6676 1987 29708
1060 27661 6569 23279 144 20167 6431 15461 7303 19190 16700 11105 3525 8932 1431 18343 23670 12174
14297 21573 5039 31974 26209 27847 31083 12626 24604 538 22834 3255 2508 3594 11987 2583 28748 10058
15280 28980 17569 25243 21392 25373 11334 11756 27840 11714 5086 4059 16223 29466 28270 31012 32724 28558
3583 4871 150 27469 417 14011 18277 9057 9373 31409 24927 13652 19105 108 697 23274 13784 28738
15721 88 16755 19887 23360 587 28156 4476 10070 7882 15065 13539 12865 26011 30933 6635 24121 13277
530 32036 15869 1640 847 23675 4884 12463 16929 32638 30605 16687 3295 3286 32366 8826 16210 22716
22576 17133 2326 22808 17831 20345 24778 27281 26339 20080 20743 21269 12474 9372 2564 11625 5596 21035
25861 10767 12136 29419 17504 20890 28662 19829 32198 13313 12027 32106 14474 12602 5702 1509 28212 18264
16313 22024 30679 4442 3473 3430 21682 25627 2652 2961 5665 13215 23520 5883 7377 11785 5516 9977
4881 14280 30170 7396 20655 13641 23382 30952 5025 19762 31853 21918 14962 4267 11983 14149 27529 13379
18985 31166 21984 18089 29056 27281 30442 4067 20691 22840 4567 1782 6382 11164 17333 1847 18186 16637
24993 13404 992 12511 2867 14020 9580 12403 7914 15821 8272 11261 31616 29282 29806 24299 15024 18466
24715 30573 20739 22106 27040 4409 16146 10102 226 5035 16374 10465 21850 16148 8408 10429 7406 29984
11759 3098 24622 2225 24765 11085 5526 8483 15202 32499 6214 31811 32055 2634 17869 7169 7424 12043
20244 11082 13227 22036 2235 9744 17745 6649 18106 4207 4666 24070 3832 18802 24151 32554 12166 17592
22768 2505 1001 14203 4781 8408 30088 1288 11158 678 920 30248 10089 22012 24071 2005 4807 11646
24547 23972 25974 27544 29918 8828 19977 29664 13864 26070 21240 22051 19011 16081 29880 23999 21678 17381
15625 13140 7 8356 26577 31443 28736 22438 4343 7019 10058 31527 4988 7230 10654 26892 1527 17072
28088 22152 71 24023 25318 13809 5770 27412 6992 17773 13586 32739 25915 20286 18961 9581 24493 27236
26650 4218 22058 18028 20016 25435 28620 19863 207 25845 32083 11117 24676 22656 29455 477 26910 25482
22936 22986 1931 11274 16759 6860 12066 7373 1766 5704 7497 31289 28745 29112 30329 13587 29633 31805
10146 9714 12356 15231 14804 7716 26187 15214 604 31245 31444 28147 23692 8325 21113 9513 22696 6959
3969 30034 3057 13561 32518 2535 28258 18639 16793 14800 28927 11853 31512 26388 14851 28463 5535 30005
12744 12921 25584 25594 19835 2173 11966 22528 17083 1113 31241 8148 4192 20115 3179 32595 2222 7451
1783 20235 18683 15448 6044 14899 18913 5552 4814 10392 30146 24389 190 7951 28569 24714 27014 9172
30545 30938 27843 29048 6088 21173 28775 1458 2400 28758 29418 22319 30317 32189 19469 15972 3198 5090
27160 24092 1821 22756 21805 5823 8097 10788 1641 20865 3711 15081 24171 11750 2428 21587 18095 24484
27577 9006 19006 18082 29230 16012 12776 3890 14902 21376 28592 25835 27818 8826 25830 1239 17101 14721
20580 15207 20507 6191 28534 6321 15728 10292 7670 26894 24978 14305 595 15323 25262 24914 3993 1642
19825 2891 27712 11710 19751 28408 1812 863 28949 20289 26593 478 11023 19760 1780 21590 29658 1334
14533 29985 16294 25341 30624 28676 12580 21671 6535 4984 13510 19639 15597 7415 29141 15524 30916 11557
15456 29881 7086 3744 30013 5459 1732 7283 513 32061 28454 21355 19294 24933 4905 23328 27689 31198
11915 4557 32217 28617 14901 26591 11797 30973 17041 5659 2495 19628 25154 31682 10486 23899 10960 12173
10448 960 2455 4080 7592 1935 29527 24189 27469 12516 25474 13044 11795 20339 31284 20780 8508 25161
17946 11849 11954 19896 1257 12696 5080 18858 26531 31709 18433 30083 9687 17145 3942 15787 27668 2991
26677 32162 29152 20334 15432 3017 17053 22787 1146 6719 1522 25819 18666 6486 21280 20524 10925 1678
23609 25432 25314 21864 31669 1008 25243 23994 29198 22988 145 31273 24097 13077 24494 17662 15642 13305
31460 7698 32096 7590 639 25863 28924 14311 30330 5642 11043 10964 10795 13059 5346 21303 7482 9804
17744 24120 21964 2717 26830 14526 10218 1094 17291 7514 5687 6000 6989 19985 14259 10226 5270 17713
20271 3643 20181 26894 32656 27994 19441 4002 18731 13999 28480 23805 15770 1576 8026 18711 4801 17603
22402 22704 1292 15127 13361 22008 12757 596 18158 5010 22347 32110 15642 2039 9648 18556 9911 19228
3482 18573 26472 17373 14327 18740 8103 4257 4752 21331 6301 30438 7811 10441 32609 26267 27522 4558
31721 23606 27826 26454 28208 11846 4684 1714 24523 4692 21761 6758 29702 25852 7784 25737 25430 243
14971 30247 20078 12764 16041 32698 29685 3578 4661 10048 5618 17200 769 3964 6791 9078 5360 31780
13189 31744 30022 16323 6525 1198 16469 24206 9744 29054 877 4762 22941 29737 10451 7461 6133 14485
14509 4491 10283 10404 6889 1228 17509 852 18183 20269 17398 4846 3197 19000 11590 3744 24794 14531
15107 29512 24231 17301 8248 24442 25164 14257 6169 16081 28465 29123 3188 20633 19199 8896 24626 21831
31160 23030 10274 28643 1839 32759 24560 1565 18840 12092 26050 11255 2449 5579 18738 26247 15162 19459
14812 20942 13468 19695 8338 30307 3481 31631 12396 22972 5199 24980 31431 5678 952 4936 21102 1467
26380 25847 2652 19548 22090 23747 23363 19966 30736 3825 31987 23232 29954 20104 15938 8018 18449 24435
10472 9245 6174 5670 31793 26619 1824 4115 2783 25034 8709 29068 18630 30102 24150 21830 4889 10484
20650 22625 60 8794 2274 28748 17165 16442 16152 30110 27842 21200 15876 4193 6908 17761 14051 28975
23550 17164 27173 1112 22332 8797 20922 2361 1124 9323 14460 15361 32229 21300 27354 31666 15108 2825
27824 6632 15466 31602 24732 16376 30932 11055 3142 5306 5267 19325 9724 4152 12356 26309 22493 10349
23225 13871 9186 17120 29348 11019 5423 6202 702 30338 27370 29774 26075 7624 10265 0 15812 25763
13488 31 2475 6977 31832 13716 26521 7122 13705 19159 19787 785 16126 31337 17470 28625 15776 23341
29922 22087 26622 32004 3434 12852 11003 17353 20265 9357 5017 10889 20503 18472 10861 23714 15021 18907
11211 20504 6625 4026 18837 19606 31605 31672 25101 3199 30350 5478 22539 25254 24717 9972 30852 4490
15793 6567 6405 16327 14666 7460 23509 13734 12320 26206 17624 20532 6974 4560 3140 21838 25907 29825
23102 5416 30492 26782 22434 1200 2192 24928 16446 15841 32467 20986 25183 4303 26513 13358 14166 4546
23184 14672 351 20852 20162 29608 6925 10595 11925 529 25439 19047 14186 2963 29602 30736 28825 5527
2643 7446 17677 512 22341 9621 3357 16429 5407 18928 4791 32020 7117 14206 23885 24333 22741 16909
20704 6221 22574 2739 27696 23915 19117 18541 12922 2606 13775 7405 3116 627 14519 9183 10984 6579
4672 9795 15571 3671 21590 8208 31510 25539 28844 636 24546 10247 2791 24429 3884 28845 15178 27350
16209 6830 12212 31866 11297 6602 21729 32614 25167 25362 30074 31489 27895 16082 31307 8312 13110 3415
14247 2619 4220 19339 29704 6218 29867 25145 5120 5591 5808 3354 6021 5206 1871 25766 21554 10123
11839 22436 6379 28411 32576 8016 10017 6310 29208 31652 11382 18653 2472 16908 10915 5013 30411 3010
30676 29321 8683 3957 17608 25929 10277 29168 21481 9681 6024 6722 19866 7895 30378 21781 24083 3911
25454 21247 2110 1759 21784 20114 23010 10260 19839 25925 27881 23334 1486 28619 25166 24290 25100 25997
16884 25050 14435 6023 27539 4567 14165 20059 1435 19319 30529 6025 5230 22525 810 19954 10115 25561
25826 10730 18322 6805 30 25581 4610 5135 18785 14071 11653 32447 9051 20057 1008 13240 28756 27196
28068 7946 8725 18353 14785 10867 21963 6201 16384 5274 18102 5126 26477 24979 9254 29714 20157 20758
5841 24245 423 1384 347 5271 26501 18412 18502 26547 22383 5848 11454 19030 32047 26612 1805 303
31671 19694 27689 17573 30967 25783 2692 23840 32424 17968 18915 1856 23653 20508 31469 10905 30532 2630
8603 12317 12921 1005 9999 880 23810 23410 32385 3137 20795 23355 2473 10672 12538 22524 18501 32256
27491 15354 7897 5374 30649 27589 16593 12783 29102 28748 2508 20571 667 4553 20981 9391 17502 20564
2591 10101 2365 25997 10872 30790 13557 15231 16682 9215 4918 1212 11215 6591 22365 25073 18461 23441
12611 16489 10233 13933 9120 24109 5334 3310 1835 7944 28218 471 26475 7880 12203 3462 9403 11597
10594 19144 1903 7995 14596 1783 12298 8239 3282 24859 4345 29227 16037 1187 24042 17987 21002 19217
7011 6779 24914 20759 15500 18704 1629 19161 31130 13512 19006 9088 19499 16057 10312 13345 15297 28960
28803 7547 26851 2953 5375 4493 83 23641 11964 6154 1072 4935 17891 6694 5639 31140 10396 16806
11867 15094 24076 30469 27948 11258 1 2893 28677 14836 2011 22684 22801 28606 23283 26194 29569 15312
8757 23637 8576 25604 14550 20911 32445 20911 15971 16924 25773 9296 6146 14202 15408 13289 27974 29120
18445 29176 27496 6829 21705 21277 23803 20637 31308 11682 24499 5217 22903 14891 18010 26330 1185 8382
28975 8516 31771 16284 10848 21810 27741 5916 20732 16240 6569 1774 24527 6747 9323 18533 6867 23432
4962 21046 28806 10348 20150 4474 23081 3705 30813 9120 18229 19050 19903 32295 24613 10964 32490 12034
11433 23004 9799 8864 26822 6759 20054 6939 5494 17468 12377 17592 4207 3000 6183 4975 16213 24701
6483 21961 6553 28533 446 10582 7844 5232 13579 15322 536 17950 23993 1540 7191 19042 8036 27491
26815 15658 13776 27552 8732 14000 11770 20651 17092 7434 9140 1734 31292 27909 12609 2359 24947 1588
31532 4188 31370 17949 1661 28021 18281 32489 17210 16075 929 5404 30943 27166 20021 20630 32688 1911
19879 11522 29523 10696 7181 13654 19128 12399 1527 13944 397 3661 26851 21892 15964 12758 15536 21748
8759 31349 5194 5422 11758 26457 8704 7259 26583 27461 2706 12667 12174 4559 5090 22181 27263 24990
31402 11895 30146 10344 31633 6428 2417 7090 23415 5173 30941 31436 31471 10796 31843 7835 16692 31910
28782 8663 27149 13949 13647 3979 811 28866 7424 16795 9387 22228 4517 24017 12535 5700 24938 6891
10192 25950 23511 15352 22635 11583 11311 27744 32559 8993
