29973 4007 24429 26564 28492 18967 62 18147 21665 11553 28623 28517 10863 30064 5864 24643 15302 31955
30264 4386 21311 12140 9767 6063 27519 15438 27532 1602 25481 19815 3597 28596 458 21088 23389 15596
21179 10982 1074 16060 12016 15445 15805 10760 29578 16029 21837 26726 15174 19447 8300 27281 8543 120
30390 26461 23728 13448 8342 13552 15805 7865 26548 9821 23504 26786 13359 6868 32250 905 25423 10776
2577 18307 17287 6750 2197 10903 24962 2746 1639 6822 4792 32717 25255 18060 26860 15592 21367 25380
31556 5858 11717 13955 12361 11252 15576 30561 30055 11433 13534 19295 4012 8899 3201 28788 29120 24707
19019 23994 17068 1464 4226 26534 711 17915 29956 13058 30986 23551 28718 998 22060 22080 28265 13070
14542 10502 20972 22359 32420 12670 28464 28097 3968 5677 20630 3330 3335 12424 19868 28769 5089 27664
16633 26067 31264 17977 27226 27447 14105 23585 18223 1709 24568 12538 28294 9950 26228 6714 15491 5505
902 31854 22755 18958 31945 17905 25760 9987 11767 21136 23364 28378 1067 9290 29449 31775 22110 7592
2142 2155 18208 10492 24780 3933 6964 31052 20736 6180 12841 20514 4603 29338 2965 29835 20914 13198
1442 18355 19186 31825 16670 8873 28731 22925 22198 26887 30238 17715 18739 32046 18682 6153 24897 541
14704 30156 24172 5432 27816 334 10560 28503 23457 25475 29310 5356 28038 29092 27675 1298 31212 32463
1814 4337 15690 9407 25227 18644 3487 4132 22540 10816 23039 7019 20887 31505 16731 17857 21592 32495
19521 20649 27811 28796 5812 4370 26560 27825 29757 16298 1625 15242 23514 21576 5256 8584 10037 14560
4810 9805 28869 24472 23718 32137 7517 2027 30794 31624 23787 16166 31588 17508 11984 26771 12670 8197
13500 22568 28428 7915 24989 19686 15995 31961 20264 22154 20984 27755 18171 29232 26241 14374 19184 27256
1162 25701 10434 18115 18777 16121 25726 21962 9814 1999 1788 8036 16613 7849 6900 18824 24541 25266
26003 15566 4758 11899 9755 5002 31741 7638 26965 8463 28885 2257 15245 7065 20811 24540 17955 13678
19691 21790 9318 12681 31659 32560 31688 16236 30700 24827 8899 10778 26087 807 25570 9876 5278 2572
10011 19704 9021 30146 3896 2528 22749 30460 21978 4585 6271 1290 29514 9533 7955 8573 23819 11838
30199 29866 26602 1810 18348 12188 6518 29384 196 24401 29796 5550 27349 7449 3175 30934 11345 18504
28002 25833 22934 13612 8521 8212 976 32004 25130 23420 28641 23480 17074 23496 25575 18010 23111 10406
13640 10003 16488 20543 1012 27228 25334 2425 20291 18780 1148 16626 20411 32166 27828 24216 16977 18952
6421 19738 4302 1246 30840 4499 880 3943 32186 32215 26621 26194 5584 19054 22985 14338 19687 9087
5916 11087 12157 29993 4103 17490 12686 779 6693 4559 10745 5928 30193 4140 11429 21438 4361 28085
20522 29895 12773 7186 10873 3185 30956 23212 4389 1761 25167 9977 26717 319 13777 15696 3524 16436
3893 6051 10771 20757 27691 5341 30240 8951 27555 13855 16215 8926 10783 7337 14072 9855 26446 13662
22862 13148 24870 15733 30530 27714 4077 3206 12310 12923 12203 20325 26020 17903 17123 8407 30801 28886
31337 11002 22008 2684 11898 16001 10354 23888 21926 2743 11994 15372 9155 25311 3716 21100 16230 15586
9986 31985 14272 21864 13685 13295 10318 9411 21233 21922 13593 4488 6812 23601 19783 3118 606 18942
23949 32749 13148 23024 24873 17682 28055 16061 31588 43 17031 32129 1583 6897 13108 12102 17128 16918
32193 13943 5936 5220 9621 12978 1047 28505 868 16642 16782 1176 26649 20925 11265 9473 8046 9107
28260 27845 23818 11277 5695 15582 24981 31846 31774 11714 25286 28057 11890 26411 620 7910 18454 2422
24907 5240 25039 5087 6361 255 2004 29787 10260 1596 24796 11326 8172 30995 29395 14055 6916 29995
12382 7321 19472 19207 15320 24422 12372 5701 2915 11593 12455 1572 23167 782 15865 9809 5241 11428
13693 12845 9388 20335 5917 16302 22338 26717 23630 19793 14357 27820 31081 32644 6661 30439 22122 6464
13277 11780 19196 31637 32517 20738 27110 14603 16891 5146 10129 1927 30222 15195 10135 7760 28822 7694
15881 19064 32325 32739 28618 18175 23492 27388 32272 9322 14110 30547 18638 19143 9951 11172 5490 25579
16947 25325 909 14413 17970 25582 15792 19315 29888 5510 12649 17205 6218 31804 22967 26349 22783 27991
27095 16680 20336 8973 25277 12598 32723 7577 24508 30602 11110 32363 9875 2467 8763 18340 18141 14587
687 11655 21611 31093 4750 25804 2415 21218 7232 6691 23295 18799 32393 32628 19904 19080 22703 6636
5485 26427 78 15670 19311 27502 11275 24681 18736 6923 12 14276 28961 9165 26407 16381 29565 3302
26025 9897 23023 13035 20788 15292 26285 6745 6659 22718 4825 9724 4401 26812 14291 31718 22672 32210
12368 9772 26470 8114 31798 14984 20701 16348 13261 5527 14112 32369 22206 29972 6168 11469 16711 32074
24484 14653 21930 30193 27241 28615 9331 19034 26222 15505 8168 6264 15545 23278 9911 23461 28696 7794
29285 32351 7611 16527 13378 24380 2578 24562 28166 5480 26618 7377 20938 32735 17463 32431 13515 27818
17152 3907 25081 25216 6679 22151 22357 23127 29903 9276 15092 29639 11444 21171 4769 28920 953 28260
2993 1437 19404 28568 23862 17696 10087 28743 4560 15485 20354 3132 17633 705 2735 21931 7868 19771
16825 2980 7219 21201 23820 32065 27998 2640 22474 18053 30656 4264 13294 20994 18321 16748 15289 19576
31772 20390 15466 29888 31660 26866 9740 30179 31427 12437 15544 13738 8716 7535 18157 17696 24603 1851
25966 23973 12871 28462 32760 6151 28840 20415 29565 18436 26931 32687 28047 10681 22159 29789 8499 19434
32209 28440 16520 25543 32605 25225 26635 30154 10049 6638 26451 32746 18693 28927 4631 4323 29221 9766
2011 31053 20 5281 7028 238 26079 24865 18656 20068 11377 26237 25546 27456 31342 27873 27505 4607
12119 30954 12262 12457 24003 15759 13414 19756 12496 32091 31521 14004 2352 26399 9722 12423 23797 14749
6378 368 9983 15016 2360 5520 29082 19832 9811 7283 18419 13310 18295 20643 7106 18451 19273 21736
26848 14137 5100 21005 9547 3515 19608 17075 18382 7652 25863 6047 29201 3349 27909 8711
