10395 22501 6195 11256 12711 11201 23592 26349 524 4028 11312 3990 27309 28420 21319 24688 8623 21977
24685 5864 198 25263 32665 20678 12178 30523 5369 24607 30359 9756 30233 12693 13809 6244 23965 8282
15569 26590 29976 21801 31944 10482 4400 2811 21923 8535 31728 22028 30055 26332 26936 18800 2150 25136
29225 5712 13792 29252 12669 619 9407 11191 24427 20310 1135 28847 1831 29079 22130 23720 12959 12513
29518 16595 10419 3845 2255 11381 6546 4363 2993 15796 21818 18064 23069 13997 26751 11115 2502 4746
15350 16265 7971 5874 4480 28915 10229 7652 31685 13369 30408 5084 11295 26379 31312 26004 12974 22820
27979 23296 3253 5954 23106 6566 7503 21696 12305 19450 27661 3819 25104 10321 18039 18182 20743 21622
7904 28251 30740 24915 18042 24738 6649 23338 23836 2198 27272 10606 4894 2760 28759 15268 6620 4821
6891 15830 24177 7809 18583 20922 27230 25542 14691 2002 1749 11332 10664 5370 32244 17293 4246 35
5711 21345 16461 17469 9497 19082 24748 8852 20985 10629 827 8500 26996 20884 19255 29076 22942 12882
26054 15261 13537 28948 20110 2366 22323 26319 7186 19786 2339 4207 20787 17301 15896 19673 28156 9452
18303 1501 15736 27493 6981 7858 6950 8799 2040 17818 11525 32766 29646 665 19970 16776 267 8616
9269 2268 13647 21016 8111 13821 32537 6402 23964 30920 13546 29073 11070 5856 27597 14192 9638 8664
16090 14315 12618 6621 26081 1227 17916 14424 13801 26084 19285 24309 26699 1153 282 26314 17236 11641
12195 19444 529 17734 7560 28954 5557 18938 1089 30673 7526 95 483 26711 12482 9866 17116 9820
22433 18722 24538 28132 19734 5771 11289 21440 26674 19625 28634 1880 18219 7345 19239 20418 6323 8498
15542 427 8026 17033 2370 26993 19431 9608 32504 25854 2292 21 20755 10930 5547 28822 2123 30667
2582 13096 17014 9122 25124 20758 16215 21162 10967 9983 30064 17967 11602 23729 10983 959 13560 11203
20097 20860 19119 4067 3465 16921 897 15869 24903 19823 15498 32038 4375 12619 25073 15897 25758 5712
7070 3239 563 13584 31784 14298 13774 30702 3709 19410 7101 21641 23914 14876 27689 22956 20792 19584
25179 11727 47 15807 31875 31094 19625 5324 4076 31140 28092 7651 27863 14194 15888 7804 3879 7867
27967 7909 5961 29121 28332 26228 1792 21804 17326 1527 32377 28596 31482 3130 30241 23146 789 16582
12330 23879 10890 364 24203 13307 27206 7423 14667 22234 22279 18790 248 973 21504 3944 10575 1118
25688 18587 10326 27402 14014 3042 9647 17739 18304 9233 1440 32267 13356 27822 3410 27590 7829 12564
6810 18335 14491 27102 11325 2087 22510 29814 13892 23697 10858 8429 32509 17531 27111 12861 32664 32580
10650 11350 1526 20550 6695 3351 4469 21249 24439 19141 10563 23468 21815 13746 9714 8121 23991 5885
11235 8987 5686 10901 20957 9534 3695 20218 12160 2762 24030 1881 20564 32525 13113 11200 18308 18991
14962 25625 24185 6004 29899 18598 7469 10132 24344 17722 9772 11141 654 6860 8828 17260 19312 6853
14950 24079 16918 30973 22031 29701 693 20436 8834 23455 3726 12968 5794 12508 21463 27185 30017 3499
2091 14250 1606 3666 12432 14768 1276 24105 29721 20436 32296 18650 5360 6152 6828 2876 11066 25187
4610 24807 32482 14259 16777 2612 6796 19815 9099 17920 30179 1087 8865 31700 20913 19793 1505 4742
8728 4359 28724 12039 9035 29821 12591 22303 29760 6455 24933 13543 21507 12970 1660 30250 23786 3827
15699 1040 23090 27783 8782 3917 5086 15180 30530 11295 11558 8994 16639 31485 28710 27953 22902 6445
9498 11076 12771 21991 20187 14680 16668 26467 27189 30056 23223 7292 2853 18823 27015 18016 29794 25748
19284 22139 1403 15440 18406 27857 6808 13947 24856 21100 15163 5165 30352 7143 12929 31402 31318 28917
28229 14185 12490 13020 16363 6626 14824 167 23580 32623 24043 21074 13383 28144 23236 10571 1543 22582
11583 4127 15878 26873 4917 26481 1985 28658 16696 14948 10390 19727 2243 6120 32727 30311 27390 11147
19211 29607 21326 4940 1629 27799 30257 11578 2209 9491 4297 22886 13569 1024 1030 27712 24399 32755
2209 19684 15942 3698 30476 31735 2053 28938 24423 32410 5405 32070 28296 27044 9610 14900 23064 2354
9282 28914 21011 24631 1153 2678 12708 31901 5607 22696 27891 23410 27273 9470 30367 22898 11060 8634
6611 27576 30216 6396 1168 7350 9105 30448 32268 2417 3444 2315 1416 23304 13386 4231 21812 30852
24294 658 1426 27785 4168 4898 19652 15318 28579 25973 5712 10192 32520 32657 28492 6377 15248 23403
601 11752 1187 12912 8268 11033 25781 24456 4292 17821 6396 29504 10092 1890 29377 21985 22730 18157
28528 5219 19487 28616 8834 13019 9468 5808 20005 8741 291 5835 17789 12993 26384 12790 30155 8880
8187 29393 12611 8510 15143 18829 6342 25890 13401 8702 16140 12512 31607 28070 25325 24926 22481 23898
23360 25262 25555 18657 4392 10071 7464 31875 9438 32135 17612 27807 6279 24232 3030 2269 7452 5518
18373 11169 24098 22041 11205 24999 26301 9226 16867 1572 32326 8983 8329 28396 5556 11879 6165 9477
9332 20769 21738 25934 3742 32282 12779 25987 29252 8552 13971 6517 30255 26621 32228 29834 30563 23096
356 25465 12491 9143 1083 31313 14548 9872 6905 4764 29151 13177 2785 21986 18544 1390 32324 28795
23473 23311 18576 26728 27781 18883 14062 21700 11891 10241 10429 28922 22344 10586 27883 18623 2093 2177
7878 30684 28202 23699 32737 15012 13261 29514 2444 18973 8627 20057 13021 16673 2334 7890 9982 1285
21700 23250 26506 28429 23544 18705 6025 12728 21514 8049 27145 13982 31709 3811 29093 28804 23971 23123
19446 23866 17242 21367 25923 13442 14504 22964 20591 32397 14287 14301 28525 3864 23665 31601 26440 8326
14494 8878 7556 2932 10312 15490 14462 22124 16076 22333 24869 6633 10973 22691 16377 29849 11410 7508
29512 3006 31181 31117 30919 21496 11462 30880 18438 7765 6410 30380 6338 9574 8797 28728 4562 5847
29293 9368 23557 21823 10238 26127 21858 28133 23858 13446 24720 32520 8034 32365 3268 2701 13708 9166
4474 28813 20727 6053 23293 3688 1015 15216 8874 15849 6973 20804 20423 12480 13546 8085 7266 25709
12908 9168 15028 10775 24606 28397 30348 32424 28623 2114 3824 12192 8306 29313 17493 1938 12629 12113
22181 32542 31431 23761 28621 11832 18722 18743 13955 31172 22068 6524 1334 14616 31991 23816 325 20520
813 11490 3716 31171 5556 12333 23307 15808 21212 9101 32525 20535 32481 15907 27943 21534 16100 4493
11993 16028 30234 16269 10581 22174 8418 8749 26178 3201 19121 16914 7489 9721 31160 14151 31053 31356
11570 20427 22098 15251 18777 6380 29539 1460 3720 9880 21692 13601 30173 13526 21131 15175 4103 32700
3924 28697 17230 28080 21309 7137 660 26505 1777 13608 23381 31515 19345 3876 30235 9346 27121 29663
25677 22690 5881 26436 22864 12066 18333 3563 10486 17789 4502 29813 10485 14667 21460 13025 20477 21519
9175 10352 12157 17861 14993 19314 9067 2403 24076 18918 21631 20418 801 30039 26699 3238 9105 14361
31768 558 1013 3631 17880 26258 26282 15945 30411 32680 26128 20392 15708 20781 29663 30554 114 14674
14415 31386 12674 5897 19829 16628 20548 22283 4907 4774 32178 735 5862 16238 14338 11858 19484 10656
7656 24326 4240 28962 21390 19001 14637 15152 26098 1287 8947 20973 18550 675 1106 6212 18669 32008
31360 3722 5497 9165 3887 25231 12546 11587 12981 18576 29149 9709 26153 6129 26272 6610 4593 26906
15658 29838 17515 11828 2083 13195 21731 1355 32368 17973 9975 15935 4426 14423 2541 20721 29702 923
28789 16342 29365 8688 31913 8842 12985 16249 7270 21754 14718 9707 12695 1650 21929 15898 775 9564
18044 17606 29022 25273 15723 3169 11357 18984 5633 27120 25699 10829 24548 10175 13356 18707 5971 6841
16007 8371 10120 13696 15622 8263 5095 13893 31261 11618 25320 19022 29733 24952 10076 17570 9221 16238
17485 16841 9408 24024 18058 22223 14008 16610 28948 9693 23441 24873 22326 30113 1538 6706 8502 9828
6722 32157 22390 8658 14953 17947 20214 8357 6945 26407 5472 25369 23737 29849 30227 14025 9312 24273
30322 26587 29077 16089 25469 30543 27609 11945 20190 13475 9422 27226 5331 5294 2632 13503 18808 25509
1284 15583 10187 11428 32527 32561 24278 29732 20247 24442 22975 8184 17257 30475 23808 10780 18866 21097
5932 31148 28216 7268 32464 32174 12452 28743 6982 26311 26471 20848 5001 6813 12474 489 8010 15800
11075 13894 13913 28603 29399 24921 6705 5539 7706 5146 5596 20110 14245 11734 4093 28244 28672 22787
19323 6856 837 3928 29067 26410 4033 9038 17171 2493 22595 2392 2948 1872 11987 23840 12883 29140
958 24401 1661 5223 21685 26562 8308 10787 30830 1906 30230 31428 591 22352 32085 31200 14942 11925
30870 17502 26018 15902 18815 6142 23123 19326 26208 8426 7453 2177 19766 14947 373 17065 4487 31913
2908 26535 24614 13774 3212 6466 5446 10346 14936 19935 16608 11506 14250 14670 13662 4314 20257 31132
31840 20562 22958 17563 19936 1548 3400 4362 25988 11634 12221 30865 21075 4842 27224 19869 7304 3726
14534 8609 23950 25806 12641 14228 9875 27119 8409 7862 20706 17153 13971 29060 5400 25010 15620 29898
1011 5654 6784 5001 15788 21210 5716 29251 981 32655 7620 5962 256 30024 1493 25271 25329 352
1187 21260 8920 2771 24509 20996 6177 13637 2596 1384 12602 7958 12038 24653 28303 5269 25615 28839
31796 22206 229 9473 1285 20277 22026 1652 7451 20242 16496 8882 23885 13223 21844 8965 3627 3484
8698 19069 31744 9809 15391 22827 21020 32630 7793 3937 6074 10483 3375 19753 11127 2289 32564 2559
22755 29236 18246 8390 25653 9425 31064 11250 10432 5393 18597 28229 9482 5186 22856 844 4481 14446
17062 21618 23889 7635 15875 3646 11629 24238 15645 4564 14862 23924 25836 7782 9795 15622 10667 12260
11737 9090 1343 19591 17698 8963 2018 16232 2038 25773 15199 31657 4516 29222 6135 8957 7232 14621
1129 27933 407 9545 7899 27443 31328 27725 18908 25474 14420 26672 14701 16826 13680 7202 31961 22197
22140 16137 16419 25915 15172 26843 16892 14038 22865 15833 14931 13441 15469 13377 11368 16430 2597 20517
25063 18975 8940 29017 2461 24209 32226 4128 14047 10197 6793 924 15604 8371 9413 11929 8882 29302
10150 11983 10960 15357 27013 27184 11221 15531 20288 5721 13478 8106 24860 5830 14676 25417 20006 19628
17402 6319 2554 13666 26140 30733 24710 29426 26134 1219 7162 6965 25806 15808 6491 26752 30627 5718
26429 10602 29403 13130 19015 2614 24568 10198 17513 5276 23654 12127 31369 561 23713 7965 5013 15439
3955 3070 28385 10012 23844 24868 19456 4668 16294 25056 16641 27607 28198 21808 7019 4651 6535 21514
1775 24294 13561 30946 5653 18746 1607 27452 2688 14827 31577 797 30108 28015 32518 366 4384 263
19145 6113 26834 1336 28780 15755 13050 13025 6135 2984 29470 7888 11802 7828 17056 1878 32351 14078
23582 6137 30272 5982 17559 16296 3031 23014 12060 30015 1307 14868 30395 1469 7098 3932 19063 18840
14440 29569 26569 23421 17139 20735 32558 11747 17091 22206 7917 6799 19200 2675 16487 18529 28553 30898
21311 929 15800 15518 25342 25649 30196 23454 13084 24111 183 12750 27872 6369 23743 27238 15330 10175
197 16509 29850 464 28092 1050 8518 21364 28032 8034 4337 1509 14663 6107 17638 6564 1241 18605
22590 11964 10664 20441 15811 22354 28267 27992 28674 4222 9909 19710 28611 32126 10010 31047 11364 16657
18758 29319 13090 4356 31892 9749 16306 24564 7878 16789 3086 14776 6370 7949 31182 11612 31882 17505
29218 25120 7571 13378 6100 12782 25480 2559 10187 26329 20402 7836 9093 30257 29596 12723 8683 22079
21246 21189 25242 18971 28461 1682 32558 16327 30079 25866 22191 7296 20168 11019 4019 4992 2791 31929
19553 25251 25701 21531 27800 4528 22610 22439 31455 3979 3811 5448 7969 18969 3962 23965 13227 7108
32199 15255 22713 11218 23165 17395 8662 7344 1198 14713 14854 9352 30505 16641 6542 27662 32376 8741
10892 20460 25243 20402 30615 24492 16721 13564 16458 14211 5304 731 4334 4199 8642 31042 14136 8651
19344 26861 12860 12887 1613 26979 30818 29211 26380 32591 12098 31685 2847 11949 12828 6055 21587 13806
623 7411 13636 27791 32467 3453 2407 706 31796 18304 13907 7268 7427 27082 4191 1331 722 17891
16378 30866 13929 32050 9022 14807 24984 8999 26486 30866 14287 711 22322 15755 10359 25070 6340 23492
14403 24319 22609 8567 7057 17539 6836 17831 28844 28559 13479 19965 12955 9204 8677 26821 17282 27348
14464 30417 10364 22426 29880 17004 21515 20297 22770 7634 6849 11542 7717 26192 11747 25339 12303 10041
14574 28397 12834 22982 31901 17210 2122 31887 1161 31961 8278 32657 21299 996 30603 16491 8174 29401
6172 4860 857 24343 2876 4595 11796 24791 31656 13271 1377 29796 901 24653 16983 4657 25547 382
28506 6329 7873 19986 24469 25878 13162 18122 31960 13689 29961 9456 1978 12823 15059 13571 9768 14400
25565 22820 23434 17338 27490 12318 18455 4689 2384 7377 18871 24016 6905 10640 23385 18430 20459 960
20142 21801 22371 3088 15357 4203 2499 13975 17431 14068 18989 14146 238 1196 7285 13979 16397 33
11162 2782 25477 24481 15400 12568 1284 25919 18122 671 14093 19731 14185 25292 221 10630 3197 24881
28696 18894 21107 2953 23759 1745 14161 27726 15398 4700 13014 29077 7324 9357 32424 14287 10534 9020
23245 30027 20014 8161 23180 362 23793 18403 13574 13441 18708 8875 22262 7144 23711 14972 12227 15877
32255 2850 30575 27397 25671 21312 26783 21836 22072 9076 10898 28337 20090 18480 26627 17830 9028 26951
19815 24220 2934 31841 27765 17916 7747 25856 16123 21972 10514 24433 18034 27708 30590 4465 998 3587
27093 23893 17303 12527 30146 21340 31156 11048 27873 23929 10849 602 9774 240 6819 5905 25897 21128
17768 26768 7029 30984 20673 27845 24783 22977 32558 14475 15692 19258 22974 29704 8506 27276 3449 22456
10298 28333 14902 11516 494 5637 11445 4012 7402 2611 16748 27494 28755 22101 27542 29026 32638 19274
7301 615 29562 28237 1737 18673 26465 19938 31300 32731 17140 22764 21498 8419 16039 5104 15953 30680
28417 18640 15798 21958 29046 3232 17648 24669 6058 14262 20174 14780 11635 11302 13960 31864 13416 1557
19927 18379 12742 4847 27307 22575 27510 10850 26823 26549 11761 17803 23616 21385 31131 28882 28694 16625
12714 29605 11411 16036 10616 19130 8882 7878 11341 20510 14063 1193 23317 11785 2354 25423 31849 30684
13362 26536 6968 1246 24987 2889 3856 27128 28224 19383 19255 11514 6792 16725 4000 3778 870 4860
22600 1855 24305 444 9985 20379 14851 2238 756 5935 12684 19874 19266 15883 25621 23805 14006 12919
6204 28392 7942 19381 21121 12312 29010 16466 22488 19244 24904 4463 22691 11795 14996 2368 16216 18384
27766 10019 24584 14937 11164 5738 895 15641 17973 2832 2951 11002 1635 8441 10837 31171 16063 6461
27433 5223 23901 4544 1704 22204 8343 4907 16262 9401 19146 4299 17305 23114 28597 14143 19712 3921
14442 9421 32731 27599 14677 26711 16309 2147 14017 25205 31142 5923 29508 25853 7835 20585 25801 11334
18892 24618 27519 3930 20309 20368 26479 458 12129 9818 18354 17491 10590 16713 28888 24376 27482 6149
5270 17218 6631 28631 22584 11493 11227 13877 25979 9593 22258 32715 16666 16086 2011 26561 1036 25974
9009 19269 21205 25656 2678 7476 12134 30413 8499 19954 100 1711 20140 1021 27620 28018 14155 8212
24400 23093 10942 18982 25190 13592 606 569 4024 7276 27550 29097 20513 22782 23139 30897 13238 25591
8336 13323 1479 23358 25827 30492 30338 39 30360 30186 30521 7238 14611 7113 9338 26746 9203 19001
23295 21095 4929 31601 21053 15373 25554 1570 22979 4472 6177 31869 5207 20766 349 25642 19917 25110
10357 16993 18103 21660 29626 14326 4753 26934 17547 10697 25646 31116 2371 12711 25658 8143 32680 21301
28160 14484 8990 12641 20189 6731 915 16207 25401 8083 147 10936 11882 24502 9283 31131 18543 12535
6881 6256 15853 20922 729 21685 16108 21361 4195 32680 14080 9170 16866 13649 11391 20754 8259 923
369 25327 18451 28141 29416 26464 13828 2302 29344 3257 5221 10873 14104 26186 1222 27017 7490 14172
8517 27474 14617 24590 13065 14199 12386 18669 22553 4438 15160 26732 5642 4368 26482 16086 5314 31011
31172 25699 32062 1064 2418 1402 14651 9882 12867 27000 3583 367 30830 24439 20731 66 15170 11638
11994 24619 20809 23939 17560 6906 11177 1451 781 29174 6888 25997 7366 5518 4680 30366 30246 9564
1468 19075 22229 963 15694 21386 22399 14941 15254 29600 18228 27226 4559 28049 1443 1344 16059 5152
3428 18968 29510 21449 10781 17018 22951 29302 6014 15347 15097 8731 1107 31222 7816 16455 13703 7099
16325 24935 17867 29326 30348 319 15658 17462 27968 30298 32042 13755 16790 812 15604 23135 27507 8601
4564 8945 1476 25898 16386 10500 22095 3773 20363 4874 11973 12083 8581 3113 1303 29697 433 3130
23887 31179 28697 27806 25104 16849 7940 1238 18164 9513 24928 19300 20934 25158 1296 14184 9537 8443
21932 23937 10929 2170 17282 1532 13689 17372 27396 14032 15553 4195 30694 28054 18417 12995 8495 1607
26789 28146 14594 2522 24506 22661 3320 24863 18343 11431 4716 10287 25076 28019 7050 7690 25245 32613
4077 27619 21881 3742 26171 16736 31290 24454 22808 226 12872 26014 5552 30710 23955 15508 23754 24563
16603 24532 21971 8975 21111 15298 3243 8585 2539 30212 22762 29566 3247 1884 10378 25085 22003 1029
27469 5514 13552 11866 6674 13400 15442 12231 5839 27725 320 5071 24620 9813 17237 24920 22078 23794
23531 28295 2694 21419 3878 18995 22794 10870 6939 22623 17681 2433 8625 31857 22161 24865 18536 28115
29573 31260 10790 4814 29102 21013 30763 32157 23760 67 25631 26565 11368 7832 12628 18405 26296 29355
1923 23905 27419 21429 25743 20070 24886 1965 18383 13415 2107 5576 29704 13036 25120 18557 25501 29711
30646 23545 19134 10191 12393 5362 17462 24942 31380 15272 1057 28412 16375 14066 11530 1823 25167 17396
9079 26970 15543 1460 31523 19559 25722 26940 23385 13988 9889 6564 29877 7446 32249 202 25988 25742
31935 4017 10389 8421 26353 19438 27090 11935 30960 23696 23986 728 5614 5088 30249 19790 23368 12507
4795 18652 21376 21808 1496 21999 17855 27599 3436 15187 23992 31504 6379 10686 10099 8066 31264 23681
7090 11003 23537 30152 14430 9175 7034 28666 24865 8255 24403 16954 1178 14911 2444 4679 16783 5994
24306 4539 2100 16700 426 24652 29732 18867 6507 4426 23131 30669 17897 11991 18217 30899 14306 22393
26886 20722 3142 21013 9000 2499 17747 13292 17527 22318 32386 29982 7899 12687 13845 3849 31416 8214
18819 352 8844 12106 32636 22847 794 20399 15571 5715 7015 6325 16166 2721 14738 11290 31262 4237
16179 13608 29339 12952 27270 16598 13474 8659 24482 26969 16090 5850 28158 4765 215 30754 19983 12965
18334 25477 21349 25203 13283 30046 20160 12988 5945 27211 7362 386 21224 30441 7303 19251 5545 29194
2701 13438 4834 11499 31776 18575 4232 5651 30408 9981 26531 499 24571 7797 21053 13844 16630 28482
9221 4771 7012 12948 18818 30045 18759 8558 10423 13469 9799 14454 16625 19003 31799 29507 9258 3786
28797 7396 9916 7610 28087 28545 25080 16476 17783 362 25561 31484 1442 14679 10817 6220 16268 18390
17270 20178 14829 24599 12661 23823 19390 11716 27393 14139 23350 17020 6028 9212 15608 30723 24824 25280
28610 597 30624 14538 28603 11839 9442 24 7930 2045 1921 5392 32110 26183 22203 15789 11612 5543
18203 26573 32 8145 28227 22769 1876 27461 16372 11502 26055 12216 667 15907 23894 31162 21679 21682
21503 15280 8664 14198 20171 9804 8391 31560 6976 17830 14485 11479 9790 7785 26526 12358 15008 18260
2317 29542 9283 15094 5210 19994 29485 23983 13067 11476 23357 29670 18739 24998 27529 1129 19252 14067
6860 25476 32521 8578 25402 24992 652 11087 27492 23173 13565 30196 30336 8461 24073 28296 6588 682
12198 4088 29020 24478 32236 20434 21057 4871 18661 4338 13195 10048 30072 14503 19631 4866 20277 16931
9135 31212 12838 27674 1919 11843 29992 23634 13036 28062 29583 22078 4980 6050 20720 24321 28799 22338
21143 27677 28431 32081 27647 30769 11569 1745 22779 6774 29232 3025 25163 31672 11938 4697 10446 17939
18744 436 4634 27346 29472 12754 13369 23205 290 21273 23327 2990 1259 10837 1180 27273 8810 23827
28243 4296 23998 18912 4671 24156 23799 10552 11587 20639 23158 29318 11269 13376 17248 16706 6598 3310
15951 13921 28253 20362 5761 4680 21797 19061 18102 643 19280 22578 8455 24682 12256 14413 20077 23317
8666 10839 8916 19061 18724 10070 343 9786 25906 21917 19621 23813 15928 4643 8140 2042 21624 11520
19284 13916 27139 13260 21034 19869 16977 26120 25501 14761 13477 12308 3178 26936 27690 18510 7544 21173
29390 19057 372 32032 25042 27934 32680 18756 21837 11742 9900 30548 32019 3841 23348 9366 26798 17460
18309 15689 26887 26883 9929 7930 9362 7574 10491 26366 14760 9789 27285 10561 2868 26697 15621 2803
4977 25022 15179 32310 22796 30627 26159 6457 25245 13705 17906 17968 17438 23571 19180 18215 8937 23040
27507 19092 19363 2663 14666 2851 14039 22075 27615 14648 5990 4954 6744 10098 20343 16003 8729 30733
26476 27357 30104 17994 25482 1125 20294 2140 4945 16381 1190 9515 14190 22055 30254 31412 6604 25598
22180 20577 29740 3608 18206 29154 16475 16933 915 28232 20308 12866 6894 14074 17002 26385 28697 6990
16997 968 32480 23648 4406 6234 8431 21726 20991 7757 20422 29060 8984 31670 7715 30043 26134 10219
26113 18039 21230 20254 26349 16196 12425 4124 20608 16186 20454 12217 29940 30961 9601 24439 8303 14179
7351 29068 20464 6157 570 6006 17648 30032 8029 1814 12573 31959 25878 8592 30271 11832 16443 30916
13989 15876 29861 20189 12652 6435 6654 27708 10065 1018 5999 26507 17340 4756 14590 15414 17899 29776
15228 19106 26203 20557 27311 8095 13477 11658 11666 7441 27014 9290 7454 24953 26871 21079 241 2467
28791 20664 20106 10268 11892 9489 1704 4084 15487 27471 3283 19619 15123 13200 21832 25779 2234 20639
1266 17095 21028 4668 24607 24673 30125 10215 8866 4053 30725 10205 7946 32567 1138 30300 16272 21201
13704 2304 17829 28849 8804 17070 25408 23420 27551 25446 2819 14009 17632 18572 4664 20970 13992 31118
293 21886 5196 15441 11691 28215 25119 11871 31820 4828 10205 7732 25352 16338 27602 8306 2773 17832
20790 7661 11068 1294 6095 21897 31800 13721 30580 3676 23137 4766 4993 30286 31001 2649 818 26811
16210 19237 10604 6561 10833 19271 22951 24697 21216 9882 1158 8221 28843 28379 26770 1619 30649 18918
985 8136 11349 31316 16688 31798 18803 11861 7653 24356 5237 12523 17396 14441 31853 22798 21557 24892
7806 21380 23678 22881 19746 8860 14040 197 30129 28739 19524 2311 32692 3712 30704 7088 749 16862
1718 28739 28502 12933 3831 20165 958 7975 7293 14971 11780 11889 27817 16637 12865 31388 14085 10534
13238 13142 15881 32535 31825 29142 9207 14166 7715 6979 16453 26406 19274 27950 28892 19668 24 4256
9226 9203 23392 20237 5725 574 16654 17848 245 14481 8990 13168 13305 29702 3229 15421 22854 7123
19218 16279 23420 9814 20996 7356 11552 25551 13572 332 27728 30742 21412 7724 7742 355 5074 24206
32601 9951 18055 32114 9062 2998 4752 5379 25111 25147 457 1226 19394 7074 3152 18788 8799 28508
15938 9035 4787 14168 21393 10010 10694 23614 26091 5268 17120 19923 2446 4016 26934 17305 29526 6150
27176 16936 1544 23125 5148 8187 24883 14439 23764 1879 20133 9039 27775 12189 10727 9076 18730 19359
7765 11167 7676 26517 22256 4442 23321 13293 32007 18507 10631 30631 8320 15340 28531 10129 26368 25161
24751 23935 7378 26266 22418 11156 1125 1347 29070 2113 32742 30133 11485 20009 28890 32717 430 3144
27325 5595 13364 8814 4790 4749 23083 26161 19198 29609 20867 19383 753 12262 8868 20195 19111 750
2878 6411 1070 19252 11575 7819 20275 22151 7647 12494 2705 14506 20882 16515 2322 1978 8016 19481
21295 7241 22733 13972 5065 11685 12942 581 2903 27169 30881 11394 9379 25771 19229 9358 2145 29982
24369 7100 19115 26212 115 10556 3828 3839 20049 32404 15916 12378 29105 10132 10952 14187 18206 5098
16335 15453 14535 25362 5536 23535 17760 12933 2232 18307 28249 26303 12158 9996 2886 11519 18787 10669
15596 12606 1418 24569 31925 17543 14792 15658 1175 28602 27119 23051 2791 11612 14362 22104 3712 18856
6984 29778 12176 8493 30952 19128 20518 15445 31718 10458 31008 905 18037 2270 16223 1648 22964 11385
9581 5350 20480 16311 13612 8975 17744 7702 19896 13894 2441 5624 25035 21986 31180 17982 8692 15526
6959 29150 20438 17967 21570 26254 13429 21655 24727 20630 30737 10901 23294 6526 21810 30111 30930 11611
25772 1135 21802 16771 32124 26058 25901 31167 25837 27494 29348 2204 19279 19759 14710 9327 20600 26835
726 28706 3338 22885 23270 12567 23345 25448 15549 28670 23747 28938 20509 24495 30814 6783 5664 9787
19409 30516 8168 25641 20004 12786 11068 5740 7750 7940 16833 11744 14705 19725 13882 31104 5771 20259
7261 16122 24847 15011 5773 7406 20672 5470 5592 5139 22876 12317 26779 21053 11878 10660 13009 7087
22438 5443 11552 28341 20879 589 17914 15767 30173 24472 215 23220 10421 30489 12262 29361 1489 32247
25550 12613 2565 29875 11790 27655 29951 21459 4353 28545 24331 16474 15027 19130 16309 17678 26039 13401
24558 19293 31788 26413 29948 20787 22832 4008 24375 5747 17516 10410 18871 16162 1041 25088 9514 9573
8361 27915 15448 22636 14305 19482 23397 669 30883 32712 18549 13568 9851 11875 2076 21075 15940 8692
10743 5750 6592 14432 6624 30300 11534 8553 12521 21455 15031 2060 776 16815 6584 142 9427 21665
27047 23014 25916 15252 20897 11613 14395 7393 9450 18373 19658 29551 2602 18812 3097 26701 229 6322
31830 25643 24734 368 17328 21955 12103 8312 18503 26556 26913 29691 10103 8997 5843 12003 565 14966
20105 10728 22804 30818 31355 3952 29874 3816 512 7494 5799 17205 12588 6340 28229 12540 31275 20769
3642 8890 27967 19482 23950 14767 721 30951 16790 25269 5087 1280 31769 21133 7281 12250 31063 1843
9379 14419 2695 2300 27556 16563 18611 26645 12566 17527 7043 12822 14497 31996 8394 23645 25602 20509
28575 24050 32469 9391 29793 30211 6461 14908 24734 23292 3137 23987 27441 19727 1248 6536 23820 18916
12546 15175 9609 23438 27400 19390 29618 16562 32506 21885 3969 26735 26384 5418 28463 32397 6427 28913
17689 971 17249 20631 360 12044 4841 13815 1252 4558 24737 11760 32487 15831 24620 30837 13403 26200
11637 673 10905 14849 21562 3866 29370 28834 11749 10399 4365 18885 12709 15090 15583 30419 4806 28160
29778 11745 18813 7950 8356 24824 24931 5247 18150 21746 11016 18355 108 5425 10988 24840 14310 32566
25422 16959 26265 25280 21488 15134 19942 29162 19536 17494 26880 32183 27623 23660 4844 15058 27850 25449
7339 2658 5277 4150 20394 923 26520 23685 6377 14549 31185 760 22345 30104 31524 27501 2892 28777
22709 8651 25189 11546 4395 12913 23226 2877 5950 2522 31499 15598 24036 12687 23331 8638 27592 2059
30732 16872 4038 20062 4378 26101 5293 10341 2185 1613 3782 27438 1302 3934 8089 21900 20291 13721
19500 3797 10025 22053 16698 2110 3682 8079 8650 7168 16972 32436 15451 1786 25265 3091 16791 6313
44 30011 23030 13629 3932 7848 13612 1513 31800 31062 28740 29530 22858 18836 27985 18158 26524 22812
31319 3476 29335 20961 24934 6427 15476 15639 16334 15344 30277 25189 16135 6899 330 909 3094 12679
29561 12225 10569 25609 7389 11279 30189 15413 2335 11089 2177 11322 14659 21207 14094 29653 4486 18189
27065 862 14240 15490 5027 31211 23956 18718 28144 6311 13254 29037 20877 18747 148 12006 18952 4630
5955 26932 16430 5394 11142 8445 21955 29751 15692 17949 20449 14574 6333 30322 11192 6485 9793 8412
14654 14314 1861 18521 22655 14646 15045 25536 13512 19514 18030 5446 6767 141 8091 13958 17030 1768
20793 29911 12550 14405 6423 31133 318 32476 31248 23336 15438 32108 32366 20898 5670 4313 9758 27739
11385 2092 15747 17184 9299 11932 6320 24602 16767 988 28213 24004 21600 16047 20197 29970 6722 30200
30120 30726 27541 2976 27429 29813 21629 13843 14949 31417 29645 17330 12488 17752 15353 29938 26433 15426
29350 2117 3860 4245 2578 21623 16150 27799 12589 3419 15686 29675 13685 3775 88 4135 4974 18740
26074 17784 20799 11715 22617 3002 32684 13179 25094 26518 31970 21261 26400 16385 22054 5428 1365 11260
25411 3808 21158 13516 30841 26607 30990 18306 19085 18428 27217 21656 24882 17785 10169 21895 13206 13052
23176 14445 19260 26392 14480 27452 2348 23006 28802 748 26962 13663 6976 15236 24559 13194 27918 19442
11684 26465 8965 19013 17808 19273 26821 7218 8555 12922 12935 12236 8292 30779 18234 30866 19445 2454
30500 27775 7893 9468 14964 32211 10919 27826 13425 19557 14100 9980 22139 3055 14412 18588 8150 23104
13928 9738 13573 415 1154 26161 19473 25479 24749 5099 10378 2007 23369 27096 9308 2998 8163 13247
71 28009 31896 25403 30895 28609 17355 12689 23358 4704 25536 27827 6210 22953 20761 18873 3127 25485
7920 23169 32236 1003 24932 152 3270 26085 14012 31451 2857 27905 4664 27061 297 21087 9633 25824
21410 15096 1237 32726 19325 16647 24457 22640 30972 11987 28057 3029 12177 25783 26927 11650 5610 10293
13193 7314 1558 22173 32704 21411 14844 14480 8146 3668 74 29062 20542 25002 29973 18205 7496 8761
31600 15776 16156 13554 29371 17378 2012 9684 25691 27627 16312 8451 9664 27525 3091 10870 10937 24965
15294 12067 971 6827 5816 19722 17656 21354 2792 28025 20667 12667 21532 3391 17240 29140 31228 20268
31285 1819 16336 13597 29616 9147 25356 6962 784 27959 17392 20669 5348 21123 21593 27727 32551 17273
26819 13663 6734 17636 18424 16484 7749 6986 5191 6480 32604 2925 27543 6148 18469 27298 22909 15174
10979 31503 30614 9670 18363 20586 22565 6602 25308 14625 5846 3616 1765 26452 11271 15030 20391 22185
24080 13908 22892 10676 27827 750 4042 31766 21353 9352 22852 25795 15569 7603 23342 9339 1490 28409
20832 15457 27038 29716 14030 26939 13526 15242 14743 15958 6782 13454 14377 23920 1948 20285 16887 1522
4219 27285 22730 31113 21720 11678 28231 28603 30161 9699 22955 5815 31293 18584 16823 23638 15704 12832
14061 31340 17317 16263 31254 1213 4609 24172 11013 29152 25342 12041 23434 23910 22138 21686 17045 32132
30585 4174 3053 2469 13421 325 32682 3220 9536 10411 32379 24434 15435 2663 3453 18575 15589 2330
28434 31428 5287 22467 909 28871 29383 7624 28137 24852 14757 10681 14704 17856 9918 19838 31466 13518
19609 16729 10863 1212 15215 10526 12635 30974 29566 5986 26793 29513 32254 11057 820 25761 18529 9206
8397 31442 7522 1910 1215 17987 22778 13883 11645 21465 12816 2616 18417 30568 13907 23448 15121 16850
21796 2043 18462 24615 5059 22386 31405 24153 18534 23747 25931 2703 30484 10914 26136 29887 11603 31739
28621 17973 30602 10895 4877 28097 19684 3941 17339 23481 3476 10611 5847 19125 28385 10002 29809 20527
29243 11565 31180 12644 16784 30909 2040 14532 3790 14082 15015 1855 20747 12106 17107 7712 31786 6977
25165 7405 3778 18944 773 28633 4678 26735 9984 27146 26918 3221 11278 2110 1986 24316 8243 22595
29445 32331 8732 16252 8582 30948 2480 7939 6904 31083 21883 3882 29151 218 5985 12096 29472 19211
24195 17960 10351 14840 22728 11899 2149 25187 10415 19363 29026 5991 11295 635 18989 4130 11823 29404
25886 902 17004 27869 434 22096 17287 24231 1949 14243 12973 13941 22894 18314 29434 29889 22526 9099
7502 27354 29983 30300 26641 24959 28690 25805 24506 9207 6269 30043 27424 11061 13223 20070 22546 25964
24443 26093 27817 21952 4198 59 14399 2103 1335 6210 8463 5602 19706 3744 27109 13777 15286 15002
11240 5395 26811 14766 348 29779 4996 6379 23430 17592 2832 13573 16858 16759 29433 27706 29854 16803
811 32525 12387 15914 7634 14936 3459 18378 22352 18597 14239 27159 19625 17665 31211 13729 25691 27779
23328 28509 21676 2494 17972 8081 3408 30421 31486 32172 24210 20797 17182 29601 31471 15502 10074 13839
11998 20154 8462 11442 27384 802 997 9833 31883 20373 7109 5719 4075 14274 15173 21679 22885 31469
13779 8199 90 14155 675 23234 10442 8415 982 16591 13968 9538 11587 4537 10139 6737 2166 27335
8170 21379 20420 19839 954 14406 8015 3686 15456 14846 29704 10263 811 17224 30998 11866 20014 32243
23588 23941 15370 2855 9865 651 6444 2443 22130 14038 23492 1593 13389 11336 12835 13124 8363 1545
32432 266 22050 31002 24262 30089 23452 12623 6011 24032 8888 13982 1230 13872 3743 20118 26317 25585
24301 5629 10646 7673 15103 20235 685 8002 22885 8048 414 32735 32659 15052 28134 20463 22024 13712
4102 20732 19514 31735 16336 27046 2416 10529 22037 12174 9553 15017 23466 9039 9402 23640 4813 31476
30520 18469 14281 5757 28790 30311 4672 31439 31192 6772 13781 28361 30879 10017 3336 5797 9254 22496
2476 10638 18447 31273 6162 7534 12151 29324 12507 25905 13219 15071 9178 7411 11104 21452 31398 16591
13875 26496 3086 18819 8359 6080 7935 19374 23498 13539 14046 29985 17789 22724 26210 1169 15645 8663
17592 5969 16457 2805 24839 27023 2923 6838 20405 25731 31617 26573 11946 5951 11115 11486 15102 30071
2370 26981 21972 30847 24860 18974 4723 32467 5778 22084 11142 1452 2958 7301 31232 6324 28400 23694
19113 5214 28595 26918 11597 5642 4107 15807 6994 14033 5280 1205 3863 27690 19672 2585 27331 11082
11865 22036 18623 10823 395 27674 4751 23509 6623 27178 31191 286 22210 1043 12289 28054 26715 5981
30598 23042 5389 21365 27668 24660 31420 12635 7233 32519 2216 14496 21076 15864 11581 19441 9924 20964
29868 31258 14570 23046 4845 3892 10831 5075 5839 25151 14287 8501 16630 6839 3464 15586 15061 27299
12394 30942 10847 30956 6766 25483 24022 30631 25843 11899 2953 8941 7541 13354 25125 9181 8217 30516
25947 5065 5442 30850 21115 7104 27754 32568 2383 27696 29222 12080 13711 2306 23504 2418 13393 9635
26014 13108 29116 3555 24342 7914 15061 22082 16828 29596 16428 20782 11657 20058 17395 1082 26798 14978
12507 6514 15430 31627 5388 2347 19552 1349 15742 30771 17848 16106 27971 1475 32204 27513 28010 1547
24910 21791 28913 25902 19611 5777 2314 11724 10957 7778 9575 28824 30359 18783 23859 2007 31202 11804
31736 29394 26416 30653 3791 17924 10657 27215 28126 27513 1787 28102 32311 12011 28662 15132 10146 21210
6929 1932 15083 10578 17727 19028 17523 27956 13566 30848 1732 22476 23469 21244 6596 11850 12686 8958
27077 17460 9975 148 4848 11521 18684 32670 21845 6947 29579 24283 7305 9871 11805 5411 22528 30606
3686 22831 8119 4683 15794 32621 24766 15867 31797 18966 3626 17661 15981 1911 4739 2143 16701 6835
32045 9369 12279 19067 10229 8578 14487 29254 20823 27503 10901 29105 26244 4138 31658 30165 31238 31719
20186 31131 8784 13095 23001 5982 15577 17404 17616 2470 20835 27734 24555 30108 4418 12403 19395 23493
12116 23716 28533 19311 3031 12494 22928 13234 28859 12015 26265 28496 23045 19074 19026 26227 1725 29695
22307 25312 19860 15487 8098 29205 29311 3565 20092 29285 30702 12998 20577 9492 10401 11103 11447 25663
21961 2516 10247 21921 1241 21387 3222 14476 2715 8739 13844 10625 19780 318 14972 30835 11292 17358
19940 27951 17948 20097 15437 5594 7653 4557 5581 31681 21803 12367 26829 23202 31930 3499 9937 13818
13572 16819 3883 26761 6711 11041 15394 2600 14616 8064 11880 18477 2059 29459 29322 2921 8306 21529
15610 2314 13279 14270 6150 6462 31230 21057 47 28840 4756 22451 2831 5937 6037 285 29647 14900
23488 4506 10874 13296 4448 22467 16731 26102 21811 26505 21651 16707 22968 2140 18400 6381 11929 4823
30440 6958 24711 15323 13139 3134 27900 1801 11679 8126 18076 23947 9188 3203 26074 1505 29439 13906
8540 30345 26063 2504 19259 17021 24307 26408 20008 6389 14480 13949 18143 5446 30336 744 21987 23518
9900 14162 9632 16091 2951 23069 24700 26302 27902 25230 4941 15361 11186 1208 14421 3210 29232 4014
26089 10519 8348 14739 24060 30620 20077 30387 31031 13649 32470 13797 11072 25872 25276 8165 6718 9839
17833 13506 1856 28757 130 25394 714 27743 3724 30374 10611 28298 8459 30588 25839 17532 19591 22799
27989 23056 11516 4735 1662 27927 7114 32164 13803 19998 21489 6140 27785 26886 8476 548 24898 4635
29694 22883 5899 21296 31115 18330 19442 13635 4292 25929 19459 16901 14773 18941 25728 14861 23464 26328
29539 15073 32080 1944 20237 20915 19155 5498 595 13777 1730 30901 6307 10178 16575 13357 30404 12439
28325 5881 31497 15719 17376 8445 25315 21208 25363 29914 12211 21829 17912 29888 2208 8437 30573 25928
21474 28312 31692 12889 1340 16371 929 13051 23490 20728 17513 1643 3250 18651 5062 26689 5615 10169
8400 5780 13630 11305 26533 9766 16179 11633 15196 24869 21227 9592 545 3092 9649 26497 32604 11433
25341 16057 18595 12141 23724 29056 16487 1839 1926 25643 13040 8952 32744 22751 29194 22020 4816 1854
2646 3667 1820 2118 28492 29957 8955 21150 14666 21894 10652 17176 20969 26186 19780 28015 10941 20600
20906 12561 23074 4465 23041 20154 14880 4751 8227 31148 26137 4948 3920 8520 12841 16856 32693 28555
31035 7517 3456 13997 23783 32525 18666 19503 21502 25902 14833 2852 8972 23715 29935 31591 6951 9236
15055 22735 15170 26214 25034 30387 3926 9826 643 15224 27151 14632 9540 12511 21675 27417 27471 25563
20745 10795 28873 4454 18948 21356 25244 23328 20048 32336 1219 52 28894 25129 9394 22179 27734 12817
13349 201 25691 2877 2058 6926 24835 20700 30689 24064 24851 4910 22782 28763 7559 23628 4734 25990
23702 32475 17660 9378 28081 17408 17225 13100 11464 4751 22108 8281 10062 27916 2668 3224 16256 25035
32693 2386 27145 18755 31710 19636 25046 28343 14166 30299 28277 32493 8994 24382 6147 22930 8915 13022
26114 8248 30415 19466 1122 8270 21139 4665 27195 29371 23504 21221 24392 28175 3370 21348 31737 18149
14696 5815 32405 31361 11028 5153 5061 24447 7175 22857 27860 31084 468 21768 16479 26994 26991 18062
4374 6755 24572 3196 22236 675 9110 20571 26182 6142 6189 19058 12785 21049 15546 6580 17059 22410
7386 27624 347 12179 31341 29281 12159 6253 11203 24165 10666 23040 26992 25197 20571 13237 2390 29525
13147 16433 24810 17849 23244 27533 19563 17367 19144 22444 5643 30550 7561 19162 14714 9185 20298 1160
16257 3378 6263 5261 11839 9741 29385 4228 18724 9053 9141 17223 7526 12031 27043 13036 5894 14264
10070 6342 6553 6325 10628 10202 22928 5497 25279 15724 29077 26169 14701 22490 28783 20607 17472 28612
23318 1898 4319 3938 24198 20750 20638 17425 11970 11177 1967 17981 19744 28428 6768 29574 13188 9795
21805 30488 8066 7597 18859 15401 31218 24910 8141 1803 5766 9993 13137 20503 18428 24972 7383 15645
1032 30534 138 21757 5193 22931 16234 18856 3706 30827 26253 29659 4564 19890 30866 24034 1051 32211
28133 30742 19265 18224 1636 21387 16112 16239 18962 32612 20131 6063 21380 25637 6100 26025 16615 14634
26786 11516 26333 28817 27198 9353 8729 13738 28728 29796 25307 22724 10135 26485 20189 17954 8778 20005
5427 25305 31470 3200 20744 27578 3269 4385 5665 13045 31762 12302 817 22363 2681 7697 30708 21130
29618 2094 18333 30987 20097 858 1754 18471 11821 20584 20458 8005 32690 12386 6167 15959 24478 17633
29873 9988 25620 14583 26968 15351 5901 11784 7412 15013 7322 10503 4261 27395 16907 31758 13704 8631
28761 26609 31655 28790 16407 29295 14491 8315 10289 11304 32535 21410 1625 25447 17781 26429 31328 32407
30294 30132 21233 31599 18322 4608 1464 20006 29433 6506 28779 7377 11837 14314 23927 4945 31778 31301
2426 19229 13435 2745 9365 930 24108 29715 3127 9892 14291 1622 14668 21765 2574 15021 7662 30700
8311 12389 28807 4497 1236 8512 7717 19262 22615 26490 24977 31416 26447 29171 15005 7236 21216 17146
16765 32022 27981 21799 4761 4458 9300 605 20103 13228 5478 18756 27208 18234 10554 3265 19389 31633
20551 10758 28266 11276 15939 107 3170 5987 16413 18448 1972 27557 1885 21037 4018 25268 2176 4191
16010 27237 18245 32058 11233 5534 11624 17389 11835 20740 18243 16920 18964 6227 800 16150 2161 10229
20081 30371 12722 26232 11647 20729 10516 738 10565 25950 25570 685 12177 9009 14704 15454 16707 15577
1796 31270 2815 12610 25585 16662 17419 3934 25166 30747 28548 20480 5993 27553 23396 25136 26914 26929
31360 17729 23229 28607 29774 19831 22210 12103 1703 28439 12403 22008 5814 11080 22952 25722 2853 31632
2476 1835 19728 22398 20239 12054 2895 12350 19093 26583 7048 32515 3698 9454 5652 16721 23833 1007
1973 32617 17684 16054 21933 14716 21663 18929 12328 22141 24979 23507 11987 29050 8615 22232 29636 8587
3868 21891 28801 5946 21812 20811 10587 11526 16736 8886 4910 17815 29760 21794 26390 5188 20369 2865
2198 11238 23384 28428 23041 28766 8296 27486 6934 17763 12824 10239 11684 6238 25899 1937 23823 8303
28283 8375 850 28753 25987 28632 10423 13995 26750 15650 31182 18649 23270 29411 12121 21448 32222 24576
17592 20219 23513 8795 6326 3504 17706 13890 21535 2818 22514 25984 13045 19296 20870 4820 3059 28855
8908 7547 12740 23780 1538 22943 2917 32335 4050 22561 32229 8872 31052 31599 1224 27695 7625 5111
5332 17644 26922 366 9390 27743 12852 5015 30758 31613 15778 10323 2454 31293 25804 16616 11577 25804
7426 3142 19284 14707 23327 8466 19522 28136 3825 25629 4791 26123 13270 22403 8288 18845 12343 19720
16623 21405 666 14835 22204 30789 30222 9708 9942 31983 23359 29523 15885 24284 432 31449 19726 9055
27984 14301 5739 28420 1015 218 19170 32391 12212 2079 28744 24101 12449 8450 11779 31625 7150 1237
7287 27918 16897 5220 29212 3239 31208 20986 11079 16259 3166 3856 2075 2294 15174 2781 31820 17275
8599 31800 28114 7043 26383 17686 23955 10507 1171 18678 21953 17163 5332 9321 15220 27017 27808 16478
24031 24949 30841 32267 24545 24363 6446 30390 22482 23351 32200 3115 16849 27849 13587 17673 8205 18191
29627 12687 25893 13492 19013 21667 1376 11583 18433 19710 18838 24835 17708 15015 16529 22328 21155 7351
27327 31352 2136 9056 31671 12063 12657 12810 20251 20562 3991 3569 27119 12051 13154 29900 10250 28588
9212 6084 28284 24850 21565 14017 235 11013 7923 22497 21685 28166 18472 22348 32469 12737 15895 19154
5992 15772 5876 30398 12286 14244 1641 19904 14330 9630 18361 14845 27420 11354 14301 10750 9857 10613
7231 7657 16219 778 20779 12519 14540 18883 23746 23283 29488 2435 8873 26317 12838 25507 13075 22634
5231 20531 29354 16153 23205 8338 5754 12395 6009 8516 12332 26407 9950 30057 18108 17068 1760 2168
14041 8775 28468 12904 22570 22750 17086 27188 8784 13580 14203 8775 20114 22886 20605 11117 12717 24762
1650 14828 18784 2865 14851 26851 15136 28392 19734 22506 15986 26962 32115 16075 12125 19674 24189 5108
17921 1619 3204 8271 11554 14140 30452 7772 30245 32697 23583 16080 9366 30049 21447 12192 19998 416
956 420 2800 9465 23208 2015 12799 23039 27926 3490 7674 5456 20743 32346 30228 7314 4973 23625
14194 13076 9200 8433 31349 21964 21303 25550 12439 966 16176 25525 22137 20199 18838 19969 21967 12549
29935 24659 5181 24836 17312 16435 27092 9296 30052 9614 31770 22709 15980 12971 14705 12883 22001 5882
28746 27080 30156 22510 16131 22166 10519 23574 22554 12859 1147 5244 22009 32475 9608 24622 7113 20082
4934 1584 32286 26265 24043 24989 12234 31758 6278 7125 12120 681 2162 4450 12365 19904 10217 15509
15632 31891 22008 17084 3271 28379 20864 32629 18854 15911 22990 10858 17265 30372 4551 29413 18975 3320
322 11871 11485 19405 20667 29764 6490 13785 6900 17715 22339 6193 29019 5963 7136 18550 28238 26008
29224 19462 29087 7557 29457 25241 25429 1541 18917 12734 6455 32250 16634 3080 14787 11237 21260 4392
14815 31879 31676 8594 20687 2909 17882 25359 32326 20863 20659 20715 32401 14010 18942 5347 18846 24834
6244 9232 30583 24057 12759 23566 10115 696 23060 7305 17896 7704 17911 6479 19204 22770 24230 24470
20886 24797 8401 19632 7796 14511 21693 28859 30514 19471 6666 6317 25247 8333 1019 32274 12225 16699
16902 21927 24233 16564 4212 15182 18467 27913 28021 13708 7975 4647 20051 19850 10416 26270 20708 30568
17929 32331 9535 18061 11453 24452 11237 10916 27038 5754 1005 12396 2464 25279 1311 736 1184 23376
25439 10473 18176 9351 30008 15105 30012 5234 23297 3385 17835 25007 705 2367 3286 14290 17267 13605
22396 20264 3441 8705 12170 24903 27238 16090 26248 6526 18923 19415 855 23065 22059 27183 11491 29858
19688 778 12331 12382 6386 1108 31737 15084 10026 11395 12024 24256 13449 25395 5142 7366 4163 23026
10563 896 3530 28939 3077 24699 8978 7413 26828 10367 28645 18368 18503 12643 10316 27322 22273 6784
8255 23692 762 32597 29385 3941 3145 20600 449 15229 25339 28296 19003 12723 28637 25465 18468 21180
9092 22177 26460 26187 26362 5633 15330 20066 19378 21151 32556 21336 5289 27418 3398 941 30277 24559
24157 25649 10462 20104 14398 27824 10376 3663 5330 3194 16458 19423 30673 13228 14955 16116 12652 7179
21479 22018 18757 20172 19860 29797 3351 8733 14358 7872 35 11097 21823 12717 9886 24835 11405 32355
26979 27008 11607 27145 3578 20877 31619 27393 32489 10124 16979 94 24594 13953 10601 11 11089 23989
18545 22177 20961 16449 13393 5621 7450 18771 871 28040 19524 16435 25442 27014 10797 26794 7637 5063
5975 27662 9854 21341 17345 1558 4246 9693 5626 12767 1426 3986 31052 21450 6817 23895 4403 6907
8268 5405 3165 5974 18482 12390 5127 16331 15708 32078 5137 25826 2654 16752 22175 19276 27181 31595
12427 27379 24258 24168 14797 3675 10836 25614 20055 19931 1721 4219 21203 9075 14060 17588 31277 4875
20238 15197 1704 8760 20066 2901 17446 7394 26519 19709 13703 25190 5009 15801 13163 13815 19018 31995
30301 20518 32164 16627 18869 11395 13092 7161 25204 20238 22341 12609 5807 32304 10131 29521 28889 11648
20090 18690 23451 4971 3548 13432 25034 10406 5029 22679 16041 2747 21657 30854 14939 32661 2424 19902
3738 5265 10850 20440 20424 5835 1110 19241 5673 24213 17693 24892 25421 11262 6535 20427 32693 3886
14765 6592 19744 6470 32600 28314 18546 20753 25392 27668 14459 10423 31696 5616 17480 28357 23270 8201
28305 30723 25832 26354 12516 32208 32565 12824 12986 27623 12194 7475 22965 6876 2945 17112 11593 13153
4002 1586 19226 13484 16272 5766 26465 23521 9886 2268 5607 26531 5928 9351 22151 29685 17445 15618
8955 27056 4405 14053 30690 16215 13480 4768 5831 1347 1989 6584 31732 31326 8568 2532 17583 9528
5929 23271 494 11587 32725 31277 12969 28707 5528 6476 25434 4025 4329 27112 11444 29659 6834 25730
3953 31914 28829 30102 26670 24843 5895 11358 30427 30034 13786 18463 14222 22134 31596 16406 1728 13579
8581 8517 19948 15573 28860 24135 13497 21672 24094 28169 4681 12824 7967 21515 6708 32258 20343 28576
765 1247 1461 11446 8113 12156 29105 29512 10716 16412 25056 28948 14478 3965 18829 6545 7886 18048
9985 30579 11901 20457 25322 11744 7124 32279 1521 16992 31954 8602 24864 3609 8358 2955 1077 28858
15418 14356 7710 8688 9692 7643 9195 15615 7715 23766 23017 25234 24701 18916 6900 3279 30787 4781
31265 29167 5560 30108 6817 4223 24569 18869 22958 17007 32320 21440 10014 29289 22054 8801 10222 20105
14777 28545 32538 5797 550 16702 22677 24507 21059 18337 4851 27225 32185 12876 8907 26279 20514 31298
3224 17240 12409 23682 4343 25168 23811 54 26331 20407 15141 1426 8234 22406 30639 30896 5323 5363
29509 25850 28543 22670 14157 1143 14718 32753 28341 18387 32725 7304 7995 12765 28522 1014 7937 17466
781 9992 555 30632 8141 19099 32001 31957 15308 32608 30201 16676 27278 29455 17494 29765 27823 30841
22235 2356 7450 24994 16089 28825 22591 2045 23368 1570 14970 8003 8264 28430 20448 11782 14071 25814
4764 18711 29025 10080 21439 27799 20170 5281 27088 4045 3072 7995 16931 20222 31789 8822 12323 18270
9709 19898 5893 398 24692 9402 18758 1592 27900 20299 15203 30947 18573 13915 25508 21776 12815 10361
25867 10642 8291 709 24581 28217 9460 6697 1467 20361 30296 24844 18746 3358 8099 1179 19211 17822
3844 32620 23375 19917 477 23309 11666 27905 2099 7946 7001 7304 7349 10081 4248 9429 3323 24420
32431 13621 11766 7502 29060 20895 6342 6536 8876 13008 27557 15951 10083 29872 19241 19430 5108 12022
8106 3238 12901 21483 19227 5525 9777 29055 21261 20275 7008 12518 15037 16943 23370 12249 2481 25817
25446 4263 14978 25798 23306 23667 3518 10263 743 4925 32027 985 31441 1732 19221 25150 31190 23305
27278 21689 21687 18925 15053 20291 28275 1053 21484 1756 28474 19705 24318 12557 23896 11320 14053 8052
29902 21012
