10063 22518 13804 15030 21528 22539 19261 3097 14878 32196 14215 6370 2799 18312 6260 14092 20354 21888
1213 25502 11222 31129 32101 17075 15390 5621 7841 29437 26883 25966 3457 29365 19858 2683 23979 3976
2948 84 27474 8086 10792 19014 25972 32316 23273 32058 1084 2457 16501 32723 10229 7120 5228 7220
23513 15556 18076 16539 31062 2099 29407 2538 26515 1002 18858 29823 13091 25144 17894 20301 31235 27790
19897 19770 26626 4785 6528 20671 16064 23056 31942 19941 9986 10399 28056 24062 17749 10598 26223 25202
20308 17387 32147 20793 7485 25758 20383 1909 29589 4448 6031 16097 307 1575 4536 272 19821 22040
1075 13576 4801 19597 2647 8969 16676 2780 32231 2789 9608 7643 6855 10236 28869 2000 14501 16444
6962 31490 14164 6345 24622 16341 30997 27913 20087 940 1814 17495 10244 3071 15469 16659 3803 2401
4916 18148 14735 1843 28618 4838 11329 13110 1656 8611 12805 31139 14196 0 4659 12623 31951 25090
15923 21567 18146 7159 29577 72 25305 22912 3563 15418 18360 12236 1505 15549 25934 25834 22386 9836
20905 2557 19754 1763 28811 17377 27430 807 29080 23930 30443 30136 16393 146 22238 31072 16752 12621
17959 6968 32260 26357 6491 12898 3976 24635 3717 5851 29344 3191 26141 13602 5635 10279 16370 14823
17401 26433 30838 20981 17004 18835 543 15001 17663 30196 30544 7652 3388 14130 24586 30638 21885 30532
26763 32325 24901 21824 879 19433 20783 12555 13477 17450 4949 18761 82 29081 4012 18461 14875 22496
26998 22870 12413 30204 29593 10149 28878 29845 12993 23447 7910 15582 2599 30936 7612 29593 28291 13808
878 5159 15058 10789 5734 10275 1039 28015 19996 22309 1704 1784 5197 19094 2609 17839 17088 8749
22484 24339 6280 29725 7779 28787 9349 5639 24869 15907 24345 10788 19618 19774 28980 11229 3484 13122
25236 31183 1733 14468 11504 6082 32737 10336 28523 9158 11283 27543 15785 15702 8625 18873 18388 22321
8356 27587 22143 12924 17237 32179 22242 32127 29982 2568 29548 21274 19331 27594 29758 5641 7634 29321
25742 25770 30291 5282 14206 8507 14990 19459 27104 18870 9485 30996 23510 7313 28183 26482 24225 17727
15815 20967 13139 3442 17778 32604 29902 20016 6774 22354 10944 7500 12197 1906 168 29472 2289 6229
23760 17577 1309 3078 21537 19864 23045 25238 13748 1779 7947 8588 10907 1453 344 14662 9872 15806
32538 25650 9250 25951 17516 23853 26964 29815 1754 1854 20724 31826 31415 25590 21414 21438 16187 29793
19765 21285 23684 24494 15028 7436 12288 31735 27706 12019 25353 5686 26367 13839 18310 4987 29717 25812
14190 18665 5925 17464 20938 9681 26940 15740 12944 3048 5137 22593 87 29275 27068 26766 27781 11743
21538 10656 403 31923 6423 68 23510 12094 11938 25128 10300 3121 7019 7361 1379 18934 8052 31034
8960 15145 8485 30674 15248 2235 6779 8149 17390 5788 645 8222 28131 28332 28458 15204 22543 19903
27390 15591 2224 12007 15311 29097 3748 29017 5320 24944 25673 29653 29041 17491 28899 17221 5237 28816
17555 14016 26365 15423 27013 5706 13360 4091 26815 10109 31978 9451 23550 15603 24460 11262 10906 9096
20656 22627 19515 2505 7935 2826 11794 15862 84 6692 5631 24108 8914 28893 8342 22178 32225 814
13439 19016 24463 21080 2296 16840 29365 32041 6621 15467 14516 6366 9854 32690 13194 19971 5750 16534
15535 30159 24751 987 17250 13171 20665 20409 28672 17928 18087 3250 26439 3685 19557 12189 10559 1398
7822 2840 18886 7851 543 25118 31735 21163 1381 6606 11919 20028 1765 9399 13455 494 7724 1253
13757 3299 17310 32768 25543 16697 20888 24945 12135 15265 15526 26436 31240 19364 7538 13514 32581 10304
26930 26609 29459 11413 29751 11359 4080 6352 6867 26903 4453 5025 11393 25766 22189 26428 29974 31458
10684 14266 126 16746 26264 11397 29882 13865 32419 19203 7592 21618 5232 31900 1951 11232 11223 32240
17395 21957 10745 12678 13278 25785 8687 4898 30101 10890 10608 18232 20364 28763 12724 675 13903 31986
8444 18141 18461 1346 10167 11705 23324 25466 3712 16988 31193 12267 30702 8665 27024 6297 21195 24568
6016 4755 30933 27813 1900 16914 13602 30082 8605 13428 12106 32611 31229 18589 30414 13407 28225 24979
10777 8737 13781 16212 30397 25701 16463 6662 27913 30615 32269 23350 25776 12256 28431 4497 27859 4212
5108 31398 1297 32489 7592 16142 6754 3839 30342 15571 1099 25264 676 31744 32379 23131 12723 10626
23100 4432 16252 13341 25849 25180 15956 26672 15823 28947 18462 9388 6308 29376 28981 1995 10362 13319
23070 11310 11935 5818 31434 22054 27049 924 1205 10656 24945 3248 30408 18292 19021 15319 16354 27725
32081 18785 2922 28135 16497 14120 5143 13062 23312 2993 6423 244 12931 10666 20881 15303 27547 32729
31209 29925 19229 3284 22526 25433 21462 29513 20749 8883 23589 6848 28156 21600 6127 6120 27197 32474
21186 23015 10366 18259 22177 22413 10649 24972 14965 14454 25188 20964 5415 14229 2747 23980 20692 14342
17375 17948 6749 19572 12385 10401 10484 10418 23085 8806 23139 15637 971 4497 24308 29964 16067 4286
29242 22142 25787 2337 23412 32073 20240 30297 13055 12057 26690 14567 10010 761 29673 4840 15790 23113
10417 10932 19972 9342 30968 12372 11915 11315 9490 106 21342 26690 29795 25134 22659 3261 12395 15147
13524 22719 15899 21819 4318 23439 29058 4874 32290 12142 30589 11956 2734 25359 29223 24197 27775 4282
8930 31773 16911 23672 16119 2546 8731 22353 19155 12966 30786 671 5785 7962 27063 28556 14828 15985
15986 13906 10579 23702 2596 17157 16920 8835 4546 12567 26783 23929 10642 13377 5189 10178 1698 18699
26242 20629 16744 10714 10122 7420 1040 17484 17744 16473 8536 10852 12559 9728 3965 15497 14022 27119
842 1909 11085 6974 10234 4712 3087 9456 11927 6570 28081 31036 12808 28968 21671 23249 11125 2989
21506 24660 29374 25079 3703 3700 1781 13833 30186 9186 7073 28523 25826 29602 9693 2701 28275 27100
26080 22888 108 5758 10396 4037 13203 23170 15840 22558 26211 4883 24214 27766 32178 24457 32510 28619
26634 23768 18885 831 16116 29688 16047 21568 8818 5667 12817 7677 11026 854 10286 23613 3521 30615
18675 10557 20084 22896 26636 1283 7331 18393 23796 32762 13852 8603 10133 1558 27668 25357 7426 18115
9911 30291 6227 29726 674 20955 27669 22385 25744 191 4005 29963 8170 29107 17627 15565 2743 10285
12842 820 7261 11179 11445 15833 29340 20865 12067 16649 22644 15468 14289 31009 11181 11996 3146 23639
15416 2904 7213 4266 638 7913 259 548 18174 4673 21869 25923 6368 7309 25055 25043 11932 21746
22580 25050 3274 15926 7273 16589 3879 26761 21887 22328 12332 17815 16964 7708 10828 2821 3736 26476
20558 16106 9450 26034 14045 19134 14346 308 3430 12436 265 13331 16447 15912 28039 27570 16910 23224
14886 10695 5673 19154 13633 25000 31428 1652 9727 20143 19403 32086 4977 15696 32099 26017 26653 1535
18309 28848 11717 13162 24767 578 23881 4406 25184 17856 32520 7966 13280 15847 5895 9196 6013 10933
6743 23871 13808 24937 26404 1846 17346 29394 32507 14373 7505 15388 31589 19756 29944 15747 31719 25243
28510 21380 2140 5243 18906 11830 8896 979 26559 8929 1490 23469 24850 13271 19419 21178 28700 27252
31132 25858 22770 24538 10637 16807 10107 3907 21335 10632 24359 20133 27560 14711 31164 2660 22524 23815
20394 7698 29465 25985 18202 26739 7478 299 25822 30054 5407 3774 7119 22924 5359 2339 30360 7438
28480 1915 30563 20493 10448 3383 18954 9625 19009 9920 9305 12465 26086 3618 28880 8092 3615 21477
8049 4542 14309 18584 14538 25366 17746 8706 3957 2722 13520 6382 11137 26297 12343 31591 19590 4979
30831 28284 7570 10200 26851 23856 30633 29849 4034 20221 20027 8577 5684 8897 8768 17823 29861 27197
5871 21579 12211 24896 1415 32193 6421 15781 10930 23921 20715 21270 19031 4751 763 18315 26047 7895
7368 21372 24608 10202 30556 19143 11500 30251 12657 27076 25830 20242 13853 8773 23852 1139 11122 25918
7310 22200 17777 9325 19235 1441 14671 2137 30788 10793 19746 5782 21132 14348 16176 17484 11828 16534
624 12502 30160 21504 2591 1200 24822 7440 8989 12528 3454 4876 5066 2727 22244 23998 396 32382
1974 18367 21955 22734 16850 23380 8096 24033 14313 1270 11595 11890 5743 22720 23169 13369 13806 21878
20088 4892 29659 17055 9792 23143 19944 922 18413 29234 6939 32398 22826 274 32656 28741 5752 17979
30324 19185 1822 9128 3537 31497 18522 21656 12596 11840 28035 3137 7727 31029 12446 30958 24362 30365
28257 26363 26698 15755 11041 168 13202 18756 7160 25965 30081 12222 28589 5702 18840 16920 21615 29204
28722 29622 30079 15737 31512 9002 27934 29740 913 8570 26340 23999 18457 5148 28181 8921 19125 3159
9369 24220 20184 29143 24002 26787 20632 6784 22925 21200 21212 11690 7251 22363 7974 11402 7675 13256
21605 15698 20219 11043 24344 5353 11118 11601 14422 6656 23593 24102 1813 8062 8064 30956 32610 20518
30255 19482 7100 10521 20565 18789 3460 7849 14145 26060 32385 18139 12065 17985 436 9932 19699 29790
19871 32206 15477 5979 7507 11094 13127 27953 21357 2671 2853 75 15257 24626 258 21745 1524 14333
21564 3027 22821 18948 16949 13184 5709 18491 6678 18337 11124 11646 25743 5926 4154 27338 23613 3989
18565 3841 12860 10287 2482 17571 23216 26966 24066 16890 24034 19569 25139 1948 26995 28607 31031 2230
7632 23242 4731 6690 21504 20119 24110 17264 22420 24225 3033 20032 20729 19896 28508 12288 23467 27469
10185 10635 1367 27865 9492 14735 12428 32702 10094 15495 6200 3838 5413 22464 28353 31192 17148 2555
22066 13796 2614 32392 11231 6674 18792 32430 25825 19831 11081 7506 30292 5819 20401 30902 1636 1941
13123 11965 24792 16404 28821 24348 27851 18236 14464 22554 7633 13027 7130 18767 7634 7229 1069 6345
11016 7327 30187 13965 26151 20116 31197 2524 3313 3816 18296 21884 23786 31286 3860 11665 6737 25274
31922 23513 30545 14894 21151 20142 22434 11282 13566 28037 11305 25670 1118 28720 25286 15766 25183 5195
9995 21697 15471 19642 28214 15313 30973 18303 3141 18801 8922 26114 19659 16588 11958 831 19487 19840
14099 9347 3342 4019 19046 28697 1623 13519 10087 1700 9435 22563 947 6765 32196 10164 14493 24764
11483 2494 29250 14864 7075 15874 15677 11271 11242 14241 3474 2507 852 10999 7502 26228 29356 3069
15369 11909 13736 30878 28080 566 1795 19340 29399 12126 17540 21286 6074 25849 8092 26864 25934 31939
5688 25768 4241 30614 12159 10317 17487 1990 14637 16467 8384 17823 320 21280 3567 27203 18257 24133
15290 11462 25323 31472 27866 7600 22916 9945 26464 7243 24888 19849 10234 17135 2881 3593 13151 25776
4896 30785 8653 31205 3577 16195 16613 5866 30084 6994 26591 18639 19598 22668 23022 29784 22085 19869
21152 5045 7944 13932 6372 28099 20562 12263 13391 9263 3569 20202 8227 13110 22194 4226 6413 16508
9671 7541 24887 21338 20526 7900 5648 21397 23171 7744 29914 27361 17122 11964 10531 9215 31549 22977
486 25682 4027 3101 10304 7132 13703 2 13638 18231 15811 24147 16661 8222 10468 5303 18737 6086
22001 7135 2142 30742 2675 10743 7382 18014 20064 3459 6498 17665 22620 11351 23493 12005 1548 25202
17879 2440 7474 15875 13650 10405 20510 21232 21709 16679 17293 8876 9294 9545 3975 21645 21163 1980
31140 14973 18044 24762 25227 23886 28762 20782 9368 3597 17388 8338 24091 14120 29427 12436 25642 27069
18081 887 22908 25498 13106 12310 9714 2328 499 24781 18869 3921 11537 14355 18746 21123 18998 14334
11538 5418 7925 1789 21049 8861 15337 12333 1683 4703 14749 14488 11688 10179 29641 10148 27032 2429
24396 23924 1110 19873 21944 21318 5416 5664 29553 8856 7801 14533 25693 28184 8109 12387 14899 2297
22373 20908 10545 30914 12853 101 18368 11499 8431 24806 11060 2346 21527 16853 32759 7594 5861 14895
30438 10670 18079 14177 9684 17580 8855 30708 13731 18685 28683 11817 31499 23947 11861 18171 21823 14657
22438 4460 28508 32021 26928 16865 16248 16374 12489 3550 24630 10536 6613 23621 8487 13577 30394 17720
26671 32710 711 24264 17001 12960 6123 4536 15988 28448 21853 29265 28050 21674 12714 22941 9828 31885
13722 15184 26317 2052 23388 29389 28418 7282 19821 1456 29647 27199 591 5607
