	学号		语文	数学	英语	物理	化学	总分
	00000001	78	78	84	79	77	396
	00000002	77	82	78	80	76	393
	00000003	78	78	79	78	74	387
	00000004	77	80	76	75	80	388
	00000005	84	79	79	81	78	401
	00000006	72	78	70	75	80	375
	00000007	82	72	76	76	76	382
	00000008	79	79	72	70	80	380
	00000009	76	77	76	78	74	381
	00000010	75	78	75	78	83	389
	00000011	76	71	80	75	78	380
	00000012	76	78	76	82	76	388
	00000013	66	78	77	75	78	374
	00000014	77	72	68	75	72	364
	00000015	71	79	76	75	70	371
	00000016	75	87	70	76	80	388
	00000017	80	75	69	78	78	380
	00000018	84	70	76	75	78	383
	00000019	77	77	74	80	75	383
	00000020	78	82	89	80	74	403
	00000021	65	73	75	76	83	372
	00000022	83	86	74	74	82	399
	00000023	75	77	84	81	79	396
	00000024	76	72	76	78	76	378
	00000025	77	78	79	75	85	394
	00000026	77	79	81	76	68	381
	00000027	85	79	76	74	73	387
	00000028	74	76	75	81	77	383
	00000029	69	76	68	73	84	370
	00000030	78	82	81	79	69	389
	00000031	75	68	74	81	77	375
	00000032	72	77	74	79	80	382
	00000033	77	73	83	81	79	393
	00000034	77	80	75	80	74	386
	00000035	77	75	71	73	74	370
	00000036	75	68	74	70	79	366
	00000037	74	72	80	83	83	392
	00000038	76	75	77	70	72	370
	00000039	78	75	81	75	82	391
	00000040	76	76	75	71	76	374
	00000041	77	69	78	78	76	378
	00000042	83	73	75	78	78	387
	00000043	78	75	87	84	77	401
	00000044	69	73	74	74	78	368
	00000045	80	74	71	80	75	380
	00000046	78	72	75	71	72	368
	00000047	76	69	76	74	76	371
	00000048	74	74	72	75	77	372
	00000049	66	73	80	72	77	368
	00000050	76	77	73	77	76	379
	00000051	73	79	73	72	81	378
	00000052	88	75	74	80	75	392
	00000053	80	76	72	80	77	385
	00000054	75	76	79	68	76	374
	00000055	75	78	77	77	75	382
	00000056	80	72	75	78	72	377
	00000057	77	79	74	71	83	384
	00000058	80	77	79	79	73	388
	00000059	79	71	74	74	84	382
	00000060	78	67	77	79	76	377
	00000061	81	76	77	78	82	394
	00000062	70	76	74	77	78	375
	00000063	80	75	79	75	84	393
	00000064	85	75	81	80	78	399
	00000065	75	76	73	76	82	382
	00000066	64	69	80	76	71	360
	00000067	74	81	72	74	77	378
	00000068	77	81	76	79	81	394
	00000069	75	77	78	76	77	383
	00000070	68	85	82	77	76	388
	00000071	74	67	82	76	75	374
	00000072	74	69	78	78	76	375
	00000073	85	75	70	79	77	386
	00000074	69	79	72	75	77	372
	00000075	77	71	78	79	77	382
	00000076	73	77	76	74	77	377
	00000077	76	80	75	70	67	368
	00000078	65	73	78	76	66	358
	00000079	75	76	76	83	78	388
	00000080	69	77	76	76	75	373
	00000081	73	81	77	69	77	377
	00000082	80	79	86	77	82	404
	00000083	69	84	76	78	81	388
	00000084	75	76	75	70	77	373
	00000085	75	77	76	76	86	390
	00000086	79	69	75	71	77	371
	00000087	73	75	78	72	68	366
	00000088	75	77	80	73	82	387
	00000089	77	76	84	69	75	381
	00000090	70	80	79	76	76	381
	00000091	81	81	81	76	85	404
	00000092	79	75	77	76	79	386
	00000093	81	74	76	76	77	384
	00000094	81	79	76	78	81	395
	00000095	79	71	71	78	81	380
	00000096	79	81	75	79	77	391
	00000097	79	75	81	77	83	395
	00000098	77	80	80	73	70	380
	00000099	85	76	67	78	75	381
	00000100	78	76	81	72	70	377
	00000101	70	66	77	72	75	360
	00000102	79	78	76	85	75	393
	00000103	73	78	76	75	71	373
	00000104	80	80	75	79	72	386
	00000105	79	75	73	82	77	386
	00000106	74	74	76	69	83	376
	00000107	67	87	75	73	78	380
	00000108	74	75	80	79	72	380
	00000109	78	80	79	87	75	399
	00000110	80	80	74	66	78	378
	00000111	74	74	66	75	75	364
	00000112	78	81	79	74	76	388
	00000113	75	78	75	71	77	376
	00000114	74	78	81	71	78	382
	00000115	75	78	74	77	82	386
	00000116	71	71	83	76	73	374
	00000117	86	72	79	79	75	391
	00000118	75	71	73	77	76	372
	00000119	80	72	76	76	72	376
	00000120	77	81	78	76	77	389
	00000121	75	73	77	80	77	382
	00000122	81	72	78	79	75	385
	00000123	73	74	80	80	79	386
	00000124	80	76	76	76	78	386
	00000125	72	64	81	83	80	380
	00000126	78	76	80	80	77	391
	00000127	76	73	80	76	78	383
	00000128	75	72	77	73	79	376
	00000129	70	76	78	74	75	373
	00000130	81	80	82	75	76	394
	00000131	78	76	78	75	72	379
	00000132	73	78	78	82	75	386
	00000133	76	76	76	74	76	378
	00000134	80	77	73	65	71	366
	00000135	78	74	69	75	80	376
	00000136	75	75	80	76	76	382
	00000137	78	73	69	80	71	371
	00000138	73	81	79	76	77	386
	00000139	78	77	76	76	73	380
	00000140	85	76	72	79	74	386
	00000141	75	78	76	79	75	383
	00000142	84	79	80	72	73	388
	00000143	77	70	69	80	73	369
	00000144	75	75	73	78	76	377
	00000145	75	77	70	80	80	382
	00000146	77	72	76	82	80	387
	00000147	75	82	66	75	72	370
	00000148	74	80	76	76	83	389
	00000149	76	71	74	74	81	376
	00000150	74	76	86	78	84	398
	00000151	76	76	81	76	72	381
	00000152	73	78	82	73	82	388
	00000153	75	74	79	76	76	380
	00000154	74	76	77	76	80	383
	00000155	68	78	78	76	77	377
	00000156	87	80	82	77	80	406
	00000157	82	75	77	74	69	377
	00000158	77	72	77	76	78	380
	00000159	76	78	84	78	77	393
	00000160	78	72	78	79	68	375
	00000161	79	83	71	78	76	387
	00000162	85	86	76	76	73	396
	00000163	76	77	80	72	77	382
	00000164	77	77	69	66	75	364
	00000165	80	72	76	74	72	374
	00000166	76	81	73	71	71	372
	00000167	77	80	74	79	76	386
	00000168	77	78	73	74	73	375
	00000169	74	73	74	71	79	371
	00000170	75	72	76	79	81	383
	00000171	75	69	80	74	79	377
	00000172	79	78	75	76	79	387
	00000173	74	64	73	76	77	364
	00000174	76	79	73	67	74	369
	00000175	77	67	77	81	76	378
	00000176	73	80	77	82	82	394
	00000177	71	74	71	79	79	374
	00000178	77	76	73	76	78	380
	00000179	79	79	73	75	69	375
	00000180	77	72	75	76	84	384
	00000181	75	75	78	79	68	375
	00000182	71	75	82	83	75	386
	00000183	79	81	74	80	75	389
	00000184	70	77	83	82	73	385
	00000185	75	77	83	76	76	387
	00000186	76	78	76	78	80	388
	00000187	75	80	77	75	78	385
	00000188	82	79	80	73	76	390
	00000189	77	76	78	80	74	385
	00000190	81	77	76	81	78	393
	00000191	83	86	76	72	73	390
	00000192	77	77	76	67	77	374
	00000193	73	73	82	80	74	382
	00000194	76	76	74	83	75	384
	00000195	78	75	76	77	75	381
	00000196	75	77	74	80	84	390
	00000197	75	74	80	75	75	379
	00000198	73	78	77	71	75	374
	00000199	80	78	76	67	75	376
	00000200	82	71	75	76	81	385
	00000201	71	77	67	76	84	375
	00000202	70	75	80	77	75	377
	00000203	76	65	72	79	69	361
	00000204	80	76	74	74	80	384
	00000205	82	75	76	79	75	387
	00000206	81	78	79	82	80	400
	00000207	74	75	74	68	79	370
	00000208	76	80	69	74	77	376
	00000209	75	76	74	73	70	368
	00000210	79	76	81	72	79	387
	00000211	77	76	80	77	79	389
	00000212	78	74	78	65	80	375
	00000213	86	78	79	79	81	403
	00000214	76	73	84	73	79	385
	00000215	74	76	81	76	76	383
	00000216	82	71	86	74	76	389
	00000217	81	80	75	77	77	390
	00000218	76	79	77	76	75	383
	00000219	76	81	73	74	79	383
	00000220	73	71	77	78	80	379
	00000221	73	83	80	80	76	392
	00000222	79	76	71	78	77	381
	00000223	80	75	73	75	73	376
	00000224	81	77	79	78	77	392
	00000225	84	88	70	80	74	396
	00000226	75	82	77	75	76	385
	00000227	75	76	77	71	80	379
	00000228	78	74	76	76	79	383
	00000229	77	77	72	72	78	376
	00000230	75	73	80	65	75	368
	00000231	77	75	73	77	81	383
	00000232	76	69	79	69	74	367
	00000233	75	82	85	83	75	400
	00000234	79	74	84	81	76	394
	00000235	83	78	78	74	78	391
	00000236	79	79	73	81	76	388
	00000237	71	79	80	78	77	385
	00000238	71	73	68	76	72	360
	00000239	80	75	78	78	77	388
	00000240	75	69	83	78	72	377
	00000241	72	77	73	79	72	373
	00000242	81	77	71	76	74	379
	00000243	78	64	78	72	75	367
	00000244	74	75	75	78	73	375
	00000245	79	75	81	73	78	386
	00000246	76	76	79	74	78	383
	00000247	82	73	69	78	77	379
	00000248	77	80	79	89	77	402
	00000249	81	88	76	81	77	403
	00000250	82	75	77	83	80	397
	00000251	85	78	73	72	81	389
	00000252	76	70	79	76	73	374
	00000253	68	74	78	81	72	373
	00000254	71	79	77	76	78	381
	00000255	79	78	75	76	78	386
	00000256	80	69	80	81	71	381
	00000257	81	73	73	77	76	380
	00000258	77	82	75	75	78	387
	00000259	73	76	68	74	80	371
	00000260	77	73	76	79	76	381
	00000261	79	82	73	76	72	382
	00000262	77	78	76	81	70	382
	00000263	82	76	78	78	85	399
	00000264	75	81	68	76	78	378
	00000265	66	79	81	72	73	371
	00000266	72	81	81	77	76	387
	00000267	78	77	77	79	75	386
	00000268	74	76	81	77	80	388
	00000269	73	78	74	84	78	387
	00000270	81	72	75	76	83	387
	00000271	77	72	76	77	75	377
	00000272	85	74	77	77	75	388
	00000273	81	81	76	76	72	386
	00000274	76	81	76	73	73	379
	00000275	72	76	72	69	86	375
	00000276	75	76	77	79	78	385
	00000277	66	76	83	73	81	379
	00000278	67	80	73	83	79	382
	00000279	75	69	79	77	77	377
	00000280	76	74	75	74	71	370
	00000281	75	71	75	76	73	370
	00000282	80	76	78	70	79	383
	00000283	73	65	78	70	73	359
	00000284	75	77	70	79	82	383
	00000285	77	83	76	80	79	395
	00000286	80	78	76	70	80	384
	00000287	75	78	72	78	75	378
	00000288	72	93	81	71	78	395
	00000289	77	79	87	80	78	401
	00000290	79	81	78	75	72	385
	00000291	75	82	81	79	79	396
	00000292	81	78	76	78	84	397
	00000293	71	71	80	82	76	380
	00000294	75	76	75	74	76	376
	00000295	80	73	74	80	71	378
	00000296	79	68	70	73	84	374
	00000297	74	78	79	73	71	375
	00000298	80	73	75	78	82	388
	00000299	73	73	75	86	76	383
	00000300	69	72	74	80	77	372
	00000301	76	77	76	76	82	387
	00000302	81	72	76	78	77	384
	00000303	78	68	75	69	82	372
	00000304	74	78	78	70	79	379
	00000305	75	76	74	75	79	379
	00000306	74	77	82	78	84	395
	00000307	74	77	73	80	78	382
	00000308	78	79	75	70	79	381
	00000309	77	74	76	80	74	381
	00000310	82	85	71	79	82	399
	00000311	77	76	75	77	80	385
	00000312	79	75	78	73	81	386
	00000313	77	77	82	81	80	397
	00000314	76	73	77	82	79	387
	00000315	79	74	74	75	78	380
	00000316	81	82	66	79	79	387
	00000317	70	74	79	68	76	367
	00000318	76	72	73	67	72	360
	00000319	78	78	80	76	78	390
	00000320	81	82	83	78	81	405
	00000321	82	77	76	78	77	390
	00000322	76	75	77	78	78	384
	00000323	79	76	78	77	75	385
	00000324	80	70	72	80	83	385
	00000325	76	82	79	79	80	396
	00000326	78	73	74	82	80	387
	00000327	78	86	79	75	81	399
	00000328	79	78	80	72	81	390
	00000329	84	73	71	71	77	376
	00000330	65	76	82	83	82	388
	00000331	77	77	81	80	76	391
	00000332	73	77	73	72	74	369
	00000333	78	78	79	80	74	389
	00000334	78	72	73	82	73	378
	00000335	80	76	78	75	76	385
	00000336	75	72	79	80	75	381
	00000337	75	75	73	82	81	386
	00000338	80	73	78	82	77	390
	00000339	78	82	72	78	78	388
	00000340	76	75	76	68	78	373
	00000341	83	77	74	76	78	388
	00000342	75	80	78	78	77	388
	00000343	82	76	78	64	75	375
	00000344	77	81	69	75	79	381
	00000345	77	73	69	89	82	390
	00000346	75	84	79	79	74	391
	00000347	79	76	73	73	82	383
	00000348	76	69	82	76	77	380
	00000349	76	77	77	72	77	379
	00000350	79	78	87	74	82	400
	00000351	78	79	77	75	74	383
	00000352	85	85	76	74	71	391
	00000353	76	75	76	74	75	376
	00000354	76	75	74	76	83	384
	00000355	78	77	76	75	78	384
	00000356	77	74	75	76	90	392
	00000357	80	79	79	76	73	387
	00000358	74	82	77	72	66	371
	00000359	78	77	74	76	80	385
	00000360	76	77	78	69	74	374
	00000361	73	77	78	79	70	377
	00000362	69	80	77	74	86	386
	00000363	75	78	75	88	74	390
	00000364	77	76	76	75	73	377
	00000365	76	80	71	73	76	376
	00000366	78	73	77	73	83	384
	00000367	77	76	73	79	77	382
	00000368	77	76	80	74	76	383
	00000369	76	81	77	82	72	388
	00000370	82	77	72	80	79	390
	00000371	80	82	80	71	68	381
	00000372	76	80	78	76	79	389
	00000373	82	80	78	74	82	396
	00000374	76	76	77	76	80	385
	00000375	78	76	77	74	76	381
	00000376	75	74	83	70	76	378
	00000377	78	76	81	74	75	384
	00000378	65	82	72	73	78	370
	00000379	76	78	73	79	74	380
	00000380	76	78	75	79	73	381
	00000381	77	76	76	76	77	382
	00000382	75	81	76	79	71	382
	00000383	77	76	76	82	73	384
	00000384	76	77	74	77	79	383
	00000385	75	81	67	73	75	371
	00000386	75	85	70	79	73	382
	00000387	69	80	78	75	77	379
	00000388	77	74	76	75	81	383
	00000389	81	73	72	80	78	384
	00000390	74	75	77	73	76	375
	00000391	67	76	75	72	79	369
	00000392	72	76	77	75	77	377
	00000393	75	76	84	77	79	391
	00000394	80	74	79	84	73	390
	00000395	80	79	82	75	75	391
	00000396	82	79	71	74	75	381
	00000397	77	75	75	79	77	383
	00000398	79	74	82	77	77	389
	00000399	79	75	78	76	79	387
	00000400	81	73	75	76	79	384
	00000401	76	77	78	82	79	392
	00000402	80	79	81	79	78	397
	00000403	77	77	79	84	74	391
	00000404	72	77	76	76	70	371
	00000405	72	78	75	68	76	369
	00000406	78	78	77	76	83	392
	00000407	84	73	75	76	80	388
	00000408	80	87	79	77	81	404
	00000409	77	74	78	77	75	381
	00000410	78	79	77	74	73	381
	00000411	80	84	85	72	80	401
	00000412	71	84	67	77	77	376
	00000413	79	72	75	79	80	385
	00000414	81	81	68	74	72	376
	00000415	79	77	75	74	71	376
	00000416	77	79	76	75	78	385
	00000417	79	81	74	77	82	393
	00000418	78	73	74	77	77	379
	00000419	76	73	76	76	76	377
	00000420	83	75	71	77	74	380
	00000421	74	76	77	72	85	384
	00000422	71	75	79	77	72	374
	00000423	68	87	75	78	77	385
	00000424	72	72	85	77	75	381
	00000425	77	76	78	79	86	396
	00000426	85	77	77	76	76	391
	00000427	80	73	75	74	78	380
	00000428	77	77	87	78	77	396
	00000429	77	85	78	76	81	397
	00000430	86	77	70	66	76	375
	00000431	78	83	73	73	76	383
	00000432	76	74	74	78	68	370
	00000433	82	76	72	75	75	380
	00000434	76	78	76	81	76	387
	00000435	75	81	76	78	72	382
	00000436	76	76	77	74	73	376
	00000437	79	75	75	82	75	386
	00000438	78	72	75	67	70	362
	00000439	77	80	84	73	77	391
	00000440	76	74	72	76	77	375
	00000441	83	63	71	75	73	365
	00000442	78	77	82	77	75	389
	00000443	77	80	79	82	72	390
	00000444	76	78	75	78	79	386
	00000445	73	77	75	81	71	377
	00000446	81	80	84	78	76	399
	00000447	79	78	79	76	73	385
	00000448	77	72	78	71	76	374
	00000449	76	83	75	76	77	387
	00000450	75	81	76	76	69	377
	00000451	79	76	78	73	75	381
	00000452	77	76	73	73	77	376
	00000453	77	72	78	75	77	379
	00000454	81	75	77	78	74	385
	00000455	75	76	80	72	74	377
	00000456	79	75	76	78	72	380
	00000457	75	74	77	77	76	379
	00000458	71	85	83	76	74	389
	00000459	78	80	76	75	82	391
	00000460	77	77	70	72	80	376
	00000461	64	78	73	75	79	369
	00000462	78	81	75	72	75	381
	00000463	82	82	70	78	78	390
	00000464	78	80	75	79	70	382
	00000465	79	70	76	79	75	379
	00000466	76	83	77	73	86	395
	00000467	74	76	77	76	80	383
	00000468	71	76	78	79	75	379
	00000469	77	75	81	79	77	389
	00000470	71	78	78	76	76	379
	00000471	77	79	79	76	77	388
	00000472	80	77	77	79	77	390
	00000473	77	81	76	69	77	380
	00000474	75	77	73	78	75	378
	00000475	75	74	71	79	78	377
	00000476	70	76	76	71	72	365
	00000477	71	77	71	72	76	367
	00000478	81	78	73	74	82	388
	00000479	76	74	84	74	73	381
	00000480	79	78	72	75	82	386
	00000481	82	76	72	77	76	383
	00000482	77	72	77	77	81	384
	00000483	76	73	70	71	77	367
	00000484	76	77	73	80	73	379
	00000485	76	71	78	82	79	386
	00000486	76	84	80	76	73	389
	00000487	85	82	77	79	81	404
	00000488	75	77	73	78	78	381
	00000489	78	68	77	76	76	375
	00000490	75	79	76	77	73	380
	00000491	79	76	69	82	80	386
	00000492	78	78	76	73	80	385
	00000493	81	80	77	77	76	391
	00000494	75	72	74	72	75	368
	00000495	79	79	76	72	73	379
	00000496	76	79	77	79	74	385
	00000497	80	84	76	75	78	393
	00000498	72	71	72	81	82	378
	00000499	79	77	73	68	78	375
	00000500	72	79	77	76	75	379
	00000501	80	76	75	84	86	401
	00000502	80	81	75	78	78	392
	00000503	79	73	77	78	83	390
	00000504	78	80	86	75	83	402
	00000505	76	82	74	80	86	398
	00000506	78	76	80	69	82	385
	00000507	81	70	78	71	78	378
	00000508	77	76	80	78	78	389
	00000509	82	84	70	74	80	390
	00000510	76	68	81	81	72	378
	00000511	74	79	64	75	77	369
	00000512	78	82	76	79	76	391
	00000513	76	79	74	80	70	379
	00000514	81	73	84	75	81	394
	00000515	78	74	80	68	69	369
	00000516	77	75	76	79	68	375
	00000517	83	78	75	78	75	389
	00000518	69	78	75	77	77	376
	00000519	81	72	80	71	79	383
	00000520	74	73	78	71	78	374
	00000521	72	75	77	78	73	375
	00000522	77	78	78	80	76	389
	00000523	71	73	77	78	76	375
	00000524	76	91	72	77	80	396
	00000525	77	76	76	75	73	377
	00000526	71	76	74	72	84	377
	00000527	74	79	77	80	76	386
	00000528	72	72	77	80	75	376
	00000529	74	76	77	70	76	373
	00000530	80	70	74	80	77	381
	00000531	74	75	72	83	79	383
	00000532	83	79	75	74	78	389
	00000533	78	76	65	83	74	376
	00000534	73	76	78	77	78	382
	00000535	75	75	79	77	79	385
	00000536	68	78	75	73	79	373
	00000537	77	83	75	70	77	382
	00000538	78	85	75	81	82	401
	00000539	76	81	76	83	68	384
	00000540	77	81	70	78	69	375
	00000541	80	84	73	81	79	397
	00000542	77	76	76	75	81	385
	00000543	80	73	76	79	88	396
	00000544	76	65	77	78	79	375
	00000545	74	76	85	74	71	380
	00000546	82	80	77	76	82	397
	00000547	84	81	76	74	78	393
	00000548	76	79	88	75	72	390
	00000549	76	75	80	74	73	378
	00000550	79	77	81	74	76	387
	00000551	79	77	70	73	75	374
	00000552	75	67	78	80	71	371
	00000553	78	74	78	72	76	378
	00000554	77	79	69	81	76	382
	00000555	81	76	72	79	71	379
	00000556	84	77	78	77	69	385
	00000557	75	73	78	76	68	370
	00000558	77	85	80	75	78	395
	00000559	74	77	75	86	78	390
	00000560	81	70	75	73	77	376
	00000561	80	81	78	73	77	389
	00000562	75	77	78	80	78	388
	00000563	74	78	81	74	79	386
	00000564	77	79	70	69	81	376
	00000565	76	78	63	75	75	367
	00000566	80	70	77	73	74	374
	00000567	72	81	78	82	74	387
	00000568	82	81	78	77	78	396
	00000569	72	68	75	76	75	366
	00000570	77	76	76	76	75	380
	00000571	71	78	77	83	73	382
	00000572	72	67	75	86	78	378
	00000573	80	70	78	78	77	383
	00000574	74	80	75	72	74	375
	00000575	75	77	76	84	77	389
	00000576	76	76	79	78	77	386
	00000577	75	73	76	82	79	385
	00000578	82	76	75	80	76	389
	00000579	75	80	81	77	78	391
	00000580	82	72	77	75	81	387
	00000581	74	76	71	74	71	366
	00000582	75	78	76	79	76	384
	00000583	72	79	90	76	76	393
	00000584	76	77	78	78	76	385
	00000585	80	75	71	80	78	384
	00000586	78	77	77	84	77	393
	00000587	74	78	75	79	75	381
	00000588	70	79	72	77	82	380
	00000589	76	87	80	78	77	398
	00000590	78	76	75	75	80	384
	00000591	75	82	73	73	78	381
	00000592	72	88	75	70	78	383
	00000593	77	63	77	72	81	370
	00000594	79	71	77	76	72	375
	00000595	73	79	74	70	77	373
	00000596	80	77	78	76	77	388
	00000597	74	72	76	84	71	377
	00000598	86	84	70	76	76	392
	00000599	73	74	76	75	83	381
	00000600	78	70	75	78	77	378
	00000601	70	76	81	78	78	383
	00000602	80	75	79	84	70	388
	00000603	75	77	75	81	74	382
	00000604	74	77	78	77	76	382
	00000605	79	75	82	83	80	399
	00000606	72	80	80	74	78	384
	00000607	80	77	78	77	75	387
	00000608	68	79	76	74	79	376
	00000609	76	81	78	77	78	390
	00000610	78	77	74	75	74	378
	00000611	78	77	79	75	74	383
	00000612	72	70	77	74	78	371
	00000613	75	77	74	67	73	366
	00000614	81	83	77	81	84	406
	00000615	84	71	83	73	83	394
	00000616	80	76	77	75	69	377
	00000617	75	73	83	74	78	383
	00000618	78	71	78	76	73	376
	00000619	82	74	75	75	76	382
	00000620	77	76	78	72	80	383
	00000621	79	78	79	73	84	393
	00000622	75	72	80	77	74	378
	00000623	76	74	72	74	74	370
	00000624	76	81	79	75	79	390
	00000625	74	77	80	79	72	382
	00000626	77	72	73	78	79	379
	00000627	73	73	77	73	83	379
	00000628	74	84	77	79	78	392
	00000629	78	76	75	75	74	378
	00000630	75	65	75	78	79	372
	00000631	66	78	80	79	83	386
	00000632	71	79	77	76	75	378
	00000633	72	77	79	82	74	384
	00000634	75	80	74	82	83	394
	00000635	89	80	80	82	84	415
	00000636	77	84	82	84	74	401
	00000637	73	73	73	68	73	360
	00000638	77	76	71	78	76	378
	00000639	77	77	76	76	76	382
	00000640	76	69	81	75	77	378
	00000641	84	80	76	77	80	397
	00000642	79	75	75	82	80	391
	00000643	72	79	81	79	76	387
	00000644	81	80	75	70	73	379
	00000645	80	80	87	78	70	395
	00000646	81	63	74	76	76	370
	00000647	75	76	78	71	73	373
	00000648	69	74	77	80	71	371
	00000649	78	77	78	75	77	385
	00000650	75	81	75	75	77	383
	00000651	78	76	77	81	81	393
	00000652	76	78	74	68	73	369
	00000653	75	82	73	76	77	383
	00000654	76	78	77	72	75	378
	00000655	72	72	78	76	86	384
	00000656	80	73	78	78	76	385
	00000657	85	77	76	76	76	390
	00000658	81	70	78	79	69	377
	00000659	77	78	75	66	77	373
	00000660	76	74	73	75	72	370
	00000661	82	79	74	80	75	390
	00000662	80	82	75	77	77	391
	00000663	80	82	81	72	78	393
	00000664	80	76	73	72	71	372
	00000665	74	77	80	77	78	386
	00000666	74	71	76	68	77	366
	00000667	74	82	69	76	77	378
	00000668	75	84	79	78	77	393
	00000669	76	76	76	74	77	379
	00000670	79	70	72	74	72	367
	00000671	81	79	73	69	71	373
	00000672	74	80	80	78	73	385
	00000673	69	72	78	74	75	368
	00000674	77	75	76	74	68	370
	00000675	78	76	83	73	75	385
	00000676	77	78	76	75	83	389
	00000677	77	71	81	78	70	377
	00000678	76	72	72	71	80	371
	00000679	76	77	73	75	72	373
	00000680	77	76	77	69	78	377
	00000681	77	80	74	81	80	392
	00000682	68	65	71	72	79	355
	00000683	79	81	78	74	84	396
	00000684	84	78	73	74	77	386
	00000685	77	79	77	76	64	373
	00000686	76	76	76	83	71	382
	00000687	76	73	80	78	80	387
	00000688	74	76	77	85	75	387
	00000689	75	76	75	75	76	377
	00000690	75	74	82	77	73	381
	00000691	83	76	70	83	79	391
	00000692	77	82	78	77	77	391
	00000693	70	80	70	81	76	377
	00000694	81	79	81	76	76	393
	00000695	77	75	74	76	79	381
	00000696	74	80	84	73	76	387
	00000697	79	78	68	78	69	372
	00000698	84	80	74	77	77	392
	00000699	83	75	76	73	77	384
	00000700	76	75	78	77	77	383
	00000701	81	83	77	72	74	387
	00000702	81	78	81	79	75	394
	00000703	76	75	82	81	76	390
	00000704	75	83	82	82	73	395
	00000705	76	72	77	71	78	374
	00000706	77	84	73	78	79	391
	00000707	76	81	85	79	77	398
	00000708	85	75	81	65	83	389
	00000709	80	72	72	76	73	373
	00000710	79	80	79	82	75	395
	00000711	79	78	75	74	78	384
	00000712	78	75	81	79	76	389
	00000713	75	78	78	71	74	376
	00000714	81	82	76	75	81	395
	00000715	82	84	73	70	80	389
	00000716	78	73	82	74	77	384
	00000717	84	75	79	75	70	383
	00000718	74	77	79	77	71	378
	00000719	79	77	77	76	76	385
	00000720	78	77	75	79	79	388
	00000721	75	73	76	77	74	375
	00000722	79	79	82	69	72	381
	00000723	81	77	74	82	72	386
	00000724	78	74	75	81	70	378
	00000725	78	79	73	80	79	389
	00000726	74	76	71	75	77	373
	00000727	74	71	76	84	75	380
	00000728	77	74	77	77	68	373
	00000729	66	80	76	70	79	371
	00000730	79	77	78	73	80	387
	00000731	78	78	76	74	79	385
	00000732	74	80	71	77	70	372
	00000733	83	83	75	65	75	381
	00000734	77	76	82	79	78	392
	00000735	76	74	72	75	79	376
	00000736	71	77	76	77	78	379
	00000737	79	76	76	75	73	379
	00000738	81	80	77	79	76	393
	00000739	74	78	78	72	79	381
	00000740	77	78	80	72	81	388
	00000741	74	75	77	76	77	379
	00000742	81	78	79	76	81	395
	00000743	77	76	81	76	79	389
	00000744	72	75	79	74	74	374
	00000745	76	79	73	81	76	385
	00000746	80	81	75	76	76	388
	00000747	78	66	77	82	86	389
	00000748	72	82	79	77	77	387
	00000749	79	74	75	78	73	379
	00000750	75	76	80	72	76	379
	00000751	81	81	76	80	75	393
	00000752	76	76	73	79	80	384
	00000753	74	69	78	75	74	370
	00000754	78	78	81	73	78	388
	00000755	68	75	69	73	77	362
	00000756	78	75	80	77	80	390
	00000757	78	77	73	81	81	390
	00000758	75	74	72	77	72	370
	00000759	78	76	77	73	74	378
	00000760	76	76	79	78	83	392
	00000761	81	77	72	73	76	379
	00000762	74	77	79	75	79	384
	00000763	76	81	84	68	76	385
	00000764	73	76	68	73	72	362
	00000765	70	71	77	77	80	375
	00000766	67	76	87	76	82	388
	00000767	77	78	79	78	77	389
	00000768	81	71	80	79	79	390
	00000769	79	81	76	73	79	388
	00000770	82	79	79	75	72	387
	00000771	77	78	79	76	77	387
	00000772	75	82	78	79	78	392
	00000773	74	75	73	72	76	370
	00000774	79	77	69	77	74	376
	00000775	76	74	88	76	76	390
	00000776	79	77	75	78	76	385
	00000777	77	80	71	79	78	385
	00000778	70	79	77	74	81	381
	00000779	71	80	76	76	78	381
	00000780	72	80	73	79	76	380
	00000781	82	78	74	69	68	371
	00000782	78	81	78	82	76	395
	00000783	78	77	69	80	76	380
	00000784	66	81	75	78	71	371
	00000785	77	78	77	77	74	383
	00000786	77	76	77	74	74	378
	00000787	77	80	70	76	80	383
	00000788	76	75	76	79	73	379
	00000789	74	74	87	74	75	384
	00000790	74	72	78	73	70	367
	00000791	78	76	76	79	77	386
	00000792	73	75	75	77	78	378
	00000793	78	74	75	78	86	391
	00000794	80	77	77	82	73	389
	00000795	78	75	77	76	76	382
	00000796	77	82	75	79	73	386
	00000797	72	83	82	70	84	391
	00000798	77	79	83	73	84	396
	00000799	77	79	81	78	73	388
	00000800	72	78	80	78	80	388
	00000801	77	75	74	72	77	375
	00000802	74	78	73	77	73	375
	00000803	81	86	74	77	78	396
	00000804	79	76	81	81	75	392
	00000805	77	75	76	77	78	383
	00000806	71	80	76	75	65	367
	00000807	72	77	74	75	76	374
	00000808	76	76	77	81	77	387
	00000809	81	79	84	77	66	387
	00000810	73	78	78	71	78	378
	00000811	90	75	71	77	76	389
	00000812	76	68	77	72	71	364
	00000813	86	78	76	81	75	396
	00000814	75	78	80	72	75	380
	00000815	69	74	70	78	64	355
	00000816	81	77	74	74	76	382
	00000817	74	80	74	71	73	372
	00000818	69	76	71	71	76	363
	00000819	71	77	77	78	85	388
	00000820	74	77	81	77	75	384
	00000821	71	71	77	77	80	376
	00000822	69	81	76	77	75	378
	00000823	76	70	76	78	87	387
	00000824	75	76	81	75	76	383
	00000825	72	73	77	71	71	364
	00000826	74	71	73	77	61	356
	00000827	78	84	75	79	73	389
	00000828	79	74	76	77	70	376
	00000829	77	72	75	77	76	377
	00000830	80	72	83	77	79	391
	00000831	78	79	83	71	72	383
	00000832	80	77	80	75	75	387
	00000833	76	75	72	78	77	378
	00000834	77	82	78	84	74	395
	00000835	75	79	66	79	78	377
	00000836	74	68	75	79	71	367
	00000837	78	83	77	79	77	394
	00000838	83	72	71	77	77	380
	00000839	83	79	78	87	76	403
	00000840	82	72	76	75	77	382
	00000841	79	80	77	70	79	385
	00000842	75	76	73	78	76	378
	00000843	77	75	78	75	75	380
	00000844	74	78	75	74	77	378
	00000845	76	72	69	76	79	372
	00000846	74	80	70	78	78	380
	00000847	73	70	75	80	73	371
	00000848	68	80	69	76	77	370
	00000849	86	72	79	82	75	394
	00000850	77	73	79	74	77	380
	00000851	78	76	77	77	80	388
	00000852	74	78	74	78	76	380
	00000853	71	77	77	75	78	378
	00000854	76	77	77	58	81	369
	00000855	75	68	76	80	74	373
	00000856	76	74	81	73	74	378
	00000857	79	83	80	78	76	396
	00000858	77	78	72	72	72	371
	00000859	75	69	92	79	86	401
	00000860	76	77	68	72	76	369
	00000861	73	78	75	75	73	374
	00000862	78	75	75	65	76	369
	00000863	76	76	79	73	80	384
	00000864	82	82	71	77	77	389
	00000865	76	77	82	73	71	379
	00000866	76	71	76	68	72	363
	00000867	78	78	78	73	75	382
	00000868	79	79	76	77	78	389
	00000869	66	71	78	71	76	362
	00000870	74	83	78	75	77	387
	00000871	76	74	77	68	74	369
	00000872	70	77	83	75	79	384
	00000873	77	79	75	76	74	381
	00000874	77	78	63	74	75	367
	00000875	79	75	68	74	79	375
	00000876	74	72	76	83	77	382
	00000877	75	75	84	78	79	391
	00000878	73	75	72	81	76	377
	00000879	77	68	78	77	80	380
	00000880	71	72	78	80	72	373
	00000881	80	78	76	79	80	393
	00000882	82	76	75	72	79	384
	00000883	83	75	75	81	78	392
	00000884	77	76	78	77	78	386
	00000885	78	77	75	67	74	371
	00000886	78	73	77	68	80	376
	00000887	77	73	74	72	68	364
	00000888	87	77	87	83	82	416
	00000889	77	84	81	79	79	400
	00000890	73	65	73	81	78	370
	00000891	87	70	76	77	74	384
	00000892	76	72	74	73	74	369
	00000893	72	72	76	80	76	376
	00000894	80	75	76	75	78	384
	00000895	80	79	82	78	76	395
	00000896	78	75	81	78	78	390
	00000897	81	76	83	77	83	400
	00000898	70	76	84	73	79	382
	00000899	77	75	75	74	76	377
	00000900	75	75	84	76	76	386
	00000901	75	73	67	67	77	359
	00000902	75	84	74	79	76	388
	00000903	78	74	77	75	77	381
	00000904	79	75	72	82	83	391
	00000905	75	76	82	80	74	387
	00000906	70	78	72	75	76	371
	00000907	69	77	75	75	72	368
	00000908	77	71	74	81	72	375
	00000909	78	62	81	80	75	376
	00000910	77	77	75	77	77	383
	00000911	85	82	79	71	79	396
	00000912	78	72	84	78	75	387
	00000913	71	83	74	75	76	379
	00000914	80	76	77	79	80	392
	00000915	76	87	77	79	83	402
	00000916	78	78	76	75	78	385
	00000917	75	74	72	74	80	375
	00000918	76	85	73	83	73	390
	00000919	70	78	74	73	78	373
	00000920	73	77	81	76	76	383
	00000921	77	71	78	77	79	382
	00000922	79	78	78	86	73	394
	00000923	83	76	80	75	76	390
	00000924	78	78	68	79	78	381
	00000925	82	78	82	79	78	399
	00000926	73	78	72	71	77	371
	00000927	73	75	81	79	73	381
	00000928	76	83	75	77	79	390
	00000929	74	79	71	74	74	372
	00000930	76	86	73	77	75	387
	00000931	76	72	77	75	73	373
	00000932	79	76	76	79	79	389
	00000933	72	74	72	70	72	360
	00000934	77	75	74	76	76	378
	00000935	85	75	86	82	75	403
	00000936	78	84	73	80	80	395
	00000937	78	76	77	81	81	393
	00000938	77	75	75	58	87	372
	00000939	74	73	72	70	75	364
	00000940	87	75	72	70	76	380
	00000941	73	74	72	78	79	376
	00000942	77	79	71	74	69	370
	00000943	74	80	77	72	83	386
	00000944	74	77	74	75	72	372
	00000945	82	81	79	75	83	400
	00000946	77	77	75	75	76	380
	00000947	82	83	77	74	81	397
	00000948	81	78	74	71	84	388
	00000949	76	79	72	78	77	382
	00000950	81	76	81	76	76	390
	00000951	73	66	80	78	78	375
	00000952	75	78	75	74	75	377
	00000953	74	81	77	75	71	378
	00000954	76	85	73	74	72	380
	00000955	75	76	76	77	77	381
	00000956	76	77	73	73	80	379
	00000957	83	77	74	77	84	395
	00000958	84	80	75	78	75	392
	00000959	85	84	80	78	77	404
	00000960	78	79	69	71	77	374
	00000961	82	77	74	73	75	381
	00000962	77	73	76	68	78	372
	00000963	78	74	71	84	76	383
	00000964	80	75	73	82	77	387
	00000965	78	74	76	64	74	366
	00000966	80	77	75	80	77	389
	00000967	75	73	79	78	75	380
	00000968	79	81	80	76	72	388
	00000969	76	75	70	74	79	374
	00000970	73	78	74	73	77	375
	00000971	74	72	73	75	76	370
	00000972	69	72	75	70	79	365
	00000973	79	79	78	82	65	383
	00000974	77	78	76	76	75	382
	00000975	73	80	73	73	75	374
	00000976	79	75	77	74	76	381
	00000977	79	74	78	73	80	384
	00000978	69	73	67	72	81	362
	00000979	70	80	71	76	79	376
	00000980	74	74	83	77	77	385
	00000981	82	80	83	74	76	395
	00000982	77	78	79	78	75	387
	00000983	83	76	78	76	78	391
	00000984	73	74	78	78	66	369
	00000985	80	79	74	77	77	387
	00000986	77	74	77	80	79	387
	00000987	77	71	75	76	77	376
	00000988	82	74	80	67	70	373
	00000989	77	79	72	76	81	385
	00000990	75	76	74	77	83	385
	00000991	73	75	73	80	81	382
	00000992	77	74	79	75	74	379
	00000993	84	82	82	74	78	400
	00000994	74	72	70	78	72	366
	00000995	76	70	72	78	80	376
	00000996	74	71	75	84	76	380
	00000997	78	73	72	78	73	374
	00000998	78	81	73	78	78	388
	00000999	76	81	78	73	77	385
	00001000	71	76	80	78	77	382
	00001001	76	72	82	80	79	389
	00001002	78	72	81	75	80	386
	00001003	74	76	77	79	76	382
	00001004	76	82	80	74	80	392
	00001005	78	74	77	78	76	383
	00001006	80	83	70	73	74	380
	00001007	84	75	75	74	83	391
	00001008	70	69	71	76	72	358
	00001009	78	77	76	69	81	381
	00001010	79	75	76	70	76	376
	00001011	75	82	72	78	80	387
	00001012	65	75	81	75	77	373
	00001013	77	79	79	79	73	387
	00001014	76	68	76	76	77	373
	00001015	78	82	83	79	74	396
	00001016	70	74	79	78	69	370
	00001017	71	78	78	76	71	374
	00001018	78	75	79	79	72	383
	00001019	75	83	77	65	83	383
	00001020	76	77	75	78	81	387
	00001021	79	75	74	73	75	376
	00001022	93	76	73	71	74	387
	00001023	70	77	80	82	76	385
	00001024	78	70	74	81	81	384
