	学号		语文	数学	英语	物理	化学	总分
	00000001	67	71	72	75	75	360
	00000002	72	73	78	73	74	370
	00000003	70	78	71	72	77	368
	00000004	78	78	77	80	73	386
	00000005	78	74	76	80	74	382
	00000006	80	72	77	75	77	381
	00000007	74	78	74	75	87	388
	00000008	73	75	71	80	68	367
	00000009	76	80	70	80	77	383
	00000010	75	75	72	77	78	377
	00000011	73	76	72	71	76	368
	00000012	88	77	78	66	78	387
	00000013	76	71	75	78	70	370
	00000014	79	73	73	80	80	385
	00000015	82	80	78	73	73	386
	00000016	76	85	75	75	79	390
	00000017	87	79	72	72	77	387
	00000018	78	80	80	75	76	389
	00000019	71	75	79	77	76	378
	00000020	78	74	87	73	78	390
	00000021	76	72	70	74	76	368
	00000022	74	80	76	76	77	383
	00000023	81	75	67	76	77	376
	00000024	72	77	76	79	76	380
	00000025	72	74	75	76	73	370
	00000026	80	75	69	77	76	377
	00000027	74	88	84	70	78	394
	00000028	84	81	77	75	89	406
	00000029	82	69	77	74	82	384
	00000030	76	76	75	68	73	368
	00000031	75	76	82	76	76	385
	00000032	76	78	75	73	77	379
	00000033	82	73	80	80	76	391
	00000034	81	71	80	84	80	396
	00000035	73	73	75	79	73	373
	00000036	75	77	78	80	78	388
	00000037	79	80	78	69	77	383
	00000038	77	81	76	77	73	384
	00000039	78	78	75	78	84	393
	00000040	83	76	78	78	76	391
	00000041	79	78	72	81	73	383
	00000042	72	75	75	75	74	371
	00000043	72	72	75	76	69	364
	00000044	76	70	78	73	74	371
	00000045	76	77	77	72	76	378
	00000046	84	81	76	71	74	386
	00000047	73	83	73	87	79	395
	00000048	69	80	72	75	73	369
	00000049	78	80	86	73	77	394
	00000050	90	77	65	75	76	383
	00000051	69	78	75	77	80	379
	00000052	70	79	82	77	73	381
	00000053	75	74	72	80	79	380
	00000054	76	72	78	76	75	377
	00000055	86	77	78	77	85	403
	00000056	75	71	85	77	80	388
	00000057	81	73	79	72	72	377
	00000058	79	72	79	77	77	384
	00000059	76	78	77	80	71	382
	00000060	75	78	82	74	82	391
	00000061	76	79	71	82	77	385
	00000062	81	79	79	70	85	394
	00000063	89	78	77	76	73	393
	00000064	70	71	77	79	71	368
	00000065	81	77	78	69	76	381
	00000066	76	75	74	78	84	387
	00000067	84	77	75	81	80	397
	00000068	78	79	75	72	81	385
	00000069	75	78	79	69	77	378
	00000070	77	78	79	80	70	384
	00000071	71	80	70	69	81	371
	00000072	76	73	78	79	78	384
	00000073	67	77	74	70	78	366
	00000074	76	77	74	78	78	383
	00000075	80	85	81	70	75	391
	00000076	73	84	72	81	78	388
	00000077	73	77	75	78	76	379
	00000078	75	82	75	79	77	388
	00000079	79	73	81	76	77	386
	00000080	73	84	74	78	73	382
	00000081	78	77	75	77	79	386
	00000082	75	74	83	78	77	387
	00000083	79	70	78	71	79	377
	00000084	76	76	77	70	80	379
	00000085	67	82	81	85	80	395
	00000086	81	65	78	75	78	377
	00000087	78	76	77	76	76	383
	00000088	73	79	80	83	73	388
	00000089	71	74	74	81	76	376
	00000090	73	64	76	78	82	373
	00000091	71	67	76	72	78	364
	00000092	77	80	77	74	85	393
	00000093	85	69	72	77	74	377
	00000094	77	79	73	74	76	379
	00000095	80	74	70	84	78	386
	00000096	70	74	71	77	77	369
	00000097	75	83	75	82	77	392
	00000098	75	77	76	81	80	389
	00000099	75	78	76	74	82	385
	00000100	79	82	80	74	79	394
	00000101	76	76	73	75	75	375
	00000102	73	80	79	75	76	383
	00000103	75	83	75	92	68	393
	00000104	70	79	73	72	79	373
	00000105	76	80	77	80	72	385
	00000106	76	84	79	81	75	395
	00000107	78	79	74	80	72	383
	00000108	69	81	83	75	76	384
	00000109	82	68	80	77	77	384
	00000110	81	76	82	77	72	388
	00000111	78	78	78	77	79	390
	00000112	76	72	77	78	79	382
	00000113	79	75	74	71	75	374
	00000114	77	78	77	78	77	387
	00000115	85	73	69	84	79	390
	00000116	76	78	72	74	78	378
	00000117	79	66	81	76	71	373
	00000118	75	79	79	77	82	392
	00000119	76	75	73	78	83	385
	00000120	73	78	74	71	71	367
	00000121	81	81	71	72	75	380
	00000122	75	77	75	78	78	383
	00000123	77	76	77	72	76	378
	00000124	79	81	78	79	72	389
	00000125	77	76	73	77	77	380
	00000126	78	76	80	78	82	394
	00000127	75	78	74	75	71	373
	00000128	78	72	76	76	78	380
	00000129	73	68	75	71	81	368
	00000130	74	80	75	74	72	375
	00000131	73	71	75	78	75	372
	00000132	76	75	75	80	69	375
	00000133	75	79	77	77	77	385
	00000134	79	77	67	71	80	374
	00000135	72	72	76	73	76	369
	00000136	73	80	77	74	83	387
	00000137	80	75	72	73	68	368
	00000138	75	80	75	70	73	373
	00000139	84	72	77	78	73	384
	00000140	70	79	78	76	78	381
	00000141	75	78	81	70	77	381
	00000142	72	79	77	70	73	371
	00000143	75	79	72	74	75	375
	00000144	81	77	82	77	72	389
	00000145	71	77	75	77	72	372
	00000146	82	79	76	78	85	400
	00000147	74	77	71	76	76	374
	00000148	79	86	72	69	78	384
	00000149	80	81	73	79	76	389
	00000150	86	80	73	73	75	387
	00000151	77	75	81	81	79	393
	00000152	75	73	72	82	76	378
	00000153	72	74	89	81	80	396
	00000154	83	73	76	77	76	385
	00000155	80	79	79	77	71	386
	00000156	86	80	76	78	76	396
	00000157	77	79	76	78	78	388
	00000158	74	70	80	81	76	381
	00000159	72	78	80	77	72	379
	00000160	78	71	77	72	87	385
	00000161	74	73	75	72	75	369
	00000162	79	74	74	80	89	396
	00000163	75	79	76	77	83	390
	00000164	80	74	73	79	80	386
	00000165	77	77	76	78	77	385
	00000166	76	71	84	70	81	382
	00000167	75	78	85	70	74	382
	00000168	79	80	75	84	76	394
	00000169	83	73	80	63	76	375
	00000170	74	72	81	71	72	370
	00000171	76	79	75	75	76	381
	00000172	76	67	74	77	82	376
	00000173	75	78	73	72	75	373
	00000174	74	91	75	81	70	391
	00000175	89	77	73	76	73	388
	00000176	77	73	79	80	75	384
	00000177	78	75	82	80	74	389
	00000178	67	77	84	69	75	372
	00000179	79	67	71	79	72	368
	00000180	75	72	73	73	76	369
	00000181	72	80	75	77	78	382
	00000182	79	78	73	85	80	395
	00000183	80	77	73	75	72	377
	00000184	65	80	74	74	74	367
	00000185	67	73	74	78	78	370
	00000186	71	75	79	79	75	379
	00000187	79	76	77	81	77	390
	00000188	69	81	80	83	76	389
	00000189	77	75	73	76	77	378
	00000190	73	72	78	84	76	383
	00000191	76	79	77	76	81	389
	00000192	76	70	75	76	82	379
	00000193	81	79	73	83	77	393
	00000194	76	84	69	73	77	379
	00000195	76	77	75	76	73	377
	00000196	77	74	74	76	77	378
	00000197	82	74	72	72	79	379
	00000198	76	74	70	83	77	380
	00000199	68	77	79	87	75	386
	00000200	78	77	65	80	78	378
	00000201	77	67	73	79	68	364
	00000202	87	78	76	79	79	399
	00000203	76	74	74	79	77	380
	00000204	71	73	83	72	77	376
	00000205	77	78	75	77	78	385
	00000206	76	82	80	69	77	384
	00000207	77	80	81	74	72	384
	00000208	85	77	72	77	74	385
	00000209	76	72	74	72	79	373
	00000210	77	74	72	67	70	360
	00000211	73	73	67	84	74	371
	00000212	88	72	79	71	75	385
	00000213	77	74	77	75	74	377
	00000214	79	75	77	77	77	385
	00000215	80	78	85	77	69	389
	00000216	74	79	76	83	78	390
	00000217	83	77	78	76	67	381
	00000218	72	73	78	77	78	378
	00000219	75	67	80	75	77	374
	00000220	76	78	82	79	86	401
	00000221	80	68	78	76	75	377
	00000222	76	74	77	78	74	379
	00000223	78	68	75	79	78	378
	00000224	69	77	79	77	75	377
	00000225	70	83	70	87	76	386
	00000226	75	74	80	78	74	381
	00000227	69	74	76	78	76	373
	00000228	79	81	78	71	71	380
	00000229	76	77	80	76	77	386
	00000230	76	80	77	78	88	399
	00000231	80	77	72	74	73	376
	00000232	74	73	77	72	76	372
	00000233	77	83	74	82	80	396
	00000234	81	77	78	79	77	392
	00000235	78	84	74	77	79	392
	00000236	87	87	79	84	72	409
	00000237	81	76	81	80	78	396
	00000238	77	76	80	84	68	385
	00000239	75	75	79	75	75	379
	00000240	76	75	75	72	72	370
	00000241	78	84	74	78	77	391
	00000242	74	76	76	75	77	378
	00000243	76	79	75	77	72	379
	00000244	74	81	82	73	77	387
	00000245	76	81	75	74	77	383
	00000246	76	75	75	77	79	382
	00000247	72	70	83	78	73	376
	00000248	77	74	79	81	76	387
	00000249	74	75	68	79	79	375
	00000250	76	75	77	79	79	386
	00000251	79	75	72	73	77	376
	00000252	76	74	73	77	74	374
	00000253	78	78	80	84	74	394
	00000254	79	73	68	74	70	364
	00000255	76	79	79	72	75	381
	00000256	83	74	76	78	84	395
	00000257	75	76	79	74	83	387
	00000258	75	79	79	85	77	395
	00000259	75	75	77	79	73	379
	00000260	79	75	78	81	76	389
	00000261	79	73	76	78	77	383
	00000262	75	80	77	74	76	382
	00000263	78	75	72	73	78	376
	00000264	76	75	81	82	76	390
	00000265	74	74	79	79	75	381
	00000266	79	78	78	76	82	393
	00000267	81	74	72	79	88	394
	00000268	76	79	71	76	72	374
	00000269	83	75	78	76	77	389
	00000270	74	75	78	77	74	378
	00000271	77	80	68	79	79	383
	00000272	76	76	77	71	76	376
	00000273	79	80	71	82	76	388
	00000274	80	84	85	74	75	398
	00000275	72	77	80	78	74	381
	00000276	79	77	81	77	76	390
	00000277	75	78	76	78	81	388
	00000278	76	81	81	73	73	384
	00000279	71	80	79	74	78	382
	00000280	66	79	79	79	70	373
	00000281	75	80	78	82	80	395
	00000282	74	78	74	74	74	374
	00000283	76	67	78	78	81	380
	00000284	77	81	80	78	79	395
	00000285	74	75	83	79	79	390
	00000286	74	80	80	78	77	389
	00000287	72	70	76	72	80	370
	00000288	78	81	74	79	81	393
	00000289	87	75	74	76	80	392
	00000290	76	77	75	70	83	381
	00000291	76	79	74	81	74	384
	00000292	79	81	77	85	68	390
	00000293	72	77	80	74	79	382
	00000294	78	78	82	77	76	391
	00000295	77	77	79	76	74	383
	00000296	77	77	84	72	73	383
	00000297	77	74	80	76	75	382
	00000298	73	75	82	73	73	376
	00000299	88	70	72	76	83	389
	00000300	78	82	80	75	67	382
	00000301	73	78	72	80	71	374
	00000302	70	76	78	73	73	370
	00000303	76	75	78	65	77	371
	00000304	79	79	72	79	74	383
	00000305	70	75	78	74	75	372
	00000306	74	76	78	80	78	386
	00000307	74	77	76	77	76	380
	00000308	74	76	75	79	81	385
	00000309	75	76	79	77	75	382
	00000310	78	78	70	75	78	379
	00000311	77	77	78	80	76	388
	00000312	79	85	81	75	82	402
	00000313	75	73	83	68	81	380
	00000314	76	86	80	83	82	407
	00000315	82	71	77	70	82	382
	00000316	76	83	77	72	70	378
	00000317	70	82	77	77	74	380
	00000318	81	80	82	81	81	405
	00000319	78	81	80	81	76	396
	00000320	76	67	82	77	76	378
	00000321	68	72	74	77	68	359
	00000322	77	73	77	76	72	375
	00000323	73	81	75	70	80	379
	00000324	76	73	78	79	78	384
	00000325	79	76	73	75	79	382
	00000326	84	81	81	77	76	399
	00000327	76	81	77	77	77	388
	00000328	75	74	74	82	75	380
	00000329	82	75	78	79	75	389
	00000330	77	69	82	77	81	386
	00000331	74	75	80	80	74	383
	00000332	75	80	80	78	82	395
	00000333	73	76	77	74	75	375
	00000334	74	87	76	75	80	392
	00000335	79	77	76	76	76	384
	00000336	78	76	81	72	70	377
	00000337	77	80	75	71	74	377
	00000338	74	80	79	73	75	381
	00000339	82	79	72	75	75	383
	00000340	80	79	69	77	69	374
	00000341	75	76	74	79	74	378
	00000342	78	77	82	74	78	389
	00000343	70	74	82	80	76	382
	00000344	69	80	79	81	73	382
	00000345	78	71	77	76	80	382
	00000346	81	70	77	70	76	374
	00000347	75	79	76	77	78	385
	00000348	70	81	79	76	79	385
	00000349	73	79	76	77	72	377
	00000350	79	76	74	71	75	375
	00000351	76	74	72	72	63	357
	00000352	75	71	80	78	78	382
	00000353	79	71	75	78	83	386
	00000354	75	76	75	76	78	380
	00000355	73	75	67	78	80	373
	00000356	73	77	74	80	79	383
	00000357	73	79	78	73	79	382
	00000358	80	81	83	73	77	394
	00000359	81	76	76	77	77	387
	00000360	77	74	91	81	73	396
	00000361	83	74	77	73	76	383
	00000362	77	76	81	77	75	386
	00000363	80	71	79	73	78	381
	00000364	63	77	77	79	75	371
	00000365	76	72	81	74	77	380
	00000366	77	77	78	78	83	393
	00000367	79	73	75	77	83	387
	00000368	74	80	77	75	78	384
	00000369	77	82	70	79	72	380
	00000370	81	76	71	78	76	382
	00000371	73	71	82	76	71	373
	00000372	78	75	73	79	75	380
	00000373	80	79	73	78	81	391
	00000374	74	68	78	75	76	371
	00000375	73	79	73	79	74	378
	00000376	72	84	77	75	83	391
	00000377	77	78	77	75	78	385
	00000378	74	76	75	75	85	385
	00000379	79	74	76	75	77	381
	00000380	76	77	71	70	66	360
	00000381	76	72	77	77	78	380
	00000382	81	78	78	75	79	391
	00000383	75	71	83	82	77	388
	00000384	77	77	77	78	77	386
	00000385	74	75	75	80	77	381
	00000386	84	74	77	79	76	390
	00000387	83	74	74	82	80	393
	00000388	74	78	76	78	72	378
	00000389	71	81	72	84	74	382
	00000390	75	85	69	83	79	391
	00000391	73	76	74	76	79	378
	00000392	77	67	65	76	85	370
	00000393	78	78	73	78	67	374
	00000394	74	72	78	66	75	365
	00000395	80	77	75	71	75	378
	00000396	73	71	74	86	79	383
	00000397	79	75	78	75	82	389
	00000398	70	80	79	82	81	392
	00000399	77	78	83	75	77	390
	00000400	73	85	82	80	74	394
	00000401	76	79	78	71	75	379
	00000402	81	82	79	79	76	397
	00000403	77	76	78	76	79	386
	00000404	74	75	75	78	80	382
	00000405	72	76	76	73	81	378
	00000406	84	79	75	82	78	398
	00000407	79	80	78	79	72	388
	00000408	72	77	76	84	72	381
	00000409	88	77	78	78	84	405
	00000410	78	89	75	76	78	396
	00000411	75	74	78	80	76	383
	00000412	70	76	74	75	75	370
	00000413	80	79	74	77	69	379
	00000414	85	70	81	80	83	399
	00000415	71	69	67	80	78	365
	00000416	80	76	75	73	84	388
	00000417	75	82	82	80	72	391
	00000418	71	71	76	84	78	380
	00000419	77	75	71	74	72	369
	00000420	73	79	72	74	76	374
	00000421	80	77	71	76	74	378
	00000422	78	78	73	76	70	375
	00000423	76	76	82	75	75	384
	00000424	73	72	76	80	79	380
	00000425	80	80	78	77	77	392
	00000426	75	77	74	82	78	386
	00000427	77	77	76	77	79	386
	00000428	78	75	69	71	76	369
	00000429	74	66	68	82	68	358
	00000430	76	77	84	72	78	387
	00000431	77	66	73	78	75	369
	00000432	76	73	78	77	71	375
	00000433	74	73	75	77	72	371
	00000434	72	72	74	73	75	366
	00000435	80	74	72	79	72	377
	00000436	75	73	76	78	73	375
	00000437	76	74	73	79	80	382
	00000438	76	78	69	76	73	372
	00000439	82	71	80	77	63	373
	00000440	79	78	78	73	75	383
	00000441	75	70	70	77	75	367
	00000442	80	82	77	80	82	401
	00000443	76	81	78	81	66	382
	00000444	76	75	84	79	73	387
	00000445	80	76	80	68	77	381
	00000446	78	76	72	79	78	383
	00000447	78	81	74	80	79	392
	00000448	76	73	80	75	84	388
	00000449	77	76	73	72	78	376
	00000450	78	83	72	77	80	390
	00000451	76	82	79	74	80	391
	00000452	73	73	78	78	81	383
	00000453	78	75	78	79	77	387
	00000454	81	76	74	78	76	385
	00000455	74	79	78	76	78	385
	00000456	69	74	82	83	73	381
	00000457	73	80	76	81	72	382
	00000458	69	78	74	74	76	371
	00000459	76	81	79	74	75	385
	00000460	76	74	73	73	76	372
	00000461	79	76	76	72	78	381
	00000462	76	79	72	78	77	382
	00000463	71	75	75	71	76	368
	00000464	81	78	76	78	72	385
	00000465	84	73	79	75	77	388
	00000466	77	82	75	77	77	388
	00000467	76	75	80	75	72	378
	00000468	77	82	74	73	78	384
	00000469	78	77	80	78	74	387
	00000470	75	74	78	74	66	367
	00000471	81	72	73	79	75	380
	00000472	75	79	77	76	76	383
	00000473	76	77	77	80	74	384
	00000474	75	77	77	69	75	373
	00000475	78	70	77	75	75	375
	00000476	77	76	81	75	79	388
	00000477	85	71	79	78	74	387
	00000478	78	78	79	79	76	390
	00000479	79	78	74	76	77	384
	00000480	78	75	75	69	76	373
	00000481	81	69	77	76	82	385
	00000482	75	81	80	81	76	393
	00000483	82	75	69	73	77	376
	00000484	78	76	74	76	80	384
	00000485	78	83	75	76	79	391
	00000486	84	75	68	73	74	374
	00000487	74	79	73	76	70	372
	00000488	79	78	74	82	72	385
	00000489	76	73	81	76	72	378
	00000490	79	75	76	76	71	377
	00000491	76	75	77	76	73	377
	00000492	68	87	76	77	72	380
	00000493	74	82	74	76	68	374
	00000494	73	70	76	77	80	376
	00000495	78	79	80	77	74	388
	00000496	78	75	75	77	75	380
	00000497	76	81	77	75	75	384
	00000498	76	72	75	78	78	379
	00000499	75	76	76	77	76	380
	00000500	71	76	70	81	82	380
	00000501	72	77	77	74	80	380
	00000502	77	85	76	77	75	390
	00000503	74	82	77	71	80	384
	00000504	73	76	79	78	74	380
	00000505	68	80	79	78	74	379
	00000506	77	77	73	89	77	393
	00000507	83	84	75	79	77	398
	00000508	78	84	75	74	76	387
	00000509	80	81	77	75	86	399
	00000510	77	79	80	74	75	385
	00000511	73	71	78	77	75	374
	00000512	78	76	80	76	82	392
	00000513	79	78	71	74	82	384
	00000514	78	72	80	82	75	387
	00000515	77	70	75	81	72	375
	00000516	76	74	82	74	74	380
	00000517	74	77	72	75	76	374
	00000518	70	72	74	76	77	369
	00000519	77	80	89	76	75	397
	00000520	80	71	76	76	77	380
	00000521	72	80	77	74	72	375
	00000522	75	75	79	76	67	372
	00000523	71	73	75	75	78	372
	00000524	76	77	74	76	74	377
	00000525	75	73	79	82	73	382
	00000526	78	70	81	81	76	386
	00000527	70	74	75	78	79	376
	00000528	80	73	77	75	82	387
	00000529	76	77	77	79	80	389
	00000530	71	77	83	79	68	378
	00000531	82	77	74	77	79	389
	00000532	77	69	84	74	71	375
	00000533	79	85	83	80	75	402
	00000534	82	79	73	77	83	394
	00000535	71	79	74	82	77	383
	00000536	76	80	74	73	73	376
	00000537	81	80	76	77	77	391
	00000538	73	70	80	75	77	375
	00000539	77	81	69	74	77	378
	00000540	72	77	77	74	76	376
	00000541	75	78	77	76	77	383
	00000542	72	72	81	76	72	373
	00000543	76	72	74	79	80	381
	00000544	75	80	77	76	77	385
	00000545	78	76	76	69	77	376
	00000546	75	78	77	75	76	381
	00000547	76	79	75	77	75	382
	00000548	82	71	72	69	77	371
	00000549	82	74	75	69	79	379
	00000550	76	73	67	79	81	376
	00000551	79	83	76	79	73	390
	00000552	76	78	79	79	74	386
	00000553	77	82	70	70	77	376
	00000554	70	79	80	76	78	383
	00000555	80	75	70	77	78	380
	00000556	80	76	76	78	76	386
	00000557	66	75	82	80	75	378
	00000558	73	78	78	71	74	374
	00000559	72	73	79	70	76	370
	00000560	76	72	71	80	79	378
	00000561	70	75	77	78	81	381
	00000562	76	75	79	77	81	388
	00000563	72	76	83	78	72	381
	00000564	75	76	74	79	78	382
	00000565	78	83	79	78	74	392
	00000566	77	77	78	75	71	378
	00000567	75	79	77	75	77	383
	00000568	78	68	78	78	69	371
	00000569	80	76	75	68	79	378
	00000570	82	75	74	74	82	387
	00000571	75	75	79	75	76	380
	00000572	72	76	80	77	75	380
	00000573	79	77	77	71	85	389
	00000574	66	72	76	76	77	367
	00000575	76	73	76	72	75	372
	00000576	79	81	71	73	64	368
	00000577	67	79	74	81	78	379
	00000578	76	69	78	69	77	369
	00000579	70	77	75	76	75	373
	00000580	76	81	82	77	76	392
	00000581	81	78	72	75	75	381
	00000582	77	77	75	76	77	382
	00000583	78	75	79	76	76	384
	00000584	74	77	78	73	74	376
	00000585	74	76	80	79	76	385
	00000586	78	76	76	74	76	380
	00000587	85	78	77	72	76	388
	00000588	69	75	82	77	75	378
	00000589	78	75	75	72	73	373
	00000590	77	78	77	80	75	387
	00000591	79	79	74	81	73	386
	00000592	78	79	71	80	74	382
	00000593	75	83	77	73	73	381
	00000594	74	74	75	78	77	378
	00000595	77	72	72	74	82	377
	00000596	82	77	79	79	76	393
	00000597	78	73	75	78	71	375
	00000598	75	73	82	69	78	377
	00000599	76	77	76	79	69	377
	00000600	76	78	78	75	72	379
	00000601	79	74	74	76	71	374
	00000602	76	74	76	73	73	372
	00000603	76	72	76	89	77	390
	00000604	78	78	76	71	78	381
	00000605	80	69	74	77	77	377
	00000606	76	77	80	75	77	385
	00000607	77	77	70	76	74	374
	00000608	79	82	80	75	84	400
	00000609	77	76	83	77	77	390
	00000610	77	78	78	78	80	391
	00000611	78	75	82	78	74	387
	00000612	70	85	84	73	79	391
	00000613	83	78	76	76	78	391
	00000614	81	79	80	79	78	397
	00000615	74	74	77	74	78	377
	00000616	77	73	77	78	75	380
	00000617	79	77	76	79	82	393
	00000618	69	72	81	82	80	384
	00000619	83	76	89	77	75	400
	00000620	80	76	75	82	80	393
	00000621	77	81	71	73	80	382
	00000622	81	65	76	76	77	375
	00000623	77	75	77	80	63	372
	00000624	66	73	80	73	86	378
	00000625	79	71	76	77	78	381
	00000626	75	74	74	76	81	380
	00000627	78	79	79	82	78	396
	00000628	73	77	75	71	74	370
	00000629	79	73	79	77	75	383
	00000630	76	76	77	75	82	386
	00000631	76	72	74	73	76	371
	00000632	75	73	73	85	77	383
	00000633	67	74	74	76	75	366
	00000634	80	77	78	72	74	381
	00000635	80	77	83	75	80	395
	00000636	71	72	73	77	76	369
	00000637	79	72	73	79	76	379
	00000638	78	87	77	77	71	390
	00000639	83	72	80	73	76	384
	00000640	77	77	74	77	82	387
	00000641	67	78	81	76	77	379
	00000642	73	79	77	75	79	383
	00000643	75	74	67	75	71	362
	00000644	71	78	87	74	74	384
	00000645	67	74	71	75	78	365
	00000646	73	75	77	81	74	380
	00000647	79	78	76	77	77	387
	00000648	78	75	81	85	79	398
	00000649	78	78	67	74	76	373
	00000650	74	77	79	76	82	388
	00000651	81	75	75	80	75	386
	00000652	77	77	73	77	77	381
	00000653	72	73	78	80	75	378
	00000654	73	77	76	75	73	374
	00000655	77	74	77	77	74	379
	00000656	81	83	76	77	82	399
	00000657	82	74	85	74	76	391
	00000658	85	79	75	69	78	386
	00000659	75	79	77	78	75	384
	00000660	79	79	71	75	75	379
	00000661	77	76	75	74	76	378
	00000662	75	80	78	69	82	384
	00000663	75	75	77	75	77	379
	00000664	75	78	70	76	78	377
	00000665	79	76	80	79	75	389
	00000666	76	73	78	73	79	379
	00000667	76	73	78	75	72	374
	00000668	74	78	76	75	85	388
	00000669	82	68	73	72	74	369
	00000670	78	76	72	80	78	384
	00000671	76	85	77	82	77	397
	00000672	70	75	76	76	79	376
	00000673	75	79	78	74	76	382
	00000674	76	79	74	77	84	390
	00000675	83	80	73	83	81	400
	00000676	72	73	73	78	78	374
	00000677	75	73	78	74	75	375
	00000678	82	81	78	62	67	370
	00000679	74	81	76	77	77	385
	00000680	82	74	74	71	82	383
	00000681	73	75	82	78	76	384
	00000682	76	78	72	75	74	375
	00000683	78	76	74	80	75	383
	00000684	74	81	77	71	79	382
	00000685	74	79	77	76	74	380
	00000686	76	71	75	68	78	368
	00000687	75	71	67	78	78	369
	00000688	84	78	72	85	80	399
	00000689	73	75	74	74	80	376
	00000690	77	84	77	73	73	384
	00000691	68	74	74	74	81	371
	00000692	79	64	80	83	79	385
	00000693	75	80	72	91	80	398
	00000694	74	78	79	72	74	377
	00000695	79	77	72	74	78	380
	00000696	78	69	76	73	85	381
	00000697	76	75	84	74	82	391
	00000698	75	79	80	77	86	397
	00000699	75	81	76	79	83	394
	00000700	79	74	79	79	77	388
	00000701	78	79	73	79	75	384
	00000702	76	79	71	73	79	378
	00000703	77	75	74	72	79	377
	00000704	83	77	79	74	76	389
	00000705	76	76	77	70	73	372
	00000706	77	70	73	77	73	370
	00000707	76	77	82	88	75	398
	00000708	78	78	76	78	68	378
	00000709	81	69	76	80	77	383
	00000710	81	78	72	77	70	378
	00000711	75	79	75	78	87	394
	00000712	71	76	72	74	78	371
	00000713	75	76	81	87	77	396
	00000714	71	78	73	75	77	374
	00000715	70	81	77	85	74	387
	00000716	71	75	76	74	75	371
	00000717	74	72	78	76	74	374
	00000718	77	79	75	75	83	389
	00000719	76	82	81	77	77	393
	00000720	77	75	71	87	76	386
	00000721	76	76	69	73	76	370
	00000722	75	74	72	75	77	373
	00000723	76	74	84	81	75	390
	00000724	76	78	75	73	72	374
	00000725	79	77	76	75	76	383
	00000726	78	76	82	82	77	395
	00000727	73	75	78	80	81	387
	00000728	74	77	74	74	78	377
	00000729	83	73	77	79	77	389
	00000730	85	67	78	80	84	394
	00000731	77	81	78	84	72	392
	00000732	77	72	75	81	83	388
	00000733	64	79	77	74	69	363
	00000734	77	79	79	71	77	383
	00000735	68	75	78	76	73	370
	00000736	93	74	81	77	76	401
	00000737	67	77	74	80	76	374
	00000738	76	82	75	79	82	394
	00000739	79	75	77	78	73	382
	00000740	71	74	78	80	75	378
	00000741	67	83	77	78	70	375
	00000742	72	78	73	70	81	374
	00000743	84	84	71	79	76	394
	00000744	80	62	74	80	85	381
	00000745	77	82	80	78	78	395
	00000746	75	77	79	74	79	384
	00000747	81	79	76	76	82	394
	00000748	79	77	73	80	78	387
	00000749	78	67	75	78	78	376
	00000750	79	68	72	78	72	369
	00000751	73	80	84	81	76	394
	00000752	75	77	75	76	88	391
	00000753	78	78	80	81	75	392
	00000754	78	78	85	75	72	388
	00000755	81	76	73	76	82	388
	00000756	77	80	80	74	76	387
	00000757	75	74	71	69	85	374
	00000758	75	72	79	74	78	378
	00000759	80	78	78	83	78	397
	00000760	77	77	90	75	80	399
	00000761	86	75	77	76	81	395
	00000762	73	80	82	61	67	363
	00000763	87	72	79	76	78	392
	00000764	80	80	76	76	79	391
	00000765	77	77	72	78	75	379
	00000766	83	78	77	71	86	395
	00000767	75	76	79	74	74	378
	00000768	79	78	72	76	77	382
	00000769	79	79	78	73	86	395
	00000770	70	78	76	74	79	377
	00000771	80	70	73	83	74	380
	00000772	76	77	76	74	77	380
	00000773	81	72	71	79	77	380
	00000774	78	81	76	86	75	396
	00000775	73	78	77	74	79	381
	00000776	76	73	79	75	83	386
	00000777	71	74	78	79	74	376
	00000778	80	76	80	74	75	385
	00000779	69	75	74	78	77	373
	00000780	81	80	77	74	78	390
	00000781	79	76	82	79	76	392
	00000782	78	76	75	74	73	376
	00000783	77	81	75	75	79	387
	00000784	75	82	74	79	75	385
	00000785	80	76	78	80	85	399
	00000786	75	76	76	78	81	386
	00000787	79	80	72	78	77	386
	00000788	77	71	74	74	78	374
	00000789	74	76	78	73	78	379
	00000790	75	78	82	79	82	396
	00000791	85	77	78	73	78	391
	00000792	75	79	75	75	77	381
	00000793	83	76	77	76	81	393
	00000794	77	73	77	69	80	376
	00000795	73	75	74	83	72	377
	00000796	78	75	82	75	81	391
	00000797	71	69	78	77	73	368
	00000798	72	72	71	70	72	357
	00000799	75	73	82	82	77	389
	00000800	77	75	78	76	75	381
	00000801	77	75	79	64	76	371
	00000802	70	79	81	73	76	379
	00000803	73	75	71	69	75	363
	00000804	73	79	79	81	75	387
	00000805	73	80	76	78	76	383
	00000806	75	75	78	74	78	380
	00000807	67	76	70	78	76	367
	00000808	78	77	78	80	71	384
	00000809	65	77	73	76	78	369
	00000810	68	80	80	74	71	373
	00000811	70	74	75	79	78	376
	00000812	77	70	73	75	80	375
	00000813	71	75	84	70	73	373
	00000814	80	76	70	74	81	381
	00000815	81	79	70	74	75	379
	00000816	79	73	83	76	77	388
	00000817	80	80	80	78	80	398
	00000818	78	81	76	79	76	390
	00000819	70	76	71	71	73	361
	00000820	80	77	81	76	80	394
	00000821	71	67	76	76	85	375
	00000822	71	76	78	78	71	374
	00000823	71	80	78	74	72	375
	00000824	77	67	69	70	74	357
	00000825	73	75	73	78	83	382
	00000826	80	83	76	85	83	407
	00000827	79	73	76	75	81	384
	00000828	73	82	72	78	69	374
	00000829	71	78	78	79	77	383
	00000830	75	78	79	75	79	386
	00000831	74	79	76	76	79	384
	00000832	74	81	69	78	78	380
	00000833	72	75	75	77	78	377
	00000834	76	72	68	76	76	368
	00000835	77	87	83	75	81	403
	00000836	70	80	83	86	76	395
	00000837	76	76	74	74	80	380
	00000838	75	84	78	72	82	391
	00000839	77	77	79	72	76	381
	00000840	74	77	79	68	76	374
	00000841	77	83	76	74	71	381
	00000842	78	78	88	81	70	395
	00000843	76	76	74	71	76	373
	00000844	71	76	74	81	76	378
	00000845	73	76	88	80	74	391
	00000846	78	78	77	74	68	375
	00000847	77	80	87	82	78	404
	00000848	70	72	75	69	76	362
	00000849	74	79	77	74	76	380
	00000850	75	77	79	73	77	381
	00000851	80	73	78	72	80	383
	00000852	82	71	78	86	75	392
	00000853	78	80	77	85	71	391
	00000854	76	72	64	75	75	362
	00000855	73	75	67	86	81	382
	00000856	79	76	78	79	82	394
	00000857	76	72	71	76	83	378
	00000858	77	83	77	76	76	389
	00000859	79	72	79	79	74	383
	00000860	78	73	76	79	73	379
	00000861	76	81	76	73	76	382
	00000862	79	69	81	76	78	383
	00000863	74	79	77	77	75	382
	00000864	80	76	73	73	76	378
	00000865	77	72	77	82	83	391
	00000866	77	80	83	76	76	392
	00000867	76	79	74	76	71	376
	00000868	75	86	78	78	81	398
	00000869	70	76	79	70	77	372
	00000870	76	77	77	75	72	377
	00000871	77	79	79	74	74	383
	00000872	77	73	78	77	81	386
	00000873	76	75	73	66	78	368
	00000874	78	75	77	79	73	382
	00000875	73	77	78	75	76	379
	00000876	77	73	70	77	77	374
	00000877	67	81	79	81	77	385
	00000878	71	79	78	84	77	389
	00000879	77	83	76	77	79	392
	00000880	79	77	77	81	78	392
	00000881	77	69	73	73	78	370
	00000882	73	77	72	77	75	374
	00000883	75	77	83	68	79	382
	00000884	72	78	79	73	77	379
	00000885	77	78	80	76	72	383
	00000886	79	82	80	72	74	387
	00000887	76	75	78	77	75	381
	00000888	74	71	74	77	76	372
	00000889	78	77	79	77	72	383
	00000890	78	77	78	80	84	397
	00000891	77	81	75	76	75	384
	00000892	74	71	76	79	75	375
	00000893	76	78	77	81	73	385
	00000894	78	81	74	75	74	382
	00000895	83	79	65	74	81	382
	00000896	75	79	76	78	75	383
	00000897	73	80	74	76	75	378
	00000898	73	75	77	65	72	362
	00000899	77	76	87	77	77	394
	00000900	72	76	77	69	79	373
	00000901	78	76	75	75	80	384
	00000902	78	75	79	81	75	388
	00000903	78	76	84	72	79	389
	00000904	85	80	79	75	75	394
	00000905	78	78	77	77	81	391
	00000906	76	78	84	82	74	394
	00000907	75	74	83	78	79	389
	00000908	75	79	68	76	81	379
	00000909	76	81	75	76	72	380
	00000910	78	76	79	75	85	393
	00000911	81	80	88	78	78	405
	00000912	78	77	74	75	72	376
	00000913	78	77	73	75	87	390
	00000914	86	75	77	72	72	382
	00000915	79	75	75	78	81	388
	00000916	78	79	73	71	76	377
	00000917	79	73	78	82	79	391
	00000918	76	76	83	76	76	387
	00000919	84	81	80	77	75	397
	00000920	76	74	76	76	79	381
	00000921	69	75	81	83	77	385
	00000922	79	81	72	80	75	387
	00000923	78	77	75	79	80	389
	00000924	73	73	72	81	74	373
	00000925	76	81	70	72	77	376
	00000926	76	76	76	75	74	377
	00000927	75	86	75	78	77	391
	00000928	81	78	77	81	76	393
	00000929	77	74	78	76	75	380
	00000930	82	71	78	77	75	383
	00000931	80	80	76	74	82	392
	00000932	76	71	73	78	77	375
	00000933	77	69	71	77	71	365
	00000934	76	84	79	82	78	399
	00000935	82	75	81	77	80	395
	00000936	76	78	85	79	75	393
	00000937	76	79	75	75	77	382
	00000938	70	70	74	73	75	362
	00000939	83	78	81	73	66	381
	00000940	80	74	75	81	75	385
	00000941	75	77	77	76	72	377
	00000942	68	82	77	78	63	368
	00000943	70	77	74	72	74	367
	00000944	79	69	74	78	77	377
	00000945	75	76	80	75	76	382
	00000946	75	71	79	75	67	367
	00000947	75	71	77	80	80	383
	00000948	76	75	79	78	80	388
	00000949	75	81	77	80	79	392
	00000950	70	78	77	76	73	374
	00000951	75	69	80	77	73	374
	00000952	73	80	80	81	78	392
	00000953	77	73	76	74	80	380
	00000954	70	69	73	74	90	376
	00000955	75	80	73	75	71	374
	00000956	81	75	81	71	76	384
	00000957	73	78	75	85	77	388
	00000958	72	75	70	78	74	369
	00000959	75	78	78	76	75	382
	00000960	74	79	81	82	78	394
	00000961	79	76	73	76	81	385
	00000962	69	82	79	80	78	388
	00000963	68	74	76	77	82	377
	00000964	78	80	83	79	77	397
	00000965	76	76	88	81	79	400
	00000966	75	81	77	75	76	384
	00000967	73	78	70	76	68	365
	00000968	76	79	78	76	77	386
	00000969	66	75	78	84	77	380
	00000970	73	83	75	80	77	388
	00000971	82	77	70	78	75	382
	00000972	80	81	76	76	76	389
	00000973	82	78	77	80	76	393
	00000974	76	76	76	73	84	385
	00000975	65	82	78	74	81	380
	00000976	76	78	89	78	76	397
	00000977	78	71	71	65	79	364
	00000978	78	76	72	79	74	379
	00000979	75	75	81	77	75	383
	00000980	77	77	78	77	80	389
	00000981	72	74	75	76	73	370
	00000982	79	79	76	82	74	390
	00000983	84	77	76	78	74	389
	00000984	77	79	77	74	77	384
	00000985	77	74	84	73	73	381
	00000986	80	75	76	82	80	393
	00000987	77	75	80	83	76	391
	00000988	76	79	81	76	72	384
	00000989	67	74	68	82	78	369
	00000990	70	75	84	69	77	375
	00000991	81	79	73	77	77	387
	00000992	76	70	76	77	75	374
	00000993	76	77	85	78	74	390
	00000994	71	78	73	76	76	374
	00000995	76	77	77	85	76	391
	00000996	76	76	79	74	75	380
	00000997	84	72	79	75	77	387
	00000998	77	70	79	69	81	376
	00000999	73	83	73	78	83	390
	00001000	77	65	77	74	77	370
	00001001	77	66	72	73	75	363
	00001002	74	73	82	79	77	385
	00001003	74	78	75	78	76	381
	00001004	78	76	74	77	73	378
	00001005	70	77	66	78	76	367
	00001006	76	67	76	72	78	369
	00001007	73	75	80	78	76	382
	00001008	78	77	77	80	77	389
	00001009	81	75	78	80	70	384
	00001010	78	73	72	81	78	382
	00001011	76	73	74	73	75	371
	00001012	76	75	78	75	73	377
	00001013	82	74	78	80	72	386
	00001014	76	78	78	78	77	387
	00001015	84	77	73	81	77	392
	00001016	71	81	78	74	79	383
	00001017	78	80	76	74	76	384
	00001018	79	74	71	79	70	373
	00001019	75	81	73	77	76	382
	00001020	73	73	73	82	77	378
	00001021	79	75	79	78	78	389
	00001022	78	75	71	84	73	381
	00001023	84	72	77	77	76	386
	00001024	81	76	78	76	82	393
	00001025	74	75	69	75	73	366
	00001026	76	82	79	74	87	398
	00001027	79	69	81	77	72	378
	00001028	75	73	69	77	76	370
	00001029	79	76	71	73	79	378
	00001030	74	80	81	79	81	395
	00001031	70	75	77	77	86	385
	00001032	78	84	74	71	78	385
	00001033	79	77	74	79	81	390
	00001034	67	80	78	76	74	375
	00001035	77	72	77	76	76	378
	00001036	69	74	76	78	76	373
	00001037	77	74	77	72	76	376
	00001038	77	79	77	80	73	386
	00001039	83	74	81	76	73	387
	00001040	79	81	74	77	77	388
	00001041	75	68	73	81	75	372
	00001042	78	79	75	78	72	382
	00001043	79	76	68	69	78	370
	00001044	78	81	77	76	78	390
	00001045	76	81	82	73	72	384
	00001046	79	81	75	72	80	387
	00001047	77	78	71	75	80	381
	00001048	77	75	83	76	79	390
	00001049	82	75	83	79	73	392
	00001050	76	78	76	67	81	378
	00001051	77	76	75	78	90	396
	00001052	84	72	79	75	76	386
	00001053	85	79	75	75	66	380
	00001054	77	78	71	76	71	373
	00001055	67	76	75	69	71	358
	00001056	72	78	76	67	77	370
	00001057	71	74	75	75	80	375
	00001058	71	80	79	72	82	384
	00001059	78	87	79	76	76	396
	00001060	78	71	78	83	77	387
	00001061	82	76	74	71	78	381
	00001062	85	74	78	77	74	388
	00001063	80	82	74	80	76	392
	00001064	73	84	85	75	75	392
	00001065	76	77	75	73	78	379
	00001066	74	72	83	77	65	371
	00001067	78	75	76	79	75	383
	00001068	78	73	83	77	75	386
	00001069	75	77	77	71	76	376
	00001070	75	78	74	82	78	387
	00001071	78	82	83	75	77	395
	00001072	76	81	72	71	75	375
	00001073	74	82	66	75	81	378
	00001074	77	82	76	77	82	394
	00001075	71	75	79	75	78	378
	00001076	81	76	81	78	80	396
	00001077	77	73	74	74	83	381
	00001078	75	65	75	74	73	362
	00001079	74	79	70	82	80	385
	00001080	78	72	77	81	72	380
	00001081	75	74	80	77	75	381
	00001082	76	77	84	79	83	399
	00001083	74	81	77	79	77	388
	00001084	77	80	72	71	73	373
	00001085	72	78	73	80	83	386
	00001086	76	79	76	77	75	383
	00001087	76	77	81	72	80	386
	00001088	78	74	77	73	77	379
	00001089	90	79	70	70	68	377
	00001090	75	78	78	77	71	379
	00001091	73	69	77	75	77	371
	00001092	64	76	77	77	83	377
	00001093	65	71	83	73	73	365
	00001094	76	83	76	76	76	387
	00001095	80	71	77	76	78	382
	00001096	73	76	76	70	79	374
	00001097	79	78	78	74	78	387
	00001098	77	74	79	76	80	386
	00001099	78	77	82	74	78	389
	00001100	71	85	76	73	75	380
	00001101	75	77	84	69	76	381
	00001102	78	89	75	77	68	387
	00001103	75	84	77	75	77	388
	00001104	71	76	71	75	75	368
	00001105	75	78	74	71	79	377
	00001106	78	75	73	78	75	379
	00001107	76	80	78	77	75	386
	00001108	75	72	74	78	73	372
	00001109	76	69	81	72	75	373
	00001110	78	71	83	85	79	396
	00001111	80	79	77	80	71	387
	00001112	79	68	77	76	76	376
	00001113	75	79	77	69	75	375
	00001114	75	74	73	78	84	384
	00001115	74	72	77	76	77	376
	00001116	83	78	76	74	80	391
	00001117	74	73	78	78	72	375
	00001118	83	77	79	77	86	402
	00001119	78	77	73	80	74	382
	00001120	77	77	80	77	75	386
	00001121	76	80	78	77	80	391
	00001122	75	74	71	75	74	369
	00001123	76	76	77	74	70	373
	00001124	77	74	75	74	74	374
	00001125	79	73	74	72	85	383
	00001126	79	81	83	80	77	400
	00001127	82	67	71	78	76	374
	00001128	81	78	78	81	79	397
	00001129	77	71	82	78	80	388
	00001130	79	75	79	78	79	390
	00001131	72	79	66	78	73	368
	00001132	75	89	81	78	81	404
	00001133	73	80	69	72	77	371
	00001134	71	83	82	73	80	389
	00001135	78	76	77	70	69	370
	00001136	77	76	74	69	73	369
	00001137	83	80	80	81	75	399
	00001138	76	79	78	76	74	383
	00001139	74	82	81	80	76	393
	00001140	76	81	70	73	73	373
	00001141	78	77	78	75	75	383
	00001142	75	73	76	76	78	378
	00001143	72	81	76	75	79	383
	00001144	75	81	79	80	77	392
	00001145	76	76	85	79	77	393
	00001146	75	77	76	78	72	378
	00001147	64	74	75	71	72	356
	00001148	70	75	76	74	85	380
	00001149	78	77	75	76	76	382
	00001150	73	81	71	76	64	365
	00001151	73	80	76	78	77	384
	00001152	77	73	80	79	77	386
	00001153	74	80	79	78	78	389
	00001154	72	81	72	79	75	379
	00001155	75	79	75	69	73	371
	00001156	83	76	74	78	77	388
	00001157	73	77	74	69	77	370
	00001158	78	75	73	81	78	385
	00001159	77	76	71	77	82	383
	00001160	76	82	81	78	77	394
	00001161	78	76	77	75	72	378
	00001162	80	71	75	73	80	379
	00001163	82	84	82	71	79	398
	00001164	80	76	76	77	71	380
	00001165	77	77	79	81	80	394
	00001166	70	67	81	77	74	369
	00001167	82	79	76	74	77	388
	00001168	77	68	67	76	77	365
	00001169	81	83	82	72	78	396
	00001170	77	69	77	74	78	375
	00001171	76	74	73	77	77	377
	00001172	76	73	77	88	82	396
	00001173	82	76	73	88	76	395
	00001174	73	75	77	77	75	377
	00001175	74	73	80	74	77	378
	00001176	75	74	81	78	71	379
	00001177	75	76	78	78	74	381
	00001178	78	76	77	81	78	390
	00001179	78	78	72	73	76	377
	00001180	76	79	74	69	79	377
	00001181	74	79	71	76	80	380
	00001182	69	76	73	77	77	372
	00001183	75	74	77	78	68	372
	00001184	72	76	78	75	75	376
	00001185	74	74	74	78	75	375
	00001186	72	73	79	77	74	375
	00001187	84	80	76	73	81	394
	00001188	72	83	76	76	78	385
	00001189	68	76	75	79	78	376
	00001190	78	77	75	78	78	386
	00001191	76	78	79	76	82	391
	00001192	75	75	84	73	76	383
	00001193	76	78	77	76	72	379
	00001194	80	77	75	75	75	382
	00001195	75	80	84	74	73	386
	00001196	77	76	77	78	79	387
	00001197	85	76	73	79	81	394
	00001198	76	74	75	75	76	376
	00001199	76	77	80	75	78	386
	00001200	78	70	75	67	77	367
	00001201	74	73	76	78	75	376
	00001202	75	83	73	78	76	385
	00001203	75	80	79	80	68	382
	00001204	81	72	84	75	78	390
	00001205	67	77	83	77	76	380
	00001206	70	75	84	80	77	386
	00001207	77	74	70	79	79	379
	00001208	78	79	75	76	76	384
	00001209	76	75	79	72	83	385
	00001210	70	74	79	78	89	390
	00001211	78	78	79	76	73	384
	00001212	69	79	79	73	82	382
	00001213	79	69	69	76	78	371
	00001214	71	70	87	77	79	384
	00001215	75	75	77	76	75	378
	00001216	79	81	79	77	68	384
	00001217	80	83	83	77	76	399
	00001218	80	79	82	78	78	397
	00001219	83	76	73	74	79	385
	00001220	77	80	78	81	75	391
	00001221	73	76	73	76	76	374
	00001222	80	76	77	76	79	388
	00001223	74	76	75	81	77	383
	00001224	73	73	83	78	77	384
	00001225	80	79	77	81	69	386
	00001226	66	78	78	79	84	385
	00001227	79	83	70	76	72	380
	00001228	76	78	77	71	75	377
	00001229	75	81	68	82	78	384
	00001230	82	72	73	77	78	382
	00001231	77	77	77	80	76	387
	00001232	72	75	76	79	73	375
	00001233	74	78	81	83	78	394
	00001234	79	77	80	78	72	386
	00001235	75	81	69	74	77	376
	00001236	79	77	76	79	80	391
	00001237	80	75	76	72	79	382
	00001238	71	74	78	74	77	374
	00001239	74	82	74	69	74	373
	00001240	84	77	76	78	74	389
	00001241	81	77	71	81	85	395
	00001242	80	73	77	76	78	384
	00001243	73	74	70	75	79	371
	00001244	72	84	76	79	76	387
	00001245	84	80	68	78	76	386
	00001246	78	74	76	89	74	391
	00001247	77	76	76	81	77	387
	00001248	79	80	81	76	84	400
	00001249	77	81	77	74	81	390
	00001250	79	77	76	79	78	389
	00001251	75	76	73	75	77	376
	00001252	81	78	78	76	80	393
	00001253	78	70	72	76	78	374
	00001254	72	71	73	78	66	360
	00001255	85	81	74	81	76	397
	00001256	72	76	75	73	73	369
	00001257	76	91	72	76	76	391
	00001258	74	78	75	74	73	374
	00001259	76	75	73	78	71	373
	00001260	77	75	80	79	70	381
	00001261	72	80	81	75	77	385
	00001262	73	76	80	76	79	384
	00001263	63	74	77	72	80	366
	00001264	83	74	76	82	80	395
	00001265	71	75	79	76	76	377
	00001266	77	79	72	77	78	383
	00001267	75	73	78	72	74	372
	00001268	78	76	88	71	75	388
	00001269	85	79	74	77	80	395
	00001270	75	87	72	76	75	385
	00001271	80	82	76	80	80	398
	00001272	82	86	75	78	82	403
	00001273	79	80	67	67	73	366
	00001274	76	75	81	76	68	376
	00001275	76	79	81	67	81	384
	00001276	73	80	71	80	73	377
	00001277	74	77	80	75	75	381
	00001278	74	76	73	70	86	379
	00001279	77	74	79	81	73	384
	00001280	85	69	77	74	82	387
	00001281	78	75	75	72	77	377
	00001282	76	70	74	76	69	365
	00001283	76	74	76	77	74	377
	00001284	78	80	76	71	74	379
	00001285	77	74	77	80	77	385
	00001286	79	76	80	81	79	395
	00001287	74	77	74	76	71	372
	00001288	79	80	78	79	75	391
	00001289	86	77	69	79	77	388
	00001290	75	76	70	77	84	382
	00001291	76	79	77	72	73	377
	00001292	76	75	77	79	80	387
	00001293	78	82	80	83	79	402
	00001294	74	76	75	75	75	375
	00001295	78	75	76	75	72	376
	00001296	75	74	85	79	76	389
	00001297	74	74	71	72	74	365
	00001298	83	76	77	70	68	374
	00001299	76	77	72	81	75	381
	00001300	76	74	74	77	77	378
	00001301	70	82	80	72	77	381
	00001302	78	74	83	81	78	394
	00001303	78	75	76	80	78	387
	00001304	77	78	77	80	79	391
	00001305	77	76	73	64	76	366
	00001306	79	80	77	71	81	388
	00001307	76	79	76	76	75	382
	00001308	71	69	75	77	78	370
	00001309	75	71	74	71	75	366
	00001310	81	79	71	78	77	386
	00001311	77	79	77	77	72	382
	00001312	76	75	75	76	75	377
	00001313	74	83	72	79	86	394
	00001314	78	77	72	77	83	387
	00001315	78	80	74	78	78	388
	00001316	83	75	76	81	77	392
	00001317	76	73	79	71	71	370
	00001318	76	73	76	77	78	380
	00001319	78	73	78	79	78	386
	00001320	75	77	77	82	78	389
	00001321	79	80	78	76	78	391
	00001322	74	76	71	74	71	366
	00001323	77	72	79	80	73	381
	00001324	76	78	68	68	81	371
	00001325	71	83	86	73	77	390
	00001326	74	72	76	76	74	372
	00001327	77	74	81	76	74	382
	00001328	74	76	81	81	76	388
	00001329	81	79	68	77	81	386
	00001330	72	72	73	80	80	377
	00001331	72	75	82	80	82	391
	00001332	77	81	74	74	87	393
	00001333	75	73	81	76	70	375
	00001334	77	73	71	77	84	382
	00001335	76	81	74	77	79	387
	00001336	81	78	76	74	76	385
	00001337	77	79	69	76	77	378
	00001338	74	72	82	76	72	376
	00001339	77	78	75	80	79	389
	00001340	76	75	80	78	83	392
	00001341	86	76	75	83	76	396
	00001342	75	86	84	84	77	406
	00001343	73	76	66	83	77	375
	00001344	77	67	75	76	77	372
	00001345	76	74	79	78	76	383
	00001346	76	75	74	75	80	380
	00001347	77	74	78	80	75	384
	00001348	80	77	72	74	77	380
	00001349	80	77	76	86	75	394
	00001350	82	75	76	75	76	384
	00001351	79	82	81	80	86	408
	00001352	76	76	77	68	77	374
	00001353	86	81	76	75	78	396
	00001354	75	78	82	82	74	391
	00001355	76	76	74	75	78	379
	00001356	75	75	77	76	75	378
	00001357	77	73	77	78	74	379
	00001358	78	79	73	78	78	386
	00001359	76	78	75	76	83	388
	00001360	80	79	77	82	83	401
	00001361	74	79	72	77	75	377
	00001362	76	77	76	78	79	386
	00001363	82	77	76	75	68	378
	00001364	77	75	71	69	76	368
	00001365	72	77	75	79	80	383
	00001366	79	73	80	72	76	380
	00001367	81	74	80	76	71	382
	00001368	76	77	72	68	73	366
	00001369	85	72	77	87	79	400
	00001370	83	70	76	76	75	380
	00001371	81	81	75	73	78	388
	00001372	71	79	74	79	77	380
	00001373	78	78	75	71	82	384
	00001374	84	74	72	83	80	393
	00001375	73	75	75	80	75	378
	00001376	71	75	71	76	77	370
	00001377	76	77	73	77	75	378
	00001378	76	82	65	70	81	374
	00001379	78	78	85	77	74	392
	00001380	78	71	72	72	79	372
	00001381	83	78	80	75	78	394
	00001382	73	80	79	79	78	389
	00001383	74	77	73	75	75	374
	00001384	72	76	74	75	78	375
	00001385	75	77	76	77	78	383
	00001386	75	78	88	81	74	396
	00001387	75	73	76	74	74	372
	00001388	81	80	76	81	78	396
	00001389	78	76	79	73	79	385
	00001390	81	67	78	65	79	370
	00001391	84	68	72	70	74	368
	00001392	72	81	65	80	74	372
	00001393	76	74	80	76	76	382
	00001394	74	77	73	81	75	380
	00001395	79	78	83	76	84	400
	00001396	82	80	72	79	76	389
	00001397	72	81	77	78	80	388
	00001398	74	74	74	73	72	367
	00001399	76	72	70	75	78	371
	00001400	82	80	77	77	85	401
	00001401	68	69	76	74	76	363
	00001402	73	80	79	75	69	376
	00001403	85	75	77	80	75	392
	00001404	69	79	66	76	78	368
	00001405	76	80	72	78	78	384
	00001406	78	77	74	78	80	387
	00001407	72	73	80	79	69	373
	00001408	64	77	79	72	72	364
	00001409	72	80	73	69	77	371
	00001410	82	76	80	77	78	393
	00001411	72	81	74	74	74	375
	00001412	78	78	71	75	72	374
	00001413	75	88	74	76	76	389
	00001414	78	74	81	72	77	382
	00001415	76	78	83	76	71	384
	00001416	67	77	81	74	82	381
	00001417	74	74	79	70	79	376
	00001418	72	81	80	73	68	374
	00001419	71	80	77	76	81	385
	00001420	86	75	77	75	77	390
	00001421	77	74	79	80	78	388
	00001422	77	76	80	68	75	376
	00001423	78	70	80	82	75	385
	00001424	86	73	78	77	80	394
	00001425	78	75	80	70	81	384
	00001426	62	78	80	82	74	376
	00001427	72	77	73	76	74	372
	00001428	70	77	67	77	79	370
	00001429	79	75	84	75	78	391
	00001430	78	77	74	74	73	376
	00001431	80	82	76	78	67	383
	00001432	74	82	75	77	75	383
	00001433	75	80	78	79	71	383
	00001434	76	76	76	76	71	375
	00001435	75	76	71	65	78	365
	00001436	73	75	72	87	76	383
	00001437	75	79	72	78	76	380
	00001438	85	72	89	79	78	403
	00001439	73	77	76	86	80	392
	00001440	73	77	77	80	77	384
	00001441	80	75	78	78	72	383
	00001442	74	73	71	79	78	375
	00001443	77	73	74	79	74	377
	00001444	74	75	70	76	76	371
	00001445	82	70	73	77	86	388
	00001446	76	76	79	71	74	376
	00001447	76	81	79	82	77	395
	00001448	78	82	77	74	80	391
	00001449	72	76	82	76	75	381
	00001450	74	80	77	80	76	387
	00001451	72	75	75	80	76	378
	00001452	79	80	81	80	73	393
	00001453	79	76	74	74	76	379
	00001454	78	79	84	75	73	389
	00001455	75	76	76	78	70	375
	00001456	76	79	78	73	77	383
	00001457	82	69	71	74	79	375
	00001458	77	73	79	78	80	387
	00001459	68	77	75	85	74	379
	00001460	78	74	78	75	77	382
	00001461	79	76	78	72	75	380
	00001462	74	81	76	72	70	373
	00001463	78	83	80	74	74	389
	00001464	77	78	76	79	78	388
	00001465	75	75	68	81	84	383
	00001466	78	72	75	84	79	388
	00001467	79	70	72	76	75	372
	00001468	73	79	74	73	77	376
	00001469	76	77	82	77	75	387
	00001470	74	77	75	76	75	377
	00001471	70	75	77	74	70	366
	00001472	79	80	81	75	70	385
	00001473	77	80	75	91	76	399
	00001474	75	80	77	81	70	383
	00001475	71	76	80	72	78	377
	00001476	78	77	66	70	81	372
	00001477	75	79	75	75	74	378
	00001478	80	79	75	78	75	387
	00001479	83	74	75	71	74	377
	00001480	73	74	78	77	83	385
	00001481	76	79	74	79	73	381
	00001482	80	76	85	80	75	396
	00001483	77	75	74	78	77	381
	00001484	79	71	70	75	76	371
	00001485	76	80	73	73	73	375
	00001486	83	80	79	78	74	394
	00001487	80	82	77	77	73	389
	00001488	81	69	76	76	73	375
	00001489	75	75	78	78	79	385
	00001490	74	91	86	76	80	407
	00001491	79	74	77	76	78	384
	00001492	74	82	79	70	82	387
	00001493	77	73	76	77	74	377
	00001494	75	72	68	67	70	352
	00001495	76	77	69	77	74	373
	00001496	77	70	80	76	80	383
	00001497	75	74	73	74	76	372
	00001498	81	80	81	77	68	387
	00001499	74	73	74	76	73	370
	00001500	78	77	77	78	75	385
	00001501	77	77	75	89	84	402
	00001502	81	81	74	78	74	388
	00001503	76	75	77	78	78	384
	00001504	78	79	86	67	83	393
	00001505	72	81	70	71	77	371
	00001506	75	82	74	77	73	381
	00001507	78	77	76	77	73	381
	00001508	81	77	78	79	79	394
	00001509	77	76	79	83	72	387
	00001510	78	77	79	75	78	387
	00001511	75	81	73	78	69	376
	00001512	79	77	79	77	74	386
	00001513	78	69	81	74	83	385
	00001514	76	79	70	76	82	383
	00001515	77	75	75	70	69	366
	00001516	77	83	80	78	83	401
	00001517	73	79	77	74	81	384
	00001518	79	79	71	76	83	388
	00001519	75	80	70	76	73	374
	00001520	84	82	78	72	80	396
	00001521	80	77	73	75	68	373
	00001522	68	76	67	77	78	366
	00001523	78	76	79	77	74	384
	00001524	82	86	76	82	84	410
	00001525	74	83	70	78	84	389
	00001526	77	82	73	76	77	385
	00001527	74	77	79	75	77	382
	00001528	89	76	75	73	74	387
	00001529	74	70	75	71	77	367
	00001530	68	82	77	76	85	388
	00001531	77	75	78	78	69	377
	00001532	73	77	68	81	70	369
	00001533	80	76	74	70	74	374
	00001534	72	76	77	74	74	373
	00001535	83	87	74	72	74	390
	00001536	79	75	77	76	78	385
	00001537	73	77	74	82	80	386
	00001538	77	67	76	74	73	367
	00001539	72	73	76	75	76	372
	00001540	78	78	71	79	67	373
	00001541	75	80	79	78	83	395
	00001542	74	78	85	75	74	386
	00001543	76	77	75	69	81	378
	00001544	78	78	75	76	74	381
	00001545	74	83	76	79	71	383
	00001546	74	78	78	81	78	389
	00001547	81	78	74	80	72	385
	00001548	75	74	74	79	81	383
	00001549	78	81	76	81	73	389
	00001550	71	74	74	80	75	374
	00001551	78	79	72	74	76	379
	00001552	77	76	77	72	77	379
	00001553	80	76	77	77	78	388
	00001554	69	79	78	74	76	376
	00001555	75	78	72	77	74	376
	00001556	74	76	82	76	78	386
	00001557	79	75	80	76	79	389
	00001558	77	76	79	92	83	407
	00001559	84	78	82	81	75	400
	00001560	80	77	77	83	77	394
	00001561	82	77	83	68	68	378
	00001562	80	66	76	67	79	368
	00001563	73	75	78	79	76	381
	00001564	79	73	73	77	81	383
	00001565	72	72	79	78	79	380
	00001566	78	76	60	72	76	362
	00001567	79	73	76	76	79	383
	00001568	72	72	77	79	79	379
	00001569	79	76	81	76	68	380
	00001570	76	74	82	81	74	387
	00001571	72	77	83	76	73	381
	00001572	78	75	74	77	70	374
	00001573	71	79	74	73	76	373
	00001574	75	78	77	71	72	373
	00001575	77	76	71	75	77	376
	00001576	76	77	77	81	81	392
	00001577	75	70	75	78	81	379
	00001578	73	77	78	78	84	390
	00001579	72	81	78	76	76	383
	00001580	79	78	75	80	77	389
	00001581	77	77	83	77	70	384
	00001582	79	78	73	80	82	392
	00001583	78	77	76	75	76	382
	00001584	79	76	76	74	80	385
	00001585	73	77	86	76	66	378
	00001586	77	75	71	75	76	374
	00001587	66	75	79	78	78	376
	00001588	76	81	81	81	78	397
	00001589	71	79	79	74	73	376
	00001590	76	76	73	75	75	375
	00001591	78	77	81	76	72	384
	00001592	73	77	80	76	76	382
	00001593	77	78	81	69	77	382
	00001594	73	74	80	76	76	379
	00001595	72	79	80	77	83	391
	00001596	79	83	80	76	76	394
	00001597	78	88	81	78	70	395
	00001598	76	69	70	76	73	364
	00001599	81	78	75	78	77	389
	00001600	75	77	77	78	77	384
	00001601	76	76	78	73	79	382
	00001602	87	73	76	77	77	390
	00001603	73	73	83	77	69	375
	00001604	72	67	80	77	76	372
	00001605	81	73	77	73	74	378
	00001606	78	74	74	76	69	371
	00001607	77	79	72	77	77	382
	00001608	79	76	76	73	76	380
	00001609	77	78	81	75	77	388
	00001610	86	74	75	71	74	380
	00001611	78	83	74	77	79	391
	00001612	75	80	74	73	80	382
	00001613	75	83	84	76	76	394
	00001614	77	77	75	75	71	375
	00001615	77	78	77	77	78	387
	00001616	73	71	76	79	78	377
	00001617	75	78	78	81	74	386
	00001618	80	78	78	75	77	388
	00001619	78	81	73	79	74	385
	00001620	69	74	72	89	80	384
	00001621	76	80	76	70	77	379
	00001622	71	76	70	82	80	379
	00001623	78	75	67	70	75	365
	00001624	81	78	79	69	79	386
	00001625	76	78	84	76	84	398
	00001626	62	71	76	80	75	364
	00001627	72	78	68	75	84	377
	00001628	79	77	75	79	76	386
	00001629	72	76	75	77	73	373
	00001630	71	78	71	78	73	371
	00001631	71	72	82	80	80	385
	00001632	77	80	78	77	76	388
	00001633	76	77	74	77	74	378
	00001634	83	74	75	76	73	381
	00001635	76	66	78	77	69	366
	00001636	80	70	79	78	73	380
	00001637	80	77	73	63	79	372
	00001638	81	81	86	80	78	406
	00001639	81	77	77	80	72	387
	00001640	77	77	74	80	80	388
	00001641	75	75	74	74	76	374
	00001642	78	77	77	81	80	393
	00001643	71	79	76	74	73	373
	00001644	80	78	82	76	73	389
	00001645	77	81	89	77	82	406
	00001646	76	80	78	79	78	391
	00001647	78	79	81	76	73	387
	00001648	74	72	76	79	77	378
	00001649	76	71	83	78	72	380
	00001650	76	78	72	71	77	374
	00001651	73	74	71	82	73	373
	00001652	79	80	78	75	77	389
	00001653	77	80	70	67	74	368
	00001654	75	70	78	76	79	378
	00001655	76	74	73	73	74	370
	00001656	68	70	80	73	75	366
	00001657	76	71	84	76	78	385
	00001658	77	81	80	76	73	387
	00001659	69	79	79	80	80	387
	00001660	71	78	77	78	75	379
	00001661	83	71	78	73	72	377
	00001662	71	77	74	82	76	380
	00001663	78	71	78	78	77	382
	00001664	71	81	82	76	74	384
	00001665	70	78	79	77	81	385
	00001666	75	75	75	62	73	360
	00001667	77	74	78	72	76	377
	00001668	66	79	78	78	81	382
	00001669	76	80	76	81	75	388
	00001670	78	71	82	87	77	395
	00001671	76	81	75	78	78	388
	00001672	80	74	77	73	79	383
	00001673	75	80	77	78	76	386
	00001674	78	80	78	78	71	385
	00001675	72	77	78	68	84	379
	00001676	76	79	73	65	78	371
	00001677	75	72	77	80	81	385
	00001678	80	82	72	79	80	393
	00001679	79	81	74	78	70	382
	00001680	73	76	79	78	81	387
	00001681	76	82	74	76	69	377
	00001682	73	71	72	79	78	373
	00001683	74	77	75	77	74	377
	00001684	69	76	73	86	71	375
	00001685	77	63	78	88	77	383
	00001686	78	81	84	70	75	388
	00001687	78	71	76	81	81	387
	00001688	72	77	78	75	82	384
	00001689	69	75	78	77	73	372
	00001690	79	84	77	80	72	392
	00001691	76	77	75	77	74	379
	00001692	77	80	69	75	78	379
	00001693	82	73	78	79	82	394
	00001694	86	73	78	77	74	388
	00001695	72	72	80	72	78	374
	00001696	74	78	68	74	80	374
	00001697	73	70	76	81	78	378
	00001698	79	76	83	79	75	392
	00001699	71	84	75	76	79	385
	00001700	77	78	71	71	77	374
	00001701	77	64	78	75	82	376
	00001702	89	73	76	73	72	383
	00001703	78	80	75	72	74	379
	00001704	76	77	77	72	76	378
	00001705	81	77	73	72	77	380
	00001706	79	77	74	69	76	375
	00001707	77	82	77	82	76	394
	00001708	76	73	79	76	79	383
	00001709	75	78	74	79	80	386
	00001710	79	78	74	77	81	389
	00001711	75	74	79	74	74	376
	00001712	79	86	73	82	77	397
	00001713	77	79	79	76	73	384
	00001714	70	83	67	75	76	371
	00001715	81	83	78	69	76	387
	00001716	76	71	79	70	76	372
	00001717	74	74	75	76	70	369
	00001718	76	80	80	68	79	383
	00001719	80	79	77	80	77	393
	00001720	75	77	77	73	80	382
	00001721	69	78	75	79	68	369
	00001722	80	79	77	80	72	388
	00001723	76	78	78	77	74	383
	00001724	76	74	77	79	75	381
	00001725	83	74	77	75	72	381
	00001726	77	84	76	75	78	390
	00001727	75	77	75	77	72	376
	00001728	72	80	81	78	76	387
	00001729	78	76	78	84	77	393
	00001730	78	69	75	72	79	373
	00001731	73	80	80	77	75	385
	00001732	79	78	79	68	72	376
	00001733	78	80	75	84	81	398
	00001734	81	63	81	73	78	376
	00001735	74	81	79	65	77	376
	00001736	77	69	80	81	76	383
	00001737	80	78	75	76	78	387
	00001738	75	70	78	75	83	381
	00001739	86	80	80	81	75	402
	00001740	78	77	74	69	74	372
	00001741	78	84	78	70	84	394
	00001742	77	79	79	78	80	393
	00001743	76	74	67	83	80	380
	00001744	75	72	82	71	77	377
	00001745	79	81	73	81	75	389
	00001746	79	73	78	80	78	388
	00001747	73	82	76	73	76	380
	00001748	78	76	67	82	76	379
	00001749	75	81	78	81	78	393
	00001750	72	77	74	76	77	376
	00001751	77	77	71	72	79	376
	00001752	75	70	81	78	82	386
	00001753	75	77	71	73	78	374
	00001754	79	66	81	75	76	377
	00001755	78	74	81	77	80	390
	00001756	79	72	79	73	75	378
	00001757	76	75	76	72	77	376
	00001758	77	72	76	75	87	387
	00001759	76	75	68	82	75	376
	00001760	75	75	75	78	79	382
	00001761	72	74	71	75	78	370
	00001762	77	79	80	70	71	377
	00001763	75	78	68	77	82	380
	00001764	76	69	80	79	75	379
	00001765	76	76	77	76	77	382
	00001766	81	73	83	73	80	390
	00001767	80	76	74	78	80	388
	00001768	80	80	77	77	75	389
	00001769	75	82	77	68	74	376
	00001770	80	78	77	78	74	387
	00001771	78	72	77	78	69	374
	00001772	84	76	75	79	76	390
	00001773	73	75	78	75	77	378
	00001774	83	74	82	75	77	391
	00001775	79	76	87	84	80	406
	00001776	74	73	70	77	77	371
	00001777	76	77	77	76	77	383
	00001778	74	73	78	81	79	385
	00001779	75	78	74	85	75	387
	00001780	76	60	76	74	79	365
	00001781	72	74	78	78	80	382
	00001782	73	79	86	81	75	394
	00001783	79	75	79	79	78	390
	00001784	76	76	77	73	71	373
	00001785	81	76	85	72	80	394
	00001786	72	81	75	75	77	380
	00001787	82	77	73	80	79	391
	00001788	73	75	86	77	76	387
	00001789	73	79	73	77	73	375
	00001790	81	71	78	75	70	375
	00001791	78	77	76	73	69	373
	00001792	83	76	77	76	77	389
	00001793	73	70	73	79	83	378
	00001794	77	86	76	77	77	393
	00001795	76	78	72	74	84	384
	00001796	79	79	78	69	86	391
	00001797	75	76	72	78	79	380
	00001798	78	79	80	78	73	388
	00001799	77	76	79	82	77	391
	00001800	78	74	79	79	74	384
	00001801	85	76	82	76	77	396
	00001802	74	73	78	76	78	379
	00001803	86	78	76	77	79	396
	00001804	69	77	77	82	71	376
	00001805	74	74	77	79	75	379
	00001806	71	68	70	76	76	361
	00001807	68	79	77	75	81	380
	00001808	77	76	72	75	74	374
	00001809	75	78	73	73	76	375
	00001810	76	84	76	78	73	387
	00001811	83	77	86	77	76	399
	00001812	77	77	82	74	77	387
	00001813	79	72	82	81	84	398
	00001814	78	77	73	68	79	375
	00001815	77	73	83	81	72	386
	00001816	76	73	74	86	69	378
	00001817	77	77	69	77	77	377
	00001818	75	68	76	74	77	370
	00001819	79	68	77	77	77	378
	00001820	76	77	73	75	60	361
	00001821	74	74	83	75	78	384
	00001822	75	72	75	77	81	380
	00001823	75	81	80	79	73	388
	00001824	77	70	76	79	76	378
	00001825	69	77	73	79	80	378
	00001826	79	76	71	72	79	377
	00001827	79	76	72	74	85	386
	00001828	73	75	76	76	81	381
	00001829	77	82	73	85	75	392
	00001830	73	78	75	85	82	393
	00001831	77	80	83	68	69	377
	00001832	78	74	82	78	76	388
	00001833	81	76	78	77	82	394
	00001834	73	79	76	69	80	377
	00001835	70	71	73	75	75	364
	00001836	73	77	76	79	75	380
	00001837	78	74	76	84	77	389
	00001838	73	76	76	74	77	376
	00001839	77	73	80	70	81	381
	00001840	80	75	74	78	71	378
	00001841	72	78	80	77	82	389
	00001842	74	75	84	76	76	385
	00001843	74	75	82	70	67	368
	00001844	75	79	69	76	82	381
	00001845	82	73	77	77	79	388
	00001846	78	75	71	71	69	364
	00001847	77	73	80	76	73	379
	00001848	78	82	93	81	75	409
	00001849	76	75	80	78	74	383
	00001850	79	79	79	86	77	400
	00001851	84	68	74	78	76	380
	00001852	77	77	77	77	70	378
	00001853	83	76	73	75	77	384
	00001854	74	73	84	84	76	391
	00001855	78	75	71	77	76	377
	00001856	86	74	78	76	76	390
	00001857	84	79	77	72	77	389
	00001858	83	74	76	79	82	394
	00001859	77	77	74	81	68	377
	00001860	73	75	82	74	74	378
	00001861	72	86	69	79	75	381
	00001862	73	71	78	73	80	375
	00001863	76	69	79	77	76	377
	00001864	76	77	78	77	73	381
	00001865	70	80	73	68	83	374
	00001866	70	76	77	75	80	378
	00001867	77	74	76	71	83	381
	00001868	77	73	77	72	76	375
	00001869	81	87	76	86	75	405
	00001870	77	72	72	75	76	372
	00001871	77	77	81	75	78	388
	00001872	78	74	80	70	82	384
	00001873	75	84	77	76	74	386
	00001874	81	77	79	76	74	387
	00001875	76	69	76	78	80	379
	00001876	82	72	73	75	77	379
	00001877	77	83	77	74	76	387
	00001878	82	73	81	77	71	384
	00001879	73	83	93	79	85	413
	00001880	81	72	75	77	77	382
	00001881	74	80	84	73	74	385
	00001882	76	81	76	80	77	390
	00001883	74	78	75	80	83	390
	00001884	77	71	84	80	78	390
	00001885	77	76	74	77	83	387
	00001886	65	75	73	69	74	356
	00001887	75	80	68	78	70	371
	00001888	77	73	78	73	75	376
	00001889	76	67	84	79	78	384
	00001890	72	79	74	75	70	370
	00001891	76	77	79	76	72	380
	00001892	77	75	74	77	71	374
	00001893	82	74	78	77	79	390
	00001894	78	77	77	77	74	383
	00001895	69	72	69	78	76	364
	00001896	73	80	76	73	80	382
	00001897	76	79	77	70	73	375
	00001898	75	74	71	77	75	372
	00001899	76	76	72	78	80	382
	00001900	75	78	76	76	77	382
	00001901	86	81	84	77	77	405
	00001902	79	80	78	74	77	388
	00001903	79	74	76	76	73	378
	00001904	79	79	75	84	73	390
	00001905	79	80	74	78	81	392
	00001906	73	78	77	74	84	386
	00001907	80	68	75	82	73	378
	00001908	82	72	71	76	82	383
	00001909	74	73	74	83	73	377
	00001910	77	77	75	65	73	367
	00001911	73	80	79	75	72	379
	00001912	81	76	79	77	77	390
	00001913	81	75	86	69	77	388
	00001914	73	72	72	80	75	372
	00001915	84	77	74	81	79	395
	00001916	77	72	74	82	77	382
	00001917	79	73	77	76	77	382
	00001918	78	77	74	78	78	385
	00001919	79	78	80	78	73	388
	00001920	79	63	79	76	79	376
	00001921	73	76	71	75	79	374
	00001922	72	78	76	77	72	375
	00001923	75	72	76	80	71	374
	00001924	75	77	78	73	74	377
	00001925	74	77	81	75	74	381
	00001926	79	77	75	76	70	377
	00001927	76	77	76	75	71	375
	00001928	75	80	74	74	78	381
	00001929	77	73	79	76	84	389
	00001930	86	75	79	87	69	396
	00001931	75	79	77	75	68	374
	00001932	74	81	81	75	75	386
	00001933	74	76	76	74	82	382
	00001934	72	77	83	79	73	384
	00001935	76	80	75	79	77	387
	00001936	77	79	77	74	81	388
	00001937	69	78	79	76	75	377
	00001938	81	75	74	78	77	385
	00001939	72	76	75	77	76	376
	00001940	75	76	79	77	79	386
	00001941	76	77	81	78	86	398
	00001942	73	69	74	77	80	373
	00001943	74	77	82	74	73	380
	00001944	68	69	79	73	83	372
	00001945	75	77	77	80	84	393
	00001946	80	73	81	69	73	376
	00001947	83	67	78	78	68	374
	00001948	75	72	69	76	76	368
	00001949	74	83	80	73	71	381
	00001950	76	77	69	77	81	380
	00001951	77	83	79	75	78	392
	00001952	74	81	78	71	76	380
	00001953	77	75	76	69	72	369
	00001954	78	80	86	79	75	398
	00001955	73	72	75	77	76	373
	00001956	80	77	89	71	76	393
	00001957	76	88	68	75	76	383
	00001958	71	74	77	76	79	377
	00001959	72	68	71	76	78	365
	00001960	79	78	76	81	65	379
	00001961	77	69	81	77	75	379
	00001962	78	77	80	75	83	393
	00001963	87	75	73	73	79	387
	00001964	65	74	75	71	84	369
	00001965	83	84	80	71	80	398
	00001966	73	73	75	78	84	383
	00001967	79	74	75	74	77	379
	00001968	76	82	83	78	79	398
	00001969	75	75	74	79	76	379
	00001970	75	72	83	81	74	385
	00001971	76	78	74	76	75	379
	00001972	75	76	76	71	76	374
	00001973	67	69	77	78	73	364
	00001974	77	76	76	65	76	370
	00001975	74	80	75	76	80	385
	00001976	75	75	75	73	71	369
	00001977	77	83	73	72	78	383
	00001978	76	78	75	61	75	365
	00001979	66	72	82	79	78	377
	00001980	78	82	74	74	73	381
	00001981	75	75	78	75	78	381
	00001982	77	78	76	81	77	389
	00001983	78	76	81	70	78	383
	00001984	78	76	79	74	85	392
	00001985	72	77	80	71	75	375
	00001986	74	78	73	76	73	374
	00001987	74	83	76	79	75	387
	00001988	72	76	84	76	77	385
	00001989	79	76	70	74	71	370
	00001990	75	78	78	82	73	386
	00001991	78	73	66	76	77	370
	00001992	78	73	85	74	82	392
	00001993	75	76	76	69	72	368
	00001994	79	76	75	77	81	388
	00001995	80	73	75	73	79	380
	00001996	77	66	77	73	75	368
	00001997	79	67	80	75	77	378
	00001998	85	75	76	74	78	388
	00001999	76	74	76	79	75	380
	00002000	76	82	70	77	79	384
	00002001	77	78	84	77	73	389
	00002002	74	77	76	76	77	380
	00002003	75	74	74	78	74	375
	00002004	69	76	73	79	75	372
	00002005	75	77	75	78	75	380
	00002006	77	74	72	76	69	368
	00002007	82	59	81	82	72	376
	00002008	76	82	78	74	80	390
	00002009	70	68	75	81	72	366
	00002010	78	72	77	75	67	369
	00002011	73	81	79	77	78	388
	00002012	77	82	77	78	75	389
	00002013	76	76	77	76	76	381
	00002014	82	76	78	82	79	397
	00002015	77	72	75	71	78	373
	00002016	73	69	72	75	77	366
	00002017	77	77	73	74	79	380
	00002018	69	75	84	68	77	373
	00002019	78	78	87	72	78	393
	00002020	78	72	74	76	70	370
	00002021	76	78	66	74	77	371
	00002022	77	81	76	70	73	377
	00002023	79	79	75	75	76	384
	00002024	74	80	78	79	76	387
	00002025	79	75	79	77	79	389
	00002026	81	79	76	71	81	388
	00002027	81	69	81	73	77	381
	00002028	78	76	78	84	80	396
	00002029	82	76	76	76	75	385
	00002030	81	74	75	76	75	381
	00002031	72	80	71	76	74	373
	00002032	72	73	78	84	77	384
	00002033	73	77	78	78	79	385
	00002034	79	87	70	76	73	385
	00002035	78	81	74	75	79	387
	00002036	78	79	73	73	80	383
	00002037	78	73	72	76	73	372
	00002038	73	75	76	75	76	375
	00002039	71	76	76	80	75	378
	00002040	79	77	79	76	83	394
	00002041	83	75	75	88	84	405
	00002042	75	77	70	74	77	373
	00002043	77	76	74	77	76	380
	00002044	75	74	82	82	70	383
	00002045	74	75	75	82	76	382
	00002046	76	81	79	72	73	381
	00002047	76	77	74	78	71	376
	00002048	82	81	75	78	78	394
