1997 1991 1990 1989 1982 1972 1968 1960 1952 1945 1943 1937 1933 1925 1919 1912 1904 1894
1888 1881 1872 1870 1865 1864 1855 1854 1852 1845 1842 1836 1826 1824 1815 1810 1800 1797
1791 1781 1776 1770 1764 1755 1751 1741 1735 1733 1726 1718 1713 1706 1697 1695 1691 1686
1685 1681 1675 1674 1671 1661 1655 1653 1648 1645 1637 1630 1625 1615 1605 1602 1601 1598
1588 1579 1575 1574 1566 1564 1561 1557 1549 1547 1543 1535 1527 1520 1511 1509 1503 1498
1497 1487 1486 1477 1475 1471 1461 1456 1446 1445 1435 1426 1418 1409 1403 1393 1388 1378
1370 1368 1360 1351 1342 1340 1330 1323 1321 1319 1315 1311 1304 1301 1300 1290 1287 1281
1279 1274 1267 1264 1260 1251 1244 1234 1231 1221 1211 1203 1195 1193 1187 1183 1174 1171
1163 1160 1154 1144 1139 1132 1128 1120 1113 1106 1099 1089 1083 1073 1063 1061 1054 1049
1039 1029 1028 1019 1018 1010 1002 999 997 991 990 986 984 976 975 973 963 959
956 952 944 942 938 932 922 921 918 917 916 906 900 894 889 884 874 866
861 854 848 842 836 826 821 820 817 809 801 794 787 782 776 767 763 762
752 744 743 736 735 726 724 714 713 703 695 690 683 681 673 668 665 662
661 653 644 638 633 624 614 610 607 599 596 589 588 582 572 563 554 549
543 538 534 533 527 526 520 512 503 499 496 489 479 471 461 453 447 438
435 430 422 412 408 404 403 402 397 395 391 382 375 369 363 358 357 348
340 334 326 317 311 304 295 291 286 276 271 267 265 255 248 244 238 233
226 225 219 212 211 202 193 192 182 172 163 160 156 146 136 126 120 119
110 105 95 88 83 74 69 59 56 47 40 37 34 29 24 15 6 -1
-7 -16 -18 -26 -33 -37 -40 -49 -51 -59 -69 -79 -86 -90 -98 -100 -101 -109
-113 -119 -128 -130 -136 -143 -149 -152 -153 -154 -156 -165 -171 -180 -190 -196 -199 -205
-207 -214 -217 -219 -227 -230 -234 -243 -247 -255 -262 -268 -269 -279 -285 -288 -296 -300
-304 -310 -314 -317 -321 -322 -332 -340 -343 -347 -356 -364 -366 -375 -379 -386 -394 -397
-406 -409 -415 -423 -433 -441 -451 -458 -459 -466 -475 -477 -482 -488 -493 -497 -503 -508
-516 -521 -531 -534 -544 -554 -558 -563 -572 -581 -586 -596 -600 -606 -610 -616 -626 -636
-642 -645 -650 -655 -657 -666 -673 -677 -679 -680 -690 -696 -706 -707 -713 -723 -727 -732
-735 -744 -749 -758 -768 -769 -770 -773 -781 -784 -792 -796 -801 -807 -812 -822 -832 -836
-839 -847 -850 -853 -855 -863 -864 -868 -874 -882 -884 -892 -895 -903 -911 -913 -916 -924
-932 -934 -935 -941 -949 -953 -962 -971 -981 -990 -994 -995 -1000 -1009 -1018 -1021 -1026 -1036
-1045 -1055 -1061 -1070 -1073 -1078 -1079 -1087 -1096 -1104 -1110 -1111 -1116 -1126 -1127 -1131 -1141 -1148
-1156 -1158 -1168 -1170 -1177 -1178 -1182 -1189 -1190 -1197 -1198 -1206 -1214 -1221 -1227 -1228 -1231 -1233
-1237 -1243 -1252 -1256 -1262 -1268 -1269 -1274 -1276 -1278 -1285 -1292 -1300 -1306 -1312 -1313 -1321 -1323
-1330 -1336 -1340 -1349 -1359 -1363 -1367 -1372 -1375 -1385 -1386 -1391 -1399 -1409 -1416 -1418 -1425 -1435
-1445 -1446 -1454 -1462 -1463 -1468 -1474 -1477 -1482 -1490 -1492 -1493 -1497 -1507 -1509 -1517 -1527 -1530
-1535 -1543 -1553 -1556 -1566 -1576 -1585 -1594 -1599 -1602 -1608 -1612 -1621 -1626 -1631 -1632 -1642 -1652
-1659 -1663 -1671 -1672 -1680 -1683 -1687 -1696 -1697 -1699 -1701 -1711 -1718 -1728 -1735 -1741 -1747 -1748
-1749 -1752 -1759 -1761 -1767 -1772 -1774 -1776 -1785 -1788 -1792 -1793 -1802 -1806 -1809 -1814 -1821 -1826
-1835 -1843 -1850 -1858 -1868 -1876 -1885 -1891 -1893 -1903 -1911 -1917 -1922 -1925 -1931 -1932 -1942 -1947
-1949 -1951 -1960 -1965 -1967 -1968 -1978 -1982 -1983 -1987 -1995 -2001 -2006 -2009 -2010 -2016 -2019 -2021
-2023 -2024 -2029 -2031 -2037 -2045 -2055 -2059 -2065 -2069 -2076 -2085 -2088 -2094 -2103 -2112 -2114 -2118
-2125 -2134 -2138 -2140 -2144 -2147 -2151 -2153 -2155 -2165 -2167 -2175 -2182 -2185 -2189 -2199 -2207 -2215
-2223 -2232 -2233 -2242 -2248 -2253 -2260 -2263 -2271 -2280 -2289 -2294 -2298 -2307 -2313 -2322 -2328 -2332
-2340 -2343 -2345 -2349 -2351 -2358 -2366 -2370 -2378 -2386 -2395 -2403 -2406 -2412 -2419 -2428 -2435 -2436
-2439 -2441 -2442 -2451 -2457 -2467 -2475 -2484 -2486 -2491 -2493 -2497 -2502 -2507 -2509 -2517 -2522 -2527
-2532 -2542 -2545 -2555 -2565 -2566 -2567 -2576 -2584 -2589 -2595 -2597 -2606 -2614 -2616 -2619 -2624 -2632
-2633 -2640 -2642 -2647 -2650 -2653 -2660 -2670 -2672 -2681 -2689 -2690 -2694 -2703 -2707 -2714 -2721 -2725
-2732 -2740 -2749 -2758 -2760 -2764 -2767 -2770 -2775 -2782 -2789 -2794 -2802 -2812 -2813 -2815 -2816 -2824
-2826 -2833 -2842 -2847 -2849 -2857 -2866 -2876 -2882 -2886 -2895 -2902 -2909 -2913 -2922 -2927 -2933 -2937
-2947 -2955 -2956 -2961 -2968 -2970 -2975 -2984 -2986 -2994 -3001 -3011 -3020 -3026 -3032 -3037 -3039 -3046
-3048 -3053 -3056 -3061 -3063 -3071 -3075 -3083 -3093 -3101 -3111 -3116 -3125 -3133 -3143 -3148 -3153 -3156
-3165 -3173 -3183 -3187 -3190 -3192 -3200 -3206 -3213 -3214 -3223 -3231 -3239 -3244 -3254 -3260 -3263 -3266
-3267 -3272 -3275 -3285 -3287 -3292 -3293 -3302 -3303 -3308 -3310 -3317 -3323 -3329 -3336 -3343 -3352 -3361
-3366 -3370 -3379 -3380 -3386 -3390 -3392 -3397 -3400 -3408 -3417 -3422 -3431 -3433 -3440 -3449 -3455 -3456
-3464 -3466 -3470 -3479 -3484 -3485 -3490 -3497 -3506 -3512 -3515 -3524 -3533 -3543 -3551 -3558 -3567 -3574
-3578 -3587 -3589 -3592 -3597 -3607 -3610 -3616 -3620 -3622 -3629 -3636 -3644 -3654 -3664 -3666 -3667 -3672
-3676 -3684 -3688 -3695 -3696 -3705 -3706 -3713 -3720 -3729 -3730 -3731 -3733 -3736 -3740 -3744 -3750 -3760
-3770 -3773 -3776 -3778 -3782 -3784 -3789 -3791 -3793 -3794 -3796 -3803 -3809 -3812 -3818 -3828 -3829 -3838
-3845 -3847 -3854 -3863 -3869 -3878 -3882 -3891 -3895 -3897 -3901 -3908 -3915 -3921 -3931 -3935 -3940 -3949
-3953 -3960 -3969 -3978 -3986 -3994 -3998 -4005 -4010 -4020 -4024 -4028 -4033 -4039 -4049 -4053 -4058 -4064
-4066 -4075 -4083 -4090 -4099 -4107 -4111 -4114 -4118 -4125 -4133 -4142 -4150 -4158 -4166 -4171 -4177 -4185
-4194 -4201 -4209 -4218 -4224 -4228 -4235 -4236 -4246 -4256 -4260 -4262 -4268 -4270 -4272 -4277 -4287 -4292
-4300 -4305 -4309 -4310 -4316 -4324 -4326 -4330 -4333 -4343 -4346 -4348 -4353 -4359 -4360 -4366 -4371 -4373
-4380 -4383 -4385 -4389 -4395 -4401 -4411 -4417 -4421 -4428 -4430 -4432 -4436 -4444 -4449 -4459 -4465 -4466
-4475 -4482 -4484 -4486 -4492 -4501 -4508 -4512 -4514 -4523 -4533 -4541 -4542 -4545 -4553 -4561 -4567 -4574
-4577 -4583 -4593 -4603 -4608 -4614 -4615 -4620 -4626 -4634 -4642 -4652 -4657 -4666 -4670 -4676 -4684 -4687
-4696 -4702 -4712 -4713 -4722 -4726 -4728 -4730 -4736 -4745 -4750 -4752 -4758 -4768 -4771 -4779 -4783 -4789
-4796 -4805 -4808 -4818 -4824 -4825 -4828 -4829 -4834 -4841 -4842 -4846 -4852 -4855 -4862 -4870 -4878 -4885
-4890 -4892 -4901 -4904 -4914 -4916 -4923 -4932 -4941 -4943 -4953 -4954 -4957 -4961 -4969 -4979 -4981 -4983
-4987 -4997 -5000 -5004 -5007 -5017 -5027 -5030 -5039 -5046 -5056 -5065 -5074 -5078 -5088 -5089 -5090 -5091
-5093 -5099 -5109 -5116 -5122 -5126 -5136 -5141 -5145 -5151 -5161 -5162 -5172 -5182 -5183 -5186 -5194 -5196
-5206 -5207 -5209 -5217 -5225 -5229 -5236 -5244 -5247 -5254 -5255 -5265 -5274 -5282 -5287 -5297 -5300 -5305
-5307 -5310 -5320 -5322 -5325 -5335 -5340 -5345 -5355 -5357 -5367 -5377 -5382 -5384 -5386 -5394 -5396 -5406
-5415 -5417 -5426 -5436 -5446 -5453 -5455 -5456 -5465 -5472 -5478 -5487 -5490 -5495 -5496 -5503 -5507 -5514
-5523 -5531 -5539 -5548 -5558 -5565 -5572 -5574 -5576 -5586 -5591 -5594 -5603 -5610 -5613 -5622 -5627 -5636
-5637 -5638 -5641 -5644 -5650 -5654 -5658 -5659 -5669 -5674 -5678 -5680 -5685 -5691 -5697 -5703 -5704 -5707
-5711 -5719 -5728 -5738 -5740 -5750 -5759 -5765 -5773 -5779 -5787 -5790 -5792 -5794 -5804 -5805 -5811 -5812
-5819 -5826 -5835 -5842 -5848 -5853 -5855 -5865 -5871 -5878 -5887 -5890 -5894 -5899 -5908 -5917 -5921 -5925
-5929 -5932 -5942 -5946 -5953 -5963 -5971 -5973 -5978 -5980 -5983 -5985 -5988 -5997 -6007 -6012 -6013 -6021
-6023 -6031 -6033 -6036 -6043 -6046 -6048 -6050 -6053 -6061 -6068 -6076 -6086 -6092 -6097 -6099 -6102 -6105
-6111 -6115 -6120 -6123 -6126 -6127 -6133 -6143 -6144 -6154 -6161 -6169 -6172 -6174 -6180 -6185 -6190 -6199
-6203 -6206 -6216 -6222 -6232 -6240 -6249 -6255 -6262 -6268 -6270 -6280 -6287 -6290 -6293 -6297 -6306 -6307
-6316 -6317 -6324 -6333 -6342 -6351 -6360 -6363 -6368 -6375 -6376 -6382 -6392 -6396 -6399 -6402 -6412 -6413
-6418 -6427 -6433 -6439 -6440 -6450 -6452 -6455 -6457 -6462 -6467 -6469 -6477 -6485 -6490 -6491 -6495 -6499
-6507 -6515 -6524 -6528 -6530 -6534 -6541 -6546 -6548 -6558 -6568 -6569 -6576 -6583 -6585 -6591 -6594 -6597
-6602 -6606 -6610 -6616 -6625 -6626 -6627 -6636 -6644 -6646 -6654 -6662 -6665 -6670 -6680 -6690 -6695 -6700
-6707 -6717 -6718 -6720 -6729 -6732 -6738 -6741 -6749 -6756 -6761 -6770 -6773 -6778 -6783 -6791 -6801 -6809
-6817 -6819 -6823 -6825 -6831 -6838 -6845 -6847 -6851 -6853 -6855 -6863 -6873 -6876 -6877 -6887 -6894 -6896
-6900 -6910 -6911 -6920 -6925 -6933 -6943 -6953 -6955 -6963 -6969 -6978 -6979 -6988 -6993 -6996 -7005 -7014
-7020 -7026 -7031 -7041 -7043 -7050 -7053 -7055 -7057 -7059 -7064 -7067 -7070 -7075 -7077 -7087 -7094 -7097
-7100 -7104 -7110 -7118 -7127 -7129 -7130 -7134 -7140 -7145 -7151 -7158 -7168 -7169 -7174 -7182 -7183 -7190
-7191 -7192 -7202 -7212 -7217 -7223 -7224 -7229 -7236 -7241 -7247 -7255 -7263 -7270 -7280 -7282 -7285 -7294
-7295 -7302 -7308 -7310 -7312 -7313 -7323 -7327 -7336 -7341 -7347 -7354 -7358 -7362 -7367 -7374 -7384 -7393
-7398 -7404 -7406 -7412 -7416 -7423 -7432 -7438 -7446 -7456 -7461 -7462 -7471 -7472 -7475 -7476 -7483 -7486
-7490 -7496 -7497 -7507 -7516 -7523 -7531 -7534 -7535 -7540 -7544 -7551 -7558 -7564 -7572 -7575 -7577 -7580
-7588 -7590 -7600 -7606 -7613 -7614 -7624 -7625 -7633 -7642 -7649 -7651 -7655 -7662 -7669 -7671 -7675 -7676
-7678 -7684 -7688 -7696 -7700 -7702 -7708 -7711 -7717 -7725 -7731 -7740 -7746 -7755 -7765 -7773 -7775 -7784
-7787 -7794 -7804 -7811 -7815 -7819 -7822 -7830 -7835 -7844 -7848 -7856 -7863 -7871 -7874 -7877 -7885 -7886
-7888 -7895 -7896 -7897 -7898 -7906 -7915 -7923 -7925 -7929 -7932 -7937 -7941 -7947 -7951 -7961 -7963 -7971
-7976 -7980 -7989 -7992 -7999 -8001 -8003 -8012 -8021 -8027 -8034 -8042 -8049 -8059 -8066 -8074 -8077 -8087
-8091 -8101 -8102 -8112 -8113 -8116 -8117 -8127 -8132 -8140 -8142 -8149 -8151 -8153 -8156 -8161 -8162 -8170
-8175 -8182 -8190 -8195 -8203 -8205 -8214 -8220 -8226 -8229 -8231 -8234 -8239 -8247 -8253 -8257 -8258 -8267
-8277 -8282 -8288 -8295 -8296 -8297 -8301 -8303 -8310 -8312 -8315 -8323 -8329 -8335 -8338 -8342 -8350 -8353
-8361 -8369 -8375 -8383 -8390 -8395 -8404 -8409 -8417 -8424 -8433 -8442 -8445 -8453 -8456 -8466 -8472 -8474
-8483 -8485 -8495 -8500 -8503 -8508 -8517 -8518 -8526 -8528 -8538 -8539 -8548 -8554 -8563 -8572 -8575 -8585
-8594 -8601 -8603 -8608 -8616 -8626 -8627 -8635 -8639 -8647 -8648 -8649 -8652 -8653 -8659 -8661 -8668 -8673
-8678 -8687 -8696 -8700 -8702 -8712 -8722 -8724 -8728 -8732 -8741 -8746 -8755 -8763 -8767 -8776 -8785 -8791
-8799 -8801 -8803 -8812 -8817 -8822 -8826 -8833 -8834 -8843 -8848 -8849 -8855 -8859 -8866 -8872 -8882 -8891
-8893 -8903 -8908 -8913 -8921 -8931 -8934 -8944 -8950 -8951 -8957 -8962 -8969 -8973 -8979 -8988 -8989 -8990
-8994 -8999 -9006 -9012 -9014 -9017 -9018 -9028 -9032 -9038 -9048 -9055 -9058 -9059 -9067 -9068 -9073 -9081
-9091 -9100 -9107 -9114 -9119 -9121 -9122 -9132 -9134 -9139 -9147 -9154 -9164 -9169 -9170 -9178 -9182 -9191
-9196 -9203 -9210 -9213 -9215 -9224 -9233 -9238 -9247 -9250 -9253 -9259 -9266 -9271 -9277 -9286 -9291 -9299
-9302 -9308 -9313 -9323 -9325 -9327 -9333 -9342 -9352 -9355 -9362 -9363 -9373 -9376 -9382 -9385 -9389 -9397
-9401 -9407 -9416 -9419 -9420 -9425 -9435 -9443 -9450 -9454 -9457 -9466 -9468 -9477 -9486 -9488 -9497 -9500
-9509 -9515 -9516 -9519 -9524 -9532 -9539 -9546 -9552 -9556 -9561 -9564 -9568 -9578 -9581 -9583 -9590 -9600
-9605 -9606 -9609 -9613 -9621 -9626 -9629 -9630 -9636 -9640 -9646 -9654 -9661 -9666 -9670 -9676 -9683 -9686
-9694 -9701 -9706 -9712 -9717 -9727 -9729 -9735 -9741 -9748 -9753 -9762 -9771 -9777 -9782 -9791 -9795 -9801
-9803 -9805 -9810 -9816 -9826 -9830 -9839 -9841 -9847 -9848 -9856 -9866 -9871 -9880 -9882 -9884 -9890 -9898
-9904 -9908 -9909 -9911 -9912 -9913 -9920 -9927 -9929 -9932 -9936 -9946 -9948 -9954 -9958 -9965 -9970 -9979
-9986 -9990 -9999 -10006 -10013 -10019 -10023 -10025 -10029 -10033 -10043 -10046 -10048 -10051 -10052 -10055 -10059 -10066
-10070 -10078 -10087 -10093 -10097 -10107 -10109 -10119 -10120 -10127 -10135 -10141 -10151 -10153 -10160 -10164 -10170 -10172
-10176 -10184 -10193 -10197 -10207 -10212 -10215 -10220 -10221 -10223 -10232 -10238 -10245 -10255 -10261 -10264 -10274 -10275
-10277 -10279 -10289 -10298 -10304 -10308 -10310 -10320 -10329 -10331 -10338 -10342 -10345 -10348 -10353 -10354 -10355 -10361
-10365 -10369 -10379 -10380 -10389 -10398 -10404 -10413 -10422 -10432 -10442 -10449 -10453 -10456 -10464 -10467 -10470 -10478
-10484 -10485 -10487 -10491 -10494 -10497 -10504 -10514 -10522 -10523 -10529 -10532 -10538 -10544 -10549 -10554 -10557 -10561
-10567 -10571 -10572 -10581 -10589 -10594 -10599 -10605 -10607 -10612 -10615 -10621 -10631 -10632 -10642 -10647 -10651 -10655
-10664 -10672 -10674 -10677 -10684 -10689 -10696 -10697 -10702 -10706 -10714 -10720 -10727 -10731 -10736 -10744 -10752 -10755
-10756 -10761 -10763 -10773 -10783 -10793 -10797 -10799 -10801 -10802 -10807 -10811 -10816 -10820 -10829 -10837 -10839 -10849
-10850 -10857 -10866 -10869 -10877 -10883 -10885 -10891 -10895 -10905 -10911 -10916 -10922 -10925 -10928 -10937 -10943 -10944
-10949 -10952 -10959 -10966 -10967 -10968 -10978 -10987 -10996 -11003 -11009 -11010 -11014 -11019 -11024 -11031 -11035 -11038
-11042 -11052 -11061 -11063 -11071 -11072 -11076 -11082 -11086 -11092 -11098 -11105 -11114 -11118 -11123 -11126 -11127 -11132
-11134 -11142 -11150 -11157 -11158 -11159 -11169 -11173 -11178 -11184 -11194 -11198 -11204 -11208 -11212 -11216 -11226 -11234
-11236 -11245 -11250 -11258 -11260 -11266 -11274 -11275 -11279 -11284 -11285 -11294 -11302 -11305 -11314 -11316 -11317 -11327
-11336 -11346 -11349 -11359 -11361 -11364 -11373 -11380 -11382 -11383 -11384 -11386 -11393 -11401 -11406 -11413 -11419 -11421
-11426 -11432 -11441 -11442 -11444 -11450 -11453 -11455 -11462 -11463 -11470 -11471 -11475 -11476 -11486 -11488 -11490 -11499
-11503 -11510 -11512 -11519 -11527 -11533 -11539 -11541 -11549 -11553 -11563 -11564 -11569 -11571 -11580 -11588 -11593 -11601
-11611 -11621 -11626 -11634 -11642 -11645 -11653 -11660 -11666 -11669 -11671 -11673 -11683 -11687 -11692 -11702 -11707 -11716
-11717 -11720 -11722 -11729 -11736 -11741 -11749 -11759 -11763 -11771 -11774 -11783 -11792 -11793 -11802 -11804 -11813 -11816
-11824 -11827 -11828 -11832 -11840 -11841 -11850 -11857 -11863 -11865 -11871 -11873 -11883 -11892 -11898 -11903 -11911 -11917
-11923 -11926 -11929 -11934 -11936 -11938 -11945 -11951 -11958 -11960 -11966 -11968 -11971 -11973 -11979 -11989 -11996 -11998
-12001 -12002 -12004 -12005 -12012 -12017 -12020 -12024 -12028 -12035 -12044 -12054 -12056 -12063 -12064 -12070 -12074 -12078
-12084 -12086 -12096 -12099 -12106 -12113 -12121 -12131 -12137 -12142 -12145 -12154 -12164 -12167 -12173 -12180 -12183 -12191
-12192 -12200 -12208 -12210 -12212 -12220 -12227 -12237 -12238 -12244 -12250 -12255 -12257 -12264 -12272 -12280 -12281 -12284
-12291 -12295 -12298 -12301 -12305 -12311 -12319 -12327 -12328 -12332 -12336 -12338 -12341 -12351 -12359 -12360 -12363 -12366
-12375 -12384 -12388 -12389 -12393 -12394 -12395 -12399 -12405 -12410 -12417 -12427 -12430 -12433 -12434 -12440 -12444 -12451
-12459 -12467 -12470 -12479 -12481 -12483 -12493 -12496 -12500 -12506 -12514 -12519 -12523 -12526 -12530 -12535 -12544 -12552
-12558 -12559 -12564 -12574 -12577 -12579 -12580 -12587 -12592 -12596 -12605 -12612 -12616 -12626 -12628 -12633 -12636 -12640
-12645 -12648 -12653 -12661 -12662 -12668 -12672 -12677 -12682 -12688 -12693 -12703 -12709 -12717 -12721 -12725 -12735 -12736
-12738 -12748 -12754 -12758 -12768 -12776 -12781 -12790 -12800 -12808 -12809 -12815 -12821 -12828 -12833 -12836 -12839 -12841
-12849 -12857 -12858 -12863 -12869 -12870 -12878 -12884 -12889 -12894 -12903 -12911 -12916 -12919 -12927 -12930 -12938 -12947
-12950 -12959 -12962 -12969 -12970 -12976 -12985 -12986 -12988 -12998 -13006 -13015 -13018 -13024 -13025 -13032 -13040 -13046
-13047 -13053 -13055 -13060 -13070 -13079 -13085 -13087 -13096 -13097 -13103 -13109 -13118 -13122 -13128 -13138 -13143 -13145
-13153 -13154 -13164 -13172 -13182 -13185 -13195 -13196 -13202 -13206 -13208 -13216 -13220 -13230 -13234 -13244 -13247 -13248
-13251 -13253 -13260 -13265 -13269 -13276 -13279 -13281 -13290 -13300 -13304 -13312 -13318 -13328 -13332 -13339 -13347 -13353
-13360 -13370 -13373 -13378 -13379 -13380 -13387 -13394 -13403 -13405 -13411 -13414 -13420 -13428 -13434 -13439 -13444 -13453
-13463 -13469 -13470 -13479 -13489 -13492 -13496 -13505 -13511 -13518 -13524 -13528 -13538 -13545 -13553 -13562 -13565 -13575
-13580 -13584 -13589 -13593 -13594 -13595 -13596 -13601 -13605 -13610 -13617 -13621 -13627 -13632 -13636 -13646 -13655 -13658
-13664 -13665 -13666 -13676 -13684 -13688 -13693 -13697 -13703 -13712 -13716 -13720 -13727 -13731 -13736 -13743 -13753 -13763
-13772 -13781 -13784 -13787 -13797 -13806 -13809 -13816 -13822 -13827 -13834 -13835 -13839 -13843 -13851 -13860 -13868 -13870
-13877 -13884 -13893 -13895 -13898 -13901 -13910 -13919 -13926 -13933 -13941 -13944 -13947 -13952 -13959 -13964 -13974 -13975
-13982 -13991 -13995 -14004 -14012 -14018 -14021 -14025 -14028 -14029 -14031 -14040 -14050 -14053 -14056 -14060 -14061 -14065
-14069 -14070 -14077 -14087 -14093 -14099 -14109 -14117 -14123 -14132 -14134 -14144 -14152 -14156 -14162 -14171 -14179 -14183
-14186 -14187 -14190 -14195 -14204 -14212 -14219 -14224 -14232 -14236 -14244 -14251 -14259 -14263 -14268 -14269 -14274 -14280
-14284 -14285 -14287 -14292 -14296 -14302 -14309 -14319 -14328 -14338 -14342 -14352 -14361 -14366 -14371 -14379 -14380 -14388
-14395 -14404 -14406 -14416 -14420 -14428 -14433 -14436 -14443 -14452 -14456 -14460 -14467 -14473 -14481 -14484 -14493 -14494
-14501 -14504 -14511 -14513 -14516 -14521 -14528 -14534 -14535 -14538 -14540 -14546 -14555 -14561 -14567 -14574 -14579 -14589
-14590 -14599 -14607 -14616 -14625 -14627 -14628 -14633 -14637 -14646 -14654 -14656 -14660 -14668 -14675 -14680 -14683 -14688
-14691 -14693 -14701 -14705 -14713 -14722 -14729 -14731 -14740 -14747 -14753 -14763 -14773 -14779 -14783 -14793 -14797 -14800
-14807 -14814 -14820 -14824 -14825 -14830 -14838 -14844 -14854 -14855 -14862 -14864 -14870 -14871 -14876 -14877 -14883 -14888
-14896 -14899 -14905 -14912 -14917 -14920 -14928 -14935 -14945 -14953 -14957 -14967 -14968 -14977 -14983 -14992 -14996 -15001
-15004 -15006 -15013 -15021 -15023 -15033 -15040 -15048 -15057 -15064 -15067 -15075 -15081 -15084 -15091 -15100 -15108 -15109
-15116 -15119 -15127 -15128 -15137 -15141 -15149 -15152 -15160 -15165 -15171 -15179 -15185 -15193 -15200 -15205 -15206 -15214
-15219 -15229 -15239 -15242 -15244 -15251 -15256 -15265 -15274 -15277 -15287 -15290 -15299 -15305 -15315 -15325 -15329 -15333
-15337 -15340 -15345 -15350 -15353 -15361 -15367 -15374 -15384 -15391 -15398 -15405 -15412 -15422 -15429 -15439 -15445 -15449
-15459 -15469 -15470 -15473 -15475 -15484 -15487 -15490 -15491 -15500 -15504 -15508 -15515 -15516 -15521 -15522 -15530 -15531
-15535 -15543 -15546 -15547 -15550 -15552 -15556 -15562 -15565 -15566 -15569 -15576 -15586 -15595 -15601 -15604 -15605 -15614
-15618 -15620 -15621 -15624 -15634 -15637 -15645 -15646 -15654 -15659 -15666 -15668 -15672 -15680 -15689 -15690 -15700 -15706
-15709 -15712 -15715 -15720 -15728 -15732 -15741 -15744 -15752 -15758 -15761 -15769 -15776 -15779 -15784 -15793 -15802 -15811
-15817 -15825 -15834 -15841 -15847 -15854 -15862 -15865 -15869 -15878 -15879 -15885 -15895 -15900 -15902 -15908 -15909 -15918
-15922 -15927 -15931 -15935 -15941 -15946 -15954 -15962 -15965 -15970 -15980 -15990 -15993 -15998 -16008 -16009 -16018 -16026
-16034 -16041 -16045 -16049 -16053 -16055 -16063 -16073 -16075 -16076 -16086 -16089 -16093 -16101 -16102 -16104 -16106 -16114
-16116 -16122 -16128 -16131 -16137 -16142 -16147 -16151 -16154 -16157 -16162 -16165 -16169 -16173 -16181 -16190 -16195 -16200
-16205 -16214 -16219 -16226 -16227 -16237 -16238 -16240 -16246 -16247 -16250 -16251 -16259 -16266 -16274 -16280 -16282 -16284
-16294 -16302 -16307 -16311 -16317 -16323 -16327 -16331 -16339 -16342 -16349 -16351 -16355 -16364 -16374 -16380 -16381 -16382
-16392 -16393 -16394 -16396 -16405 -16408 -16416 -16420 -16421 -16422 -16427 -16433 -16440 -16448 -16454 -16461 -16465 -16469
-16470 -16473 -16478 -16487 -16494 -16496 -16498 -16503 -16504 -16513 -16517 -16522 -16528 -16531 -16535 -16540 -16545 -16551
-16558 -16560 -16565 -16569 -16576 -16577 -16584 -16591 -16597 -16604 -16605 -16615 -16621 -16628 -16632 -16633 -16640 -16645
-16651 -16653 -16660 -16663 -16672 -16679 -16681 -16683 -16689 -16694 -16699 -16707 -16710 -16720 -16721 -16726 -16732 -16736
-16741 -16743 -16748 -16755 -16764 -16770 -16771 -16780 -16781 -16788 -16794 -16802 -16805 -16809 -16818 -16826 -16828 -16834
-16841 -16848 -16857 -16862 -16865 -16872 -16878 -16887 -16891 -16897 -16899 -16902 -16908 -16910 -16915 -16924 -16925 -16935
-16942 -16952 -16958 -16962 -16964 -16969 -16974 -16976 -16982 -16984 -16992 -16994 -17002 -17010 -17019 -17029 -17033 -17035
-17040 -17047 -17051 -17055 -17056 -17063 -17073 -17083 -17090 -17098 -17106 -17112 -17114 -17118 -17125 -17134 -17135 -17139
-17148 -17150 -17159 -17163 -17166 -17172 -17182 -17185 -17187 -17196 -17202 -17206 -17209 -17216 -17226 -17234 -17238 -17248
-17252 -17255 -17257 -17259 -17261 -17271 -17273 -17282 -17286 -17288 -17290 -17294 -17297 -17300 -17310 -17314 -17316 -17326
-17328 -17333 -17342 -17345 -17349 -17350 -17359 -17368 -17369 -17377 -17385 -17386 -17387 -17391 -17400 -17406 -17414 -17422
-17425 -17434 -17436 -17437 -17446 -17449 -17454 -17464 -17474 -17475 -17482 -17488 -17498 -17508 -17516 -17522 -17531 -17539
-17545 -17547 -17554 -17557 -17559 -17568 -17578 -17584 -17586 -17596 -17599 -17605 -17609 -17610 -17612 -17618 -17625 -17630
-17634 -17639 -17643 -17648 -17649 -17658 -17659 -17660 -17669 -17674 -17675 -17685 -17687 -17688 -17689 -17693 -17698 -17703
-17705 -17713 -17721 -17728 -17736 -17741 -17742 -17750 -17754 -17760 -17762 -17763 -17773 -17779 -17788 -17792 -17798 -17799
-17809 -17818 -17822 -17831 -17839 -17841 -17851 -17860 -17865 -17869 -17876 -17881 -17890 -17896 -17906 -17910 -17916 -17922
-17925 -17933 -17936 -17937 -17944 -17952 -17959 -17963 -17973 -17974 -17983 -17989 -17994 -17995 -17998 -18000 -18002 -18010
-18019 -18022 -18023 -18026 -18034 -18041 -18046 -18049 -18055 -18062 -18065 -18073 -18083 -18087 -18097 -18098 -18100 -18101
-18102 -18111 -18115 -18116 -18121 -18127 -18131 -18133 -18137 -18145 -18155 -18161 -18166 -18172 -18179 -18187 -18196 -18203
-18212 -18222 -18224 -18231 -18241 -18246 -18253 -18262 -18272 -18277 -18285 -18295 -18303 -18305 -18310 -18313 -18320 -18325
-18327 -18330 -18333 -18340 -18347 -18352 -18355 -18362 -18372 -18377 -18382 -18383 -18384 -18392 -18393 -18399 -18404 -18410
-18415 -18422 -18426 -18433 -18435 -18438 -18444 -18446 -18453 -18455 -18464 -18469 -18472 -18480 -18489 -18498 -18504 -18507
-18512 -18513 -18515 -18517 -18526 -18533 -18540 -18548 -18549 -18553 -18557 -18563 -18564 -18569 -18570 -18580 -18581 -18591
-18597 -18604 -18611 -18621 -18622 -18624 -18628 -18634 -18640 -18644 -18654 -18659 -18664 -18670 -18679 -18689 -18692 -18699
-18702 -18706 -18713 -18715 -18716 -18718 -18722 -18728 -18732 -18740 -18748 -18753 -18763 -18772 -18779 -18785 -18789 -18794
-18804 -18813 -18814 -18818 -18820 -18830 -18834 -18839 -18841 -18847 -18857 -18861 -18862 -18871 -18875 -18885 -18892 -18898
-18902 -18905 -18908 -18912 -18921 -18928 -18934 -18939 -18943 -18944 -18953 -18963 -18969 -18975 -18977 -18980 -18987 -18993
-18996 -19001 -19011 -19013 -19018 -19021 -19028 -19036 -19038 -19048 -19049 -19050 -19053 -19055 -19057 -19066 -19071 -19077
-19087 -19092 -19099 -19103 -19107 -19109 -19110 -19117 -19119 -19126 -19131 -19135 -19138 -19147 -19156 -19165 -19169 -19175
-19182 -19190 -19196 -19203 -19209 -19217 -19220 -19223 -19233 -19235 -19237 -19246 -19249 -19254 -19262 -19267 -19276 -19286
-19293 -19300 -19308 -19316 -19317 -19321 -19324 -19326 -19330 -19331 -19332 -19340 -19344 -19354 -19364 -19370 -19378 -19383
-19384 -19386 -19395 -19397 -19403 -19410 -19419 -19429 -19439 -19444 -19453 -19458 -19461 -19471 -19477 -19486 -19488 -19489
-19492 -19494 -19503 -19511 -19520 -19529 -19539 -19540 -19549 -19556 -19559 -19564 -19569 -19574 -19583 -19587 -19593 -19595
-19601 -19604 -19612 -19616 -19624 -19632 -19640 -19646 -19651 -19655 -19665 -19673 -19680 -19690 -19691 -19699 -19704 -19706
-19710 -19715 -19723 -19733 -19743 -19746 -19752 -19761 -19768 -19774 -19778 -19781 -19790 -19796 -19802 -19812 -19820 -19826
-19836 -19845 -19851 -19852 -19857 -19865 -19867 -19870 -19871 -19874 -19876 -19884 -19887 -19891 -19893 -19903 -19909 -19918
-19923 -19930 -19934 -19937 -19942 -19944 -19946 -19947 -19950 -19959 -19964 -19969 -19975 -19978 -19980 -19981 -19986 -19992
-20001 -20004 -20006 -20013 -20015 -20024 -20025 -20028 -20033 -20038 -20043 -20046 -20052 -20056 -20059 -20065 -20074 -20079
-20083 -20091 -20099 -20107 -20113 -20117 -20126 -20136 -20141 -20144 -20154 -20158 -20168 -20170 -20175 -20182 -20187 -20191
-20200 -20201 -20204 -20208 -20211 -20212 -20221 -20231 -20237 -20247 -20255 -20258 -20268 -20269 -20273 -20282 -20289 -20296
-20303 -20312 -20322 -20331 -20333 -20337 -20339 -20349 -20356 -20366 -20369 -20378 -20381 -20388 -20390 -20395 -20404 -20405
-20414 -20421 -20426 -20434 -20444 -20452 -20456 -20460 -20461 -20469 -20470 -20471 -20474 -20480 -20481 -20483 -20490 -20497
-20500 -20509 -20517 -20519 -20524 -20528 -20535 -20544 -20548 -20550 -20557 -20562 -20564 -20569 -20574 -20575 -20579 -20585
-20593 -20595 -20596 -20599 -20604 -20608 -20610 -20616 -20621 -20624 -20631 -20633 -20641 -20651 -20656 -20665 -20675 -20685
-20693 -20694 -20704 -20711 -20718 -20728 -20732 -20741 -20743 -20744 -20748 -20751 -20755 -20763 -20770 -20772 -20776 -20779
-20789 -20796 -20805 -20814 -20821 -20825 -20833 -20841 -20845 -20854 -20861 -20871 -20872 -20882 -20889 -20891 -20892 -20902
-20907 -20909 -20910 -20914 -20916 -20921 -20923 -20929 -20936 -20942 -20951 -20957 -20964 -20965 -20968 -20970 -20977 -20980
-20989 -20995 -20998 -21000 -21006 -21012 -21016 -21019 -21024 -21030 -21031 -21032 -21038 -21044 -21054 -21058 -21064 -21074
-21081 -21082 -21091 -21093 -21101 -21105 -21114 -21124 -21127 -21132 -21142 -21152 -21162 -21171 -21174 -21182 -21183 -21188
-21192 -21193 -21202 -21203 -21210 -21215 -21220 -21223 -21231 -21239 -21249 -21252 -21259 -21262 -21268 -21276 -21285 -21293
-21300 -21307 -21317 -21318 -21320 -21330 -21334 -21341 -21351 -21357 -21366 -21374 -21382 -21386 -21391 -21394 -21395 -21400
-21406 -21410 -21416 -21422 -21425 -21429 -21435 -21445 -21451 -21453 -21463 -21466 -21472 -21476 -21485 -21488 -21494 -21500
-21509 -21518 -21526 -21533 -21537 -21539 -21543 -21549 -21552 -21553 -21561 -21569 -21578 -21585 -21587 -21590 -21593 -21596
-21597 -21605 -21609 -21616 -21619 -21625 -21627 -21630 -21632 -21638 -21647 -21653 -21662 -21667 -21676 -21678 -21681 -21683
-21690 -21691 -21701 -21709 -21717 -21718 -21726 -21729 -21738 -21743 -21748 -21756 -21759 -21766 -21774 -21783 -21784 -21786
-21789 -21794 -21801 -21806 -21815 -21822 -21824 -21830 -21831 -21833 -21838 -21846 -21852 -21859 -21866 -21872 -21878 -21883
-21887 -21888 -21890 -21894 -21902 -21907 -21912 -21919 -21927 -21933 -21942 -21947 -21952 -21959 -21969 -21974 -21984 -21987
-21988 -21991 -22000 -22006 -22008 -22016 -22018 -22028 -22029 -22039 -22049 -22059 -22060 -22068 -22077 -22078 -22082 -22091
-22099 -22108 -22118 -22125 -22128 -22129 -22131 -22133 -22143 -22149 -22150 -22159 -22165 -22168 -22176 -22186 -22193 -22197
-22204 -22214 -22223 -22229 -22232 -22233 -22238 -22245 -22246 -22249 -22259 -22267 -22274 -22279 -22289 -22290 -22293 -22302
-22307 -22309 -22313 -22321 -22331 -22332 -22341 -22348 -22357 -22359 -22366 -22367 -22370 -22372 -22373 -22382 -22391 -22396
-22398 -22407 -22415 -22421 -22425 -22429 -22439 -22444 -22447 -22449 -22453 -22461 -22471 -22472 -22473 -22481 -22483 -22491
-22500 -22508 -22514 -22521 -22527 -22528 -22534 -22535 -22536 -22542 -22552 -22553 -22555 -22562 -22571 -22579 -22583 -22593
-22599 -22608 -22613 -22623 -22633 -22639 -22643 -22644 -22646 -22649 -22651 -22655 -22663 -22668 -22678 -22683 -22693 -22694
-22704 -22710 -22718 -22719 -22727 -22732 -22735 -22743 -22750 -22751 -22759 -22764 -22772 -22781 -22790 -22799 -22809 -22816
-22818 -22824 -22832 -22841 -22850 -22853 -22860 -22864 -22870 -22875 -22877 -22881 -22889 -22899 -22901 -22909 -22915 -22916
-22920 -22928 -22932 -22938 -22940 -22950 -22954 -22960 -22963 -22971 -22975 -22981 -22982 -22983 -22992 -22996 -22997 -23007
-23017 -23018 -23023 -23026 -23030 -23040 -23049 -23055 -23057 -23062 -23071 -23073 -23078 -23079 -23088 -23092 -23099 -23100
-23105 -23113 -23117 -23124 -23126 -23134 -23136 -23146 -23155 -23164 -23165 -23169 -23178 -23188 -23189 -23197 -23207 -23211
-23217 -23223 -23231 -23239 -23240 -23246 -23254 -23264 -23272 -23279 -23283 -23290 -23292 -23301 -23304 -23312 -23322 -23327
-23331 -23338 -23347 -23351 -23353 -23355 -23365 -23374 -23380 -23382 -23388 -23393 -23394 -23401 -23411 -23415 -23422 -23431
-23438 -23445 -23453 -23454 -23461 -23468 -23478 -23483 -23484 -23486 -23495 -23497 -23506 -23516 -23522 -23531 -23533 -23543
-23546 -23554 -23564 -23573 -23579 -23580 -23582 -23584 -23592 -23601 -23609 -23612 -23620 -23625 -23632 -23642 -23649 -23659
-23666 -23674 -23677 -23682 -23683 -23684 -23685 -23690 -23695 -23700 -23710 -23715 -23722 -23731 -23740 -23749 -23754 -23755
-23761 -23769 -23776 -23777 -23780 -23781 -23784 -23789 -23791 -23798 -23803 -23811 -23817 -23820 -23821 -23829 -23830 -23840
-23846 -23853 -23862 -23866 -23873 -23877 -23878 -23888 -23898 -23905 -23911 -23912 -23916 -23917 -23920 -23929 -23935 -23936
-23945 -23948 -23951 -23959 -23969 -23976 -23985 -23986 -23995 -23997 -23998 -24003 -24004 -24011 -24016 -24026 -24034 -24040
-24041 -24048 -24050 -24055 -24064 -24066 -24073 -24080 -24081 -24084 -24086 -24096 -24104 -24112 -24121 -24126 -24134 -24140
-24142 -24146 -24155 -24160 -24164 -24174 -24176 -24183 -24188 -24196 -24203 -24209 -24217 -24224 -24234 -24235 -24239 -24240
-24241 -24242 -24244 -24253 -24263 -24267 -24275 -24276 -24285 -24295 -24302 -24304 -24312 -24318 -24325 -24326 -24330 -24331
-24339 -24341 -24347 -24350 -24356 -24365 -24367 -24369 -24371 -24378 -24385 -24393 -24403 -24405 -24407 -24413 -24421 -24424
-24431 -24433 -24438 -24444 -24451 -24453 -24460 -24469 -24478 -24484 -24487 -24497 -24501 -24503 -24509 -24516 -24521 -24524
-24533 -24537 -24543 -24549 -24558 -24568 -24571 -24573 -24580 -24586 -24589 -24599 -24602 -24605 -24615 -24616 -24617 -24626
-24632 -24638 -24642 -24649 -24654 -24656 -24662 -24668 -24676 -24684 -24690 -24696 -24698 -24703 -24712 -24715 -24724 -24730
-24738 -24740 -24743 -24751 -24759 -24761 -24769 -24778 -24784 -24794 -24796 -24806 -24807 -24817 -24821 -24824 -24826 -24833
-24841 -24850 -24855 -24864 -24871 -24878 -24886 -24887 -24888 -24898 -24907 -24917 -24926 -24927 -24933 -24934 -24941 -24943
-24951 -24956 -24966 -24973 -24979 -24989 -24993 -24997 -25002 -25009 -25016 -25017 -25021 -25024 -25032 -25038 -25041 -25045
-25046 -25052 -25053 -25055 -25058 -25063 -25065 -25073 -25083 -25090 -25100 -25106 -25108 -25116 -25123 -25132 -25135 -25144
-25148 -25157 -25167 -25172 -25174 -25182 -25185 -25193 -25202 -25207 -25215 -25224 -25227 -25237 -25241 -25242 -25245 -25253
-25261 -25267 -25268 -25274 -25280 -25286 -25293 -25299 -25303 -25304 -25310 -25315 -25320 -25329 -25332 -25333 -25340 -25347
-25348 -25356 -25361 -25364 -25374 -25378 -25380 -25390 -25392 -25401 -25411 -25417 -25418 -25428 -25435 -25442 -25446 -25449
-25451 -25454 -25455 -25461 -25471 -25478 -25483 -25493 -25503 -25505 -25507 -25516 -25519 -25529 -25538 -25546 -25549 -25555
-25563 -25564 -25570 -25575 -25585 -25593 -25600 -25607 -25615 -25621 -25631 -25636 -25638 -25645 -25649 -25651 -25660 -25664
-25674 -25675 -25683 -25687 -25693 -25701 -25707 -25717 -25721 -25723 -25726 -25733 -25742 -25747 -25755 -25757 -25759 -25763
-25770 -25774 -25775 -25784 -25785 -25788 -25797 -25805 -25807 -25816 -25820 -25828 -25830 -25834 -25841 -25842 -25850 -25860
-25866 -25875 -25876 -25879 -25889 -25891 -25899 -25902 -25903 -25906 -25915 -25925 -25931 -25932 -25938 -25947 -25951 -25960
-25965 -25967 -25969 -25977 -25980 -25981 -25987 -25992 -25993 -25996 -25998 -26001 -26007 -26016 -26024 -26026 -26032 -26042
-26051 -26058 -26067 -26072 -26079 -26085 -26086 -26088 -26094 -26098 -26105 -26110 -26117 -26120 -26129 -26134 -26135 -26139
-26143 -26147 -26153 -26156 -26157 -26163 -26172 -26176 -26184 -26189 -26190 -26193 -26199 -26204 -26211 -26214 -26218 -26219
-26226 -26236 -26241 -26247 -26257 -26260 -26267 -26268 -26270 -26279 -26289 -26292 -26299 -26305 -26313 -26318 -26322 -26331
-26340 -26346 -26355 -26357 -26366 -26376 -26385 -26387 -26389 -26390 -26392 -26394 -26402 -26407 -26408 -26416 -26425 -26434
-26441 -26447 -26450 -26455 -26456 -26459 -26463 -26464 -26467 -26475 -26485 -26493 -26501 -26510 -26518 -26526 -26536 -26540
-26543 -26548 -26549 -26554 -26559 -26564 -26567 -26568 -26578 -26585 -26588 -26597 -26605 -26614 -26623 -26632 -26636 -26645
-26649 -26653 -26657 -26660 -26669 -26678 -26683 -26691 -26694 -26695 -26698 -26706 -26715 -26721 -26726 -26729 -26734 -26741
-26745 -26746 -26750 -26756 -26763 -26767 -26775 -26784 -26786 -26789 -26798 -26803 -26808 -26817 -26822 -26830 -26838 -26841
-26851 -26860 -26866 -26869 -26876 -26884 -26890 -26894 -26900 -26910 -26917 -26920 -26924 -26933 -26941 -26947 -26954 -26963
-26965 -26973 -26975 -26979 -26986 -26990 -26993 -27002 -27004 -27006 -27010 -27015 -27021 -27023 -27027 -27029 -27034 -27036
-27043 -27044 -27052 -27061 -27067 -27068 -27070 -27078 -27082 -27091 -27096 -27105 -27111 -27112 -27114 -27117 -27127 -27129
-27138 -27140 -27146 -27147 -27151 -27159 -27162 -27164 -27167 -27174 -27177 -27178 -27181 -27185 -27191 -27193 -27202 -27210
-27220 -27221 -27230 -27240 -27248 -27251 -27261 -27263 -27270 -27276 -27282 -27290 -27297 -27298 -27303 -27311 -27317 -27322
-27323 -27327 -27330 -27336 -27344 -27349 -27358 -27359 -27362 -27363 -27369 -27374 -27377 -27378 -27381 -27387 -27388 -27395
-27397 -27400 -27401 -27403 -27411 -27413 -27423 -27427 -27434 -27439 -27448 -27455 -27459 -27467 -27475 -27476 -27482 -27491
-27494 -27503 -27507 -27513 -27523 -27529 -27532 -27534 -27537 -27543 -27551 -27558 -27561 -27563 -27564 -27570 -27573 -27575
-27584 -27586 -27589 -27592 -27600 -27606 -27607 -27612 -27620 -27628 -27633 -27635 -27636 -27637 -27641 -27650 -27653 -27655
-27660 -27666 -27676 -27683 -27687 -27695 -27700 -27706 -27715 -27719 -27726 -27729 -27739 -27747 -27748 -27757 -27766 -27768
-27777 -27780 -27789 -27792 -27793 -27794 -27797 -27804 -27805 -27812 -27816 -27825 -27829 -27832 -27835 -27838 -27844 -27845
-27851 -27856 -27863 -27872 -27874 -27877 -27882 -27886 -27889 -27890 -27895 -27903 -27907 -27908 -27918 -27927 -27937 -27939
-27948 -27956 -27963 -27965 -27971 -27974 -27983 -27985 -27991 -27995 -27998 -28008 -28015 -28016 -28018 -28021 -28031 -28038
-28047 -28051 -28053 -28062 -28069 -28075 -28082 -28088 -28093 -28094 -28098 -28107 -28116 -28118 -28125 -28128 -28131 -28136
-28144 -28149 -28155 -28160 -28166 -28167 -28168 -28178 -28184 -28193 -28201 -28207 -28217 -28222 -28227 -28237 -28246 -28252
-28262 -28265 -28275 -28277 -28282 -28289 -28292 -28301 -28310 -28316 -28319 -28325 -28335 -28339 -28342 -28347 -28355 -28365
-28373 -28383 -28393 -28398 -28401 -28402 -28411 -28418 -28422 -28431 -28435 -28440 -28449 -28457 -28462 -28464 -28468 -28473
-28481 -28484 -28488 -28489 -28496 -28504 -28507 -28513 -28515 -28518 -28527 -28531 -28535 -28545 -28547 -28555 -28560 -28561
-28565 -28574 -28583 -28590 -28593 -28596 -28598 -28604 -28614 -28621 -28631 -28633 -28640 -28644 -28652 -28658 -28659 -28669
-28672 -28675 -28676 -28677 -28683 -28692 -28693 -28696 -28699 -28709 -28715 -28716 -28723 -28732 -28733 -28735 -28742 -28745
-28753 -28760 -28761 -28764 -28765 -28766 -28768 -28774 -28781 -28789 -28791 -28794 -28802 -28803 -28804 -28810 -28815 -28817
-28825 -28834 -28843 -28847 -28851 -28861 -28865 -28867 -28876 -28878 -28882 -28883 -28891 -28900 -28910 -28915 -28924 -28925
-28933 -28938 -28939 -28946 -28954 -28961 -28965 -28968 -28975 -28980 -28990 -28999 -29001 -29008 -29017 -29025 -29034 -29041
-29043 -29052 -29054 -29061 -29063 -29066 -29073 -29079 -29080 -29083 -29088 -29096 -29097 -29106 -29113 -29122 -29126 -29134
-29139 -29140 -29147 -29151 -29156 -29163 -29165 -29175 -29180 -29188 -29190 -29196 -29199 -29205 -29210 -29216 -29220 -29224
-29229 -29237 -29239 -29248 -29255 -29257 -29266 -29275 -29280 -29283 -29287 -29293 -29295 -29298 -29306 -29314 -29323 -29331
-29333 -29339 -29345 -29353 -29363 -29365 -29367 -29370 -29375 -29379 -29387 -29390 -29397 -29405 -29414 -29424 -29434 -29444
-29454 -29463 -29472 -29482 -29492 -29502 -29511 -29519 -29524 -29534 -29540 -29541 -29549 -29555 -29560 -29567 -29574 -29577
-29585 -29588 -29594 -29604 -29613 -29616 -29617 -29622 -29625 -29628 -29637 -29639 -29644 -29646 -29651 -29659 -29662 -29669
-29679 -29684 -29690 -29691 -29694 -29698 -29708 -29717 -29725 -29726 -29734 -29739 -29745 -29746 -29751 -29752 -29758 -29764
-29771 -29776 -29780 -29790 -29798 -29808 -29815 -29823 -29831 -29838 -29848 -29854 -29857 -29866 -29867 -29869 -29870 -29874
-29875 -29883 -29887 -29893 -29896 -29905 -29907 -29908 -29916 -29924 -29929 -29932 -29941 -29951 -29954 -29959 -29963 -29972
-29978 -29983 -29987 -29996 -30004 -30011 -30012 -30016 -30023 -30027 -30035 -30043 -30045 -30048 -30057 -30063 -30067 -30077
-30083 -30086 -30087 -30096 -30103 -30104 -30114 -30120 -30125 -30126 -30133 -30137 -30143 -30150 -30155 -30165 -30174 -30179
-30180 -30181 -30184 -30186 -30191 -30195 -30201 -30207 -30210 -30219 -30229 -30232 -30242 -30247 -30255 -30265 -30274 -30283
-30291 -30299 -30303 -30304 -30313 -30320 -30326 -30328 -30334 -30338 -30339 -30341 -30344 -30347 -30354 -30360 -30367 -30368
-30375 -30379 -30382 -30388 -30391 -30393 -30394 -30402 -30410 -30420 -30424 -30430 -30437 -30444 -30449 -30451 -30456 -30463
-30464 -30468 -30470 -30475 -30483 -30492 -30500 -30503 -30506 -30514 -30519 -30523 -30533 -30539 -30542 -30549 -30554 -30561
-30569 -30579 -30582 -30589 -30592 -30595 -30597 -30603 -30613 -30617 -30618 -30626 -30634 -30643 -30645 -30654 -30658 -30664
-30671 -30675 -30680 -30681 -30689 -30699 -30709 -30710 -30719 -30726 -30736 -30740 -30741 -30748 -30758 -30762 -30765 -30773
-30774 -30784 -30787 -30788 -30792 -30796 -30802 -30807 -30810 -30820 -30821 -30822 -30831 -30834 -30837 -30839 -30845 -30852
-30855 -30858 -30860 -30864 -30866 -30869 -30877 -30880 -30887 -30888 -30895 -30899 -30909 -30913 -30917 -30927 -30931 -30938
-30944 -30945 -30948 -30951 -30960 -30961 -30965 -30967 -30976 -30982 -30983 -30989 -30993 -31003 -31007 -31011 -31021 -31028
-31031 -31037 -31044 -31046 -31054 -31060 -31067 -31074 -31081 -31089 -31090 -31100 -31102 -31110 -31112 -31114 -31123 -31127
-31128 -31135 -31136 -31137 -31139 -31148 -31156 -31164 -31174 -31180 -31186 -31194 -31204 -31208 -31215 -31216 -31219 -31228
-31237 -31247 -31257 -31266 -31269 -31278 -31282 -31292 -31298 -31299 -31303 -31309 -31312 -31318 -31321 -31331 -31338 -31339
-31342 -31351 -31358 -31367 -31373 -31382 -31386 -31396 -31404 -31413 -31419 -31426 -31432 -31442 -31445 -31453 -31461 -31469
-31479 -31481 -31487 -31497 -31507 -31514 -31516 -31519 -31525 -31530 -31537 -31545 -31553 -31559 -31565 -31574 -31577 -31585
-31591 -31600 -31609 -31610 -31616 -31625 -31626 -31634 -31642 -31643 -31644 -31652 -31654 -31661 -31664 -31667 -31673 -31680
-31689 -31698 -31702 -31707 -31709 -31716 -31719 -31720 -31721 -31729 -31737 -31744 -31745 -31746 -31755 -31765 -31769 -31770
-31774 -31779 -31786 -31793 -31794 -31804 -31812 -31819 -31827 -31831 -31832 -31838 -31844 -31845 -31852 -31862 -31872 -31873
-31879 -31883 -31890 -31894 -31899 -31907 -31914 -31917 -31925 -31928 -31936 -31945 -31951 -31959 -31967 -31977 -31979 -31981
-31990 -31999 -32000 -32008 -32012 -32019 -32028 -32038 -32045 -32047 -32054 -32058 -32066 -32069 -32076 -32080 -32082 -32086
-32093 -32102 -32104 -32105 -32115 -32120 -32127 -32132 -32134 -32139 -32149 -32150 -32156 -32164 -32174 -32178 -32182 -32189
-32191 -32195 -32201 -32205 -32212 -32222 -32225 -32232 -32236 -32237 -32241 -32250 -32256 -32263 -32267 -32277 -32278 -32286
-32290 -32297 -32300 -32306 -32309 -32316 -32323 -32326 -32336 -32346 -32353 -32361 -32363 -32364 -32370 -32380 -32381 -32384
-32385 -32391 -32395 -32405 -32407 -32414 -32418 -32426 -32432 -32435 -32436 -32446 -32456 -32460 -32470 -32476 -32478 -32488
-32495 -32498 -32505 -32512 -32518 -32519 -32523 -32531 -32537 -32546 -32550 -32554 -32559 -32562 -32571 -32572 -32581 -32583
-32584 -32594 -32602 -32604 -32606 -32612 -32617 -32626 -32627 -32632 -32640 -32648 -32650 -32653 -32662 -32665 -32674 -32676
-32683 -32692 -32697 -32702 -32703 -32704 -32714 -32718 -32721 -32723 -32730 -32735 -32745 -32754 -32755 -32764 -32771 -32779
-32784 -32789 -32798 -32805 -32808 -32810 -32811 -32817 -32822 -32830 -32837 -32840 -32846 -32849 -32855 -32865 -32875 -32884
-32886 -32890 -32896 -32906 -32911 -32917 -32926 -32928 -32929 -32931 -32941 -32949 -32951 -32955 -32956 -32958 -32965 -32966
-32974 -32984 -32994 -32997 -32998 -32999 -33006 -33013 -33019 -33021 -33026 -33032 -33039 -33045 -33049 -33050 -33059 -33069
-33073 -33080 -33087 -33097 -33102 -33108 -33110 -33117 -33119 -33129 -33130 -33139 -33149 -33153 -33162 -33163 -33170 -33173
-33181 -33183 -33193 -33198 -33207 -33210 -33214 -33219 -33221 -33228 -33234 -33240 -33245 -33246 -33250 -33253 -33258 -33262
-33266 -33267 -33270 -33274 -33279 -33288 -33289 -33296 -33305 -33309 -33312 -33317 -33325 -33334 -33340 -33349 -33354 -33355
-33359 -33364 -33365 -33374 -33377 -33378 -33382 -33384 -33387 -33393 -33396 -33399 -33408 -33412 -33417 -33423 -33429 -33433
-33441 -33443 -33451 -33461 -33464 -33470 -33472 -33479 -33487 -33496 -33499 -33507 -33515 -33525 -33529 -33537 -33547 -33554
-33555 -33556 -33563 -33566 -33570 -33573 -33575 -33579 -33587 -33593 -33596 -33602 -33608 -33618 -33628 -33632 -33636 -33643
-33646 -33651 -33653 -33656 -33661 -33671 -33681 -33683 -33689 -33696 -33699 -33709 -33711 -33719 -33727 -33729 -33738 -33746
-33754 -33758 -33760 -33761 -33769 -33778 -33779 -33788 -33797 -33807 -33811 -33818 -33826 -33834 -33840 -33845 -33850 -33859
-33865 -33866 -33869 -33875 -33878 -33885 -33891 -33899 -33906 -33907 -33911 -33912 -33919 -33929 -33936 -33943 -33950 -33960
-33963 -33971 -33981 -33983 -33991 -33993 -34000 -34003 -34005 -34006 -34009 -34018 -34027 -34036 -34044 -34053 -34059 -34068
-34076 -34084 -34085 -34090 -34094 -34098 -34103 -34106 -34113 -34114 -34124 -34128 -34132 -34140 -34141 -34148 -34153 -34162
-34169 -34175 -34185 -34195 -34203 -34206 -34212 -34220 -34222 -34232 -34234 -34242 -34243 -34248 -34249 -34252 -34256 -34263
-34264 -34269 -34270 -34275 -34285 -34286 -34294 -34298 -34301 -34304 -34314 -34324 -34327 -34334 -34336 -34338 -34346 -34350
-34356 -34359 -34363 -34365 -34369 -34374 -34381 -34387 -34391 -34393 -34400 -34404 -34411 -34419 -34425 -34426 -34428 -34432
-34441 -34446 -34451 -34453 -34456 -34463 -34465 -34468 -34475 -34476 -34481 -34490 -34491 -34494 -34502 -34511 -34519 -34525
-34531 -34537 -34547 -34557 -34564 -34569 -34574 -34576 -34586 -34590 -34596 -34605 -34609 -34613 -34619 -34622 -34626 -34632
-34636 -34638 -34645 -34650 -34655 -34658 -34660 -34670 -34672 -34674 -34681 -34687 -34692 -34695 -34703 -34708 -34716 -34719
-34729 -34733 -34743 -34745 -34752 -34753 -34759 -34763 -34772 -34779 -34781 -34784 -34785 -34787 -34794 -34801 -34810 -34817
-34821 -34829 -34834 -34837 -34838 -34848 -34856 -34865 -34869 -34874 -34884 -34888 -34897 -34905 -34909 -34912 -34919 -34929
-34931 -34935 -34943 -34945 -34946 -34953 -34958 -34967 -34973 -34982 -34985 -34993 -34998 -35008 -35011 -35021 -35030 -35032
-35038 -35046 -35053 -35054 -35064 -35068 -35078 -35084 -35090 -35091 -35098 -35099 -35109 -35118 -35121 -35131 -35141 -35151
-35154 -35159 -35165 -35171 -35176 -35177 -35180 -35185 -35192 -35193 -35198 -35208 -35216 -35222 -35226 -35230 -35235 -35245
-35249 -35256 -35260 -35261 -35266 -35273 -35276 -35284 -35286 -35295 -35302 -35309 -35310 -35319 -35326 -35331 -35334 -35341
-35351 -35353 -35355 -35364 -35368 -35376 -35383 -35384 -35389 -35390 -35394 -35395 -35403 -35412 -35415 -35422 -35426 -35431
-35439 -35444 -35449 -35450 -35453 -35454 -35458 -35467 -35474 -35481 -35490 -35499 -35500 -35508 -35509 -35510 -35512 -35519
-35520 -35523 -35525 -35533 -35534 -35537 -35539 -35541 -35551 -35557 -35565 -35574 -35578 -35579 -35585 -35586 -35594 -35602
-35612 -35618 -35620 -35625 -35628 -35631 -35638 -35642 -35649 -35656 -35664 -35672 -35678 -35679 -35681 -35685 -35692 -35695
-35699 -35706 -35708 -35709 -35710 -35717 -35724 -35729 -35734 -35736 -35738 -35741 -35742 -35743 -35752 -35756 -35761 -35762
-35766 -35767 -35776 -35777 -35783 -35785 -35795 -35805 -35810 -35816 -35821 -35828 -35836 -35842 -35848 -35855 -35856 -35858
-35865 -35866 -35873 -35875 -35878 -35880 -35886 -35892 -35901 -35906 -35915 -35919 -35928 -35935 -35940 -35947 -35952 -35960
-35961 -35963 -35970 -35977 -35985 -35986 -35989 -35992 -35994 -35997 -36002 -36008 -36009 -36013 -36019 -36021 -36024 -36029
-36038 -36043 -36051 -36060 -36066 -36070 -36071 -36080 -36088 -36098 -36105 -36115 -36120 -36125 -36133 -36134 -36140 -36141
-36145 -36147 -36148 -36153 -36160 -36164 -36165 -36171 -36174 -36176 -36179 -36189 -36199 -36201 -36205 -36211 -36218 -36220
-36230 -36236 -36237 -36238 -36246 -36256 -36261 -36263 -36271 -36272 -36278 -36279 -36289 -36296 -36306 -36316 -36321 -36323
-36325 -36332 -36337 -36338 -36339 -36345 -36353 -36354 -36361 -36365 -36367 -36368 -36377 -36383 -36391 -36401 -36405 -36406
-36416 -36419 -36425 -36430 -36432 -36442 -36450 -36455 -36461 -36470 -36475 -36476 -36484 -36486 -36493 -36496 -36503 -36507
-36512 -36517 -36527 -36531 -36540 -36541 -36548 -36552 -36553 -36563 -36565 -36575 -36583 -36589 -36591 -36601 -36607 -36614
-36623 -36631 -36634 -36636 -36637 -36642 -36646 -36652 -36660 -36665 -36675 -36682 -36684 -36685 -36688 -36690 -36694 -36700
-36707 -36717 -36724 -36727 -36735 -36738 -36747 -36751 -36757 -36761 -36771 -36772 -36780 -36789 -36790 -36791 -36794 -36802
-36809 -36817 -36821 -36829 -36834 -36840 -36845 -36853 -36857 -36863 -36868 -36873 -36883 -36890 -36897 -36904 -36912 -36921
-36928 -36937 -36943 -36946 -36952 -36961 -36963 -36966 -36971 -36973 -36977 -36981 -36985 -36994 -36999 -37004 -37011 -37016
-37023 -37029 -37030 -37034 -37036 -37040 -37048 -37049 -37057 -37062 -37072 -37077 -37080 -37083 -37084 -37086 -37091 -37093
-37096 -37098 -37104 -37114 -37124 -37127 -37131 -37137 -37143 -37149 -37155 -37157 -37165 -37167 -37175 -37179 -37189 -37198
-37200 -37201 -37202 -37205 -37215 -37224 -37230 -37237 -37247 -37256 -37257 -37264 -37270 -37279 -37285 -37287 -37295 -37303
-37307 -37315 -37322 -37325 -37326 -37335 -37339 -37348 -37356 -37360 -37364 -37366 -37372 -37380 -37387 -37396 -37405 -37410
-37420 -37421 -37428 -37429 -37432 -37439 -37449 -37456 -37458 -37468 -37478 -37484 -37490 -37500 -37508 -37517 -37522 -37523
-37525 -37531 -37541 -37551 -37561 -37568 -37572 -37576 -37581 -37585 -37586 -37595 -37601 -37609 -37612 -37613 -37619 -37623
-37629 -37638 -37640 -37645 -37650 -37655 -37657 -37658 -37668 -37676 -37677 -37678 -37684 -37694 -37701 -37706 -37712 -37713
-37718 -37723 -37729 -37737 -37743 -37745 -37750 -37753 -37760 -37767 -37772 -37776 -37778 -37779 -37784 -37790 -37792 -37801
-37811 -37817 -37821 -37828 -37830 -37834 -37836 -37845 -37850 -37853 -37856 -37863 -37867 -37870 -37878 -37888 -37891 -37897
-37899 -37901 -37910 -37918 -37923 -37929 -37933 -37941 -37942 -37945 -37951 -37957 -37959 -37967 -37976 -37983 -37992 -37998
-38001 -38006 -38014 -38019 -38023 -38029 -38039 -38044 -38046 -38047 -38051 -38057 -38067 -38073 -38083 -38089 -38093 -38096
-38097 -38102 -38112 -38119 -38124 -38126 -38127 -38132 -38134 -38143 -38152 -38156 -38165 -38174 -38183 -38189 -38198 -38208
-38209 -38210 -38214 -38221 -38227 -38232 -38238 -38245 -38254 -38258 -38261 -38271 -38281 -38284 -38294 -38303 -38308 -38316
-38319 -38325 -38331 -38335 -38340 -38342 -38350 -38358 -38366 -38375 -38379 -38388 -38394 -38401 -38411 -38412 -38414 -38415
-38424 -38427 -38432 -38433 -38439 -38444 -38451 -38461 -38464 -38472 -38480 -38481 -38488 -38497 -38502 -38512 -38521 -38529
-38531 -38540 -38550 -38552 -38555 -38557 -38565 -38571 -38577 -38585 -38586 -38587 -38596 -38599 -38602 -38607 -38610 -38616
-38617 -38625 -38635 -38641 -38650 -38653 -38659 -38663 -38673 -38675 -38677 -38686 -38695 -38696 -38699 -38708 -38718 -38721
-38724 -38733 -38740 -38743 -38745 -38747 -38749 -38754 -38755 -38757 -38766 -38774 -38781 -38789 -38799 -38806 -38815 -38821
-38825 -38830 -38840 -38847 -38857 -38865 -38872 -38877 -38879 -38886 -38892 -38893 -38901 -38908 -38909 -38910 -38915 -38923
-38932 -38934 -38943 -38952 -38956 -38958 -38962 -38965 -38975 -38984 -38992 -38996 -39004 -39014 -39022 -39028 -39031 -39041
-39042 -39046 -39055 -39060 -39067 -39076 -39080 -39086 -39091 -39094 -39104 -39108 -39118 -39126 -39135 -39139 -39142 -39148
-39157 -39166 -39172 -39182 -39189 -39190 -39195 -39197 -39199 -39201 -39202 -39206 -39213 -39216 -39225 -39233 -39242 -39250
-39251 -39258 -39259 -39267 -39276 -39279 -39287 -39291 -39292 -39298 -39307 -39315 -39323 -39327 -39329 -39331 -39332 -39341
-39348 -39358 -39362 -39363 -39369 -39370 -39378 -39382 -39391 -39396 -39405 -39413 -39417 -39427 -39429 -39430 -39436 -39441
-39450 -39457 -39466 -39470 -39480 -39486 -39489 -39494 -39496 -39501 -39505 -39507 -39514 -39524 -39528 -39533 -39536 -39545
-39546 -39550 -39557 -39567 -39573 -39576 -39581 -39582 -39583 -39585 -39589 -39590 -39600 -39609 -39614 -39620 -39622 -39630
-39635 -39637 -39647 -39650 -39651 -39652 -39658 -39659 -39661 -39664 -39669 -39670 -39679 -39684 -39692 -39698 -39706 -39716
-39724 -39733 -39734 -39739 -39747 -39752 -39762 -39770 -39774 -39776 -39779 -39783 -39788 -39798 -39800 -39810 -39818 -39826
-39833 -39834 -39839 -39840 -39843 -39844 -39846 -39853 -39861 -39868 -39876 -39885 -39888 -39891 -39901 -39907 -39908 -39912
-39922 -39929 -39933 -39936 -39943 -39953 -39958 -39965 -39972 -39982 -39985 -39986 -39988 -39996 -40006 -40012 -40022 -40029
-40034 -40037 -40041 -40046 -40050 -40055 -40057 -40061 -40067 -40077 -40079 -40080 -40083 -40085 -40094 -40099 -40108 -40116
-40120 -40121 -40128 -40131 -40136 -40139 -40147 -40153 -40156 -40164 -40166 -40168 -40174 -40180 -40190 -40193 -40198 -40201
-40207 -40215 -40217 -40226 -40227 -40229 -40236 -40240 -40248 -40258 -40262 -40266 -40275 -40278 -40284 -40291 -40299 -40308
-40318 -40325 -40330 -40339 -40341 -40347 -40354 -40363 -40371 -40380 -40389 -40390 -40396 -40400 -40408 -40416 -40425 -40427
-40431 -40437 -40440 -40446 -40455 -40465 -40466 -40470 -40479 -40483 -40490 -40494 -40501 -40511 -40516 -40523 -40525 -40529
-40535 -40544 -40547 -40556 -40562 -40571 -40581 -40591 -40599 -40604 -40607 -40617 -40621 -40626 -40631 -40640 -40641 -40647
-40653 -40663 -40673 -40678 -40679 -40689 -40693 -40702 -40706 -40714 -40722 -40730 -40739 -40748 -40755 -40763 -40770 -40775
-40782 -40784 -40789 -40793 -40803 -40807 -40811 -40813 -40815 -40816 -40817 -40827 -40837 -40845 -40849 -40857 -40858 -40866
-40873 -40880 -40887 -40888 -40898 -40907 -40913 -40920 -40925 -40934 -40944 -40952 -40957 -40959 -40967 -40973 -40975 -40980
-40981 -40983 -40984 -40992 -41002 -41012 -41018 -41028 -41031 -41037 -41042 -41044 -41049 -41053 -41054 -41059 -41061 -41062
-41065 -41066 -41071 -41079 -41085 -41089 -41092 -41099 -41100 -41101 -41109 -41115 -41121 -41127 -41136 -41140 -41149 -41152
-41161 -41167 -41175 -41177 -41178 -41179 -41180 -41189 -41193 -41201 -41211 -41220 -41222 -41231 -41234 -41237 -41242 -41243
-41247 -41255 -41256 -41261 -41266 -41275 -41277 -41280 -41287 -41288 -41289 -41297 -41304 -41309 -41315 -41323 -41330 -41336
-41341 -41343 -41345 -41355 -41364 -41374 -41382 -41384 -41390 -41399 -41401 -41405 -41414 -41420 -41421 -41431 -41433 -41440
-41443 -41448 -41453 -41461 -41463 -41464 -41474 -41477 -41487 -41488 -41497 -41506 -41509 -41519 -41524 -41532 -41536 -41542
-41547 -41555 -41561 -41569 -41577 -41583 -41587 -41591 -41601 -41608 -41611 -41618 -41623 -41627 -41632 -41642 -41644 -41651
-41660 -41666 -41671 -41681 -41688 -41695 -41700 -41709 -41717 -41719 -41727 -41737 -41740 -41743 -41751 -41755 -41760 -41763
-41765 -41768 -41772 -41777 -41780 -41784 -41790 -41799 -41806 -41815 -41818 -41821 -41828 -41834 -41841 -41847 -41854 -41861
-41863 -41864 -41872 -41877 -41885 -41892 -41902 -41906 -41912 -41913 -41919 -41926 -41929 -41937 -41938 -41945 -41955 -41956
-41957 -41966 -41970 -41972 -41978 -41988 -41992 -41997 -42004 -42013 -42015 -42021 -42024 -42025 -42031 -42033 -42035 -42040
-42046 -42055 -42056 -42062 -42065 -42066 -42069 -42077 -42085 -42088 -42089 -42097 -42102 -42110 -42116 -42122 -42130 -42137
-42146 -42150 -42156 -42160 -42170 -42176 -42186 -42190 -42198 -42203 -42212 -42216 -42218 -42224 -42225 -42235 -42239 -42248
-42251 -42260 -42267 -42269 -42271 -42281 -42290 -42296 -42302 -42305 -42311 -42312 -42320 -42322 -42330 -42338 -42341 -42343
-42344 -42351 -42354 -42358 -42359 -42360 -42363 -42372 -42373 -42378 -42387 -42396 -42404 -42410 -42419 -42428 -42435 -42439
-42442 -42447 -42449 -42450 -42459 -42460 -42462 -42467 -42472 -42481 -42491 -42499 -42504 -42506 -42510 -42520 -42525 -42534
-42541 -42546 -42556 -42560 -42561 -42565 -42568 -42573 -42583 -42586 -42591 -42601 -42611 -42613 -42618 -42621 -42622 -42627
-42636 -42644 -42648 -42653 -42654 -42658 -42667 -42677 -42687 -42689 -42693 -42700 -42705 -42715 -42725 -42735 -42739 -42748
-42758 -42762 -42765 -42771 -42780 -42787 -42796 -42798 -42799 -42805 -42809 -42812 -42815 -42821 -42822 -42832 -42839 -42841
-42848 -42854 -42860 -42861 -42871 -42877 -42887 -42897 -42902 -42911 -42912 -42917 -42926 -42928 -42929 -42935 -42938 -42946
-42947 -42950 -42954 -42956 -42962 -42970 -42977 -42986 -42987 -42991 -42993 -42997 -43007 -43011 -43015 -43016 -43018 -43022
-43029 -43034 -43042 -43044 -43054 -43060 -43066 -43075 -43076 -43080 -43090 -43097 -43104 -43108 -43113 -43116 -43123 -43127
-43131 -43141 -43151 -43160 -43164 -43169 -43172 -43182 -43183 -43192 -43194 -43199 -43205 -43211 -43218 -43219 -43226 -43236
-43244 -43249 -43254 -43258 -43260 -43263 -43269 -43274 -43278 -43288 -43290 -43298 -43302 -43306 -43308 -43315 -43316 -43325
-43333 -43342
