32 25 15 13 7 3 -5 -8 -13 -19 -28 -31 -36 -42 -52 -60 -62 -70
-74 -77 -86 -95 -97 -102 -106 -109 -110 -112 -114 -115 -120 -128 -136 -145 -151 -154
-155 -156 -163 -166 -171 -180 -190 -200 -202 -210 -220 -224 -226 -227 -233 -234 -236 -243
-244 -248 -254 -255 -259 -261 -264 -273 -275 -278 -287 -289 -296 -299 -309 -317 -322 -326
-327 -328 -329 -332 -339 -343 -351 -359 -367 -373 -383 -387 -394 -401 -404 -406 -409 -413
-420 -423 -430 -436 -444 -449 -457 -458 -459 -465 -470 -477 -478 -488 -493 -499 -507 -513
-520 -521 -523 -531 -539 -542 -550 -552 -561 -568 -575 -578 -579 -589 -595 -599 -602 -611
-620 -621 -623 -631 -641 -648 -655 -658 -666 -667 -675 -682 -691 -701 -710 -715 -725 -729
-738 -744 -746 -753 -754 -755 -761 -769 -774 -776 -777 -786 -795 -797 -799 -801 -803 -808
-812 -821 -828 -830 -836 -846 -848 -852 -856 -858 -864 -868 -873 -877 -886 -896 -898 -907
-912 -917 -919 -920 -923 -928 -936 -946 -948 -953 -958 -963 -970 -971 -980 -988 -990 -995
-998 -1006 -1008 -1013 -1014 -1020 -1024 -1033 -1042 -1049 -1058 -1059 -1065 -1066 -1076 -1081 -1088 -1091
-1094 -1099 -1109 -1117 -1121 -1125 -1134 -1141 -1148 -1151 -1158 -1166 -1171 -1172 -1182 -1185 -1186 -1193
-1197 -1203 -1208 -1217 -1218 -1222 -1228 -1230 -1236 -1243 -1251 -1256 -1264 -1274 -1277 -1279 -1288 -1292
-1301 -1302 -1310 -1313 -1316 -1320 -1326 -1329 -1338 -1346 -1352 -1357 -1360 -1364 -1368 -1375 -1377 -1381
-1391 -1394 -1395 -1399 -1402 -1409 -1419 -1426 -1430 -1432 -1442 -1452 -1461 -1465 -1468 -1470 -1480 -1481
-1490 -1498 -1505 -1513 -1516 -1526 -1535 -1542 -1545 -1551 -1558 -1565 -1572 -1575 -1577 -1583 -1590 -1595
-1596 -1602 -1606 -1616 -1617 -1623 -1632 -1634 -1643 -1651 -1655 -1658 -1661 -1670 -1674 -1679 -1683 -1684
-1685 -1689 -1693 -1700 -1707 -1714 -1723 -1731 -1740 -1745 -1750 -1751 -1756 -1758 -1766 -1771 -1779 -1780
-1786 -1790 -1795 -1805 -1814 -1816 -1817 -1823 -1828 -1829 -1839 -1840 -1845 -1853 -1861 -1868 -1873 -1878
-1880 -1888 -1896 -1906 -1913 -1915 -1923 -1932 -1938 -1946 -1954 -1964 -1970 -1975 -1976 -1980 -1981 -1983
-1988 -1995 -2004 -2005 -2006 -2012 -2020 -2022 -2030 -2032 -2040 -2042 -2052 -2061 -2069 -2079 -2083 -2087
-2089 -2096 -2098 -2102 -2112 -2120 -2121 -2126 -2131 -2135 -2145 -2152 -2153 -2156 -2159 -2169 -2174 -2184
-2186 -2189 -2194 -2198 -2207 -2210 -2217 -2219 -2224 -2226 -2234 -2243 -2250 -2251 -2258 -2265 -2266 -2272
-2276 -2284 -2293 -2294 -2297 -2307 -2308 -2311 -2316 -2318 -2325 -2329 -2332 -2337 -2347 -2355 -2356 -2361
-2365 -2369 -2379 -2382 -2386 -2388 -2391 -2395 -2396 -2403 -2408 -2412 -2422 -2426 -2431 -2441 -2451 -2459
-2467 -2469 -2471 -2481 -2487 -2492 -2502 -2504 -2510 -2512 -2518 -2519 -2520 -2527 -2528 -2535 -2539 -2546
-2551 -2552 -2560 -2568 -2578 -2586 -2591 -2593 -2596 -2599 -2607 -2614 -2624 -2628 -2638 -2641 -2648 -2651
-2653 -2659 -2666 -2668 -2677 -2679 -2685 -2691 -2692 -2698 -2707 -2711 -2716 -2721 -2731 -2738 -2742 -2751
-2761 -2765 -2772 -2776 -2786 -2791 -2795 -2797 -2803 -2804 -2808 -2818 -2827 -2837 -2843 -2845 -2849 -2855
-2856 -2864 -2868 -2878 -2884 -2889 -2897 -2907 -2912 -2916 -2924 -2930 -2939 -2941 -2949 -2959 -2961 -2968
-2977 -2979 -2981 -2986 -2996 -3006 -3010 -3013 -3015 -3017 -3018 -3028 -3036 -3039 -3042 -3045 -3053 -3054
-3058 -3067 -3077 -3082 -3091 -3100 -3105 -3112 -3114 -3121 -3123 -3129 -3134 -3142 -3152 -3158 -3167 -3168
-3169 -3177 -3179 -3184 -3193 -3198 -3204 -3205 -3206 -3210 -3217 -3222 -3230 -3231 -3233 -3240 -3241 -3245
-3254 -3260 -3270 -3273 -3280 -3285 -3289 -3291 -3294 -3296 -3301 -3304 -3310 -3319 -3321 -3322 -3328 -3337
-3342 -3349 -3359 -3369 -3374 -3375 -3385 -3391 -3395 -3396 -3403 -3410 -3415 -3418 -3424 -3427 -3431 -3434
-3438 -3443 -3447 -3449 -3454 -3463 -3471 -3474 -3479 -3488 -3489 -3496 -3497 -3500 -3502 -3503 -3508 -3517
-3525 -3531 -3541 -3548 -3555 -3561 -3571 -3578 -3588 -3598 -3605 -3609 -3610 -3615 -3617 -3618 -3628 -3638
-3640 -3649 -3655 -3659 -3668 -3670 -3672 -3682 -3691 -3699 -3703 -3704 -3712 -3714 -3724 -3732 -3739 -3748
-3751 -3755 -3763 -3771 -3773 -3779 -3786 -3795 -3798 -3803 -3805 -3811 -3813 -3816 -3817 -3818 -3823 -3829
-3833 -3840 -3848 -3857 -3860 -3866 -3867 -3875 -3884 -3894 -3899 -3902 -3904 -3908 -3913 -3916 -3919 -3924
-3927 -3930 -3931 -3941 -3948 -3952 -3953 -3954 -3962 -3964 -3967 -3977 -3982 -3989 -3993 -3997 -4004 -4014
-4017 -4024 -4025 -4035 -4038 -4044 -4054 -4055 -4061 -4064 -4066 -4068 -4072 -4077 -4082 -4087 -4093 -4097
-4107 -4115 -4121 -4129 -4138 -4144 -4146 -4156 -4158 -4167 -4169 -4177 -4181 -4182 -4190 -4196 -4203 -4208
-4218 -4221 -4224 -4229 -4237 -4238 -4246 -4249 -4256 -4261 -4262 -4271 -4272 -4278 -4280 -4287 -4288 -4295
-4298 -4305 -4306 -4308 -4318 -4327 -4334 -4344 -4345 -4346 -4351 -4360 -4365 -4375 -4378 -4383 -4388 -4397
-4402 -4406 -4415 -4419 -4428 -4429 -4434 -4442 -4452 -4453 -4461 -4471 -4475 -4484 -4486 -4489 -4493 -4496
-4499 -4509 -4516 -4522 -4527 -4536 -4539 -4545 -4550 -4557 -4558 -4566 -4569 -4574 -4581 -4588 -4598 -4607
-4615 -4622 -4624 -4627 -4633 -4638 -4646 -4653 -4663 -4669 -4677 -4685 -4694 -4697 -4702 -4704 -4711 -4713
-4715 -4716 -4725 -4732 -4738 -4742 -4752 -4762 -4765 -4773 -4779 -4784 -4794 -4799 -4804 -4814 -4819 -4825
-4833 -4838 -4846 -4853 -4862 -4866 -4871 -4872 -4879 -4882 -4885 -4892 -4899 -4908 -4910 -4917 -4925 -4926
-4928 -4932 -4942 -4951 -4958 -4960 -4965 -4967 -4976 -4983 -4988 -4991 -5000 -5001 -5004 -5013 -5021 -5031
-5035 -5038 -5039 -5044 -5053 -5061 -5063 -5067 -5073 -5079 -5082 -5088 -5093 -5096 -5101 -5103 -5113 -5120
-5127 -5135 -5145 -5148 -5156 -5157 -5161 -5169 -5174 -5178 -5184 -5194 -5196 -5202 -5212 -5220 -5222 -5232
-5233 -5241 -5247 -5256 -5258 -5260 -5261 -5271 -5277 -5284 -5293 -5298 -5300 -5308 -5311 -5317 -5321 -5331
-5340 -5347 -5356 -5359 -5366 -5369 -5375 -5378 -5386 -5392 -5395 -5400 -5410 -5412 -5422 -5431 -5433 -5441
-5451 -5453 -5458 -5463 -5473 -5477 -5478 -5483 -5488 -5496 -5504 -5512 -5520 -5526 -5532 -5541 -5545 -5554
-5564 -5565 -5569 -5571 -5577 -5579 -5584 -5587 -5590 -5591 -5599 -5609 -5615 -5624 -5631 -5639 -5640 -5645
-5649 -5650 -5657 -5659 -5667 -5668 -5678 -5687 -5692 -5694 -5699 -5705 -5715 -5719 -5726 -5728 -5737 -5739
-5749 -5754 -5757 -5760 -5764 -5766 -5768 -5778 -5786 -5787 -5794 -5798 -5804 -5811 -5814 -5824 -5825 -5827
-5835 -5843 -5846 -5851 -5859 -5863 -5867 -5873 -5876 -5882 -5890 -5900 -5910 -5915 -5924 -5929 -5936 -5938
-5945 -5949 -5951 -5957 -5965 -5974 -5978 -5985 -5986 -5990 -5992 -6002 -6004 -6005 -6011 -6017 -6020 -6022
-6025 -6034 -6037 -6042 -6046 -6049 -6051 -6058 -6061 -6067 -6076 -6082 -6084 -6086 -6096 -6099 -6100 -6103
-6113 -6116 -6125 -6129 -6137 -6143 -6151 -6156 -6166 -6170 -6173 -6175 -6179 -6184 -6187 -6195 -6205 -6209
-6219 -6223 -6230 -6236 -6241 -6245 -6251 -6260 -6263 -6270 -6275 -6280 -6282 -6283 -6288 -6291 -6299 -6308
-6317 -6322 -6332 -6340 -6343 -6347 -6357 -6365 -6371 -6374 -6384 -6387 -6396 -6404 -6408 -6414 -6419 -6422
-6423 -6424 -6430 -6436 -6443 -6453 -6457 -6459 -6469 -6479 -6480 -6485 -6491 -6498 -6502 -6503 -6507 -6509
-6514 -6516 -6522 -6532 -6539 -6549 -6558 -6560 -6563 -6564 -6569 -6578 -6581 -6591 -6595 -6605 -6606 -6607
-6614 -6622 -6629 -6637 -6647 -6656 -6659 -6669 -6677 -6684 -6685 -6686 -6693 -6702 -6704 -6705 -6714 -6717
-6726 -6734 -6744 -6749 -6757 -6758 -6767 -6776 -6779 -6783 -6792 -6794 -6803 -6810 -6816 -6820 -6824 -6832
-6838 -6843 -6845 -6850 -6851 -6856 -6859 -6860 -6865 -6873 -6880 -6887 -6895 -6905 -6909 -6916 -6926 -6936
-6943 -6948 -6951 -6955 -6957 -6965 -6974 -6979 -6981 -6989 -6994 -7000 -7002 -7009 -7016 -7024 -7028 -7032
-7034 -7041 -7049 -7058 -7062 -7064 -7069 -7079 -7087 -7096 -7103 -7106 -7110 -7117 -7122 -7127 -7132 -7141
-7149 -7159 -7162 -7164 -7171 -7177 -7184 -7187 -7190 -7191 -7200 -7201 -7206 -7211 -7219 -7221 -7228 -7230
-7233 -7234 -7236 -7244 -7248 -7249 -7259 -7264 -7270 -7278 -7285 -7294 -7300 -7302 -7306 -7310 -7315 -7321
-7327 -7333 -7343 -7349 -7352 -7358 -7366 -7367 -7372 -7380 -7390 -7395 -7401 -7411 -7412 -7413 -7414 -7424
-7429 -7438 -7442 -7452 -7457 -7466 -7472 -7475 -7479 -7484 -7492 -7497 -7507 -7508 -7515 -7519 -7524 -7525
-7535 -7542 -7547 -7555 -7557 -7561 -7568 -7577 -7581 -7583 -7587 -7596 -7602 -7607 -7615 -7625 -7633 -7643
-7650 -7658 -7662 -7664 -7666 -7675 -7677 -7678 -7681 -7684 -7692 -7695 -7705 -7711 -7717 -7719 -7728 -7731
-7738 -7743 -7750 -7759 -7766 -7771 -7775 -7781 -7786 -7791 -7793 -7797 -7807 -7816 -7825 -7829 -7837 -7846
-7853 -7854 -7858 -7866 -7871 -7872 -7881 -7890 -7891 -7901 -7910 -7917 -7927 -7930 -7934 -7935 -7936 -7939
-7947 -7957 -7959 -7962 -7966 -7976 -7981 -7990 -7994 -7997 -7998 -8004 -8005 -8013 -8022 -8031 -8039 -8040
-8049 -8057 -8059 -8065 -8070 -8078 -8083 -8090 -8096 -8098 -8106 -8111 -8115 -8124 -8131 -8136 -8144 -8151
-8156 -8165 -8175 -8179 -8180 -8183 -8187 -8190 -8193 -8202 -8203 -8208 -8209 -8211 -8215 -8222 -8223 -8224
-8233 -8238 -8244 -8246 -8250 -8254 -8257 -8263 -8268 -8278 -8285 -8295 -8302 -8308 -8318 -8320 -8325 -8329
-8337 -8345 -8348 -8349 -8352 -8356 -8357 -8361 -8365 -8368 -8371 -8378 -8386 -8394 -8401 -8410 -8419 -8427
-8437 -8447 -8455 -8465 -8472 -8477 -8481 -8488 -8497 -8501 -8510 -8513 -8515 -8525 -8526 -8528 -8533 -8542
-8543 -8547 -8553 -8559 -8566 -8573 -8576 -8584 -8587 -8594 -8595 -8597 -8605 -8609 -8612 -8621 -8622 -8631
-8636 -8639 -8644 -8648 -8656 -8658 -8667 -8669 -8675 -8679 -8688 -8697 -8706 -8709 -8718 -8725 -8733 -8738
-8739 -8745 -8748 -8750 -8751 -8752 -8756 -8758 -8764 -8769 -8770 -8776 -8780 -8785 -8791 -8801 -8807 -8810
-8820 -8821 -8827 -8837 -8845 -8852 -8862 -8867 -8872 -8874 -8877 -8886 -8896 -8903 -8905 -8909 -8918 -8926
-8936 -8945 -8955 -8957 -8961 -8966 -8968 -8974 -8984 -8994 -9003 -9007 -9016 -9024 -9031 -9038 -9044 -9046
-9056 -9065 -9071 -9080 -9082 -9085 -9091 -9100 -9107 -9114 -9118 -9124 -9132 -9133 -9139 -9147 -9155 -9158
-9166 -9174 -9175 -9176 -9177 -9187 -9193 -9198 -9202 -9205 -9209 -9214 -9223 -9229 -9237 -9238 -9239 -9244
-9252 -9256 -9264 -9270 -9276 -9282 -9285 -9290 -9297 -9304 -9311 -9314 -9321 -9331 -9341 -9349 -9352 -9353
-9363 -9372 -9382 -9389 -9392 -9400 -9404 -9414 -9421 -9429 -9438 -9446 -9453 -9454 -9464 -9472 -9476 -9486
-9496 -9498 -9499 -9506 -9511 -9518 -9525 -9532 -9540 -9548 -9557 -9565 -9567 -9570 -9571 -9580 -9589 -9595
-9597 -9605 -9615 -9625 -9633 -9643 -9648 -9654 -9656 -9658 -9664 -9667 -9676 -9685 -9686 -9688 -9693 -9695
-9698 -9708 -9712 -9715 -9721 -9724 -9726 -9730 -9734 -9738 -9743 -9749 -9754 -9759 -9764 -9766 -9774 -9780
-9784 -9789 -9798 -9806 -9809 -9817 -9822 -9828 -9837 -9839 -9841 -9842 -9849 -9851 -9857 -9863 -9869 -9871
-9873 -9874 -9875 -9877 -9883 -9889 -9897 -9901 -9902 -9909 -9910 -9917 -9926 -9931 -9933 -9941 -9942 -9944
-9952 -9956 -9966 -9974 -9976 -9979 -9982 -9991 -9993 -9999 -10000 -10005 -10013 -10016 -10025 -10027 -10032 -10035
-10039 -10049 -10057 -10065 -10073 -10082 -10092 -10101 -10105 -10114 -10117 -10119 -10124 -10133 -10143 -10144 -10152 -10159
-10169 -10177 -10178 -10187 -10190 -10194 -10200 -10208 -10212 -10218 -10221 -10225 -10227 -10236 -10241 -10248 -10258 -10261
-10263 -10270 -10280 -10290 -10298 -10299 -10304 -10314 -10319 -10321 -10331 -10337 -10341 -10345 -10348 -10349 -10351 -10358
-10364 -10374 -10376 -10377 -10381 -10388 -10397 -10405 -10413 -10414 -10424 -10425 -10430 -10439 -10447 -10455 -10460 -10465
-10473 -10476 -10485 -10494 -10499 -10506 -10516 -10525 -10533 -10535 -10541 -10548 -10549 -10559 -10560 -10569 -10573 -10579
-10589 -10597 -10607 -10614 -10621 -10622 -10630 -10637 -10642 -10648 -10656 -10666 -10673 -10679 -10681 -10691 -10698 -10702
-10704 -10709 -10717 -10723 -10726 -10731 -10739 -10744 -10745 -10754 -10760 -10761 -10766 -10769 -10779 -10789 -10796 -10801
-10804 -10813 -10819 -10829 -10834 -10839 -10846 -10854 -10856 -10857 -10858 -10867 -10868 -10874 -10883 -10890 -10899 -10908
-10914 -10919 -10922 -10931 -10937 -10945 -10948 -10957 -10967 -10972 -10978 -10988 -10991 -10994 -11002 -11008 -11017 -11025
-11030 -11040 -11049 -11052 -11058 -11067 -11070 -11072 -11075 -11079 -11087 -11092 -11094 -11100 -11106 -11107 -11109 -11118
-11125 -11129 -11133 -11135 -11139 -11147 -11149 -11151 -11158 -11166 -11174 -11182 -11188 -11195 -11197 -11206 -11207 -11214
-11215 -11224 -11231 -11233 -11239 -11243 -11251 -11261 -11270 -11279 -11281 -11282 -11291 -11300
