439 437 428 425 420 415 412 405 396 395 393 388 379 376 368 359 355 352
349 345 337 336 326 321 314 307 301 297 290 284 274 264 260 254 251 241
235 232 225 222 212 208 206 200 193 190 185 180 173 168 166 165 158 155
152 142 141 136 129 123 118 117 109 100 91 88 80 77 67 65 62 59
53 51 41 34 33 26 24 18 9 6 -4 -6 -14 -19 -22 -32 -40 -49
-56 -62 -70 -75 -82 -86 -91 -93 -94 -95 -99 -101 -104 -114 -121 -122 -123 -127
-135 -143 -144 -148 -157 -158 -159 -168 -172 -180 -190 -193 -194 -198 -204 -209 -211 -212
-220 -221 -222 -224 -230 -236 -244 -249 -250 -260 -268 -276 -286 -289 -297 -302 -309 -311
-314 -322 -327 -329 -334 -344 -353 -360 -362 -369 -376 -379 -385 -390 -395 -404 -412 -418
-423 -431 -441 -443 -446 -455 -456 -462 -465 -471 -472 -473 -477 -483 -487 -497 -505 -512
-516 -521 -524 -528 -531 -540 -543 -552 -555 -559 -560 -566 -569 -578 -581 -582 -583 -587
-588 -597 -605 -613 -616 -617 -621 -622 -629 -632 -642 -652 -656 -658 -663 -667 -675 -681
-691 -699 -701 -706 -707 -712 -713 -714 -719 -720 -721 -723 -724 -731 -734 -740 -742 -743
-746 -756 -762 -770 -775 -776 -785 -790 -799 -809 -815 -824 -827 -834 -844 -847 -850 -852
-862 -865 -866 -875 -880 -889 -891 -896 -904 -909 -915 -923 -930 -934 -941 -947 -951 -958
-966 -976 -986 -990 -993 -995 -997 -1002 -1007 -1011 -1014 -1023 -1031 -1035 -1040 -1049 -1059 -1067
-1068 -1077 -1085 -1094 -1095 -1098 -1107 -1110 -1117 -1125 -1133 -1136 -1146 -1150 -1151 -1155 -1162 -1166
-1168 -1170 -1177 -1184 -1188 -1198 -1207 -1210 -1216 -1224 -1230 -1232 -1242 -1250 -1255 -1256 -1263 -1268
-1274 -1282 -1285 -1289 -1296 -1301 -1307 -1316 -1326 -1330 -1337 -1340 -1346 -1348 -1355 -1362 -1365 -1373
-1380 -1387 -1392 -1398 -1400 -1410 -1419 -1420 -1430 -1432 -1441 -1449 -1450 -1453 -1462 -1464 -1474 -1483
-1492 -1496 -1502 -1504 -1506 -1510 -1520 -1523 -1525 -1526 -1533 -1536 -1538 -1543 -1553 -1557 -1559 -1566
-1576 -1586 -1591 -1599 -1603 -1604 -1614 -1623 -1625 -1630 -1633 -1635 -1644 -1646 -1656 -1665 -1670 -1672
-1680 -1683 -1690 -1700 -1703 -1712 -1721 -1731 -1732 -1738 -1744 -1749 -1759 -1764 -1765 -1773 -1775 -1777
-1782 -1783 -1786 -1795 -1801 -1810 -1819 -1827 -1829 -1838 -1842 -1846 -1851 -1858 -1859 -1867 -1874 -1879
-1880 -1885 -1886 -1892 -1895 -1899 -1903 -1911 -1920 -1924 -1930 -1934 -1941 -1946 -1954 -1961 -1967 -1970
-1973 -1980 -1981 -1985 -1987 -1995 -2002 -2005 -2014 -2017 -2023 -2030 -2034 -2036 -2043 -2049 -2058 -2062
-2064 -2067 -2071 -2074 -2082 -2085 -2094 -2099 -2105 -2110 -2115 -2124 -2129 -2132 -2135 -2145 -2154 -2162
-2166 -2171 -2175 -2183 -2184 -2186 -2192 -2195 -2198 -2205 -2211 -2218 -2228 -2236 -2240 -2248 -2249 -2252
-2253 -2258 -2267 -2269 -2272 -2273 -2274 -2275 -2283 -2288 -2298 -2303 -2310 -2314 -2324 -2334 -2335 -2343
-2347 -2349 -2351 -2355 -2359 -2367 -2375 -2380 -2389 -2390 -2392 -2399 -2408 -2416 -2422 -2427 -2432 -2437
-2446 -2452 -2457 -2458 -2468 -2474 -2479 -2483 -2488 -2495 -2496 -2500 -2506 -2510 -2515 -2523 -2525 -2526
-2530 -2531 -2536 -2543 -2547 -2548 -2552 -2557 -2558 -2563 -2570 -2573 -2582 -2583 -2591 -2601 -2605 -2612
-2614 -2622 -2627 -2635 -2644 -2645 -2654 -2655 -2657 -2666 -2669 -2671 -2677 -2679 -2681 -2685 -2686 -2688
-2696 -2703 -2707 -2716 -2722 -2732 -2735 -2744 -2745 -2753 -2760 -2763 -2767 -2770 -2771 -2779 -2782 -2783
-2786 -2789 -2798 -2802 -2810 -2817 -2827 -2829 -2837 -2847 -2857 -2858 -2868 -2874 -2878 -2885 -2894 -2904
-2907 -2917 -2926 -2931 -2937 -2947 -2957 -2961 -2966 -2971 -2975 -2980 -2983 -2992 -3001 -3011 -3013 -3023
-3025 -3030 -3032 -3042 -3051 -3057 -3058 -3060 -3064 -3074 -3082 -3085 -3092 -3099 -3101 -3104 -3109 -3118
-3127 -3134 -3141 -3144 -3146 -3149 -3151 -3161 -3168 -3178 -3179 -3187 -3195 -3200 -3210 -3216 -3223 -3233
-3241 -3242 -3247 -3256 -3265 -3269 -3272 -3280 -3290 -3296 -3299 -3302 -3307 -3311 -3320 -3327 -3336 -3339
-3341 -3351 -3355 -3361 -3367 -3369 -3372 -3373 -3377 -3378 -3380 -3389 -3394 -3402 -3409 -3419 -3420 -3421
-3426 -3435 -3443 -3448 -3449 -3451 -3452 -3461 -3464 -3468 -3477 -3479 -3489 -3494 -3497 -3499 -3504 -3505
-3508 -3511 -3521 -3524 -3529 -3534 -3540 -3549 -3559 -3561 -3563 -3572 -3582 -3584 -3586 -3591 -3592 -3602
-3603 -3607 -3616 -3622 -3632 -3642 -3647 -3650 -3652 -3662 -3668 -3674 -3676 -3678 -3683 -3689 -3698 -3702
-3703 -3705 -3712 -3717 -3724 -3731 -3735 -3742 -3752 -3762 -3764 -3771 -3780 -3782 -3786 -3789 -3791 -3801
-3802 -3809 -3810 -3818 -3825 -3832 -3840 -3849 -3856 -3865 -3875 -3880 -3884 -3893 -3898 -3902 -3910 -3912
-3913 -3916 -3921 -3929 -3931 -3940 -3948 -3954 -3959 -3968 -3972 -3978 -3982 -3990 -4000 -4002 -4004 -4008
-4016 -4019 -4024 -4028 -4034 -4041 -4043 -4048 -4049 -4057 -4063 -4071 -4076 -4084 -4089 -4095 -4098 -4106
-4107 -4114 -4123 -4127 -4130 -4131 -4132 -4134 -4142 -4150 -4159 -4167 -4168 -4178 -4188 -4193 -4199 -4207
-4214 -4218 -4227 -4228 -4231 -4239 -4245 -4253 -4263 -4267 -4268 -4272 -4276 -4278 -4285 -4292 -4293 -4301
-4308 -4310 -4311 -4317 -4320 -4322 -4330 -4340 -4350 -4354 -4357 -4360 -4368 -4377 -4380 -4381 -4388 -4389
-4399 -4406 -4409 -4415 -4416 -4421 -4424 -4427 -4430 -4433 -4438 -4442 -4448 -4452 -4460 -4464 -4471 -4476
-4481 -4489 -4496 -4505 -4509 -4513 -4520 -4528 -4531 -4537 -4540 -4547 -4553 -4558 -4566 -4575 -4581 -4589
-4596 -4598 -4602 -4611 -4618 -4623 -4629 -4637 -4640 -4643 -4652 -4655 -4659 -4661 -4665 -4667 -4668 -4677
-4687 -4693 -4695 -4703 -4707 -4717 -4718 -4728 -4738 -4742 -4745 -4748 -4754 -4764 -4765 -4773 -4776 -4778
-4782 -4788 -4798 -4806 -4816 -4823 -4830 -4835 -4839 -4844 -4845 -4851 -4860 -4869 -4875 -4885 -4886 -4891
-4899 -4904 -4909 -4914 -4921 -4922 -4924 -4926 -4928 -4938 -4941 -4943 -4946 -4954 -4964 -4973 -4977 -4981
-4984 -4985 -4991 -4999 -5006 -5007 -5012 -5014 -5019 -5022 -5029 -5034 -5037 -5039 -5040 -5044
