854 853 852 842 835 831 825 815 809 803 801 792 784 778 768 758 751 749
744 735 728 724 722 715 706 697 691 682 675 665 657 649 641 636 628 621
616 610 606 597 593 583 575 572 562 558 550 541 540 535 534 528 522 516
513 506 496 490 482 478 475 472 468 459 457 449 445 440 437 430 425 420
410 401 399 398 390 381 377 376 372 363 358 357 347 344 339 338 335 331
325 321 311 303 300 298 289 287 281 274 265 262 259 257 248 242 237 233
224 223 219 215 210 209 204 203 200 199 193 185 184 183 179 171 165 162
156 146 138 131 125 122 113 112 102 97 93 86 83 80 79 76 68 67
63 56 46 39 33 24 23 21 16 13 5 1 -5 -8 -18 -22 -24 -27
-35 -40 -49 -57 -66 -67 -70 -74 -82 -89 -95 -100 -106 -109 -119 -124 -129 -132
-138 -146 -154 -162 -170 -180 -185 -194 -197 -205 -212 -215 -224 -230 -237 -247 -256 -259
-262 -263 -270 -276 -283 -292 -293 -301 -304 -313 -319 -323 -325 -335 -336 -339 -345 -351
-358 -362 -365 -375 -377 -382 -383 -384 -390 -398 -407 -416 -425 -430 -434 -436 -437 -439
-449 -454 -459 -463 -465 -473 -479 -482 -483 -492 -494 -495 -500 -506 -510 -515 -523 -533
-542 -545 -552 -561 -569 -579 -584 -592 -601 -609 -613 -617 -618 -626 -635 -645 -649 -652
-655 -656 -661 -667 -674 -681 -683 -689 -698 -699 -708 -710 -711 -717 -721 -727 -728 -737
-744 -752 -757 -761 -762 -767 -768 -776 -779 -788 -791 -793 -802 -807 -813 -822 -825 -835
-845 -850 -859 -866 -869 -878 -879 -884 -890 -891 -900 -908 -915 -923 -933 -934 -935 -936
-937 -939 -946 -948 -952 -961 -965 -973 -982 -988 -997 -1002 -1007 -1012 -1020 -1028 -1030 -1040
-1041 -1045 -1052 -1055 -1058 -1062 -1070 -1079 -1082 -1084 -1085 -1095 -1097 -1105 -1113 -1117 -1121 -1122
-1127 -1135 -1144 -1146 -1154 -1160 -1163 -1173 -1183 -1184 -1192 -1197 -1203 -1212 -1217 -1227 -1232 -1241
-1242 -1245 -1248 -1249 -1259 -1261 -1262 -1263 -1273 -1276 -1277 -1278 -1280 -1287 -1294 -1300 -1306 -1309
-1314 -1321 -1325 -1335 -1337 -1345 -1347 -1348 -1349 -1359 -1363 -1373 -1377 -1384 -1394 -1395 -1396 -1405
-1406 -1413 -1418 -1424 -1431 -1434 -1443 -1449 -1450 -1451 -1458 -1461 -1470 -1480 -1488 -1492 -1498 -1504
-1514 -1518 -1526 -1529 -1530 -1531 -1541 -1545 -1554 -1555 -1560 -1563 -1564 -1565 -1569 -1576 -1579 -1589
-1596 -1605 -1609 -1613 -1614 -1622 -1623 -1624 -1631 -1632 -1634 -1639 -1645 -1650 -1653 -1654 -1657 -1658
-1659 -1663 -1666 -1671 -1681 -1689 -1691 -1695 -1697 -1700 -1705 -1710 -1718 -1720 -1725 -1735 -1745 -1748
-1750 -1755 -1758 -1764 -1772 -1781 -1791 -1795 -1800 -1804 -1809 -1813 -1814 -1816 -1826 -1835 -1837 -1840
-1848 -1856 -1861 -1866 -1876 -1879 -1883 -1890 -1891 -1895 -1897 -1904 -1910 -1916 -1920 -1925 -1927 -1932
-1937 -1945 -1947 -1956 -1961 -1967 -1969 -1976 -1985 -1988 -1991 -1999 -2008 -2013 -2021 -2031 -2038 -2047
-2050 -2055 -2059 -2061 -2063 -2064 -2070 -2072 -2081 -2090 -2093 -2095 -2096 -2106 -2110 -2113 -2120 -2122
-2128 -2136 -2138 -2143 -2152 -2161 -2169 -2179 -2184 -2186 -2188 -2190 -2200 -2207 -2217 -2224 -2231 -2233
-2234 -2235 -2238 -2246 -2253 -2262 -2268 -2277 -2281 -2285 -2290 -2300 -2304 -2313 -2319 -2322 -2329 -2338
-2339 -2348 -2353 -2358 -2362 -2371 -2377 -2380 -2384 -2392 -2396 -2405 -2412 -2422 -2431 -2435 -2438 -2443
-2446 -2454 -2462 -2468 -2478 -2486 -2487 -2493 -2496 -2502 -2507 -2511 -2520 -2527 -2535 -2539 -2545 -2549
-2555 -2558 -2565 -2570 -2576 -2577 -2579 -2580 -2587 -2596 -2599 -2605 -2606 -2614 -2620 -2623 -2631 -2637
-2643 -2645 -2655 -2661 -2670 -2675 -2680 -2684 -2694 -2695 -2703 -2710 -2711 -2717 -2721 -2729 -2731 -2733
-2737 -2743 -2744 -2747 -2757 -2767 -2769 -2774 -2776 -2781 -2789 -2792 -2794 -2803 -2809 -2819 -2821 -2826
-2835 -2837 -2841 -2842 -2846 -2847 -2851 -2853 -2859 -2860 -2870 -2871 -2879 -2885 -2891 -2897 -2898 -2900
-2902 -2906 -2913 -2920 -2923 -2930 -2936 -2941 -2949 -2951 -2958 -2967 -2969 -2977 -2982 -2986 -2990 -2996
-3005 -3010 -3020 -3030 -3031 -3032 -3041 -3045 -3052 -3056 -3061 -3063 -3073 -3075 -3080 -3089 -3091 -3097
-3098 -3107 -3110 -3118 -3123 -3127 -3135 -3137 -3143 -3152 -3162 -3171 -3172 -3182 -3191 -3197 -3205 -3214
-3220 -3221 -3224 -3234 -3240 -3244 -3246 -3251 -3260 -3268 -3274 -3278 -3281 -3283 -3292 -3295 -3298 -3308
-3311 -3314 -3321 -3324 -3334 -3341 -3347 -3356 -3363 -3371 -3379 -3382 -3389 -3391 -3396 -3403 -3407 -3416
-3418 -3421 -3424 -3426 -3431 -3432 -3441 -3448 -3449 -3457 -3465 -3467 -3474 -3482 -3490 -3494 -3495 -3500
-3507 -3516 -3522 -3532 -3541 -3550 -3554 -3560 -3565 -3570 -3575 -3579 -3588 -3592 -3599 -3605 -3613 -3617
-3621 -3631 -3639 -3642 -3649 -3657 -3662 -3666 -3676 -3677 -3678 -3679 -3686 -3692 -3698 -3706 -3715 -3719
-3729 -3738 -3744 -3746 -3748 -3756 -3763 -3765 -3775 -3777 -3779 -3780 -3782 -3788 -3795 -3801 -3802 -3804
-3813 -3823 -3828 -3838 -3848 -3851 -3861 -3870 -3875 -3879 -3888 -3896 -3897 -3904 -3906 -3909 -3912 -3919
-3922 -3927 -3937 -3947 -3950 -3954 -3957 -3960 -3967 -3975 -3982 -3985 -3986 -3989 -3993 -4003 -4007 -4017
-4018 -4025 -4029 -4033 -4038 -4045 -4049 -4056 -4063 -4064 -4067 -4070 -4074 -4077 -4079 -4084 -4086 -4096
-4099 -4106 -4107 -4116 -4125 -4126 -4134 -4136 -4143 -4148 -4149 -4159 -4161 -4170 -4176 -4177 -4184 -4189
-4195 -4202 -4211 -4214 -4221 -4222 -4228 -4234 -4235 -4241 -4244 -4252 -4261 -4269 -4272 -4281 -4290 -4294
-4296 -4297 -4299 -4303 -4306 -4314 -4320 -4328 -4330 -4336 -4338 -4343 -4348 -4353 -4356 -4362 -4372 -4382
-4388 -4397 -4400 -4404 -4414 -4417 -4426 -4428 -4434 -4438 -4440 -4443 -4450 -4455 -4456 -4460 -4468 -4473
-4482 -4487 -4493 -4503 -4505 -4511 -4521 -4525 -4526 -4529 -4530 -4532 -4536 -4545 -4554 -4559 -4563 -4571
-4581 -4591 -4599 -4600 -4602 -4610 -4614 -4622 -4629 -4635 -4643 -4644 -4647 -4651 -4652 -4658 -4668 -4677
-4687 -4691 -4692 -4702 -4707 -4717 -4727 -4733 -4741 -4749 -4751 -4760 -4767 -4774 -4784 -4792 -4801 -4803
-4811 -4820 -4823 -4828 -4836 -4842 -4843 -4846 -4848 -4849 -4853 -4855 -4863 -4870 -4875 -4881 -4890 -4892
-4900 -4904 -4914 -4922 -4924 -4930 -4938 -4947 -4952 -4954 -4958 -4967 -4973 -4982 -4990 -4991 -5000 -5007
-5009 -5018 -5022 -5026 -5032 -5042 -5050 -5053 -5061 -5067 -5070 -5071 -5075 -5081 -5085 -5089 -5096 -5099
-5101 -5102 -5104 -5111 -5112 -5122 -5131 -5139 -5148 -5152 -5161 -5170 -5176 -5185 -5190 -5199 -5204 -5212
-5219 -5222 -5223 -5227 -5234 -5238 -5241 -5246 -5253 -5258 -5261 -5266 -5273 -5281 -5288 -5289 -5295 -5298
-5299 -5300 -5304 -5309 -5316 -5317 -5319 -5327 -5331 -5341 -5350 -5354 -5363 -5373 -5376 -5385 -5387 -5393
-5399 -5400 -5407 -5414 -5417 -5422 -5430 -5432 -5434 -5443 -5450 -5451 -5455 -5460 -5463 -5465 -5466 -5468
-5472 -5477 -5486 -5492 -5501 -5510 -5511 -5519 -5522 -5528 -5537 -5547 -5553 -5555 -5563 -5570 -5577 -5586
-5592 -5602 -5603 -5604 -5606 -5612 -5622 -5628 -5638 -5642 -5649 -5657 -5662 -5664 -5672 -5678 -5685 -5690
-5697 -5706 -5714 -5719 -5721 -5722 -5732 -5741 -5748 -5749 -5757 -5763 -5773 -5779 -5780 -5786 -5790 -5798
-5805 -5813 -5818 -5820 -5823 -5833 -5843 -5845 -5850 -5856 -5860 -5865 -5867 -5872 -5880 -5886 -5892 -5895
-5899 -5903 -5909 -5914 -5917 -5922 -5930 -5936 -5938 -5941 -5944 -5951 -5954 -5957 -5958 -5964 -5967 -5974
-5981 -5989 -5994 -6002 -6011 -6015 -6018 -6026 -6032 -6036 -6046 -6055 -6060 -6066 -6073 -6081 -6089 -6097
-6098 -6105 -6113 -6114 -6117 -6121 -6131 -6141 -6148 -6156 -6166 -6170 -6175 -6185 -6193 -6198 -6208 -6212
-6214 -6215 -6216 -6222 -6226 -6231 -6232 -6235 -6236 -6243 -6253 -6261 -6262 -6266 -6269 -6270 -6273 -6275
-6277 -6281 -6282 -6287 -6290 -6296 -6298 -6305 -6314 -6321 -6324 -6327 -6332 -6340 -6349 -6358 -6364 -6370
-6374 -6378 -6379 -6384 -6388 -6390 -6399 -6406 -6409 -6416 -6417 -6427 -6437 -6442 -6447 -6448 -6454 -6455
-6462 -6469 -6470 -6471 -6478 -6481 -6488 -6492 -6494 -6496 -6498 -6502 -6508 -6517 -6519 -6522 -6531 -6539
-6545 -6553 -6555 -6563 -6568 -6571 -6574 -6576 -6577 -6582 -6588 -6598 -6608 -6616 -6625 -6633 -6635 -6639
-6640 -6643 -6653 -6658 -6666 -6671 -6680 -6682 -6683 -6689 -6691 -6699 -6703 -6710 -6719 -6725 -6733 -6738
-6746 -6755 -6765 -6771 -6778 -6781 -6783 -6784 -6792 -6797 -6801 -6810 -6812 -6818 -6819 -6827 -6837 -6846
-6855 -6864 -6871 -6874 -6880 -6888 -6889 -6892 -6898 -6903 -6908 -6911 -6920 -6923 -6933 -6939 -6944 -6949
-6956 -6957 -6967 -6970 -6976 -6978 -6980 -6990 -6991 -6998 -7007 -7010 -7020 -7028 -7031 -7032 -7033 -7040
-7046 -7052 -7058 -7068 -7073 -7077 -7079 -7081 -7091 -7095 -7105 -7111 -7119 -7122 -7129 -7130 -7136 -7137
-7140 -7149 -7152 -7162 -7164 -7167 -7172 -7181 -7183 -7192 -7195 -7202 -7208 -7214 -7219 -7227 -7232 -7239
-7241 -7244 -7254 -7261 -7264 -7273 -7282 -7292 -7293 -7302 -7304 -7310 -7318 -7320 -7328 -7329 -7335 -7337
-7339 -7343 -7346 -7353 -7359 -7365 -7373 -7378 -7386 -7390 -7397 -7400 -7407 -7413 -7422 -7426 -7435 -7440
-7448 -7450 -7459 -7463 -7469 -7478 -7481 -7487 -7491 -7492 -7493 -7503 -7510 -7518 -7527 -7536 -7545 -7552
-7560 -7565 -7571 -7574 -7583 -7586 -7593 -7599 -7602 -7611 -7615 -7620 -7627 -7634 -7638 -7641 -7651 -7653
-7659 -7665 -7673 -7675 -7685 -7695 -7697 -7702 -7710 -7720 -7726 -7728 -7738 -7744 -7749 -7755 -7760 -7769
-7776 -7780 -7783 -7787 -7796 -7798 -7801 -7806 -7815 -7822 -7825 -7831 -7832 -7834 -7839 -7845 -7852 -7858
-7862 -7868 -7873 -7875 -7885 -7886 -7893 -7899 -7902 -7905 -7907 -7910 -7911 -7915 -7916 -7917 -7918 -7922
-7932 -7942 -7945 -7946 -7948 -7950 -7954 -7960 -7965 -7969 -7974 -7978 -7983 -7988 -7996 -8001 -8003 -8005
-8015 -8020 -8029 -8039 -8048 -8053 -8056 -8060 -8064 -8069 -8074 -8082 -8084 -8091 -8097 -8106 -8115 -8124
-8127 -8129 -8130 -8137 -8146 -8152 -8159 -8166 -8171 -8180 -8188 -8195 -8204 -8207 -8210 -8211 -8212 -8214
-8218 -8227 -8237 -8242 -8250 -8257 -8264 -8265 -8273 -8281 -8283 -8286 -8287 -8292 -8294 -8297 -8301 -8303
-8312 -8315 -8323 -8325 -8333 -8343 -8347 -8350 -8352 -8353 -8359 -8367 -8376 -8378 -8379 -8387 -8394 -8403
-8404 -8414 -8422 -8428 -8431 -8440 -8449 -8457 -8462 -8464 -8471 -8478 -8480 -8484 -8494 -8503 -8505 -8511
-8514 -8517 -8521 -8531 -8540 -8546 -8556 -8563 -8569 -8572 -8578 -8585 -8592 -8600 -8603 -8606 -8616 -8622
-8626 -8629 -8630 -8638 -8641 -8645 -8648 -8649 -8652 -8655 -8656 -8661 -8662 -8671 -8675 -8685 -8694 -8695
-8697 -8705 -8707 -8712 -8715 -8725 -8726 -8736 -8744 -8748 -8758 -8765 -8775 -8783 -8791 -8797 -8804 -8812
-8818 -8822 -8823 -8826 -8831 -8832 -8834 -8836 -8838 -8848 -8849 -8859 -8865 -8872 -8881 -8883 -8890 -8899
-8907 -8908 -8912 -8920 -8922 -8925 -8933 -8942 -8943 -8953 -8961 -8963 -8973 -8974 -8975 -8977 -8981 -8991
-8993 -8994 -8998 -9004 -9011 -9018 -9019 -9028 -9029 -9031 -9037 -9042 -9052 -9058 -9065 -9074 -9082 -9085
-9095 -9096 -9106 -9112 -9113 -9122 -9125 -9131 -9137 -9144 -9153 -9155 -9161 -9166 -9173 -9175 -9180 -9189
-9195 -9200 -9207 -9209 -9219 -9223 -9226 -9227 -9232 -9242 -9251 -9255 -9265 -9269 -9270 -9276 -9277 -9283
-9284 -9289 -9297 -9298 -9307 -9308 -9313 -9314 -9319 -9327 -9330 -9332 -9338 -9347 -9348 -9350 -9355 -9360
-9368 -9372 -9377 -9378 -9382 -9386 -9387 -9393 -9400 -9403 -9406 -9416 -9425 -9435 -9443 -9447 -9455 -9462
-9468 -9475 -9481 -9489 -9494 -9499 -9503 -9506 -9515 -9517 -9524 -9525 -9529 -9533 -9534 -9536 -9543 -9548
-9553 -9558 -9566 -9571 -9573 -9578 -9588 -9590 -9598 -9604 -9613 -9619 -9623 -9627 -9635 -9640 -9645 -9646
-9652 -9662 -9666 -9672 -9675 -9676 -9679 -9684 -9687 -9696 -9701 -9704 -9714 -9717 -9718 -9720 -9723 -9726
-9732 -9733 -9738 -9743 -9750 -9755 -9765 -9772 -9777 -9784 -9790 -9797 -9802 -9808 -9810 -9811 -9820 -9821
-9824 -9830 -9835 -9845 -9851 -9855 -9865 -9871 -9875 -9882 -9891 -9899 -9903 -9911 -9914 -9919 -9925 -9930
-9940 -9943 -9948 -9953 -9954 -9962 -9971 -9980 -9985 -9987 -9992 -9996 -10006 -10013 -10014 -10023 -10032 -10039
-10041 -10049 -10056 -10060 -10065 -10074 -10075 -10077 -10082 -10084 -10085 -10091 -10094 -10101 -10108 -10115 -10118 -10126
-10136 -10144 -10147 -10156 -10165 -10166 -10169 -10170 -10174 -10183 -10187 -10191 -10194 -10198 -10206 -10212 -10213 -10219
-10229 -10233 -10242 -10249 -10258 -10262 -10270 -10274 -10276 -10283 -10285 -10295 -10298 -10305 -10309 -10314 -10324 -10326
-10331 -10339 -10345 -10350 -10357 -10363 -10372 -10379 -10383 -10387 -10395 -10401 -10405 -10409 -10419 -10427 -10430 -10436
-10439 -10445 -10454 -10460 -10464 -10471 -10475 -10476 -10477 -10487 -10497 -10502 -10509 -10519 -10525 -10531 -10538 -10544
-10547 -10552 -10555 -10559 -10569 -10576 -10582 -10585 -10593 -10594 -10601 -10603 -10607 -10609 -10612 -10613 -10623 -10629
-10633 -10638 -10640 -10641 -10651 -10655 -10660 -10670 -10677 -10679 -10683 -10689 -10692 -10702 -10712 -10720 -10722 -10731
-10738 -10746 -10755 -10760 -10769 -10779 -10789 -10790 -10796 -10805 -10811 -10819 -10828 -10831 -10839 -10846 -10848 -10852
-10855 -10857 -10860 -10868 -10870 -10873 -10874 -10877 -10880 -10883 -10884 -10894 -10904 -10910 -10918 -10924 -10925 -10931
-10939 -10947 -10951 -10958 -10959 -10963 -10968 -10969 -10972 -10980 -10986 -10988 -10992 -11001 -11009 -11018 -11020 -11030
-11035 -11038 -11044 -11049 -11056 -11061 -11069 -11076 -11080 -11083 -11089 -11097 -11099 -11103 -11113 -11114 -11120 -11124
-11134 -11144 -11150 -11160 -11167 -11172 -11182 -11192 -11200 -11201 -11207 -11211 -11221 -11230 -11233 -11235 -11244 -11253
-11262 -11264 -11265 -11270 -11279 -11288 -11293 -11302 -11310 -11315 -11324 -11331 -11333 -11337 -11343 -11345 -11349 -11353
-11356 -11362 -11369 -11371 -11372 -11377 -11385 -11392 -11402 -11408 -11418 -11422 -11428 -11435 -11445 -11453 -11454 -11455
-11460 -11462 -11465 -11466 -11468 -11472 -11475 -11479 -11487 -11490 -11493 -11498 -11508 -11512 -11521 -11527 -11528 -11533
-11537 -11542 -11550 -11559 -11563 -11566 -11569 -11572 -11576 -11580 -11585 -11588 -11591 -11593 -11598 -11605 -11612 -11615
-11617 -11624 -11626 -11632 -11641 -11643 -11648 -11656 -11658 -11664 -11670 -11679 -11685 -11686 -11691 -11696 -11697 -11706
-11710 -11717 -11718 -11722 -11726 -11736 -11746 -11748 -11757 -11764 -11774 -11781 -11782 -11783 -11790 -11791 -11795 -11801
-11811 -11815 -11819 -11821 -11828 -11833 -11835 -11837 -11842 -11848 -11854 -11859 -11869 -11874 -11877 -11886 -11890 -11893
-11895 -11903 -11913 -11914 -11917 -11924 -11934 -11939 -11940 -11950 -11960 -11969 -11973 -11976 -11982 -11985 -11991 -11992
-12000 -12005 -12008 -12018 -12022 -12024 -12033 -12042 -12047 -12057 -12063 -12067 -12076 -12085 -12087 -12088 -12090 -12098
-12103 -12109 -12117 -12123 -12126 -12128 -12131 -12140 -12149 -12156 -12163 -12173 -12176 -12186 -12187 -12191 -12196 -12206
-12210 -12213 -12222 -12228 -12236 -12240 -12247 -12248 -12258 -12260 -12270 -12277 -12287 -12288 -12291 -12293 -12296 -12298
-12300 -12306 -12307 -12313 -12316 -12323 -12333 -12340 -12343 -12351 -12361 -12365 -12366 -12375 -12377 -12385 -12389 -12393
-12395 -12396 -12404 -12408 -12412 -12419 -12426 -12433 -12440 -12450 -12457 -12459 -12460 -12468 -12471 -12480 -12487 -12492
-12498 -12499 -12504 -12514 -12524 -12528 -12538 -12541 -12543 -12551 -12561 -12564 -12574 -12578 -12586 -12593 -12595 -12605
-12611 -12621 -12624 -12625 -12633 -12638 -12645 -12655 -12658 -12659 -12667 -12668 -12671 -12680 -12681 -12688 -12692 -12699
-12707 -12712 -12714 -12721 -12723 -12733 -12734 -12737 -12747 -12757 -12760 -12770 -12777 -12786 -12792 -12796 -12806 -12808
-12811 -12815 -12816 -12823 -12833 -12842 -12847 -12853 -12863 -12870 -12880 -12887 -12888 -12892 -12895 -12899 -12902 -12910
-12911 -12913 -12921 -12929 -12937 -12939 -12941 -12946 -12951 -12959 -12962 -12963 -12968 -12978 -12985 -12993 -13002 -13010
-13016 -13025 -13035 -13038 -13047 -13048 -13053 -13054 -13059 -13063 -13065 -13071 -13072 -13075 -13080 -13082 -13092 -13097
-13102 -13106 -13107 -13113 -13117 -13126 -13133 -13141 -13143 -13145 -13150 -13157 -13158 -13164 -13171 -13176 -13180 -13186
-13196 -13204 -13211 -13219 -13223 -13226 -13236 -13243 -13249 -13255 -13256 -13265 -13274 -13282 -13286 -13296 -13302 -13312
-13319 -13328 -13333 -13338 -13340 -13349 -13350 -13354 -13362 -13370 -13374 -13379 -13380 -13390 -13394 -13396 -13400 -13406
-13410 -13418 -13423 -13429 -13437 -13439 -13448 -13457 -13466 -13471 -13479 -13482 -13492 -13496 -13497 -13498 -13500 -13509
-13518 -13524 -13526 -13531 -13534 -13542 -13544 -13553 -13554 -13562 -13565 -13572 -13575 -13577 -13585 -13595 -13598 -13605
-13614 -13620 -13627 -13629 -13634 -13637 -13646 -13654 -13662 -13670 -13672 -13678 -13684 -13686 -13687 -13697 -13703 -13710
-13714 -13715 -13721 -13729 -13730 -13731 -13733 -13740 -13746 -13749 -13758 -13767 -13768 -13769 -13770 -13772 -13776 -13785
-13793 -13801 -13810 -13816 -13822 -13828 -13834 -13841 -13845 -13853 -13854 -13862 -13866 -13870 -13873 -13880 -13890 -13900
-13910 -13920 -13930 -13940 -13949 -13952 -13957 -13966 -13975 -13981 -13989 -13995 -14002 -14003 -14004 -14007 -14015 -14022
-14029 -14035 -14044 -14052 -14061 -14068 -14073 -14074 -14075 -14076 -14079 -14082 -14092 -14094 -14102 -14110 -14117 -14123
-14124 -14130 -14133 -14143 -14144 -14147 -14151 -14152 -14160 -14170 -14178 -14186 -14191 -14193 -14201 -14209 -14219 -14227
-14236 -14245 -14249 -14254 -14259 -14263 -14269 -14276 -14286 -14295 -14300 -14302 -14312 -14313 -14317 -14327 -14335 -14339
-14347 -14356 -14363 -14365 -14372 -14378 -14385 -14395 -14402 -14412 -14421 -14424 -14429 -14439 -14446 -14456 -14466 -14469
-14474 -14482 -14486 -14488 -14492 -14499 -14507 -14509 -14512 -14514 -14520 -14529 -14531 -14533 -14541 -14543 -14545 -14554
-14555 -14559 -14561 -14570 -14577 -14585 -14593 -14602 -14604 -14605 -14613 -14617 -14626 -14630 -14633 -14638 -14648 -14651
-14655 -14661 -14662 -14667 -14676 -14683 -14693 -14697 -14703 -14710 -14719 -14726 -14736 -14739 -14743 -14751 -14752 -14759
-14760 -14763 -14767 -14774 -14784 -14794 -14798 -14800 -14802 -14803 -14811 -14817 -14825 -14827 -14837 -14841 -14851 -14858
-14865 -14870 -14873 -14882 -14889 -14894 -14904 -14912 -14922 -14926 -14930 -14933 -14937 -14945 -14949 -14952 -14954 -14961
-14965 -14973 -14983 -14989 -14996 -14997 -15000 -15009 -15019 -15021 -15023 -15026 -15035 -15039 -15044 -15053 -15063 -15068
-15071 -15074 -15075 -15077 -15085 -15091 -15096 -15098 -15107 -15111 -15113 -15116 -15117 -15127 -15133 -15139 -15144 -15146
-15154 -15159 -15163 -15167 -15174 -15179 -15183 -15189 -15194 -15195 -15205 -15214 -15223 -15225 -15233 -15234 -15235 -15236
-15239 -15242 -15248 -15258 -15268 -15274 -15275 -15280 -15288 -15290 -15294 -15299 -15306 -15314 -15320 -15330 -15334 -15335
-15344 -15346 -15354 -15360 -15365 -15368 -15371 -15376 -15378 -15386 -15387 -15394 -15396 -15402 -15407 -15416 -15424 -15434
-15443 -15449 -15457 -15459 -15464 -15470 -15478 -15484 -15494 -15504 -15505 -15509 -15517 -15527 -15532 -15533 -15541 -15544
-15547 -15549 -15557 -15563 -15566 -15572 -15577 -15580 -15582 -15584 -15588 -15594 -15599 -15602 -15607 -15617 -15618 -15620
-15628 -15638 -15643 -15648 -15657 -15667 -15672 -15674 -15680 -15687 -15692 -15695 -15697 -15699 -15708 -15718 -15720 -15725
-15727 -15736 -15741 -15742 -15746 -15750 -15752 -15760 -15769 -15777 -15778 -15779 -15783 -15793 -15799 -15800 -15806 -15809
-15814 -15820 -15825 -15834 -15839 -15843 -15852 -15855 -15862 -15867 -15876 -15882 -15886 -15894 -15896 -15901 -15906 -15913
-15921 -15928 -15930 -15932 -15934 -15943 -15949 -15958 -15963 -15972 -15982 -15983 -15987 -15994 -16001 -16007 -16015 -16023
-16027 -16029 -16033 -16043 -16049 -16057 -16065 -16069 -16075 -16085 -16092 -16094 -16095 -16103 -16106 -16113 -16115 -16121
-16126 -16127 -16135 -16138 -16141 -16151 -16154 -16163 -16167 -16177 -16178 -16179 -16189 -16192 -16197 -16202 -16208 -16215
-16221 -16228 -16236 -16237 -16240 -16247 -16256 -16257 -16260 -16270 -16273 -16274 -16282 -16286 -16291 -16294 -16301 -16303
-16308 -16318 -16327 -16328 -16330 -16331 -16334 -16341 -16348 -16356 -16360 -16365 -16366 -16369 -16370 -16374 -16377 -16381
-16386 -16395 -16399 -16407 -16415 -16418 -16428 -16435 -16442 -16446 -16451 -16453 -16455 -16457 -16466 -16475 -16485 -16486
-16492 -16493 -16498 -16501 -16508 -16511 -16515 -16517 -16521 -16529 -16534 -16541 -16547 -16549 -16550 -16556 -16565 -16573
-16577 -16584 -16591 -16592 -16594 -16604 -16608 -16611 -16613 -16615 -16620 -16630 -16640 -16641 -16649 -16652 -16657 -16665
-16673 -16679 -16681 -16691 -16693 -16700 -16701 -16704 -16714 -16724 -16726 -16734 -16740 -16746 -16749 -16756 -16760 -16766
-16775 -16779 -16780 -16783 -16793 -16795 -16796 -16797 -16806 -16811 -16813 -16818 -16823 -16826 -16830 -16838 -16843 -16846
-16848 -16850 -16852 -16860 -16861 -16866 -16876 -16879 -16884 -16893 -16901 -16907 -16914 -16923 -16924 -16928 -16929 -16934
-16942 -16947 -16951 -16959 -16968 -16975 -16982 -16992 -17001 -17010 -17019 -17020 -17028 -17035 -17036 -17039 -17041 -17042
-17043 -17053 -17063 -17066 -17069 -17077 -17086 -17093 -17099 -17108 -17111 -17112 -17117 -17118 -17126 -17127 -17134 -17138
-17147 -17150 -17156 -17160 -17161 -17171 -17176 -17182 -17185 -17192 -17200 -17201 -17211 -17212 -17217 -17227 -17231 -17235
-17236 -17244 -17249 -17250 -17256 -17259 -17268 -17278 -17288 -17294 -17304 -17306 -17314 -17324 -17326 -17328 -17332 -17336
-17337 -17340 -17346 -17350 -17360 -17369 -17377 -17384 -17387 -17389 -17390 -17397 -17406 -17413 -17422 -17428 -17437 -17441
-17443 -17450 -17457 -17462 -17464 -17472 -17478 -17484 -17493 -17495 -17500 -17508 -17517 -17519 -17529 -17532 -17540 -17550
-17558 -17562 -17572 -17578 -17581 -17589 -17598 -17600 -17610 -17620 -17629 -17637 -17644 -17653 -17659 -17664 -17666 -17669
-17676 -17686 -17688 -17697 -17705 -17713 -17719 -17726 -17727 -17729 -17734 -17736 -17738 -17747 -17751 -17754 -17757 -17766
-17773 -17782 -17783 -17789 -17799 -17804 -17814 -17823 -17831 -17837 -17839 -17842 -17851 -17853 -17861 -17871 -17873 -17876
-17882 -17891 -17897 -17904 -17911 -17913 -17914 -17919 -17924 -17926 -17934 -17936 -17943 -17953 -17957 -17962 -17968 -17978
-17987 -17991 -17997 -17998 -17999 -18006 -18013 -18015 -18018 -18028 -18033 -18043 -18053 -18061 -18066 -18071 -18072 -18078
-18084 -18091 -18099 -18109 -18110 -18114 -18121 -18126 -18134 -18138 -18142 -18147 -18154 -18155 -18162 -18165 -18170 -18172
-18175 -18185 -18190 -18198 -18205 -18206 -18210 -18220 -18228 -18229 -18236 -18241 -18251 -18255 -18264 -18269 -18279 -18282
-18286 -18293 -18299 -18309 -18315 -18321 -18331 -18334 -18338 -18344 -18353 -18359 -18362 -18367 -18375 -18376 -18378 -18385
-18386 -18391 -18401 -18406 -18407 -18415 -18418 -18423 -18433 -18436 -18440 -18444 -18450 -18456 -18457 -18459 -18462 -18467
-18471 -18472 -18480 -18489 -18498 -18504 -18514 -18515 -18524 -18533 -18541 -18545 -18548 -18555 -18560 -18567 -18568 -18573
-18583 -18588 -18591 -18592 -18597 -18604 -18613 -18617 -18626 -18628 -18638 -18647 -18652 -18661 -18666 -18668 -18669 -18676
-18682 -18685 -18686 -18695 -18701 -18711 -18715 -18720 -18722 -18723 -18729 -18734 -18739 -18745 -18753 -18761 -18763 -18773
-18775 -18778 -18786 -18794 -18800 -18807 -18808 -18813 -18815 -18819 -18826 -18834 -18840 -18845 -18851 -18857 -18859 -18869
-18877 -18883 -18888 -18889 -18890 -18899 -18904 -18906 -18907 -18908 -18909 -18918 -18921 -18928 -18937 -18938 -18939 -18946
-18953 -18955 -18963 -18973 -18978 -18983 -18989 -18991 -18994 -19001 -19002 -19006 -19008 -19013 -19020 -19028 -19034 -19040
-19049 -19059 -19065 -19066 -19070 -19078 -19085 -19093 -19100 -19104 -19111 -19117 -19123 -19127 -19129 -19130 -19140 -19144
-19149 -19151 -19157 -19160 -19167 -19172 -19179 -19183 -19189 -19199 -19206 -19210 -19219 -19224 -19233 -19235 -19245 -19255
-19263 -19265 -19266 -19269 -19277 -19282 -19283 -19286 -19293 -19295 -19302 -19305 -19315 -19320 -19326 -19334 -19337 -19347
-19348 -19357 -19362 -19371 -19375 -19383 -19386 -19391 -19397 -19400 -19406 -19412 -19416 -19419 -19424 -19434 -19436 -19440
-19448 -19449 -19458 -19464 -19465 -19472 -19473 -19477 -19479 -19487 -19490 -19495 -19499 -19502 -19505 -19506 -19512 -19518
-19528 -19536 -19542 -19544 -19551 -19559 -19567 -19570 -19572 -19582 -19583 -19589 -19594 -19597 -19602 -19606 -19614 -19619
-19624 -19631 -19634 -19642 -19650 -19651 -19660 -19668 -19674 -19681 -19686 -19690 -19692 -19702 -19705 -19711 -19713 -19719
-19727 -19735 -19738 -19748 -19757 -19758 -19768 -19772 -19774 -19783 -19793 -19794 -19797 -19806 -19815 -19824 -19832 -19838
-19848 -19856 -19866 -19875 -19880 -19889 -19894 -19896 -19905 -19911 -19919 -19924 -19931 -19933 -19938 -19944 -19951 -19957
-19963 -19964 -19969 -19978 -19979 -19987 -19995 -20000 -20010 -20017 -20022 -20031 -20040 -20041 -20042 -20049 -20055 -20056
-20059 -20061 -20064 -20070 -20076 -20083 -20086 -20091 -20096 -20105 -20106 -20107 -20109 -20119 -20128 -20135 -20138 -20139
-20147 -20149 -20153 -20154 -20160 -20163 -20169 -20179 -20189 -20198 -20205 -20206 -20209 -20219 -20220 -20223 -20228 -20229
-20238 -20247 -20252 -20262 -20263 -20267 -20272 -20279 -20282 -20287 -20296 -20305 -20313 -20318 -20327 -20328 -20330 -20338
-20339 -20343 -20347 -20352 -20361 -20370 -20380 -20387 -20389 -20398 -20399 -20402 -20403 -20411 -20421 -20428 -20435 -20440
-20441 -20446 -20450 -20453 -20457 -20466 -20475 -20485 -20493 -20499 -20507 -20508 -20517 -20519 -20521 -20529 -20532 -20539
-20549 -20556 -20560 -20562 -20569 -20575 -20576 -20583 -20588 -20594 -20601 -20611 -20619 -20623 -20624 -20625 -20633 -20636
-20645 -20648 -20657 -20667 -20673 -20680 -20689 -20699 -20700 -20708 -20712 -20713 -20721 -20722 -20727 -20732 -20739 -20746
-20748 -20757 -20767 -20772 -20777 -20778 -20783 -20792 -20802 -20811 -20817 -20826 -20834 -20841 -20843 -20846 -20847 -20854
-20856 -20861 -20865 -20869 -20871 -20879 -20886 -20889 -20890 -20892 -20901 -20902 -20912 -20920 -20930 -20932 -20936 -20944
-20950 -20956 -20965 -20974 -20975 -20981 -20985 -20987 -20991 -20992 -21002 -21011 -21015 -21022 -21030 -21039 -21040 -21044
-21045 -21054 -21056 -21058 -21066 -21071 -21080 -21085 -21093 -21094 -21102 -21103 -21111 -21116 -21123 -21133 -21140 -21143
-21152 -21159 -21161 -21162 -21171 -21172 -21178 -21182 -21185 -21189 -21196 -21200 -21207 -21209 -21213 -21214 -21222 -21224
-21226 -21232 -21239 -21244 -21254 -21257 -21261 -21266 -21272 -21277 -21286 -21293 -21300 -21306 -21310 -21315 -21321 -21328
-21338 -21345 -21353 -21354 -21355 -21358 -21367 -21374 -21383 -21389 -21396 -21403 -21412 -21418 -21425 -21431 -21438 -21439
-21447 -21457 -21461 -21464 -21466 -21470 -21476 -21484 -21489 -21493
