-590 -590 -590 -590 -590 -590 -590 -590 -590 -590 -590 -590 -590 -590 -590 -590 -590 -590
-590 -590 -590 -590 -590 -590 -590 -590 -590 -590 -590 -590 -590 -590 -590 -590 -590 -590
-590 -590 -590 -590 -590 -590 -590 -590 -590 -590 -590 -590 -590 -590 -590 -590 -590 -590
-590 -590 -590 -590 -590 -590 -590 -590 -590 -590 -590 -590 -590 -590 -590 -590 -590 -590
-590 -590 -590 -590 -590 -590 -590 -590 -590 -590 -590 -590 -590 -590 -590 -590 -590 -590
-590 -590 -590 -590 -590 -590 -590 -285 -285 -285 -285 -285 -285 -285 -285 -285 -285 -285
-285 -285 -285 -285 -285 -285 -285 -285 -285 -285 -285 -285 -285 -285 -285 -285 -285 -285
-285 -285 -285 -285 -285 -285 -285 -285 -285 -285 -285 -285 -285 -285 -285 -285 -285 -285
-285 -285 -285 -285 -285 -285 -285 -285 -285 -285 -285 -285 -285 -285 -285 -285 -285 -285
-285 -285 -285 -285 -285 -285 -285 -285 -285 -285 -285 -285 -285 -285 -285 -285 -285 -285
-285 -285 -285 -285 -285 -285 -285 -285 -285 -285 -285 -285 -285 -285 -285 -285 -285 -285
-285 -285 -285 -285 -285 -285 -285 -285 -285 -285 -285 -285 -285 -285 -285 -285 -285 -285
-285 -285 -285 -285 -285 -285 -285 -285 -285 -285 -285 -285 -285 -285 -285 -285 -285 -285
-285 -285 -285 -285 -285 -285 -285 -285 -285 -285 -285 -285 -285 -285 -285 -285 -285 -285
-285 -285 -285 -285 -285 -285 -285 -285 -285 -285 -285 -285 -285 -285 -285 -285 -285 -285
-285 -285 -285 -285 -285 -285 -285 -285 -285 -285 -285 -285 -285 -285 -285 -285 -285 -285
-285 -285 -285 -285 -285 -285 -285 -285 -285 -285 -285 -285 -285 -285 -285 -285 -285 -285
-285 -285 -285 -285 -285 -285 -285 -285 -285 -285 -285 -285 -285 -285 -285 -285 -285 -285
-285 -285 -285 -285 -285 -285 -285 -285 -285 -285 -285 -285 -285 -285 -285 -285 -285 -285
-285 -285 -285 -285 -303 -303 -303 -303 -303 -303 -303 -303 -303 -303 -303 -303 -303 -303
-303 -303 -303 -303 -303 -303 -303 -303 -303 -303 -303 -303 -303 -303 -303 -303 -303 -303
-303 -303 -303 -303 -303 -303 -303 -303 -303 -303 -303 -303 -303 -303 -303 -303 -303 -303
-303 -303 -303 -303 -303 -303 -303 -303 -303 -303 -303 -303 -303 -303 -303 -303 -303 -303
-303 -303 -303 -303 -303 -303 -303 -303 -303 -303 -303 -303 -303 -303 -303 -303 -303 -303
-303 -303 -303 -303 -303 -303 -303 -303 -303 -303 -303 -303 -303 -303 -303 -303 -303 -303
-303 -303 -303 -303 -303 -303 -303 -303 -303 -303 -303 -303 -303 -303 -303 -303 -303 -303
-303 -303 -303 -303 -303 -303 -303 -303 -303 -303 -303 -303 -303 -303 -303 -303 -303 -303
-303 -303 -303 -303 -303 -303 -303 -303 -303 -303 -303 -303 -303 -303 -303 -303 -303 -303
-303 -303 -303 -303 -303 -303 -303 -303 -303 -303 -303 -303 -303 -303 -303 -303 -303 -303
-303 -303 -303 -303 -303 -303 -303 -303 -303 -303 -303 -303 -303 -303 -303 -303 -303 -303
-303 -303 -303 -303 -303 -303 -303 -303 -303 -303 -303 -303 -303 -303 -303 -303 -303 -303
-303 -303 -303 -303 -303 -303 -303 -303 -303 -303 -303 -303 -303 -303 -303 -303 -303 -303
-303 -303 -303 -303 -303 -303 -303 -303 -303 -303 -303 -303 -303 -303 -303 -303 -303 -303
-303 -303 -303 -303 -303 -303 -303 -303 -303 -303 -303 -303 -303 -303 -303 -303 -303 -303
-303 -303 -303 -303 -303 -303 -303 -303 -303 -303 -303 -303 -303 -303 -303 -303 -303 -303
-303 -303 -303 -303 -303 -303 -303 -303 -303 -303 -303 -303 -303 -303 -303 -303 -303 -303
-303 -303 -303 -303 -303 -303 -303 -303 -303 -303 -303 -303 -303 -303 -303 -303 -303 -303
-303 -303 -303 -303 -303 -303 -303 -303 -303 -303 -303 -303 -303 -303 -303 -303 -303 -303
-303 -303 -303 -303 -303 -303 -303 -303 -303 -303 -303 -303 -303 -303 -303 -303 -303 -303
-303 -303 -303 -303 -303 -303 -303 -303 -303 -303 -303 -303 -303 -303 -303 -303 -303 -303
-303 -303 -303 -303 -303 -303 -303 -303 -303 -303 -303 -303 -303 -303 -303 -303 -303 -303
-303 -303 -303 -303 -303 -303 -303 -303 -303 -303 -303 -303 -303 -303 -303 -303 -303 -303
-303 -303 -303 -303 -303 -303 -303 -303 -303 -303 -303 -303 -303 -303 -303 -303 -303 -303
-303 -303 -303 -303 -303 -303 -303 -303 -303 -303 -303 -303 -303 -303 -303 -303 -303 -303
-303 -303 -303 -303 -303 -303 -303 -303 -303 -303 -303 -303 -303 -303 -303 -303 -303 -303
-303 -303 -303 -303 -303 -303 -303 -303 -303 -303 -303 -303 -303 -303 -303 -303 -303 -303
-303 -303 -303 -303 -303 -303 -303 -303 -303 -303 -303 -303 -303 -303 -303 -303 -303 -303
-303 -303 -303 -303 -303 -303 -303 -303 -303 -303 -303 -303 -303 -303 -303 -303 -303 -303
-303 -303 -303 -303 -303 -303 -303 -303 -303 -303 -303 -303 -303 -303 -303 -303 -303 -303
-303 -303 -303 -303 -303 -303 -303 -303 -303 -303 -303 -303 -303 -303 -303 -303 -303 -303
-303 -303 -303 -303 -303 -303 -303 -303 -303 -303 -303 -303 -303 -303 -303 -303 -303 -303
-303 -303 -303 -303 -303 -303 -303 -303 -303 -303 -303 909 909 909 909 909 909 909
909 909 909 909 909 909 909 909 909 909 909 909 909 909 909 909 909 909
909 909 909 909 909 909 909 909 909 909 909 909 909 909 909 909 909 909
909 909 909 909 909 909 909 909 909 909 909 909 909 909 909 909 909 909
909 909 909 909 909 909 909 909 909 909 909 909 909 909 909 909 909 909
909 909 909 909 909 909 909 909 909 909 909 909 909 909 909 909
