1318 1318 1318 1318 1318 1318 1318 1318 1318 1318 1318 1318 1318 1318 1318 1318 1318 1318
1318 1318 1318 1318 1318 1318 1318 1318 1318 1318 1318 1318 1318 1318 1318 1318 1318 1318
1318 1318 1318 1318 1318 1318 1318 1318 1318 1318 1318 1318 1318 1318 1318 1318 1318 1318
1318 1318 1318 1318 1318 1318 1318 1318 1318 1318 1318 1318 1318 1318 1318 1318 1318 1318
1318 1318 1318 1318 1318 1318 1318 1318 1318 1318 1318 1318 1318 1318 1318 1318 1318 1318
1318 1318 1318 1318 1318 1318 1318 1318 1318 1318 1318 1318 1318 1318 1318 1318 1318 1318
1318 1318 1318 1318 1318 1318 1318 1318 1318 1318 1318 1318 1318 1318 1318 1318 1318 1318
1318 1318 1318 1318 1318 1318 1318 1318 1318 1318 1318 1318 1318 1318 1318 1318 1318 1318
1318 1318 1318 1318 1318 1318 1318 1318 1318 1318 1318 1318 -547 -547 -547 -547 -547 -547
-547 -547 -547 -547 -547 -547 -547 -547 -547 -547 -547 -547 -547 -547 -547 -547 -547 -547
-547 -547 -547 -547 -547 -547 -547 -547 -547 -547 -547 -547 -547 -547 -547 -547 -547 -547
-547 -547 -547 -547 -547 -547 -547 -547 -547 -547 -547 -547 -547 -547 -547 -547 -547 -547
-547 -547 -547 -547 -547 -547 -547 -547 -547 -547 -547 -547 -547 -547 -547 -547 -547 -547
-547 -547 -547 -547 -547 -547 -547 -547 -547 -547 -547 -547 -547 -547 -547 -547 -547 -547
-547 -547 -547 -547 -547 -547 -547 -547 -547 -547 -547 -547 -547 -547 -547 -547 -547 -547
-547 -547 -547 -547 -547 -547 -547 -547 -547 -547 -547 -547 -547 -547 -547 -547 -547 -547
-547 -547 -547 -547 -547 -547 -547 -547 -547 -547 -547 -547 -547 -547 -547 -547 -547 -547
-547 -547 -547 -547 -547 -547 -547 -547 -547 -547 -547 -547 -547 -547 -547 -547 -547 -547
-547 -547 -547 -547 -547 -547 -547 -547 -547 -547 -547 -547 -547 -547 -547 -547 -547 -547
-547 -547 -547 -547 -547 -547 -547 -547 -547 -547 -547 -547 -547 -547 -547 -547 -547 -547
-547 -547 -547 -547 -547 -547 -547 -547 -547 -547 -547 -547 -547 -547 -547 -547 -547 -547
-547 -547 -547 -547 -547 -547 -547 -547 -547 -547 -547 -547 -547 -547 -547 -547 -547 -547
-547 -547 -547 -547 -547 -547 -547 -547 -547 -547 -547 -547 -547 -547 -547 -547 -547 -547
-547 -547 -547 -547 -547 -547 -547 -547 -547 -547 -547 -547 -547 -547 -547 -547 -547 -547
-547 -547 -547 -547 -547 -547 -547 -547 -547 -547 -547 -547 -547 -547 -547 -547 -547 -547
-547 -547 -547 -547 -547 -547 -547 -547 -547 -547 -547 -547 -547 -547 -547 -547 -547 -547
-547 -547 -547 -547 -547 -547 -547 -547 -547 -547 -547 -547 -547 -547 -547 -547 -547 -547
-547 -547 -547 -547 -547 -547 -547 -547 -547 -547 -547 -547 -547 -547 -547 -547 -547 -547
-547 -547 -547 -547 -547 -547 -547 -547 -547 -547 -547 -547 -547 -547 -547 -547 -547 -547
-547 -547 -547 -547 -547 -547 -547 -547 -547 -547 -547 -547 -547 -547 -547 -547 -547 -547
-547 -547 -547 -547 -547 -547 -547 -547 -547 -547 -547 -547 -547 -547 -547 -547 -547 -547
-547 -547 -547 -547 -547 -547 -547 -547 -547 -547 -547 -547 -547 -547 -547 -547 -547 -547
-547 -547 -547 -547 -547 -547 -547 -547 -547 -547 -547 -547 -547 -547 -547 -547 -547 -547
-547 -547 -547 -547 -547 -547 -547 -547 -547 -547 -547 -547 -547 -547 -547 -547 -547 -547
-547 -547 -547 -547 -547 -547 -547 -547 -547 -547 -547 -547 -547 -547 -547 -547 -547 -547
-547 -547 -547 -547 -547 -547 -547 -547 -547 -547 -547 -547 -547 -547 -547 -547 -547 -547
-547 -547 -547 -547 -547 -547 -547 -547 -547 -547 -547 -547 -547 -547 -547 -547 -547 -547
-547 -547 -547 -547 -547 -547 -547 -547 -547 -547 -547 -547 -547 -547 -547 -547 -547 -547
-547 -547 -547 -547 -547 -547 -547 -547 -547 -547 -547 -547 -547 -547 -547 -547 -547 -547
-547 -547 -547 -547 -547 -547 -547 -547 -547 -547 -547 -547 -547 -547 -547 -547 -547 -547
-547 -547 -547 -547 -547 -547 -547 -547 -547 -547 -547 -547 -547 -547 -547 -547 -547 -547
-547 -547 -547 -547 -547 -547 -547 -547 -547 -547 -547 -547 -547 -547 -547 -547 -547 -547
-547 -547 -547 -547 -547 -547 -547 -547 -547 -547 -547 -547 -547 -547 -547 -547 -547 -547
-547 -547 -547 -547 -547 -547 -547 -547 -547 -547 -547 -547 -547 -547 -547 -547 -547 -547
-547 -547 -547 -547 -547 -547 -547 -547 -547 -547 -547 -547 -547 -547 -547 -547 -547 -547
-547 -547 -547 -547 -547 -547 -547 -547 -547 -547 -547 -547 -547 -547 -547 -547 -547 -547
-547 -547 -547 -547 -547 -547 -547 -547 -547 -547 -547 -547 -547 -547 -547 -547 -547 -547
-547 -547 -547 -547 -547 -547 -547 -547 -547 -547 -547 -547 -547 -547 -547 -547 -547 -547
-547 -547 -547 -547 -547 -547 -547 -547 -547 -547 -547 -547 -547 -547 -547 -547 -547 -547
-547 -547 -547 -547 -547 -547 -547 -547 -547 -547 -547 -547 -547 -547 -547 -547 -547 -547
-547 -547 -547 -547 -547 -547 -547 -547 -547 -547 -547 -547 -547 -547 -547 -547 -547 -547
-547 -547 -547 -547 -547 -547 -547 -547 -547 -547 -547 -547 -547 -547 -547 -547 -547 -547
-547 -547 -547 -547 -547 -547 -547 -547 -547 -547 -547 -547 -547 -547 -547 -547 -547 -547
-547 -547 -547 -547 -547 -547 -547 -547 -547 -547 -547 -547 -547 -547 -547 -547 -547 -547
-547 -547 -547 -547 -547 -547 -547 -547 -547 -547 -547 -547 -547 -547 -547 -547 -547 -547
-547 -547 -547 -547 -547 -547 -547 -547 -547 -547 -547 -547 -547 -547 -547 -547 -547 -547
-547 -547 -547 -547 -547 -547 -547 -547 -547 -547 -547 -547 -547 -547 -547 -547 -547 -547
-547 -547 -547 -547 -547 -547 -547 -547 -547 -547 -547 -547 -547 -547 -547 -547 -547 -547
-547 -547 -547 -547 -547 -547 -547 -547 -547 -547 -547 -547 -547 -547 -547 -547 -547 -547
-547 -547 -547 -547 -547 -547 -547 -547 -547 -547 -547 -547 -547 -547 -547 -547 -547 -547
-547 -547 -547 -547 -547 -547 -547 -547 -547 -547 -547 -547 -547 -547 -547 -547 -547 -547
-547 -547 -547 -547 -547 -547 -547 -547 -547 -547 -547 -547 -547 -547 -547 -547 -547 -547
-547 -547 -547 -547 -547 -547 -547 -547 -547 -547 -547 -547 -547 -547 -547 -547 -547 -547
-547 -547 -547 -547 -547 -547 -547 -547 -547 -547 -547 -547 -547 -547 -547 -547 -547 -547
-547 -547 -547 -547 -547 -547 -547 -547 -547 -547 -547 -547 -547 -547 -547 -547 -547 -547
-547 -547 -547 -547 -547 -547 -547 -547 -547 -547 -547 -547 -547 -547 -547 -547 -547 -547
-547 -547 -547 -547 -547 -547 -547 -547 -547 -547 -547 -547 -547 -547 -547 -547 -547 -547
-547 -547 -547 -547 -547 -547 -547 -547 -547 -547 -547 -547 -547 -547 -547 -547 -547 -547
-547 -547 -547 -547 -547 -547 -547 -547 -547 -547 -547 -547 -547 -547 -547 -547 -547 -547
-547 -547 -547 -547 -547 -547 -547 -547 -547 -547 -547 -547 -547 -547 -547 -547 -547 -547
-547 -1742 -1742 -1742 -1742 -1742 -1742 -1742 -1742 -1742 -1742 -1742 -1742 -1742 -1742 -1742 -1742 -1742
-1742 -1742 -1742 -1742 -1742 -1742 -1742 -1742 -1742 -1742 -1742 -1742 -1742 -1742 -1742 -1742 -1742 -1742
-1742 -1742 -1742 -1742 -1742 -1742 -1742 -1742 -1742 -1742 -1742 -1742 -1742 -1742 -1742 -1742 -1742 -1742
-1742 -1742 -1742 -1742 -1742 -1742 -1742 -1742 -1742 -1742 -1742 -1742 -1742 -1742 -1742 -1742 -1742 -1742
-1742 -1742 -1742 -1742 -1742 -1742 -1742 -1742 -1742 -1742 -1742 -1742 -1742 -1742 -1742 -1742 -1742 -1742
-1742 -1742 -1742 -1742 -1742 -1742 -1742 -1742 -1742 -1742 -1742 -1742 -1742 -1742 -1742 -1742 -1742 -1742
-1742 -1742 -1742 -1742 -1742 -1742 -1742 -1742 -1742 -1742 -1742 -1742 -1742 -1742 -1742 -1742 -1742 -1742
-1742 -1742 -1742 -1742 -1742 -1742 -1742 -1742 -1742 -1742 -1742 -1742 -1742 -1742 -1742 -1742 -1742 -1742
-1742 -1742 -1742 -1742 -1742 -1742 -1742 -1742 -1742 -1742 -1742 -1742 -1742 -1742 -1742 -1742 -1742 -1742
-1742 -1742 -1742 -1742 -1742 -1742 -1742 -1742 -1742 -1742 -1742 -1742 -1742 -1742 -1742 -1742 -1742 -1742
-1742 -1742 -1742 -1742 -1742 -1742 -1742 -1742 -1742 -1742 -1742 -1742 -1742 -1742 -1742 -1742 -1742 -1742
-1742 -1742 -1742 -1742 -1742 -1742 -1742 -1742 -1742 -1742 -1742 -1742 -1742 -1742 -1742 -1742 -1742 -1742
-1742 -1742 -1742 -1742 -1742 -1742 -1742 -1742 -1742 -1742 -1742 -1742 -1742 -1742 -1742 -1742 -1742 -1742
-1742 -1742 -1742 -1742 -1742 -1742 -1742 -1742 -1742 -1742 -1742 -1742 -1742 -1742 -1742 -1742 -1742 -1742
-1742 -1742 -1742 -1742 -1742 -1742 -1742 -1742 -1742 -1742 -1742 -1742 -1742 -1742 -1742 -1742 -1742 -1742
-1742 -1742 -1742 -1742 -1742 -1742 -1742 -1742 -1742 -1742 -1742 -1742 -1742 -1742 -1742 -1742 -1742 -1742
-1742 -1742 -1742 -1742 -1742 -1742 -1742 -1742 -1742 -1742 -1742 -1742 -1742 -1742 -1742 -1742 -1742 -1742
-1742 -1742 -1742 -1742 -1742 -1742 -1742 -1742 -1742 -1742 -1742 -1742 -1742 -1742 -1742 -1742 -1742 -1742
-1742 -1742 -1742 -1742 -1742 -1742 -1742 -1742 -1742 -1742 -1742 -1742 -1742 -1742 -1742 -1742 -1742 -1742
-1742 -1742 -1742 -1742 -1742 -1742 -1742 -1742 -1742 -1742 -1742 -1742 -1742 -1742 -1742 -1742 -1742 -1742
-1742 -1742 -1742 -1742 -1742 -1742 -1742 -1742 -1742 -1742 -1742 -1742 -1742 -1742 -1742 -1742 -1742 -1742
-1742 -1742 -1742 -1742 -1742 -1742 -1742 -1742 -1742 -1742 -1742 -1742 -1742 -1742 -1742 -1742 -1742 -1742
-1742 -1742 -1742 -1742 -1742 -1742 -1742 -1742 -1742 -1742 -1742 -1742 -1742 -1742 -1742 -1742 -1742 -1742
-1742 -1742 -1742 -1742 -1742 -1742 -1742 -1742 -1742 -1742 -1742 -1742 -1742 -1742 -1742 -1742 -1742 -1742
-1742 -1742 -1742 -1742 -1742 -1742 -1742 -1742 -1742 -1742 -1742 -1742 -1742 -1742 -1742 -1742 -1742 -1742
-1742 -1742 -1742 -1742 -1742 -1742 -1742 -1742 -1742 -1742 -1742 -1742 -1742 -1742 -1742 -1742 -1742 -1742
-1742 -1742 -1742 -1742 -1742 -1742 -1742 -1742 -1742 -1742 -1742 -1742 -1742 -1742 -1742 -1742 -1742 -1742
-1742 -1742 -1742 -1742 -1742 -1742 -1742 -1742 -1742 -1742 -1742 -1742 -1742 -1742 -1742 -1742 -1742 -1742
-1742 -1742 -1742 -1742 -1742 -1742 -1742 -1742 -1742 -1742 -1742 -1742 -1742 -1742 -1742 -1742 -1742 -1742
-1742 -1742 -1742 -1742 -1742 -1742 -1742 -1742 -1742 -1742 -1742 -1742 -1742 -1742 -1742 -1742 -1742 -1742
-1742 -1742 -1742 -1742 -1742 -1742 -1742 -1742 -1742 -1742 -1742 -1742 -1742 -1742 -1742 -1742 -1742 -1742
-1742 -1742 -1742 -1742 -1742 -1742 -1742 -1742 -1742 -1742 -1742 -1742 -1742 -1742 -1742 -1742 -1742 -1742
-1742 -1742 -1742 -1742 -1742 -1742 -1742 -1742 -1742 -1742 -1742 -1742 -1742 -1742 -1742 -1742 -1742 -1742
-1742 -1742 -1742 -1742 -1742 -1742 -1742 -1742 -1742 -1742 -1742 -1742 -1742 -1742 -1742 -1742 -1742 -1742
-1742 -1742 -1742 -1742 -1742 -1742 -1742 -1742 -1742 -1742 -1742 -1742 -1742 -1742 -1742 -1742 -1742 -1742
-1742 -1742 -1742 -1742 -1742 -1742 -1742 -1742 -1742 -1742 -1742 -1742 -1742 -1742 -1742 -1742 -1742 -1742
-1742 -1742 -1742 -1742 -1742 -1742 -1742 -1742 -1742 -1742 -1742 -1742 -1742 -1742 -1742 -1742 -1742 -1742
-1742 -1742 -1742 -1742 -1742 -1742 -1742 -1742 -1742 -1742 -1742 -1742 -1742 -1742 -1742 -1742 -1742 -1742
-1742 -1742 -1742 -1742 -1742 -1742 -1742 -1742 -1742 -1742 -1742 -1742 -1742 -1742 -1742 -1742 -1742 -1742
-1742 -1742 -1742 -1742 -1742 -1742 -1742 -1742 -1742 -1742 -1742 -1742 -1742 -1742 -1742 -1742 -1742 -1742
-1742 -1742 -1742 -1742 -1742 -1742 -1742 -1742 -1742 -1742 -1742 -1742 -1742 -1742 -1742 -1742 -1742 -1742
-1742 -1742 -1742 -1742 -1742 -1742 -1742 -1742 -1742 -1742 -1742 -1742 -1742 -1742 -1742 -1742 -1742 -1742
-1742 -1742 -1742 -1742 -1742 -1742 -1742 -1742 -1742 -1742 -1742 -1742 -1742 -1742 -1742 -1742 -1742 -1742
-1742 -1742 -1742 -1742 -1742 -1742 -1742 -1742 -1742 -1742 -1742 -1742 -1742 -1742
