448 448 448 448 448 448 448 448 448 448 448 448 448 448 448 448 448 448
448 448 448 448 448 448 448 448 448 448 448 448 448 448 448 448 448 448
448 448 448 448 448 448 448 448 448 448 448 448 448 448 448 448 448 448
448 448 448 448 448 448 448 448 448 448 448 448 448 448 448 448 448 448
448 448 448 448 448 448 448 448 448 448 448 448 448 448 448 448 448 448
448 448 448 448 448 448 448 448 448 448 448 448 448 448 448 448 448 448
448 448 448 448 448 448 448 448 448 448 448 448 448 448 448 448 448 448
448 448 448 448 448 448 448 448 448 448 448 448 448 448 448 448 448 448
448 448 448 448 448 448 448 448 448 448 448 448 448 448 448 448 448 448
448 448 448 448 448 448 448 448 448 448 448 448 448 448 448 448 448 448
448 448 448 448 448 448 448 448 448 448 448 448 448 448 448 448 448 448
448 448 448 448 448 448 448 448 448 448 448 448 448 448 448 448 448 448
448 448 448 448 448 448 448 448 448 448 448 448 448 448 448 448 448 448
448 448 448 448 448 448 448 448 448 448 448 448 448 448 448 448 448 448
448 448 448 448 448 448 448 448 448 448 448 448 448 448 448 448 448 448
448 448 448 448 448 448 448 448 448 448 448 448 448 448 448 448 448 448
448 448 448 448 448 448 448 448 448 448 448 448 448 448 448 448 448 448
448 448 448 448 448 448 448 448 448 448 448 448 448 448 448 448 448 448
448 448 448 448 448 448 448 448 448 448 448 448 448 448 448 448 448 448
448 448 448 448 448 448 448 448 448 448 448 448 448 448 448 448 448 448
448 448 448 448 448 448 448 448 448 448 448 448 448 448 448 448 448 448
448 448 448 448 448 448 448 448 448 448 448 448 448 448 448 448 448 448
448 448 448 448 448 448 448 448 448 448 448 448 448 448 448 448 448 448
448 448 448 448 448 448 448 448 448 448 448 448 448 448 448 448 448 448
448 448 448 448 448 448 448 448 448 448 448 448 448 448 448 448 448 448
448 448 448 448 448 448 448 448 448 448 448 448 448 448 448 448 448 448
448 448 448 448 448 448 448 448 448 448 448 448 448 448 448 448 448 448
448 448 448 448 448 448 448 448 448 448 448 448 448 448 448 448 448 448
448 448 448 448 448 448 448 448 448 448 448 448 448 448 448 448 448 448
448 448 448 448 448 448 448 448 448 448 448 448 448 448 448 448 448 448
448 448 448 448 448 448 448 448 448 448 448 448 448 448 448 448 448 448
448 448 448 448 448 448 448 448 448 448 448 448 448 448 448 448 448 448
448 448 448 448 448 448 448 448 448 448 448 448 448 448 448 448 448 448
448 448 448 448 448 448 448 448 448 448 448 448 448 448 448 448 448 448
448 448 448 448 448 448 448 448 448 448 448 448 448 448 448 448 448 448
448 448 448 448 448 448 448 448 448 448 448 448 448 448 448 448 448 448
448 448 448 448 448 448 448 448 448 448 448 448 448 448 448 448 448 448
448 448 448 448 448 448 448 448 448 448 448 448 448 448 448 448 448 448
448 448 1023 1023 1023 1023 1023 1023 1023 1023 1023 1023 1023 1023 1023 1023 1023 1023
1023 1023 1023 1023 1023 1023 1023 1023 1023 1023 1023 1023 1023 1023 1023 1023 1023 1023
1023 1023 1023 1023 1023 1023 1023 1023 1023 1023 1023 1023 1023 1023 1023 1023 1023 1023
1023 1023 1023 1023 1023 1023 1023 1023 1023 1023 1023 1023 1023 1023 1023 1023 1023 1023
1023 1023 1023 1023 1023 1023 1023 1023 1023 1023 1023 1023 1023 1023 1023 1023 1023 1023
1023 1023 1023 1023 1023 1023 1023 1023 1023 1023 1023 1023 1023 1023 1023 1023 1023 1023
1023 1023 1023 1023 1023 1023 1023 1023 1023 1023 1023 1023 1023 1023 1023 1023 1023 1023
1023 1023 1023 1023 1023 1023 1023 1023 1023 1023 1023 1023 1023 1023 1023 1023 1023 1023
1023 1023 1023 1023 1023 1023 1023 1023 1023 1023 1023 1023 1023 1023 1023 1023 1023 1023
1023 1023 1023 1023 1023 1023 1023 1023 1023 1023 1023 1023 1023 1023 1023 1023 1023 1023
1023 1023 1023 1023 1023 1023 1023 1023 1023 1023 1023 1023 1023 1023 1023 1023 1023 1023
1023 1023 1023 1023 1023 1023 1023 1023 1023 1023 1023 1023 1023 1023 1023 1023 1023 1023
1023 1023 1023 1023 1023 1023 1023 1023 1023 1023 1023 1023 1023 1023 1023 1023 1023 1023
1023 1023 1023 1023 1023 1023 1023 1023 1023 1023 1023 1023 1023 1023 1023 1023 1023 1023
1023 1023 1023 1023 1023 1023 1023 1023 1023 1023 1023 1023 1023 1023 1023 1023 1023 1023
1023 1023 1023 1023 1023 1023 1023 1023 1023 1023 1023 1023 1023 1023 1023 1023 1023 1023
1023 1023 1023 1023 1023 1023 1023 1023 1023 1023 1023 1023 1023 1023 1023 1023 1023 1023
1023 1023 1023 1023 1023 1023 1023 1023 1023 1023 1023 1023 1023 1023 1023 1023 1023 1023
1023 1023 1023 1023 1023 1023 1023 1023 1023 1023 1023 1023 1023 1023 1023 1023 1023 1023
1023 1023 1023 1023 1023 1023 1023 1023 1023 1023 1023 1023 1023 1023 1023 1023 1023 1023
1023 1023 1023 1023 1023 1023 1023 1023 1023 1023 1023 1023 1023 1023 1023 1023 1023 1023
1023 1023 1023 1023 1023 1023 1023 1023 1023 1023 1023 1023 1023 1023 1023 1023 1023 1023
1023 1023 1023 1023 1023 1023 1023 1023 1023 1023 1023 1023 1023 1023 1023 1023 1023 1023
1023 1023 1023 1023 1023 1023 1023 1023 1023 1023 1023 1023 1023 1023 1023 1023 1023 1023
1023 1023 1023 1023 1023 1023 1023 1023 1023 1023 1023 1023 1023 1023 1023 1023 1023 1023
1023 1023 1023 1023 1023 1023 1023 1023 1023 1023 1023 1023 1023 1023 1023 1023 1023 1023
1023 1023 1023 1023 1023 1023 1023 1023 1023 1023 1023 1023 1023 1023 1023 1023 1023 1023
1023 1023 1023 1023 1023 1023 1023 1023 1023 1023 1023 1023 1023 1023 1023 1023 1023 1023
1023 1023 1023 1023 1023 1023 1023 1023 1023 1023 1023 1023 1023 1023 1023 1023 1023 1023
1023 1023 1023 1023 1023 1023 1023 1023 1023 1023 1023 1023 1023 1023 1023 1023 1023 1023
1023 1023 1023 1023 1023 1023 1023 1023 1023 1023 1023 1023 1023 1023 1023 1023 1023 1023
1023 1023 1023 1023 1023 1023 1023 1023 1023 1023 -785 -785 -785 -785 -785 -785 -785 -785
-785 -785 -785 -785 -785 -785 -785 -785 -785 -785 -785 -785 -785 -785 -785 -785 -785 -785
-785 -785 -785 -785 -785 -785 -785 -785 -785 -785 -785 -785 -785 -785 -785 -785 -785 -785
-785 -785 -785 -785 -785 -785 -785 -785 -785 -785 -785 -785 -785 -785 -785 -785 -785 -785
-785 -785 -785 -785 -785 -785 -785 -785 -785 -785 -785 -785 -785 -785 -785 -785 -785 -785
-785 -785 -785 -785 -785 -785 -785 -785 -785 -785 -785 -785 -785 -785 -785 -785 -785 -785
-785 -785 -785 -785 -785 -785 -785 -785 -785 -785 -785 -785 -785 -785 -785 -785 -785 -785
-785 -785 -785 -785 -785 -785 -785 -785 -785 -785 -785 -785 -785 -785 -785 -785 -785 -785
-785 -785 -785 -785 -785 -785 -785 -785 -785 -785 -785 -785 -785 -785 -785 -785 -785 -785
-785 -785 -785 -785 -785 -785 -785 -785 -785 -785 -785 -785 -785 -785 -785 -785 -785 -785
-785 -785 -785 -785 -785 -785 -785 -785 -785 -785 -785 -785 -785 -785 -785 -785 -785 -785
-785 -785 -785 -785 -785 -785 -785 -785 -785 -785 -785 -785 -785 -785 -785 -785 -785 -785
-785 -785 -785 -785 -785 -785 -785 -785 -785 -785 -785 -785 -785 -785 -785 -785 -785 -785
-785 -785 -785 -785 -785 -785 -785 -785 -785 -785 -785 -785 -785 -785 -785 -785 -785 -785
-785 -785 -785 -785 -785 -785 -785 -785 -785 -785 -785 -785 -785 -785 -785 -785 -785 -785
-785 -785 -785 -785 -785 -785 -785 -785 -785 -785 -785 -785 -785 -785 -785 -785 -785 -785
-785 -785 -785 -785 -785 -785 -785 -785 -785 -785 -785 -785 -785 -785 -785 -785 -785 -785
-785 -785 -785 -785 -785 -785 -785 -785 -785 -785 -785 -785 -785 -785 -785 -785 -785 -785
-785 -785 -785 -785 -785 -785 -785 -785 -785 -785 -785 -785 -785 -785 -785 -785 -785 -785
-785 -785 -785 -785 -785 -785 -785 -785 -785 -785 -785 -785 -785 -785 -785 -785 -785 -785
-785 -785 -785 -785 -785 -785 -785 -785 -785 -785 -785 -785 -785 -785 -785 -785 -785 -785
-785 -785 -785 -785 -785 -785 -785 -785 -785 -785 -785 -785 -785 -785 -785 -785 -785 -785
-785 -785 -785 -785 -785 -785 -785 -785 -785 -785 -785 -785 -785 -785 -785 -785 -785 -785
-785 -785 -785 -785 -785 -785 -785 -785 -785 -785 -785 -785 -785 -785 -785 -785 -785 -785
-785 -785 -785 -785 -785 -785 -785 -785 -785 -785 -785 -785 -785 -785 -785 -785 -785 -785
-785 -785 -785 -785 -785 -785 -785 -785 -785 -785 -785 -785 -785 -785 -785 -785 -785 -785
-785 -785 -785 -785 -785 -785 -785 -785 -785 -785 -785 -785 -785 -785 -785 -785 -785 -785
-785 -785 -785 -785 -785 -785 -785 -785 -785 -785 -785 -785 -785 -785 -785 -785 -785 -785
-785 -785 -785 -785 -785 -785 -785 -785 -785 -785 -785 -785 -785 -785 -785 -785 -785 -785
-785 -785 -785 -785 -785 -785 -785 -785 -785 -785 -785 -785 -785 -785 -785 -785 -785 -785
-785 -785 -785 -785 -785 -785 -785 -785 -785 -785 -785 -785 -785 -785 -785 -785 -785 -785
-785 -785 -785 -785 -785 -785 -785 -785 -785 -785 -785 -785 -785 -785 -785 -785 -785 -785
-785 -785 -785 -785 -785 -785 -785 -785 -785 -785 -785 -785 -785 -785 -785 -785 -785 -785
-785 -785 -785 -785 -785 -785 -785 -785 -785 -785 -785 -785 -785 -785 -785 -785 -785 -785
-785 -785 -785 -785 -785 -785 -785 -785 -785 -785 -785 -785 -785 -785 -785 -785 -785 -785
-785 -785 -785 -785 -785 -785 -785 -785 -785 -785 -785 -785 -785 -785 -785 -785 -785 -785
-785 -785 -785 -785 -785 -785 -785 -785 -785 -785 -785 -785 -785 -785 -785 -785 -785 -785
-785 -785 -785 -785 -785 -785 -785 -785 -785 -785 -785 -785 -785 -785 -785 -785 -785 -785
-785 -785 -785 -785 -785 -785 -785 -785 -785 -785 -785 -785 -785 -785 -785 -785 -785 -785
-785 -785 -785 -785 -785 -785 -785 -785 -785 -785 -785 -785 -785 -785 -785 -785 -785 -785
-785 -785 -785 -785 -785 -785 -785 -785 -785 -785 -785 -785 -785 -785 -785 -785 -785 -785
-785 -785 -785 -785 -785 -785 -785 -785 -785 -785 -785 -785 -785 -785 -785 -785 -785 -785
-785 -785 -785 -785 -785 -785 -785 -785 -785 -785 -785 -785 -785 -785 -785 -785 -785 -785
-785 -785 -785 -785 -785 -785 -785 -785 -785 -785 -785 -785 -785 -785 -785 -785 -785 -785
-785 -785 -785 -785 -785 -785 -785 -785 -785 -785 -785 -785 -785 -785 -785 -785 -785 -785
-785 -785 -785 -785 -785 -785 -785 -785 -785 -785 -785 -785 -785 -785 -785 -785 -785 -785
-785 -785 -785 -785 -785 -785 -785 -785 -785 -785 -785 -785 -785 -785 -785 -785 -785 -785
-785 -785 -785 -785 -785 -785 -785 -785 -785 -785 -785 -785 -785 -785 -785 -785 -785 -785
-785 -785 -785 -785 -785 -785 -785 -785 -785 -785 -785 -785 -785 -785 -785 -785 -785 -785
-785 -785 -785 -785 -785 -785 -785 -785 -785 -785 -785 -785 -785 -785 -785 -785 -785 -785
-785 -785 -785 -785 -785 -785 -785 -785 -785 -785 -785 -785 -785 -785 -785 -785 -785 -785
-785 -785 -785 -785 -785 -785 -785 -785 -785 -785 -785 -785 -785 -785 -785 -785 -785 -785
-785 -785 -785 -785 -785 -785 -785 -785 -785 -785 -785 -785 -785 -785 -785 -785 -785 -785
-785 -785 -785 -785 -785 -785 -785 -785 -785 -785 -785 -785 -785 -785 -785 -785 -785 -785
-785 -785 -785 -785 -785 -785 -785 -785 -785 -785 -785 -785 -785 -785 -785 -785 -785 -785
-785 -785 -785 -785 -785 -785 -785 -785 -785 -785 -785 -785 -785 -785 -785 -785 -785 -785
-785 -785 -785 -785 -785 -785 -785 -785 -785 -785 -785 -785 -785 -785 -785 -785 -785 -785
-785 -785 -785 -785 -785 -785 -785 -785 -785 -785 -785 -785 -785 -785 -785 -785 -785 -785
-785 -785 -785 -785 -785 -785 -785 -785 -785 -785 -785 -785 -785 -785 -785 -785 -785 -785
-785 -785 -785 -785 -785 -785 -785 -785 -785 -785 -785 -785 -785 -785 -785 -785 -785 -785
-785 -785 -785 -785 -785 -785 -785 -785 -785 -785 -785 -785 -785 -785 -785 -785 -785 -785
-785 -785 -785 -785 -785 -785 -785 -785 -785 -785 -785 -785 -785 -785 -785 -785 -785 -785
-785 -785 -785 -785 -785 -785 -785 -785 -785 -785 -785 -785 -785 -785 -785 -785 -785 -785
-785 -785 -785 -785 -785 -785 -785 -785 -785 -785 -785 -785 -785 -785 -785 -785 -785 -785
-785 -785 -785 -785 -785 -785 -785 -785 -785 -785 -785 -785 -785 -785 -785 -785 -785 -785
-785 -785 -785 -785 -785 -785 -785 -785 -785 -785 -785 -785 -785 -785 -785 -785 -785 -785
-785 -785 -785 -785 -785 -785 -785 -785 -785 -785 -785 -785 -785 -785 -785 -785 -785 -785
-785 -785 -785 -785 -785 -785 -785 -785 -785 -785 -785 -785 -785 -785 -785 -785 -785 -785
-785 -785 -785 -785 -785 -785 -785 -785 -785 -785 -785 -785 -785 -785 -785 -785 -785 -785
-785 -785 -785 -785 -785 -785 -785 -785 -785 -785 -785 -785 -785 -785 -785 -785 -785 -785
-785 -785 -785 -785 -785 -785 -785 -785 -785 -785 -785 -785 -785 -785 -785 -785 -785 -785
-785 -785 -785 -785 -785 -785 -785 -785 -785 -785 -785 -785 -785 -785 -785 -785 -785 -785
-785 -785 -785 -785 -785 -785 -785 -785 -785 -785 -785 -785 -785 -785 -785 -785 -785 -785
-785 -785 -785 -785 -785 -785 -785 -785 -785 -785 -785 -785 -785 -785 -785 -785 -785 -785
-785 -785 -785 -785 -785 -785 -785 -785 -785 -785 -785 -785 -785 -785 -785 -785 -785 -785
-785 -785 -785 -785 -785 -785 -785 -785 -785 -785 -785 -785 -785 -785 -785 -785 -785 -785
-785 -785 -785 -785 -785 -785 -785 -785 -785 -785 -785 -785 -785 -785 -785 -785 -785 -785
-785 -785 -785 -785 -785 -785 -785 -785 -785 -785 -785 -785 -785 -785 -785 -785 -785 -785
-785 -785 -785 -785 -785 -785 -785 -785 -785 -785 -785 -785 -785 -785 -785 -785 -785 -785
-785 -785 -785 -785 -785 -785 -785 -785 -785 -785 -785 -785 -785 -785 -785 -785 -785 -785
-785 -785 -785 -785 -785 -785 -785 -785 -785 -785 -785 -785 -785 -785 -785 -785 -785 -785
-785 -785 -785 -785 -785 -785 -785 -785 -785 -785 -785 -785 -785 -785 -785 -785 -785 -785
-785 -785 -785 -785 -785 -785 -785 -785 -785 -785 -785 -785 -785 -785 -785 -785 -785 -785
-785 -785 -785 -785 -785 -785 -785 -785 -785 -785 -785 -785 -785 -785 -785 -785 -785 -785
-785 -785 -785 -785 -785 -785 -785 -785 -785 -785 -785 -785 -785 -785 -785 -785 -785 -785
-785 -785 -785 -785 -785 -785 -785 -785 -785 -785 -785 -785 -785 -785 -785 -785 -785 -785
-785 -785 -785 -785 -785 -785 -785 -785 -785 -785 -785 -785 -785 -785 -785 -785 -785 -785
-785 -785 -785 -785 -785 -785 -785 -785 -785 -785 -785 -785 -785 -785 -785 -785 -785 -785
-785 -785 -785 -785 -785 -785 -785 -785 -785 -785 -785 -785 -785 -785 -785 -785 -785 -785
-785 -785 -785 -785 -785 -785 -785 -785 -785 -785 -785 -785 -785 -785 -785 -785 -785 -785
-785 -785 -785 -785 -785 -785 -785 -785 -785 -785 -785 -785 -785 -785 -785 -785 -785 -785
-785 -785 -785 -785 -785 -785 -785 -785 -785 -785 -785 -785 -785 -785 -785 -785 -785 -785
-785 -785 -785 -785 -785 -785 -785 -785 -785 -785 -785 -785 -785 -785 -785 -785 -785 -785
-785 -785 -785 -785 -785 -785 -785 -785 -785 -785 -785 -785 -785 -785 -785 -785 -785 -785
-785 -785 -785 -785 -785 -785 -785 -785 -785 -785 -785 -785 -785 -785 -785 -785 -785 -785
-785 -785 -785 -785 -785 -785 -785 -785 -785 -785 -785 -785 -785 -785 -785 -785 -785 -785
-785 -785 -785 -785 -785 -785 -785 -785 -785 -785 -785 -785 -785 -785 -785 -785 -785 -785
-785 -785 -785 -785 -785 -785 -785 -785 -785 -785 -785 -785 -785 -785 -785 -785 -785 -785
-785 -785 -785 -785 -785 -785 -785 -785 -785 -785 -785 -785 -785 -785 -785 -785 -785 -785
-785 -785 -785 -785 -785 -785 -785 -785 -785 -785 -785 -785 -785 -785 -785 -785 -785 -785
-785 -785 -785 -785 -785 -785 -785 -785 -785 -785 -785 -785 -785 -785 -785 -785 -785 -785
-785 -785 -785 -785 -785 -785 -785 -785 -785 -785 -785 -785 -785 -785 -785 -785 -785 -785
-785 -785 -785 -785 -785 -785 -785 -785 -785 -785 -785 -785 -785 -785 -785 -785 -785 -785
-785 -785 -785 -785 -785 -785 -785 -785 -785 -785 -785 -785 -785 -785 -785 -785 -785 -785
-785 -785 2583 2583 2583 2583 2583 2583 2583 2583 2583 2583 2583 2583 2583 2583 2583 2583
2583 2583 2583 2583 2583 2583 2583 2583 2583 2583 2583 2583 2583 2583 2583 2583 2583 2583
2583 2583 2583 2583 2583 2583 2583 2583 2583 2583 2583 2583 2583 2583 2583 2583 2583 2583
2583 2583 2583 2583 2583 2583 2583 2583 2583 2583 2583 2583 2583 2583 2583 2583 2583 2583
2583 2583 2583 2583 2583 2583 2583 2583 2583 2583 2583 2583 2583 2583 2583 2583 2583 2583
2583 2583 2583 2583 2583 2583 2583 2583 2583 2583 2583 2583 2583 2583 2583 2583 2583 2583
2583 2583 2583 2583 2583 2583 2583 2583 2583 2583 2583 2583 2583 2583 2583 2583 2583 2583
2583 2583 2583 2583 2583 2583 2583 2583 2583 2583 2583 2583 2583 2583 2583 2583 2583 2583
2583 2583 2583 2583 2583 2583 2583 2583 2583 2583 2583 2583 2583 2583 2583 2583 2583 2583
2583 2583 2583 2583 2583 2583 2583 2583 2583 2583 2583 2583 2583 2583 2583 2583 2583 2583
2583 2583 2583 2583 2583 2583 2583 2583 2583 2583 2583 2583 2583 2583 2583 2583 2583 2583
2583 2583 2583 2583 2583 2583 2583 2583 2583 2583 2583 2583 2583 2583 2583 2583 2583 2583
2583 2583 2583 2583 2583 2583 2583 2583 2583 2583 2583 2583 2583 2583 2583 2583 2583 2583
2583 2583 2583 2583 2583 2583 2583 2583 2583 2583 2583 2583 2583 2583 2583 2583 2583 2583
2583 2583 2583 2583 2583 2583 2583 2583 2583 2583 2583 2583 2583 2583 2583 2583 2583 2583
2583 2583 2583 2583 2583 2583 2583 2583 2583 2583 2583 2583 2583 2583 2583 2583 2583 2583
2583 2583 2583 2583 2583 2583 2583 2583 2583 2583 2583 2583 2583 2583 2583 2583 2583 2583
2583 2583 2583 2583 2583 2583 2583 2583 2583 2583 2583 2583 2583 2583 2583 2583 2583 2583
2583 2583 2583 2583 2583 2583 2583 2583 2583 2583 2583 2583 2583 2583 2583 2583 2583 2583
2583 2583 2583 2583 2583 2583 2583 2583 2583 2583 2583 2583 2583 2583 2583 2583 2583 2583
2583 2583 2583 2583 2583 2583 2583 2583 2583 2583 2583 2583 2583 2583 2583 2583 2583 2583
2583 2583 2583 2583 2583 2583 2583 2583 2583 2583 2583 2583 2583 2583 2583 2583 2583 2583
2583 2583 2583 2583 2583 2583 2583 2583 2583 2583 2583 2583 2583 2583 2583 2583 2583 2583
2583 2583 2583 2583 2583 2583 2583 2583 2583 2583 2583 2583 2583 2583 2583 2583 2583 2583
2583 2583 2583 2583 2583 2583 2583 2583 2583 2583 2583 2583 2583 2583 2583 2583 2583 2583
2583 2583 2583 2583 2583 2583 2583 2583 2583 2583 2583 2583 2583 2583 2583 2583 2583 2583
2583 2583 2583 2583 2583 2583 2583 2583 2583 2583 2583 2583 2583 2583 2583 2583 2583 2583
2583 2583 2583 2583 2583 2583 2583 2583 2583 2583 2583 2583 2583 2583 2583 2583 2583 2583
2583 2583 2583 2583 2583 2583 2583 2583 2583 2583 2583 2583 2583 2583 2583 2583 2583 2583
2583 2583 2583 2583 2583 2583 2583 2583 2583 2583 2583 2583 2583 2583 2583 2583 2583 2583
2583 2583 2583 2583 2583 2583 2583 2583 2583 2583 2583 2583 2583 2583 2583 2583 2583 2583
2583 2583 2583 2583 2583 2583 2583 2583 2583 2583 2583 2583 2583 2583 2583 2583 2583 2583
2583 2583 2583 2583 2583 2583 2583 2583 2583 2583 2583 2583 2583 2583 2583 2583 2583 2583
2583 2583 2583 2583 2583 2583 2583 2583 2583 2583 2583 2583 2583 2583 2583 2583 2583 2583
2583 2583 2583 2583 2583 2583 2583 2583 2583 2583 2583 2583 2583 2583 2583 2583 2583 2583
2583 2583 2583 2583 2583 2583 2583 2583 2583 2583 2583 2583 2583 2583 2583 2583 2583 2583
2583 2583 2583 2583 2583 2583 2583 2583 2583 2583 2583 2583 2583 2583 2583 2583 2583 2583
2583 2583 2583 2583 2583 2583 2583 2583 2583 2583 2583 2583 2583 2583 2583 2583 2583 2583
2583 2583 2583 2583 2583 2583 2583 2583 2583 2583 2583 2583 2583 2583 2583 2583 2583 2583
2583 2583 2583 2583 2583 2583 2583 2583 2583 2583 2583 2583 2583 2583 2583 2583 2583 2583
2583 2583 2583 2583 2583 2583 2583 2583 2583 2583 2583 2583 2583 2583 2583 2583 2583 2583
2583 2583 2583 2583 2583 2583 2583 2583 2583 2583 2583 2583 2583 2583 2583 2583 2583 2583
2583 2583 2583 2583 2583 2583 2583 2583 2583 2583 2583 2583 2583 2583 2583 2583 2583 2583
2583 2583 2583 2583 2583 2583 2583 2583 2583 2583 2583 2583 2583 2583 2583 2583 2583 2583
2583 2583 2583 2583 2583 2583 2583 2583 2583 2583 2583 2583 2583 2583 2583 2583 2583 2583
2583 2583 2583 2583 2583 2583 2583 2583 2583 2583 2583 2583 2583 2583 2583 2583 2583 2583
2583 2583 2583 2583 2583 2583 2583 2583 2583 2583 2583 2583 2583 2583 2583 2583 2583 2583
2583 2583 2583 2583 2583 2583 2583 2583 2583 2583 2583 2583 2583 2583 2583 2583 2583 2583
2583 2583 2583 2583 2583 2583 2583 2583 2583 2583 2583 2583 2583 2583 2583 2583 2583 2583
2583 2583 2583 2583 2583 2583 2583 2583 2583 2583 2583 2583 2583 2583 2583 2583 2583 2583
2583 2583 2583 2583 2583 2583 2583 2583 2583 2583 2583 2583 2583 2583 2583 2583 2583 2583
2583 2583 2583 2583 2583 2583 2583 2583 2583 2583 2583 2583 2583 2583 2583 2583 2583 2583
2583 2583 2583 2583 2583 2583 2583 2583 2583 2583 2583 2583 2583 2583 2583 2583 2583 2583
2583 2583 2583 2583 2583 2583 2583 2583 2583 2583 2583 2583 2583 2583 2583 2583 2583 2583
2583 2583 2583 2583 2583 2583 2583 2583 2583 2583
