-3035 -3026 -3016 -3008 -3000 -2999 -2993 -2984 -2976 -2966 -2959 -2949 -2947 -2945 -2942 -2932 -2931 -2921
-2911 -2903 -2902 -2899 -2893 -2884 -2882 -2873 -2865 -2864 -2860 -2852 -2845 -2841 -2839 -2838 -2835 -2831
-2823 -2816 -2806 -2800 -2799 -2795 -2785 -2781 -2772 -2770 -2765 -2762 -2753 -2749 -2745 -2743 -2735 -2725
-2724 -2723 -2714 -2704 -2701 -2693 -2685 -2678 -2670 -2668 -2667 -2658 -2652 -2645 -2637 -2633 -2630 -2624
-2620 -2616 -2612 -2607 -2598 -2592 -2583 -2574 -2571 -2570 -2564 -2563 -2555 -2551 -2550 -2542 -2532 -2522
-2515 -2509 -2501 -2500 -2494 -2489 -2485 -2477 -2468 -2460 -2450 -2445 -2444 -2439 -2434 -2426 -2420 -2411
-2403 -2402 -2393 -2392 -2384 -2382 -2381 -2380 -2374 -2369 -2360 -2353 -2349 -2342 -2333 -2332 -2325 -2323
-2320 -2314 -2304 -2301 -2299 -2298 -2291 -2287 -2283 -2281 -2280 -2276 -2267 -2263 -2262 -2254 -2249 -2247
-2246 -2236 -2235 -2225 -2224 -2217 -2216 -2213 -2205 -2197 -2189 -2179 -2176 -2175 -2166 -2162 -2157 -2154
-2153 -2143 -2135 -2132 -2126 -2119 -2116 -2112 -2107 -2100 -2095 -2086 -2077 -2072 -2067 -2064 -2061 -2051
-2042 -2040 -2033 -2030 -2020 -2014 -2008 -2007 -2004 -2003 -1999 -1991 -1981 -1975 -1972 -1962 -1953 -1944
-1943 -1933 -1923 -1913 -1905 -1900 -1899 -1898 -1889 -1880 -1871 -1869 -1866 -1857 -1854 -1844 -1842 -1836
-1829 -1822 -1817 -1813 -1812 -1810 -1809 -1808 -1799 -1797 -1787 -1784 -1774 -1771 -1770 -1760 -1757 -1753
-1748 -1740 -1734 -1725 -1723 -1722 -1721 -1711 -1701 -1696 -1686 -1683 -1682 -1675 -1672 -1664 -1658 -1656
-1646 -1645 -1639 -1637 -1628 -1618 -1616 -1611 -1601 -1599 -1594 -1588 -1581 -1580 -1579 -1575 -1568 -1567
-1565 -1559 -1551 -1550 -1546 -1538 -1529 -1520 -1516 -1513 -1507 -1497 -1489 -1479 -1471 -1461 -1453 -1451
-1442 -1433 -1430 -1429 -1420 -1414 -1413 -1403 -1394 -1384 -1378 -1377 -1370 -1366 -1362 -1352 -1348 -1342
-1335 -1326 -1321 -1311 -1305 -1299 -1294 -1285 -1278 -1276 -1274 -1266 -1262 -1260 -1259 -1256 -1255 -1248
-1240 -1231 -1223 -1221 -1216 -1206 -1197 -1188 -1178 -1168 -1162 -1157 -1148 -1144 -1135 -1128 -1118 -1117
-1114 -1106 -1101 -1097 -1095 -1085 -1080 -1078 -1072 -1065 -1058 -1053 -1047 -1041 -1033 -1030 -1023 -1022
-1012 -1009 -1005 -1001 -992 -984 -979 -977 -973 -972 -962 -956 -955 -950 -949 -945 -940 -931
-930 -928 -927 -923 -918 -915 -907 -901 -899 -891 -881 -871 -869 -868 -863 -853 -850 -846
-839 -830 -821 -816 -814 -810 -807 -803 -793 -786 -776 -767 -765 -764 -756 -747 -742 -735
-731 -721 -715 -713 -707 -702 -699 -691 -682 -678 -671 -664 -654 -645 -636 -629 -627 -625
-617 -615 -607 -605 -601 -596 -588 -582 -572 -567 -562 -561 -556 -550 -546 -542 -532 -529
-519 -513 -511 -506 -505 -496 -491 -484 -479 -472 -470 -463 -458 -450 -447 -438 -437 -431
-430 -423 -414 -405 -395 -392 -384 -374 -370 -365 -361 -353 -344 -334 -331 -324 -318 -317
-312 -302 -292 -289 -287 -283 -280 -279 -277 -276 -269 -261 -256 -252 -244 -236 -230 -228
-219 -209 -208 -205 -203 -200 -196 -195 -187 -179 -174 -167 -164 -162 -157 -148 -145 -140
-137 -133 -130 -120 -112 -105 -97 -88 -86 -78 -70 -67 -64 -61 -56 -46 -39 -35
-27 -20 -19 -14 -4 0 9 19 23 28 34 43 46 48 57 62 72 79
81 90 98 103 112 115 123 125 132 136 138 142 150 154 155 160 169 175
177 184 188 194 201 202 206 212 219 227 231 235 236 243 247 255 257 264
271 273 276 280 287 294 303 306 307 312 318 325 335 345 354 357 363 365
367 368 371 379 384 394 403 411 413 415 416 426 436 437 445 450 453 459
460 470 477 483 490 499 509 517 521 525 529 531 539 549 551 554 561 563
571 576 579 581 585 593 601 608 614 616 621 631 640 642 645 651 653 656
666 673 683 686 691 695 696 705 715 719 721 724 726 727 734 737 747 751
756 761 769 774 782 786 792 801 807 814 815 821 823 825 831 834 843 846
855 861 864 873 881 888 894 898 906 907 908 913 917 921 927 936 940 946
951 953 959 962 971 979 984 986 988 991 992 1002 1003 1012 1020 1027 1034 1036
1041 1044 1052 1061 1066 1070 1079 1089 1090 1099 1101 1111 1117 1124 1127 1132 1133 1134
1144 1147 1153 1161 1171 1173 1178 1180 1189 1196 1200 1207 1217 1226 1227 1235 1242 1247
1251 1259 1267 1273 1280 1287 1290 1299 1300 1301 1304 1313 1320 1325 1334 1335 1339 1344
1353 1362 1363 1364 1366 1369 1371 1372 1375 1380 1382 1389 1396 1400 1409 1413 1418 1428
1431 1439 1441 1450 1459 1465 1474 1481 1483 1486 1494 1495 1501 1508 1512 1517 1524 1526
1529 1539 1545 1554 1555 1565 1571 1575 1582 1588 1593 1599 1605 1606 1613 1622 1627 1634
1635 1641 1649 1653 1663 1672 1679 1680 1686 1694 1698 1705 1712 1721 1722 1731 1737 1744
1753 1762 1771 1775 1777 1784 1793 1803 1805 1808 1809 1811 1820 1825 1834 1840 1843 1853
1856 1864 1873 1876 1879 1888 1894 1904 1912 1920 1925 1935 1941 1947 1952 1953 1955 1962
1969 1974 1979 1988 1992 1996 2005 2011 2017 2020 2030 2036 2043 2051 2052 2058 2068 2078
2081 2087 2095 2097 2103 2113 2117 2125 2129 2132 2142 2150 2156 2161 2168 2170 2177 2182
2187 2190 2197 2206 2211 2219 2228 2236 2241 2242 2251 2252 2255 2258 2266 2269 2278 2279
2287 2292 2294 2300 2302 2312 2315 2316 2319 2326 2329 2333 2336 2345 2351 2352 2361 2364
2367 2376 2378 2379 2385 2392 2393 2401 2411 2420 2421 2424 2431 2433 2440 2445 2451 2461
2463 2467 2474 2483 2491 2498 2506 2507 2516 2523 2525 2530 2535 2536 2541 2546 2556 2561
2564 2573 2576 2579 2582 2584 2586 2588 2591 2593 2594 2601 2604 2611 2614 2620 2623 2633
2634 2640 2642 2651 2657 2662 2668 2676 2681 2690 2694 2695 2700 2703 2707 2714 2715 2722
2724 2731 2737 2742 2743 2745 2750 2756 2760 2766 2772 2777 2779 2787 2797 2805 2811 2816
2818 2820 2825 2831 2840 2842 2852 2855 2861 2868 2876 2886 2891 2896 2901 2906 2912 2922
2932 2940 2941 2943 2947 2948 2955 2960 2969 2975 2976 2979 2989 2999 3000 3006 3016 3023
3033 3043 3049 3052 3053 3054 3058 3063 3070 3076 3079 3085 3095 3102 3105 3111 3121 3128
3134 3142 3149 3152 3161 3164 3170 3178 3188 3195 3200 3204 3209 3211 3215 3220 3230 3240
3241 3249 3256 3258 3265 3273 3276 3281 3288 3297 3304 3312 3316 3319 3328 3334 3340 3343
3350 3358 3362 3365 3370 3378 3382 3390 3399 3405 3408 3410 3412 3413 3420 3424 3430 3440
3449 3456 3460 3464 3466 3472 3473 3475 3482 3486 3490 3496 3504 3507 3512 3519 3524 3528
3538 3543 3551 3555 3558 3559 3568 3577 3578 3582 3588 3595 3597 3600 3601 3608 3616 3620
3622 3631 3632 3642 3647 3655 3665 3668 3674 3684 3686 3690 3696 3698 3701 3710 3711 3716
3722 3726 3734 3736 3740 3748 3755 3765 3767 3771 3779 3782 3784 3790 3796 3800 3804 3812
3818 3823 3832 3837 3843 3845 3850 3851 3860 3867 3871 3876 3877 3882 3891 3893 3897 3900
3905 3914 3918 3919 3926 3930 3938 3946 3947 3949 3955 3964 3971 3975 3982 3983 3987 3996
4001 4004 4013 4020 4023 4030 4032 4040 4042 4052 4059 4060 4065 4072 4076 4080 4088 4098
4100 4109 4112 4119 4125 4133 4138 4147 4150 4154 4163 4169 4173 4183 4188 4193 4200 4208
4214 4215 4220 4228 4231 4236 4243 4252 4260 4265 4267 4275 4282 4290 4297 4305 4306 4310
4320 4329 4334 4340 4344 4351 4359 4367 4369 4373 4378 4381 4385 4395 4403 4406 4412 4420
4422 4427 4430 4437 4442 4445 4455 4462 4464 4469 4472 4474 4484 4492 4497 4501 4503 4507
4513 4523 4524 4532 4539 4547 4554 4560 4563 4570 4572 4582 4590 4595 4599 4607 4609 4610
4616 4621 4629 4633 4640 4650 4657 4662 4664 4665 4673 4677 4681 4685 4694 4702 4710 4713
4721 4725 4728 4730 4734 4742 4747 4751 4757 4760 4768 4776 4783 4786 4793 4799 4802 4808
4817 4818 4828 4834 4837 4840 4841 4845 4846 4852 4855 4858 4861 4866 4868 4875 4878 4881
4887 4890 4899 4906 4909 4918 4921 4924 4927 4930 4940 4942 4943 4949 4950 4952 4961 4963
4965 4970 4973 4983 4984 4990 4999 5005 5013 5017 5026 5028 5037 5043 5044 5050 5055 5065
5071 5080 5090 5099 5106 5112 5117 5122 5124 5130 5131 5141 5151 5158 5165 5174 5176 5182
5188 5195 5202 5205 5212 5221 5231 5240 5243 5244 5251 5254 5259 5266 5268 5275 5276 5281
5283 5287 5295 5299 5309 5311 5317 5320 5328 5336 5346 5353 5354 5355 5363 5370 5372 5378
5384 5388 5391 5401 5402 5408 5409 5412 5415 5420 5425 5433 5434 5440 5449 5457 5466 5471
5479 5480 5484 5492 5493 5494 5499 5502 5509 5511 5518 5521 5524 5529 5536 5541 5542 5546
5556 5562 5572 5573 5578 5580 5582 5592 5596 5606 5615 5618 5626 5628 5630 5638 5646 5651
5659 5668 5672 5678 5683 5693 5699 5702 5707 5708 5713 5723 5733 5738 5746 5753 5755 5757
5766 5772 5779 5786 5787 5794 5798 5806 5808 5812 5815 5820 5830 5840 5845 5850 5851 5854
5864 5867 5868 5871 5876 5882 5884 5888 5896 5901 5906 5909 5916 5926 5929 5933 5936 5945
5951 5958 5965 5968 5977 5981 5984 5987 5996 5998 6001 6004 6012 6016 6018 6027 6033 6037
6041 6047 6049 6053 6062 6072 6073 6074 6078 6085 6094 6102 6104 6113 6117 6120 6130 6134
6135 6140 6141 6148 6158 6159 6164 6172 6173 6178 6184 6186 6195 6203 6210 6216 6225 6235
6245 6248 6256 6263 6268 6276 6283 6293 6301 6307 6310 6319 6322 6329 6339 6349 6351 6354
6358 6363 6371 6381 6382 6392 6402 6404 6410 6416 6423 6424 6431 6437 6444 6448 6452 6453
6462 6472 6476 6483 6489 6497 6499 6502 6507 6515 6517 6527 6536 6542 6546 6549 6552 6556
6566 6576 6582 6587 6595 6597 6603 6604 6608 6614 6615 6623 6626 6632 6633 6642 6644 6647
6655 6658 6667 6670 6673 6676 6685 6695 6698 6705 6707 6714 6720 6725 6734 6736 6745 6747
6749 6757 6758 6761 6771 6780 6785 6793 6794 6795 6803 6813 6822 6832 6837 6846 6853 6854
6863 6871 6872 6873 6874 6876 6877 6880 6888 6897 6904 6914 6918 6924 6930 6935 6939 6944
6952 6954 6963 6966 6967 6971 6972 6978 6981 6986 6987 6988 6996 7004 7008 7015 7020 7030
7040 7042 7047 7053 7054 7061 7071 7081 7084 7088 7097 7106 7111 7115 7118 7128 7137 7138
7147 7150 7159 7164 7168 7170 7175 7180 7189 7190 7196 7200 7203 7210 7212 7219 7223 7227
7232 7240 7242 7248 7250 7252 7253 7261 7270 7277 7280 7284 7292 7300 7301 7308 7315 7321
7325 7333 7334 7339 7343 7348 7358 7360 7367 7371 7375 7377 7386 7396 7405 7411 7421 7426
7434 7440 7444 7445 7448 7454 7457 7460 7461 7469 7476 7480 7485 7489 7494 7503 7510 7512
7515 7525 7535 7541 7548 7553 7561 7569 7578 7579 7589 7597 7604 7607 7612 7619 7621 7631
7634 7644 7645 7651 7661 7664 7671 7673 7677 7680 7684 7685 7688 7691 7695 7703 7710 7717
7720 7725 7733 7734 7741 7745 7755 7760 7763 7769 7777 7783 7792 7801 7805 7811 7812 7814
7819 7820 7823 7826 7836 7842 7847 7856 7857 7861 7870 7878 7882 7885 7892 7893 7897 7905
7915 7924 7925 7932 7939 7940 7945 7955 7960 7961 7971 7973 7982 7990 7993 7995 8002 8004
8013 8023 8026 8027 8035 8044 8053 8059 8061 8065 8074 8081 8087 8088 8096 8103 8105 8109
8118 8124 8126 8130 8136 8140 8144 8147 8157 8163 8169 8177 8185 8190 8194 8195 8199 8203
8205 8208 8217 8219 8221 8226 8235 8236 8239 8242 8245 8246 8253 8254 8257 8261 8267 8269
8272 8281 8291 8299 8301 8305 8306 8309 8317 8323 8325 8330 8333 8341 8345 8349 8356 8365
8367 8374 8383 8390 8396 8397 8405 8412 8421 8422 8425 8433 8443 8449 8455 8463 8466 8469
8473 8480 8489 8497 8505 8506 8515 8520 8527 8532 8542 8548 8554 8555 8564 8566 8576 8580
8582 8590 8595 8598 8606 8613 8618 8621 8623 8626 8635 8644 8654 8655 8664 8669 8672 8682
8688 8696 8697 8699 8703 8711 8714 8715 8723 8726 8727 8736 8744 8750 8757 8767 8777 8783
8785 8791 8794 8803 8809 8811 8819 8824 8831 8839 8846 8850 8854 8862 8867 8875 8876 8879
8886 8891 8898 8904 8907 8912 8917 8920 8926 8929 8935 8942 8951 8959 8967 8973 8974 8976
8979 8984 8991 8999 9002 9005 9010 9019 9021 9023 9028 9032 9035 9037 9043 9047 9057 9065
9068 9073 9078 9086 9091 9101 9105 9110 9112 9119 9126 9127 9133 9137 9144 9151 9155 9161
9163 9166 9174 9182 9190 9198 9205 9212 9218 9225 9230 9232 9238 9247 9257 9261 9267 9276
9278 9286 9294 9298 9305 9307 9314 9320 9330 9332 9335 9342 9351 9357 9362 9366 9367 9370
9378 9381 9388 9395 9399 9407 9408 9409 9419 9423 9424 9432 9433 9434 9442 9443 9450 9460
9470 9473 9481 9491 9498 9503 9511 9514 9517 9524 9530 9531 9536 9543 9544 9550 9552 9554
9561 9562 9570 9579 9587 9595 9597 9600 9604 9610 9617 9620 9626 9634 9636 9646 9653 9654
9657 9661 9670 9679 9688 9691 9699 9704 9714 9717 9722 9732 9736 9745 9750 9758 9764 9771
9780 9781 9791 9795 9799 9806 9816 9822 9826 9833 9840 9842 9852 9860 9864 9865 9868 9872
9881 9887 9893 9897 9898 9907 9908 9909 9917 9921 9923 9926 9931 9936 9940 9948 9954 9959
9964 9973 9976 9982 9983 9993 9996 9998 10008 10018 10026 10027 10037 10041 10051 10053 10056 10062
10068 10069 10079 10088 10092 10101 10104 10110 10117 10119 10126 10127 10137 10141 10143 10153 10156 10163
10171 10172 10180 10190 10196 10197 10202 10204 10213 10214 10224 10233 10241 10247 10250 10253 10263 10265
10273 10274 10279 10288 10291 10293 10301 10302 10310 10314 10323 10325 10333 10336 10340 10348 10356 10364
10371 10373 10379 10387 10397 10398 10403 10411 10415 10422 10432 10434 10442 10448 10458 10466 10470 10474
10482 10487 10490 10497 10499 10505 10514 10524 10525 10535 10537 10539 10548 10556 10566 10576 10578 10584
10586 10587 10596 10604 10606 10616 10619 10629 10631 10640 10646 10655 10658 10659 10667 10669 10679 10684
10692 10698 10699 10708 10709 10713 10716 10720 10721 10731 10733 10740 10741 10745 10748 10757 10758 10763
10771 10775 10777 10784 10791 10799 10804 10812 10818 10828 10832 10837 10845 10853 10860 10868 10878 10880
10890 10899 10909 10912 10920 10926 10932 10941 10949 10955 10961 10963 10968 10973 10976 10979 10988 10990
10991 10999 11003 11012 11021 11031 11033 11038 11040 11050 11052 11054 11059 11067 11070 11080 11090 11095
11101 11103 11105 11112 11121 11125 11127 11130 11134 11136 11138 11139 11147 11156 11157 11159 11168 11175
11184 11194 11198 11206 11214 11224 11231 11237 11241 11246 11254 11260 11262 11267 11273 11282 11291 11301
11305 11306 11316 11319 11327 11328 11336 11339 11341 11348 11358 11366 11375 11385 11386 11394 11396 11398
11405 11410 11417 11423 11427 11436 11440 11443 11447 11451 11453 11463 11465 11468 11473 11481 11488 11498
11502 11511 11515 11521 11528 11538 11539 11540 11544 11554 11555 11558 11568 11572 11579 11580 11582 11586
11591 11594 11601 11606 11609 11613 11619 11627 11629 11638 11640 11649 11656 11658 11660 11662 11669 11675
11677 11687 11688 11698 11702 11708 11710 11712 11717 11723 11731 11732 11740 11745 11755 11765 11773 11778
11781 11791 11801 11808 11810 11812 11822 11830 11837 11840 11842 11848 11852 11854 11860 11866 11873 11876
11877 11878 11884 11885 11886 11888 11898 11904 11907 11909 11918 11926 11928 11933 11937 11945 11955 11958
11967 11969 11972 11973 11976 11981 11987 11996 12001 12006 12015 12019 12021 12031 12032 12039 12048 12053
12060 12065 12068 12072 12077 12087 12088 12092 12093 12098 12099 12101 12109 12118 12124 12130 12132 12141
12142 12150 12160 12164 12167 12174 12177 12182 12192 12196 12206 12214 12220 12224 12231 12232 12242 12244
12248 12249 12252 12255 12258 12262 12269 12272 12274 12282 12288 12297 12307 12314 12316 12317 12326 12328
12336 12341 12344 12351 12355 12365 12372 12376 12380 12381 12391 12393 12402 12409 12412 12416 12421 12428
12429 12439 12445 12446 12447 12456 12457 12462 12463 12464 12469 12470 12473 12475 12485 12493 12495 12501
12506 12508 12516 12525 12533 12540 12548 12555 12558 12565 12569 12572 12574 12581 12590 12591 12596 12604
12607 12610 12614 12621 12626 12631 12635 12644 12650 12657 12663 12669 12671 12674 12676 12681 12685 12687
12694 12696 12705 12713 12716 12721 12731 12735 12743 12744 12746 12754 12762 12768 12770 12771 12774 12784
12790 12797 12804 12813 12816 12818 12825 12831 12837 12845 12853 12863 12871 12873 12882 12889 12899 12909
12912 12919 12921 12931 12941 12947 12953 12960 12962 12972 12980 12984 12994 12998 13006 13014 13015 13023
13027 13035 13040 13046 13054 13061 13069 13074 13078 13079 13089 13094 13098 13101 13110 13112 13116 13117
13121 13124 13126 13127 13134 13141 13148 13149 13151 13153 13161 13171 13177 13183 13188 13198 13206 13209
13215 13218 13221 13230 13238 13239 13244 13254 13259 13268 13273 13282 13288 13291 13298 13306 13314 13322
13330 13340 13347 13356 13362 13369 13371 13374 13383 13387 13395 13398 13399 13403 13411 13417 13426 13427
13433 13441 13451 13456 13458 13467 13468 13472 13473 13475 13481 13487 13493 13503 13507 13512 13514 13518
13528 13535 13536 13546 13548 13555 13565 13566 13576 13577 13581 13589 13590 13597 13603 13610 13618 13622
13631 13636 13646 13648 13658 13661 13669 13677 13686 13692 13698 13706 13710 13712 13721 13725 13732 13735
13740 13747 13748 13758 13762 13767 13773 13777 13782 13790 13791 13792 13794 13804 13814 13820 13825 13827
13834 13841 13847 13855 13856 13866 13873 13883 13886 13889 13896 13897 13898 13899 13908 13917 13920 13922
13929 13935 13942 13943 13948 13949 13956 13964 13965 13969 13970 13980 13986 13994 14003 14013 14019 14027
14036 14045 14046 14052 14062 14064 14073 14076 14083 14084 14089 14090 14093 14097 14106 14107 14116 14125
14127 14135 14137 14147 14157 14167 14175 14180 14190 14194 14196 14198 14199 14209 14210 14217 14226 14236
14237 14240 14247 14256 14259 14263 14272 14280 14287 14290 14291 14296 14297 14305 14306 14314 14321 14328
14335 14344 14347 14355 14362 14371 14375 14384 14385 14395 14401 14407 14410 14411 14413 14419 14421 14423
14425 14431 14432 14441 14450 14455 14457 14458 14466 14468 14472 14477 14479 14481 14482 14489 14491 14500
14503 14505 14514 14516 14526 14532 14538 14547 14552 14558 14567 14575 14582 14588 14596 14601 14609 14615
14620 14626 14628 14633 14635 14640 14647 14654 14659 14662 14670 14671 14672 14678 14684 14692 14697 14705
14710 14716 14717 14723 14729 14730 14738 14740 14743 14750 14756 14757 14761 14767 14770 14772 14777 14786
14787 14790 14793 14797 14807 14813 14822 14826 14829 14835 14845 14847 14855 14864 14873 14877 14884 14887
14888 14897 14900 14902 14907 14917 14919 14922 14928 14932 14933 14943 14953 14963 14964 14970 14980 14985
14989 14997 15005 15006 15008 15011 15021 15023 15025 15026 15033 15039 15049 15051 15054 15057 15061 15065
15072 15082 15091 15099 15106 15108 15109 15117 15118 15125 15127 15130 15133 15143 15148 15156 15166 15172
15176 15179 15187 15191 15194 15202 15212 15220 15227 15231 15234 15241 15247 15248 15258 15259 15268 15277
15285 15288 15294 15298 15301 15308 15309 15312 15315 15324 15325 15327 15337 15338 15339 15344 15353 15354
15356 15362 15364 15370 15374 15380 15383 15387 15388 15391 15394 15398 15400 15406 15410 15412 15422 15429
15436 15440 15446 15449 15450 15451 15456 15464 15466 15474 15483 15486 15488 15496 15503 15513 15522 15532
15536 15546 15549 15553 15560 15570 15573 15581 15587 15595 15601 15602 15611 15621 15623 15632 15637 15640
15644 15649 15654 15662 15669 15670 15672 15676 15685 15694 15702 15709 15715 15720 15727 15729 15731 15733
15735 15737 15747 15748 15755 15762 15765 15773 15780 15789 15792 15797 15803 15805 15810 15817 15826 15832
15837 15839 15849 15851 15853 15858 15859 15862 15869 15877 15887 15892 15902 15905 15911 15913 15915 15919
15921 15924 15929 15939 15945 15953 15959 15965 15970 15980 15989 15997 16006 16008 16017 16023 16025 16032
16041 16044 16052 16056 16061 16069 16072 16079 16089 16092 16101 16110 16111 16115 16124 16131 16140 16146
16150 16158 16164 16166 16176 16185 16190 16199 16204 16210 16219 16221 16223 16231 16235 16236 16241 16248
16257 16262 16268 16270 16275 16276 16281 16290 16295 16302 16308 16311 16315 16318 16323 16330 16335 16337
16338 16348 16355 16357 16359 16369 16371 16376 16381 16384 16390 16392 16394 16404 16408 16411 16419 16422
16427 16432 16438 16440 16441 16446 16452 16453 16460 16463 16464 16471 16479 16488 16498 16507 16517 16527
16532 16542 16549 16552 16557 16564 16568 16577 16583 16592 16599 16604 16609 16619 16623 16627 16637 16639
16640 16649 16658 16663 16664 16670 16677 16685 16692 16694 16701 16703 16711 16719 16729 16737 16744 16745
16746 16754 16764 16772 16779 16784 16794 16800 16810 16817 16818 16825 16829 16837 16847 16857 16859 16863
16866 16876 16885 16894 16897 16906 16908 16909 16916 16920 16924 16929 16934 16935 16939 16943 16952 16955
16956 16966 16972 16974 16981 16982 16988 16991 16997 17007 17017 17018 17026 17031 17037 17040 17046 17055
17062 17064 17072 17073 17079 17089 17098 17108 17117 17118 17128 17132 17135 17140 17148 17157 17165 17173
17182 17191 17199 17203 17211 17215 17222 17229 17236 17244 17248 17251 17260 17264 17270 17279 17280 17281
17289 17296 17301 17308 17314 17319 17321 17327 17333 17342 17346 17354 17363 17366 17368 17376 17378 17384
17394 17403 17409 17419 17423 17424 17430 17436 17442 17444 17451 17453 17456 17457 17458 17462 17466 17472
17480 17484 17492 17498 17508 17512 17519 17526 17531 17540 17544 17550 17555 17563 17571 17577 17587 17589
17592 17596 17600 17610 17613 17622 17626 17631 17635 17640 17648 17658 17660 17668 17678 17682 17690 17699
17702 17703 17710 17711 17721 17722 17725 17726 17732 17739 17743 17746 17747 17755 17758 17768 17776 17785
17788 17798 17802 17804 17810 17813 17816 17822 17827 17834 17842 17847 17850 17857 17863 17867 17877 17885
17893 17897 17898 17899 17903 17913 17921 17931 17932 17937 17939 17947 17954 17955 17964 17967 17969 17976
17978 17988 17996 18004 18014 18017 18024 18034 18037 18045 18052 18053 18055 18065 18074 18076 18077 18081
18087 18088 18095 18103 18104 18111 18120 18130 18132 18142 18145 18151 18156 18158 18165 18167 18173 18175
18180 18181 18185 18195 18197 18200 18203 18204 18208 18210 18218 18222 18224 18233 18240 18243 18244 18251
18260 18263 18270 18272 18277 18287 18289 18297 18307 18313 18316 18325 18331 18332 18333 18336 18344 18349
18351 18361 18362 18369 18371 18373 18377 18386 18392 18398 18403 18406 18408 18415 18421 18425 18434 18444
18448 18452 18458 18464 18472 18476 18477 18482 18489 18499 18502 18505 18509 18515 18520 18522 18529 18532
18541 18545 18554 18557 18561 18564 18567 18568 18578 18588 18597 18601 18607 18614 18620 18621 18628 18638
18642 18647 18656 18664 18666 18675 18676 18680 18684 18690 18694 18703 18710 18718 18726 18731 18737 18746
18754 18764 18765 18774 18777 18784 18785 18787 18789 18792 18797 18803 18804 18812 18815 18824 18825 18828
18831 18834 18835 18837 18844 18853 18855 18858 18861 18866 18872 18882 18891 18900 18906 18914 18919 18923
18930 18939 18942 18946 18952 18962 18964 18969 18979 18989 18999 19007 19014 19017 19019 19022 19025 19031
19033 19040 19047 19050 19059 19065 19067 19068 19078 19081 19091 19099 19103 19104 19112 19120 19130 19137
19143 19152 19161 19163 19167 19171 19174 19181 19188 19191 19201 19202 19203 19209 19219 19226 19232 19239
19245 19251 19261 19269 19278 19285 19289 19297 19300 19305 19309 19317 19326 19332 19338 19344 19346 19354
19364 19374 19383 19390 19399 19400 19407 19413 19423 19429
