-15909 -15907 -15906 -15901 -15896 -15891 -15881 -15878 -15873 -15867 -15866 -15864 -15856 -15851 -15843 -15839 -15831 -15829
-15825 -15816 -15809 -15807 -15797 -15791 -15781 -15772 -15766 -15760 -15758 -15751 -15742 -15732 -15731 -15723 -15716 -15715
-15714 -15712 -15702 -15699 -15693 -15691 -15690 -15688 -15680 -15678 -15670 -15660 -15652 -15643 -15636 -15635 -15629 -15627
-15626 -15617 -15613 -15610 -15600 -15593 -15592 -15591 -15587 -15579 -15573 -15570 -15564 -15560 -15550 -15545 -15538 -15536
-15526 -15522 -15517 -15513 -15505 -15496 -15495 -15493 -15485 -15478 -15475 -15473 -15467 -15465 -15461 -15458 -15455 -15447
-15439 -15437 -15434 -15428 -15422 -15419 -15414 -15412 -15407 -15399 -15395 -15393 -15388 -15381 -15373 -15364 -15357 -15354
-15352 -15348 -15339 -15332 -15325 -15318 -15316 -15311 -15305 -15297 -15294 -15286 -15285 -15276 -15269 -15267 -15263 -15258
-15248 -15247 -15239 -15232 -15231 -15221 -15218 -15212 -15207 -15202 -15201 -15197 -15190 -15188 -15178 -15172 -15169 -15166
-15163 -15156 -15149 -15142 -15136 -15131 -15130 -15123 -15121 -15117 -15115 -15109 -15107 -15101 -15091 -15082 -15073 -15069
-15066 -15059 -15052 -15042 -15033 -15023 -15014 -15007 -15001 -15000 -14994 -14992 -14988 -14984 -14979 -14973 -14968 -14958
-14950 -14948 -14946 -14941 -14937 -14928 -14922 -14913 -14904 -14899 -14896 -14894 -14887 -14885 -14883 -14874 -14872 -14867
-14863 -14858 -14850 -14842 -14841 -14832 -14826 -14822 -14812 -14807 -14800 -14798 -14789 -14787 -14778 -14773 -14770 -14760
-14751 -14745 -14740 -14733 -14731 -14722 -14715 -14712 -14708 -14705 -14698 -14695 -14693 -14690 -14681 -14674 -14671 -14663
-14661 -14651 -14644 -14634 -14625 -14618 -14616 -14609 -14602 -14598 -14596 -14586 -14584 -14577 -14575 -14565 -14557 -14552
-14547 -14542 -14536 -14532 -14522 -14517 -14507 -14504 -14498 -14495 -14493 -14487 -14484 -14479 -14476 -14473 -14470 -14469
-14461 -14457 -14453 -14445 -14444 -14443 -14436 -14428 -14418 -14413 -14405 -14395 -14393 -14385 -14382 -14377 -14371 -14370
-14363 -14354 -14344 -14340 -14334 -14331 -14323 -14314 -14310 -14301 -14298 -14295 -14294 -14285 -14278 -14273 -14264 -14257
-14256 -14250 -14249 -14244 -14234 -14230 -14225 -14217 -14207 -14199 -14197 -14196 -14189 -14185 -14182 -14179 -14176 -14175
-14166 -14159 -14156 -14151 -14144 -14137 -14132 -14128 -14123 -14121 -14116 -14111 -14102 -14098 -14089 -14088 -14082 -14075
-14066 -14064 -14062 -14054 -14045 -14035 -14028 -14022 -14018 -14011 -14009 -14001 -14000 -13994 -13992 -13988 -13984 -13978
-13974 -13973 -13964 -13963 -13957 -13955 -13952 -13948 -13938 -13930 -13922 -13918 -13916 -13909 -13903 -13901 -13896 -13890
-13886 -13880 -13872 -13868 -13860 -13850 -13844 -13836 -13827 -13825 -13816 -13810 -13807 -13805 -13804 -13796 -13788 -13785
-13783 -13773 -13765 -13762 -13755 -13751 -13747 -13743 -13736 -13733 -13723 -13714 -13704 -13698 -13694 -13693 -13686 -13685
-13676 -13672 -13662 -13661 -13653 -13647 -13641 -13636 -13633 -13631 -13623 -13621 -13617 -13610 -13607 -13600 -13591 -13584
-13576 -13568 -13562 -13558 -13549 -13548 -13544 -13540 -13531 -13530 -13527 -13525 -13520 -13511 -13505 -13503 -13497 -13487
-13481 -13477 -13471 -13468 -13463 -13456 -13451 -13444 -13443 -13442 -13440 -13431 -13430 -13428 -13418 -13410 -13400 -13391
-13387 -13383 -13375 -13373 -13367 -13357 -13353 -13346 -13345 -13344 -13335 -13334 -13327 -13320 -13311 -13310 -13302 -13293
-13291 -13281 -13273 -13271 -13264 -13259 -13254 -13250 -13249 -13247 -13238 -13236 -13230 -13220 -13217 -13207 -13204 -13203
-13194 -13187 -13186 -13178 -13171 -13162 -13156 -13155 -13154 -13153 -13147 -13137 -13133 -13125 -13116 -13114 -13113 -13104
-13099 -13095 -13090 -13084 -13079 -13071 -13067 -13065 -13058 -13057 -13047 -13039 -13035 -13028 -13023 -13013 -13004 -13000
-12994 -12985 -12982 -12979 -12970 -12960 -12951 -12944 -12935 -12931 -12927 -12926 -12916 -12909 -12902 -12897 -12895 -12889
-12887 -12880 -12879 -12876 -12866 -12864 -12862 -12858 -12856 -12847 -12845 -12835 -12829 -12828 -12824 -12821 -12815 -12814
-12805 -12803 -12800 -12795 -12794 -12785 -12779 -12778 -12776 -12774 -12766 -12762 -12757 -12756 -12755 -12747 -12742 -12736
-12729 -12725 -12715 -12713 -12707 -12699 -12694 -12691 -12685 -12676 -12671 -12668 -12660 -12655 -12651 -12647 -12646 -12642
-12632 -12627 -12622 -12615 -12608 -12598 -12588 -12586 -12576 -12574 -12567 -12563 -12561 -12556 -12548 -12544 -12536 -12529
-12524 -12514 -12511 -12504 -12499 -12497 -12488 -12478 -12471 -12464 -12454 -12448 -12442 -12441 -12439 -12430 -12429 -12419
-12414 -12404 -12402 -12398 -12393 -12389 -12380 -12375 -12374 -12370 -12360 -12356 -12352 -12343 -12337 -12335 -12333 -12326
-12316 -12309 -12301 -12296 -12295 -12289 -12279 -12275 -12266 -12261 -12256 -12254 -12251 -12243 -12233 -12225 -12220 -12216
-12214 -12204 -12194 -12191 -12185 -12180 -12179 -12170 -12166 -12165 -12164 -12157 -12151 -12148 -12141 -12136 -12130 -12121
-12113 -12111 -12103 -12094 -12085 -12079 -12072 -12071 -12069 -12067 -12063 -12059 -12053 -12044 -12041 -12036 -12033 -12026
-12022 -12017 -12015 -12005 -11997 -11994 -11993 -11988 -11983 -11973 -11967 -11961 -11960 -11954 -11953 -11952 -11951 -11950
-11943 -11934 -11924 -11917 -11912 -11909 -11904 -11901 -11895 -11887 -11878 -11876 -11870 -11862 -11861 -11856 -11846 -11845
-11838 -11829 -11823 -11816 -11811 -11809 -11808 -11804 -11797 -11791 -11782 -11772 -11767 -11759 -11755 -11745 -11743 -11734
-11725 -11722 -11713 -11706 -11696 -11693 -11687 -11685 -11681 -11677 -11667 -11664 -11658 -11656 -11654 -11652 -11646 -11640
-11631 -11622 -11617 -11616 -11609 -11605 -11600 -11592 -11586 -11577 -11575 -11565 -11555 -11545 -11539 -11533 -11526 -11516
-11513 -11508 -11507 -11504 -11499 -11495 -11491 -11486 -11481 -11477 -11476 -11472 -11464 -11456 -11449 -11439 -11432 -11429
-11420 -11416 -11414 -11409 -11403 -11393 -11391 -11389 -11385 -11378 -11368 -11361 -11356 -11349 -11344 -11342 -11340 -11335
-11331 -11324 -11322 -11319 -11316 -11315 -11310 -11301 -11298 -11293 -11289 -11284 -11278 -11271 -11265 -11259 -11257 -11255
-11248 -11244 -11237 -11229 -11223 -11220 -11210 -11206 -11199 -11197 -11192 -11185 -11177 -11175 -11170 -11169 -11168 -11165
-11158 -11149 -11143 -11133 -11128 -11122 -11118 -11116 -11113 -11107 -11102 -11099 -11092 -11090 -11088 -11081 -11077 -11076
-11066 -11058 -11052 -11051 -11044 -11036 -11027 -11018 -11015 -11012 -11009 -11000 -10991 -10987 -10978 -10970 -10964 -10963
-10953 -10950 -10944 -10942 -10938 -10935 -10930 -10925 -10917 -10908 -10906 -10899 -10893 -10883 -10875 -10869 -10866 -10858
-10849 -10842 -10833 -10827 -10822 -10821 -10812 -10810 -10801 -10792 -10788 -10787 -10786 -10780 -10779 -10773 -10769 -10764
-10759 -10754 -10747 -10738 -10735 -10730 -10723 -10714 -10710 -10703 -10695 -10689 -10687 -10683 -10674 -10671 -10667 -10662
-10659 -10651 -10644 -10640 -10635 -10627 -10621 -10611 -10601 -10591 -10583 -10582 -10577 -10574 -10569 -10567 -10558 -10551
-10548 -10539 -10535 -10532 -10529 -10528 -10522 -10518 -10514 -10505 -10498 -10497 -10488 -10482 -10481 -10475 -10473 -10472
-10465 -10460 -10458 -10450 -10441 -10434 -10426 -10417 -10416 -10415 -10407 -10399 -10389 -10382 -10379 -10372 -10371 -10361
-10358 -10357 -10354 -10346 -10336 -10328 -10327 -10324 -10314 -10308 -10304 -10299 -10289 -10281 -10274 -10265 -10258 -10254
-10245 -10241 -10236 -10228 -10225 -10216 -10211 -10208 -10207 -10197 -10195 -10190 -10180 -10176 -10173 -10166 -10159 -10154
-10148 -10138 -10133 -10126 -10121 -10113 -10111 -10109 -10103 -10093 -10086 -10078 -10072 -10071 -10061 -10056 -10047 -10040
-10031 -10021 -10016 -10014 -10006 -9998 -9993 -9990 -9985 -9976 -9972 -9964 -9958 -9953 -9950 -9948 -9940 -9934
-9929 -9924 -9920 -9912 -9902 -9894 -9887 -9879 -9877 -9872 -9863 -9857 -9854 -9853 -9851 -9847 -9844 -9834
-9830 -9823 -9817 -9813 -9807 -9803 -9800 -9791 -9785 -9782 -9775 -9769 -9763 -9760 -9756 -9751 -9743 -9736
-9729 -9719 -9718 -9708 -9705 -9699 -9695 -9691 -9687 -9679 -9677 -9674 -9668 -9662 -9657 -9653 -9643 -9637
-9636 -9629 -9622 -9612 -9605 -9604 -9598 -9596 -9591 -9590 -9589 -9581 -9575 -9572 -9566 -9559 -9550 -9540
-9538 -9530 -9523 -9520 -9510 -9507 -9500 -9490 -9486 -9484 -9475 -9469 -9468 -9464 -9457 -9447 -9446 -9439
-9434 -9429 -9428 -9424 -9421 -9414 -9407 -9397 -9391 -9389 -9381 -9371 -9362 -9355 -9350 -9347 -9342 -9340
-9333 -9332 -9323 -9322 -9320 -9310 -9304 -9295 -9287 -9286 -9284 -9278 -9274 -9269 -9259 -9251 -9250 -9246
-9236 -9226 -9219 -9218 -9210 -9206 -9196 -9195 -9185 -9182 -9180 -9171 -9166 -9159 -9153 -9143 -9137 -9136
-9134 -9133 -9126 -9125 -9120 -9110 -9103 -9094 -9087 -9082 -9074 -9066 -9059 -9049 -9047 -9044 -9038 -9033
-9030 -9024 -9020 -9015 -9009 -9005 -9003 -8996 -8987 -8979 -8970 -8967 -8959 -8957 -8956 -8954 -8950 -8942
-8941 -8940 -8937 -8930 -8923 -8918 -8911 -8906 -8904 -8902 -8895 -8890 -8887 -8878 -8875 -8872 -8869 -8863
-8862 -8859 -8849 -8847 -8837 -8829 -8826 -8823 -8818 -8816 -8811 -8803 -8793 -8783 -8778 -8770 -8766 -8757
-8753 -8749 -8743 -8735 -8727 -8723 -8717 -8716 -8715 -8713 -8707 -8704 -8696 -8693 -8690 -8682 -8674 -8665
-8655 -8646 -8639 -8635 -8633 -8625 -8616 -8613 -8609 -8607 -8600 -8599 -8595 -8586 -8577 -8570 -8569 -8568
-8565 -8557 -8554 -8545 -8543 -8538 -8531 -8523 -8513 -8506 -8498 -8497 -8491 -8485 -8478 -8471 -8463 -8462
-8455 -8445 -8435 -8430 -8422 -8417 -8415 -8407 -8405 -8403 -8396 -8389 -8384 -8382 -8372 -8363 -8357 -8348
-8347 -8343 -8339 -8334 -8329 -8327 -8317 -8308 -8301 -8295 -8288 -8284 -8281 -8278 -8270 -8260 -8250 -8242
-8236 -8229 -8221 -8218 -8217 -8211 -8210 -8208 -8205 -8203 -8196 -8194 -8189 -8180 -8171 -8166 -8160 -8158
-8151 -8144 -8141 -8134 -8127 -8126 -8116 -8113 -8103 -8099 -8096 -8091 -8090 -8088 -8084 -8078 -8068 -8065
-8060 -8055 -8049 -8047 -8041 -8037 -8036 -8030 -8022 -8020 -8019 -8018 -8014 -8009 -8001 -7991 -7981 -7975
-7968 -7964 -7960 -7953 -7951 -7947 -7939 -7933 -7925 -7918 -7910 -7908 -7906 -7901 -7896 -7892 -7885 -7879
-7876 -7874 -7865 -7862 -7855 -7852 -7844 -7839 -7837 -7828 -7820 -7814 -7809 -7802 -7799 -7789 -7788 -7782
-7781 -7777 -7774 -7768 -7759 -7758 -7750 -7744 -7735 -7733 -7730 -7725 -7724 -7719 -7709 -7707 -7700 -7691
-7685 -7675 -7666 -7656 -7651 -7649 -7647 -7641 -7637 -7636 -7635 -7630 -7623 -7615 -7611 -7602 -7592 -7591
-7586 -7578 -7576 -7571 -7567 -7561 -7560 -7558 -7552 -7548 -7540 -7536 -7527 -7526 -7519 -7512 -7507 -7498
-7493 -7489 -7483 -7479 -7474 -7471 -7463 -7461 -7457 -7453 -7444 -7442 -7441 -7436 -7433 -7431 -7426 -7425
-7419 -7412 -7405 -7403 -7400 -7391 -7387 -7381 -7371 -7363 -7353 -7351 -7346 -7336 -7333 -7323 -7322 -7317
-7313 -7311 -7302 -7299 -7298 -7292 -7291 -7286 -7281 -7271 -7265 -7263 -7260 -7256 -7248 -7244 -7235 -7233
-7232 -7223 -7219 -7217 -7213 -7209 -7199 -7191 -7186 -7185 -7180 -7171 -7170 -7160 -7153 -7150 -7144 -7137
-7133 -7131 -7124 -7114 -7112 -7106 -7099 -7090 -7080 -7072 -7070 -7060 -7057 -7053 -7044 -7043 -7034 -7030
-7020 -7012 -7005 -6998 -6994 -6987 -6983 -6982 -6972 -6963 -6961 -6951 -6950 -6941 -6936 -6931 -6923 -6920
-6917 -6911 -6908 -6902 -6898 -6890 -6889 -6879 -6874 -6870 -6866 -6861 -6854 -6844 -6841 -6836 -6834 -6831
-6829 -6822 -6819 -6815 -6810 -6803 -6798 -6793 -6784 -6777 -6775 -6770 -6761 -6755 -6750 -6746 -6745 -6736
-6735 -6733 -6726 -6721 -6712 -6702 -6701 -6698 -6694 -6684 -6683 -6676 -6666 -6661 -6658 -6651 -6650 -6642
-6633 -6632 -6623 -6621 -6613 -6603 -6594 -6586 -6582 -6575 -6572 -6562 -6560 -6552 -6551 -6545 -6538 -6535
-6527 -6525 -6520 -6512 -6503 -6501 -6495 -6494 -6492 -6484 -6480 -6478 -6471 -6463 -6461 -6458 -6454 -6448
-6439 -6438 -6435 -6426 -6424 -6418 -6414 -6406 -6402 -6396 -6392 -6385 -6378 -6370 -6360 -6351 -6346 -6345
-6343 -6336 -6334 -6332 -6329 -6325 -6323 -6315 -6308 -6298 -6290 -6286 -6279 -6277 -6274 -6270 -6265 -6260
-6258 -6249 -6243 -6242 -6234 -6226 -6222 -6219 -6217 -6208 -6201 -6191 -6183 -6182 -6180 -6178 -6169 -6167
-6164 -6155 -6150 -6148 -6138 -6128 -6120 -6112 -6103 -6098 -6095 -6085 -6078 -6072 -6063 -6059 -6057 -6052
-6049 -6039 -6035 -6034 -6027 -6020 -6019 -6010 -6006 -6000 -5995 -5994 -5990 -5980 -5971 -5969 -5963 -5962
-5958 -5957 -5951 -5941 -5931 -5925 -5915 -5906 -5900 -5890 -5884 -5878 -5869 -5867 -5865 -5860 -5858 -5848
-5846 -5836 -5828 -5818 -5810 -5802 -5796 -5794 -5792 -5783 -5782 -5779 -5774 -5765 -5755 -5754 -5745 -5740
-5736 -5730 -5729 -5723 -5721 -5716 -5714 -5706 -5699 -5694 -5690 -5686 -5676 -5667 -5664 -5657 -5653 -5645
-5640 -5635 -5626 -5618 -5611 -5602 -5600 -5598 -5593 -5584 -5582 -5579 -5569 -5560 -5554 -5546 -5539 -5535
-5528 -5521 -5515 -5508 -5501 -5500 -5494 -5489 -5485 -5481 -5472 -5467 -5458 -5457 -5447 -5442 -5436 -5427
-5423 -5415 -5411 -5404 -5398 -5388 -5381 -5374 -5368 -5358 -5355 -5348 -5342 -5335 -5328 -5319 -5318 -5317
-5310 -5308 -5299 -5292 -5284 -5279 -5275 -5271 -5269 -5266 -5258 -5252 -5251 -5242 -5237 -5232 -5228 -5219
-5214 -5211 -5203 -5196 -5192 -5183 -5174 -5172 -5171 -5165 -5161 -5155 -5151 -5143 -5138 -5132 -5123 -5120
-5112 -5106 -5101 -5093 -5092 -5089 -5087 -5081 -5071 -5065 -5063 -5060 -5053 -5043 -5034 -5024 -5019 -5017
-5008 -5000 -4991 -4984 -4981 -4975 -4967 -4965 -4956 -4955 -4954 -4946 -4943 -4940 -4938 -4929 -4928 -4920
-4917 -4910 -4909 -4902 -4900 -4897 -4890 -4883 -4882 -4874 -4873 -4866 -4863 -4857 -4847 -4846 -4845 -4843
-4838 -4835 -4830 -4827 -4822 -4821 -4815 -4811 -4810 -4800 -4797 -4789 -4782 -4775 -4767 -4766 -4765 -4764
-4760 -4755 -4748 -4738 -4731 -4728 -4726 -4723 -4715 -4705 -4704 -4698 -4691 -4689 -4683 -4680 -4674 -4671
-4662 -4655 -4651 -4641 -4638 -4637 -4636 -4633 -4627 -4625 -4618 -4614 -4607 -4606 -4596 -4594 -4592 -4582
-4577 -4576 -4568 -4567 -4558 -4548 -4543 -4537 -4534 -4527 -4522 -4518 -4515 -4508 -4500 -4497 -4489 -4479
-4471 -4461 -4452 -4447 -4440 -4436 -4434 -4431 -4429 -4427 -4420 -4410 -4407 -4404 -4396 -4387 -4381 -4378
-4376 -4370 -4367 -4363 -4360 -4357 -4354 -4348 -4341 -4339 -4332 -4325 -4321 -4318 -4317 -4315 -4314 -4311
-4310 -4307 -4301 -4295 -4292 -4291 -4286 -4285 -4281 -4271 -4261 -4259 -4255 -4253 -4243 -4240 -4238 -4230
-4225 -4218 -4210 -4203 -4196 -4192 -4183 -4182 -4181 -4175 -4173 -4166 -4162 -4161 -4154 -4145 -4138 -4137
-4132 -4126 -4122 -4116 -4112 -4106 -4098 -4089 -4079 -4070 -4068 -4063 -4056 -4050 -4041 -4040 -4037 -4036
-4032 -4023 -4016 -4012 -4003 -3996 -3995 -3987 -3979 -3972 -3969 -3960 -3950 -3942 -3933 -3928 -3922 -3916
-3912 -3905 -3904 -3898 -3893 -3887 -3880 -3872 -3869 -3867 -3865 -3855 -3849 -3839 -3830 -3827 -3821 -3816
-3810 -3806 -3797 -3791 -3783 -3775 -3771 -3767 -3762 -3755 -3749 -3746 -3741 -3734 -3731 -3727 -3723 -3718
-3712 -3710 -3706 -3705 -3700 -3693 -3683 -3677 -3672 -3670 -3660 -3657 -3653 -3644 -3637 -3634 -3632 -3623
-3615 -3605 -3596 -3590 -3589 -3586 -3585 -3576 -3570 -3569 -3559 -3551 -3543 -3536 -3534 -3532 -3527 -3523
-3518 -3513 -3509 -3500 -3491 -3490 -3482 -3481 -3477 -3476 -3473 -3470 -3461 -3451 -3442 -3433 -3432 -3428
-3418 -3409 -3400 -3396 -3391 -3383 -3381 -3378 -3369 -3359 -3349 -3339 -3336 -3327 -3321 -3319 -3310 -3304
-3299 -3294 -3290 -3283 -3279 -3276 -3274 -3273 -3266 -3259 -3252 -3246 -3239 -3230 -3224 -3219 -3215 -3211
-3202 -3195 -3189 -3181 -3173 -3171 -3163 -3156 -3154 -3149 -3141 -3136 -3133 -3124 -3121 -3115 -3109 -3103
-3099 -3096 -3095 -3093 -3084 -3083 -3076 -3069 -3061 -3060 -3057 -3056 -3051 -3046 -3045 -3035 -3027 -3022
-3012 -3010 -3004 -3001 -3000 -2996 -2992 -2983 -2979 -2969 -2964 -2957 -2950 -2941 -2932 -2925 -2919 -2912
-2908 -2903 -2900 -2898 -2893 -2886 -2877 -2871 -2866 -2857 -2848 -2841 -2840 -2835 -2830 -2820 -2815 -2808
-2802 -2799 -2797 -2795 -2794 -2788 -2778 -2773 -2768 -2766 -2758 -2757 -2748 -2745 -2744 -2739 -2730 -2724
-2720 -2716 -2715 -2711 -2702 -2694 -2685 -2676 -2667 -2660 -2654 -2649 -2646 -2644 -2636 -2628 -2627 -2619
-2614 -2604 -2596 -2593 -2587 -2578 -2571 -2561 -2559 -2554 -2547 -2545 -2544 -2541 -2539 -2535 -2527 -2524
-2522 -2514 -2511 -2503 -2495 -2486 -2477 -2476 -2469 -2467 -2459 -2452 -2446 -2444 -2436 -2431 -2423 -2416
-2412 -2409 -2400 -2399 -2392 -2386 -2385 -2380 -2375 -2367 -2357 -2347 -2345 -2339 -2332 -2331 -2322 -2315
-2310 -2308 -2298 -2288 -2286 -2278 -2272 -2265 -2256 -2246 -2237 -2229 -2223 -2216 -2207 -2197 -2189 -2185
-2183 -2178 -2171 -2161 -2160 -2155 -2150 -2141 -2135 -2130 -2125 -2122 -2121 -2115 -2110 -2107 -2099 -2096
-2090 -2084 -2075 -2071 -2062 -2060 -2052 -2046 -2036 -2028 -2024 -2022 -2021 -2014 -2005 -2003 -1993 -1989
-1984 -1974 -1968 -1967 -1963 -1961 -1951 -1947 -1944 -1943 -1939 -1933 -1932 -1930 -1921 -1914 -1911 -1906
-1902 -1898 -1891 -1881 -1876 -1871 -1866 -1859 -1855 -1853 -1845 -1844 -1840 -1830 -1826 -1822 -1812 -1808
-1798 -1788 -1781 -1774 -1770 -1761 -1755 -1750 -1740 -1736 -1734 -1732 -1727 -1725 -1716 -1715 -1713 -1712
-1706 -1698 -1691 -1683 -1681 -1671 -1663 -1662 -1657 -1651 -1647 -1638 -1636 -1635 -1631 -1621 -1612 -1607
-1601 -1591 -1587 -1583 -1582 -1575 -1574 -1570 -1569 -1562 -1556 -1554 -1547 -1543 -1536 -1530 -1521 -1517
-1515 -1514 -1511 -1505 -1495 -1493 -1484 -1477 -1470 -1467 -1463 -1457 -1456 -1447 -1446 -1445 -1435 -1432
-1427 -1422 -1421 -1420 -1416 -1413 -1407 -1400 -1398 -1389 -1381 -1377 -1376 -1367 -1359 -1354 -1344 -1340
-1334 -1329 -1322 -1317 -1307 -1302 -1300 -1298 -1292 -1287 -1280 -1278 -1273 -1265 -1255 -1246 -1245 -1240
-1233 -1225 -1215 -1211 -1209 -1205 -1201 -1191 -1186 -1177 -1174 -1169 -1161 -1159 -1152 -1144 -1142 -1133
-1130 -1125 -1118 -1116 -1115 -1114 -1104 -1103 -1095 -1090 -1088 -1081 -1080 -1072 -1069 -1067 -1057 -1050
-1041 -1040 -1037 -1034 -1033 -1031 -1024 -1020 -1019 -1009 -999 -995 -987 -982 -973 -967 -962 -952
-949 -947 -939 -930 -928 -926 -925 -922 -921 -919 -914 -912 -910 -901 -895 -894 -886 -880
-873 -868 -863 -859 -852 -849 -844 -842 -841 -839 -830 -827 -818 -809 -804 -797 -794 -790
-788 -783 -776 -770 -769 -768 -765 -755 -750 -740 -734 -731 -725 -720 -714 -710 -705 -703
-700 -699 -691 -683 -674 -667 -665 -657 -647 -643 -633 -626 -620 -614 -607 -599 -594 -588
-585 -581 -579 -575 -566 -558 -557 -555 -549 -540 -534 -525 -515 -508 -506 -504 -498 -488
-487 -481 -474 -468 -458 -457 -453 -445 -438 -432 -430 -425 -422 -421 -415 -409 -405 -400
-393 -391 -388 -381 -376 -367 -363 -358 -355 -354 -350 -343 -338 -329 -322 -321 -318 -311
-306 -300 -296 -290 -285 -282 -275 -265 -255 -245 -237 -235 -234 -230 -222 -221 -215 -214
-206 -201 -195 -192 -185 -177 -173 -163 -162 -154 -145 -140 -131 -124 -120 -110 -105 -100
-95 -91 -90 -82 -78 -73 -67 -63 -59 -54 -53 -52 -50 -43 -41 -32 -23 -14
-11 -4 2 11 17 20 21 23 24 29 39 44 54 57 60 61 71 73
83 84 94 98 108 112 117 125 135 143 144 152 161 166 170 175 183 186
189 192 201 209 219 220 227 230 238 248 249 251 259 264 274 276 286 293
295 302 311 316 323 328 334 339 342 348 355 364 370 374 376 377 386 389
395 402 404 407 415 419 429 438 442 445 453 459 464 466 467 471 477 479
482 492 494 501 506 512 516 518 520 522 532 533 534 538 541 544 545 546
547 552 561 571 574 580 583 587 597 607 610 618 623 626 631 636 646 654
656 659 669 675 683 689 690 700 706 712 720 726 734 737 740 749 757 767
768 769 770 780 781 784 794 802 812 822 825 830 831 834 842 851 853 860
865 867 873 881 891 899 907 916 923 931 940 945 953 956 964 971 978 980
986 988 995 999 1003 1005 1010 1016 1018 1021 1023 1032 1041 1045 1052 1055 1057 1067
1069 1076 1079 1086 1094 1097 1107 1115 1124 1125 1130 1136 1137 1138 1146 1148 1152 1154
1163 1164 1173 1181 1185 1189 1197 1207 1211 1213 1216 1217 1227 1236 1238 1244 1245 1255
1262 1268 1273 1278 1285 1291 1297 1304 1306 1316 1325 1334 1343 1344 1345 1353 1355 1365
1370 1379 1389 1398 1400 1403 1411 1421 1422 1429 1430 1438 1439 1441 1447 1454 1455 1465
1471 1474 1482 1489 1499 1503 1507 1511 1517 1520 1525 1535 1539 1547 1557 1563 1567 1568
1572 1580 1582 1589 1596 1599 1604 1614 1617 1623 1632 1634 1635 1638 1644 1654 1660 1670
1677 1679 1681 1690 1699 1709 1717 1719 1729 1732 1739 1741 1751 1754 1760 1764 1769 1771
1776 1778 1781 1790 1794 1803 1810 1813 1819 1822 1831 1834 1839 1846 1855 1864 1868 1870
1872 1881 1883 1887 1897 1900 1910 1913 1915 1917 1922 1929 1932 1942 1945 1947 1950 1953
1960 1967 1971 1978 1985 1992 1995 1998 2006 2015 2025 2031 2034 2042 2043 2046 2047 2056
2059 2067 2069 2071 2079 2086 2091 2101 2105 2106 2116 2119 2121 2129 2130 2139 2149 2154
2163 2171 2175 2178 2186 2188 2197 2205 2207 2212 2221 2230 2236 2240 2243 2250 2258 2268
2273 2276 2280 2288 2297 2302 2306 2315 2319 2320 2327 2337 2340 2345 2347 2357 2366 2375
2379 2382 2383 2393 2395 2402 2412 2415 2416 2422 2432 2434 2441 2448 2449 2459 2462 2467
2477 2486 2494 2495 2497 2501 2511 2517 2518 2519 2520 2524 2532 2537 2539 2544 2546 2548
2551 2553 2563 2570 2575 2585 2595 2598 2602 2610 2618 2622 2627 2628 2629 2630 2637 2638
2642 2643 2646 2648 2656 2666 2671 2676 2681 2691 2698 2706 2715 2719 2725 2726 2733 2734
2741 2747 2748 2755 2762 2768 2772 2778 2788 2789 2796 2801 2807 2808 2818 2821 2829 2834
2838 2842 2845 2846 2854 2860 2870 2880 2888 2894 2900 2903 2904 2911 2917 2921 2931 2932
2936 2942 2951 2954 2956 2966 2968 2976 2984 2988 2998 3008 3010 3015 3021 3026 3032 3034
3039 3044 3048 3050 3051 3056 3066 3075 3077 3084 3091 3101 3106 3108 3115 3119 3120 3128
3138 3141 3151 3160 3165 3170 3174 3181 3190 3191 3199 3203 3212 3217 3219 3227 3231 3234
3242 3248 3257 3258 3262 3265 3266 3269 3270 3273 3274 3276 3280 3287 3289 3294 3301 3302
3306 3310 3317 3327 3330 3332 3341 3344 3345 3350 3355 3362 3371 3381 3386 3391 3395 3400
3401 3406 3407 3409 3413 3420 3423 3426 3428 3436 3439 3445 3449 3453 3455 3462 3466 3469
3474 3478 3487 3493 3503 3511 3516 3522 3530 3540 3543 3553 3555 3557 3566 3567 3570 3580
3585 3592 3600 3602 3610 3617 3622 3626 3631 3639 3649 3656 3659 3668 3670 3673 3682 3692
3697 3701 3711 3717 3719 3722 3724 3727 3731 3732 3739 3747 3757 3762 3770 3772 3775 3782
3792 3802 3806 3814 3818 3825 3828 3829 3838 3846 3856 3858 3867 3869 3876 3877 3883 3886
3894 3897 3904 3907 3914 3922 3931 3934 3939 3942 3950 3957 3965 3966 3969 3978 3979 3980
3988 3997 4001 4003 4007 4008 4017 4019 4025 4031 4036 4037 4041 4048 4052 4055 4064 4072
4081 4091 4092 4099 4106 4115 4120 4126 4133 4142 4144 4150 4153 4160 4165 4167 4169 4172
4180 4188 4196 4202 4204 4208 4210 4211 4221 4226 4229 4237 4243 4245 4248 4256 4257 4263
4266 4272 4274 4275 4278 4283 4286 4287 4289 4294 4295 4297 4307 4317 4322 4325 4334 4342
4350 4358 4367 4375 4377 4383 4389 4391 4397 4403 4409 4411 4416 4419 4427 4428 4435 4443
4451 4453 4463 4469 4471 4477 4479 4484 4487 4488 4495 4502 4507 4511 4519 4525 4534 4540
4546 4556 4558 4566 4571 4576 4577 4580 4585 4587 4592 4596 4601 4611 4620 4621 4631 4635
4637 4647 4651 4654 4661 4664 4668 4670 4672 4674 4683 4690 4697 4704 4711 4720 4728 4733
4740 4741 4742 4746 4749 4758 4768 4769 4773 4783 4788 4796 4802 4810 4814 4820 4828 4838
4839 4844 4845 4853 4861 4867 4872 4882 4888 4897 4898 4907 4910 4919 4924 4932 4940 4941
4945 4954 4964 4966 4973 4980 4987 4997 5005 5012 5021 5024 5027 5037 5045 5055 5063 5066
5073 5081 5087 5096 5106 5107 5112 5117 5119 5120 5126 5134 5138 5143 5151 5157 5166 5167
5170 5180 5188 5190 5191 5200 5202 5205 5206 5211 5220 5226 5228 5232 5241 5251 5253 5261
5269 5274 5275 5278 5281 5286 5290 5299 5307 5311 5318 5326 5334 5342 5349 5359 5366 5370
5379 5383 5387 5394 5399 5401 5404 5409 5411 5419 5428 5434 5437 5439 5444 5451 5459 5464
5473 5475 5485 5494 5496 5505 5508 5517 5524 5531 5541 5551 5552 5556 5560 5565 5573 5581
5582 5586 5593 5600 5606 5615 5621 5625 5629 5630 5636 5644 5647 5651 5656 5659 5665 5675
5684 5685 5695 5701 5705 5707 5709 5716 5726 5727 5735 5743 5747 5749 5758 5765 5767 5775
5777 5786 5792 5800 5806 5815 5819 5824 5830 5832 5842 5844 5852 5862 5864 5870 5878 5882
5885 5894 5904 5912 5921 5931 5940 5947 5950 5955 5964 5967 5973 5975 5981 5985 5987 5995
5996 6005 6009 6011 6018 6024 6025 6031 6033 6036 6038 6041 6050 6055 6060 6065 6069 6076
6079 6083 6092 6097 6098 6108 6117 6118 6128 6131 6137 6144 6152 6156 6166 6169 6174 6183
6190 6195 6200 6202 6210 6215 6223 6225 6232 6241 6247 6256 6260 6264 6273 6275 6278 6287
6288 6298 6305 6310 6312 6319 6322 6325 6333 6336 6345 6352 6361 6362 6366 6374 6377 6383
6386 6396 6399 6407 6409 6411 6417 6425 6429 6433 6435 6439 6444 6445 6450 6451 6456 6459
6465 6471 6480 6490 6491 6501 6505 6511 6518 6524 6525 6534 6540 6544 6553 6561 6566 6574
6579 6582 6586 6590 6594 6601 6608 6612 6620 6622 6624 6626 6636 6637 6642 6643 6649 6659
6669 6674 6683 6692 6700 6704 6710 6717 6726 6728 6735 6739 6748 6749 6759 6767 6777 6786
6790 6799 6806 6815 6822 6823 6828 6834 6840 6844 6846 6847 6856 6859 6862 6863 6871 6877
6886 6889 6899 6900 6902 6903 6911 6914 6917 6922 6925 6926 6931 6933 6943 6952 6958 6966
6970 6979 6988 6996 6997 7006 7011 7014 7020 7030 7033 7038 7045 7048 7057 7065 7074 7077
7087 7094 7104 7108 7112 7114 7124 7127 7131 7141 7151 7156 7161 7162 7171 7181 7190 7196
7201 7207 7215 7224 7227 7228 7230 7233 7236 7246 7249 7257 7266 7271 7279 7283 7288 7293
7299 7307 7308 7317 7320 7330 7336 7342 7346 7353 7359 7362 7367 7375 7383 7384 7392 7393
7401 7403 7407 7417 7421 7428 7436 7437 7447 7451 7452 7455 7464 7466 7468 7469 7475 7480
7482 7492 7501 7503 7508 7509 7516 7518 7528 7530 7532 7536 7543 7545 7549 7559 7567 7573
7582 7591 7596 7603 7604 7608 7618 7624 7632 7640 7645 7652 7659 7664 7666 7672 7675 7678
7685 7688 7689 7696 7699 7709 7712 7720 7728 7733 7736 7738 7743 7745 7748 7749 7750 7758
7764 7771 7773 7783 7792 7795 7796 7799 7804 7806 7813 7815 7817 7823 7828 7835 7845 7850
7855 7859 7863 7871 7878 7887 7896 7904 7910 7913 7919 7928 7936 7943 7947 7951 7955 7963
7970 7975 7980 7986 7994 8000 8004 8010 8012 8017 8025 8027 8036 8040 8043 8046 8048 8057
8063 8067 8068 8070 8076 8081 8087 8094 8099 8101 8105 8111 8121 8127 8135 8140 8141 8150
8152 8161 8169 8171 8176 8184 8187 8191 8197 8207 8211 8217 8226 8228 8233 8235 8244 8252
8257 8260 8266 8268 8275 8280 8288 8289 8296 8299 8308 8317 8323 8331 8334 8343 8349 8351
8356 8360 8366 8371 8375 8379 8388 8392 8394 8400 8406 8411 8420 8428 8435 8439 8448 8454
8455 8462 8472 8475 8481 8483 8489 8491 8493 8500 8501 8502 8509 8515 8523 8531 8538 8547
8550 8556 8563 8566 8569 8579 8585 8588 8595 8601 8602 8610 8619 8620 8626 8631 8633 8637
8639 8643 8648 8656 8658 8659 8667 8669 8677 8685 8690 8691 8697 8702 8707 8709 8718 8721
8725 8730 8736 8742 8747 8757 8766 8770 8771 8781 8790 8799 8801 8807 8813 8820 8830 8833
8838 8839 8845 8853 8861 8868 8870 8880 8886 8889 8890 8895 8902 8903 8908 8912 8917 8920
8930 8938 8944 8946 8951 8952 8953 8963 8972 8978 8987 8990 8999 9001 9005 9009 9018 9027
9037 9041 9044 9048 9057 9063 9066 9067 9069 9075 9082 9085 9090 9099 9100 9102 9105 9110
9117 9127 9131 9141 9149 9152 9162 9163 9167 9170 9178 9186 9191 9192 9202 9204 9210 9220
9227 9236 9242 9245 9254 9263 9273 9281 9284 9289 9291 9293 9296 9300 9303 9309 9312 9322
9323 9330 9339 9349 9355 9364 9371 9376 9377 9378 9387 9394 9395 9396 9402 9405 9414 9417
9422 9426 9429 9435 9445 9454 9458 9465 9472 9479 9480 9484 9489 9496 9499 9501 9506 9511
9516 9526 9530 9539 9542 9551 9556 9561 9569 9571 9572 9576 9584 9589 9594 9603 9612 9613
9614 9620 9623 9633 9638 9645 9652 9658 9659 9664 9670 9680 9682 9690 9697 9707 9708 9717
9720 9723 9729 9734 9741 9748 9758 9760 9762 9770 9774 9776 9782 9789 9792 9800 9805 9806
9810 9818 9823 9829 9833 9834 9840 9848 9857 9862 9872 9880 9890 9893 9896 9904 9910 9914
9922 9928 9938 9941 9945 9955 9958 9967 9970 9973 9983 9993 9999 10009 10013 10014 10017 10025
10030 10032 10039 10044 10046 10048 10055 10057 10067 10072 10079 10088 10089 10092 10102 10109 10110 10115
10122 10124 10131 10135 10138 10141 10150 10153 10163 10165 10175 10182 10184 10192 10195 10205 10208 10218
10222 10225 10228 10238 10248 10249 10250 10254 10258 10260 10263 10264 10274 10276 10278 10284 10288 10293
10300 10309 10319 10328 10329 10336 10338 10347 10355 10360 10361 10371 10379 10383 10391 10401 10404 10412
10418 10426 10427 10428 10436 10439 10445 10448 10456 10463 10472 10478 10479 10481 10489 10495 10503 10504
10514 10523 10524 10527 10532 10540 10546 10551 10560 10564 10570 10580 10582 10587 10595 10597 10601 10610
10618 10622 10630 10640 10642 10645 10650 10653 10661 10662 10666 10675 10680 10681 10684 10693 10699 10700
10705 10714 10718 10719 10727 10734 10735 10739 10741 10751 10752 10753 10755 10759 10763 10764 10773 10776
10777 10786 10792 10795 10798 10808 10816 10824 10834 10840 10843 10852 10857 10862 10868 10876 10880 10885
10891 10897 10900 10903 10905 10910 10920 10925 10930 10940 10943 10949 10954 10957 10965 10974 10978 10982
10987 10992 10994 11003 11007 11016 11025 11032 11035 11044 11054 11058 11067 11070 11074 11080 11081 11082
11086 11092 11093 11098 11103 11106 11116 11121 11130 11131 11133 11141 11142 11147 11156 11166 11172 11180
11185 11195 11202 11204 11214 11217 11226 11235 11241 11249 11255 11262 11267 11270 11280 11282 11285 11289
11299 11301 11309 11311 11319 11323 11328 11334 11337 11345 11348 11350 11358 11366 11376 11380 11383 11385
11386 11394 11396 11403 11411 11416 11422 11425 11427 11436 11444 11451 11454 11456 11460 11468 11478 11487
11497 11498 11500 11510 11512 11519 11529 11537 11543 11550 11557 11563 11566 11572 11582 11587 11594 11597
11605 11607 11608 11609 11618 11628 11638 11647 11655 11659 11662 11667 11677 11686 11692 11698 11702 11711
11717 11720 11724 11732 11734 11741 11742 11752 11757 11761 11769 11772 11773 11780 11789 11793 11799 11808
11809 11812 11822 11829 11832 11839 11848 11853 11856 11865 11867 11874 11876 11881 11884 11892 11900 11904
11906 11911 11921 11922 11932 11940 11944 11954 11958 11961 11962 11963 11966 11971 11974 11976 11978 11985
11989 11996 11998 12006 12007 12009 12015 12016 12025 12032 12037 12038 12044 12052 12058 12067 12070 12074
12082 12087 12090 12091 12096 12104 12107 12111 12112 12118 12121 12131 12132 12137 12138 12139 12142 12143
12148 12152 12160 12168 12178 12179 12180 12182 12187 12192 12195 12197 12204 12211 12216 12223 12233 12239
12249 12252 12258 12268 12272 12282 12290 12299 12308 12312 12313 12318 12326 12329 12332 12339 12347 12349
12359 12369 12374 12377 12387 12396 12399 12403 12406 12414 12415 12419 12422 12431 12441 12447 12454 12459
12461 12465 12469 12477 12486 12495 12497 12503 12506 12507 12515 12523 12533 12535 12536 12541 12544 12547
12552 12554 12555 12564 12568 12574 12582 12583 12584 12590 12593 12594 12597 12599 12606 12616 12626 12628
12636 12645 12654 12659 12661 12667 12676 12682 12684 12694 12698 12708 12715 12723 12726 12733 12741 12749
12756 12760 12770 12773 12775 12779 12781 12783 12784 12786 12795 12799 12809 12814 12818 12825 12834 12836
12841 12846 12855 12861 12870 12879 12880 12886 12887 12889 12897 12906 12916 12923 12926 12931 12938 12947
12954 12959 12968 12975 12983 12985 12995 13004 13013 13023 13026 13032 13033 13043 13045 13054 13061 13069
13076 13081 13082 13086 13096 13100 13107 13113 13120 13123 13133 13137 13146 13150 13156 13157 13162 13163
13168 13170 13180 13181 13189 13197 13199 13200 13202 13210 13217 13224 13233 13237 13240 13242 13248 13252
13257 13260 13268 13269 13277 13283 13290 13295 13297 13302 13310 13313 13321 13330 13339 13341 13343 13345
13350 13353 13359 13362 13365 13369 13370 13380 13384 13390 13394 13397 13405 13412 13420 13423 13425 13429
13439 13441 13450 13458 13465 13470 13474 13482 13486 13495 13505 13506 13510 13511 13514 13516 13519 13526
13531 13541 13549 13557 13565 13569 13571 13579 13588 13589 13595 13601 13605 13613 13620 13624 13627 13637
13647 13652 13655 13663 13672 13681 13682 13684 13691 13693 13703 13713 13719 13726 13734 13739 13745 13746
13751 13757 13764 13771 13775 13782 13785 13793 13800 13806 13808 13816 13818 13826 13836 13844 13846 13856
13861 13863 13866 13873 13877 13878 13881 13886 13891 13898 13899 13904 13907 13917 13927 13929 13939 13946
13955 13957 13964 13973 13975 13981 13984 13988 13989 13993 13997 14007 14012 14015 14022 14032 14035 14044
14049 14052 14062 14071 14075 14078 14081 14087 14096 14105 14113 14115 14117 14122 14128 14134 14138 14142
14152 14161 14163 14166 14167 14170 14174 14177 14178 14183 14189 14192 14196 14201 14207 14214 14224 14231
14240 14248 14249 14259 14263 14267 14277 14281 14284 14294 14295 14297 14303 14309 14311 14319 14320 14327
14335 14337 14347 14350 14353 14363 14373 14375 14376 14379 14380 14387 14397 14399 14403 14412 14414 14416
14418 14422 14429 14430 14432 14434 14437 14440 14445 14450 14456 14464 14472 14474 14483 14492 14497 14500
14504 14513 14523 14532 14533 14539 14541 14546 14549 14550 14559 14569 14578 14582 14587 14592 14595 14605
14608 14613 14621 14630 14635 14644 14651 14658 14663 14666 14671 14678 14684 14694 14701 14709 14717 14723
14725 14732 14736 14739 14747 14755 14759 14760 14769 14778 14787 14792 14796 14804 14806 14807 14809 14817
14826 14833 14841 14850 14855 14862 14867 14870 14871 14877 14882 14889 14891 14897 14904 14906 14915 14918
14925 14931 14939 14943 14948 14954 14959 14960 14962 14969 14978 14980 14981 14991 14996 14999 15009 15014
15016 15024 15031 15032 15035 15044 15051 15057 15067 15077 15080 15083 15092 15099 15102 15110 15117 15123
15133 15143 15152 15154 15164 15173 15179 15180 15184 15189 15190 15195 15205 15211 15214 15222 15231 15236
15242 15247 15251 15259 15267 15271 15280 15283 15293 15296 15302 15312 15314 15321 15327 15334 15335 15343
15353 15354 15357 15361 15368 15373 15378 15382 15385 15393 15398 15399 15406 15416 15426 15436 15441 15450
15460 15470 15480 15487 15491 15493 15497 15506 15508 15509 15513 15514 15519 15524 15528 15534 15541 15542
15545 15547 15548 15552 15562 15570 15576 15581 15588 15589 15598 15607 15615 15623 15630 15634 15641 15645
15646 15653 15663 15672 15673 15680 15681 15684 15687 15690 15692 15694 15704 15710 15712 15714 15723 15728
15733 15740 15750 15754 15756 15763 15768 15777 15787 15789 15790 15796 15805 15810 15817 15820 15829 15832
15835 15837 15845 15853 15863 15867 15870 15878 15879 15883 15884 15893 15898 15906 15915 15922 15925 15927
15933 15942 15946 15954 15960 15962 15969 15970 15977 15981 15985 15991 15995 16003 16008 16014 16018 16023
16026 16031 16034 16043 16052 16053 16056 16065 16071 16079 16081 16090 16097 16098 16100 16105 16112 16118
16121 16131 16137 16143 16153 16162 16164 16165 16171 16179 16187 16194 16198 16202 16206 16211 16214 16222
16224 16225 16228 16236 16241 16247 16253 16257 16260 16269 16270 16271 16281 16285 16289 16295 16305 16310
16316 16323 16329 16331 16332 16341 16349 16352 16357 16361 16367 16375 16382 16389 16391 16397 16407 16409
16415 16420 16424 16426 16435 16439 16441 16449 16453 16461 16463 16469 16476 16480 16488 16491 16501 16506
16511 16513 16515 16517 16520 16526 16533 16535 16545 16549 16552 16560 16569 16579 16585 16593 16594 16595
16598 16603 16611 16620 16622 16632 16634 16636 16646 16652 16657 16660 16670 16675 16684 16688 16690 16694
16695 16699 16704 16714 16721 16725 16734 16740 16747 16748 16757 16759 16766 16770 16777 16778 16784 16794
16802 16805 16807 16809 16817 16826 16828 16832 16836 16838 16841 16851 16853 16854 16856 16864 16872 16874
16877 16883 16892 16893 16901 16905 16914 16918 16920 16926 16933 16937 16940 16950 16956 16958 16963 16972
16975 16984 16994 16999 17001 17009 17013 17020 17026 17027 17036 17041 17051 17061 17068 17077 17083 17089
17092 17095 17105 17110 17117 17121 17126 17130 17137 17141 17144 17145 17155 17159 17161 17164 17168 17170
17174 17177 17186 17193 17195 17199 17204 17208 17209 17214 17218 17223 17227 17236 17243 17245 17255 17260
17262 17265 17272 17280 17285 17287 17297 17304 17308 17316 17317 17324 17331 17335 17341 17343 17346 17352
17360 17364 17371 17375 17382 17383 17386 17387 17389 17397 17406 17414 17420 17422 17424 17425 17430 17432
17441 17445 17448 17457 17463 17470 17472 17481 17488 17494 17501 17505 17506 17509 17519 17527 17535 17544
17545 17554 17560 17562 17566 17574 17576 17580 17590 17600 17605 17615 17622 17626 17632 17641 17648 17656
17659 17662 17665 17671 17676 17678 17685 17692 17701 17708 17713 17720 17724 17733 17738 17741 17747 17749
17759 17768 17771 17781 17790 17794 17795 17800 17809 17815 17823 17828 17832 17838 17848 17851 17861 17864
17867 17875 17884 17891 17899 17900 17901 17908 17912 17922 17924 17931 17939 17944 17954 17961 17964 17973
17975 17982 17989 17998 18004 18013 18022 18032 18040 18042 18046 18050 18053 18057 18062 18071 18076 18082
18084 18085 18092 18098 18102 18108 18117 18119 18124 18130 18140 18141 18151 18155 18156 18159 18165 18173
18181 18189 18194 18202 18209 18217 18223 18230 18240 18243 18245 18255 18261 18270 18279 18284 18288 18295
18296 18297 18299 18303 18307 18313 18322 18323 18332 18341 18343 18353 18359 18360 18369 18378 18379 18389
18396 18402 18404 18409 18414 18424 18431 18433 18436 18443 18445 18454 18458 18462 18471 18476 18477 18484
18492 18499 18506 18510 18516 18517 18518 18520 18521 18528 18535 18539 18544 18553 18559 18566 18567 18569
18572 18575 18583 18585 18595 18597 18607 18608 18609 18610 18611 18617 18620 18624 18628 18632 18637 18647
18655 18660 18670 18678 18688 18696 18704 18713 18718 18721 18731 18734 18740 18742 18750 18753 18760 18768
18778 18786 18788 18791 18800 18805 18807 18815 18818 18819 18822 18830 18838 18847 18854 18857 18867 18871
18878 18881 18882 18891 18892 18894 18901 18907 18913 18917 18923 18932 18933 18937 18938 18947 18950 18952
18954 18962 18964 18965 18968 18970 18978 18982 18992 19000 19006 19014 19017 19027 19036 19045 19050 19058
19064 19072 19076 19078 19082 19085 19092 19093 19103 19104 19105 19110 19113 19118 19127 19133 19137 19146
19154 19158 19159 19167 19174 19175 19185 19192 19193 19194 19201 19209 19213 19215 19224 19232 19235 19245
19248 19253 19262 19271 19276 19278 19279 19284 19288 19293 19301 19309 19315 19325 19331 19334 19337 19345
19346 19354 19361 19369 19370 19378 19382 19389 19390 19399 19400 19410 19415 19420 19422 19427 19431 19435
19444 19445 19454 19464 19468 19470 19477 19485 19494 19497 19498 19500 19501 19504 19510 19516 19522 19523
19524 19529 19532 19542 19544 19545 19554 19558 19565 19566 19567 19577 19583 19589 19590 19597 19600 19602
19604 19607 19609 19616 19617 19626 19633 19642 19648 19652 19661 19671 19672 19675 19683 19693 19697 19707
19708 19717 19720 19725 19726 19736 19737 19739 19749 19756 19764 19769 19774 19777 19783 19791 19794 19799
19806 19812 19814 19818 19821 19827 19837 19846 19851 19854 19859 19869 19875 19883 19893 19903 19910 19919
19924 19925 19933 19936 19946 19956 19957 19966 19975 19981 19987 19989 19991 19997 20005 20006 20016 20024
20034 20041 20043 20050 20060 20068 20078 20085 20094 20096 20103 20110 20112 20121 20129 20133 20141 20143
20146 20151 20156 20162 20168 20169 20171 20173 20178 20181 20188 20195 20200 20201 20205 20213 20216 20218
20219 20229 20237 20246 20256 20265 20267 20275 20281 20283 20293 20298 20306 20314 20317 20321 20327 20336
20340 20342 20346 20350 20352 20356 20363 20367 20371 20373 20380 20389 20391 20393 20396 20406 20411 20419
20426 20427 20437 20444 20454 20462 20470 20479 20486 20496 20503 20511 20520 20524 20526 20536 20539 20542
20545 20549 20553 20556 20557 20564 20566 20569 20572 20575 20577 20580 20588 20591 20596 20597 20602 20607
20610 20614 20618 20624 20633 20642 20649 20653 20661 20662 20666 20675 20678 20683 20686 20689 20698 20706
20715 20719 20726 20729 20731 20735 20744 20745 20748 20753 20754 20764 20766 20768 20776 20777 20782 20786
20796 20803 20813 20815 20824 20829 20832 20834 20841 20844 20846 20851 20855 20865 20870 20874 20883 20886
20896 20901 20909 20918 20928 20934 20940 20945 20955 20957 20963 20973 20976 20982 20985 20993 21003 21009
21018 21027 21032 21039 21045 21055 21059 21066 21069 21073 21076 21081 21084 21088 21089 21091 21093 21096
21097 21103 21110 21118 21125 21131 21132 21133 21143 21149 21151 21156 21160 21162 21167 21173 21181 21191
21199 21203 21210 21219 21228 21236 21243 21248 21252 21262 21268 21273 21274 21278 21286 21295 21299 21306
21313 21321 21325 21327 21329 21339 21349 21352 21360 21370 21375 21376 21384 21388 21393 21397 21404 21411
21420 21423 21425 21426 21433 21439 21447 21448 21452 21454 21461 21465 21473 21483 21489 21499 21502 21506
21510 21515 21521 21523 21530 21537 21544 21548 21556 21563 21568 21569 21579 21588 21592 21594 21597 21606
21612 21621 21622 21628 21630 21638 21640 21647 21649 21654 21658 21665 21672 21676 21678 21688 21689 21694
21695 21703 21713 21720 21726 21733 21737 21738 21742 21746 21751 21754 21764 21767 21775 21784 21792 21802
21812 21817 21827 21833 21836 21846 21850 21860 21870 21871 21878 21879 21881 21884 21886 21891 21895 21898
21907 21916 21917 21920 21926 21927 21935 21945 21949 21957 21958 21959 21969 21970 21979 21986 21989 21999
22007 22017 22019 22022 22025 22026 22036 22046 22048 22056 22062 22068 22072 22077 22087 22088 22098 22104
22110 22118 22123 22127 22130 22132 22135 22137 22147 22152 22154 22161 22170 22174 22184 22190 22197 22201
22204 22214 22215 22223 22229 22238 22247 22253 22258 22263 22268 22271 22275 22279 22287 22292 22298 22300
22301 22309 22310 22318 22319 22326 22332 22336 22346 22348 22358 22365 22368 22373 22383 22389 22394 22395
22405 22414 22424 22425 22427 22431 22435 22443 22452 22455 22457 22460 22468 22475 22481 22485 22491 22497
22500 22504 22509 22512 22522 22530 22539 22542 22549 22558 22560 22565 22572 22577 22586 22596 22604 22611
22621 22624 22627 22632 22639 22643 22651 22653 22658 22662 22670 22676 22681 22688 22689 22698 22700 22710
22717 22721 22727 22735 22738 22744 22752 22753 22759 22769 22778 22787 22790 22791 22801 22805 22811 22821
22822 22828 22834 22844 22845 22846 22847 22850 22855 22864 22869 22873 22883 22892 22895 22903 22904 22911
22919 22925 22935 22945 22954 22957 22960 22969 22979 22988 22993 22999 23005 23006 23016 23022 23024 23034
23040 23050 23059 23068 23078 23083 23088 23091 23099 23108 23118 23128 23131 23140 23146 23156 23161 23165
23169 23177 23182 23184 23185 23194 23203 23209 23211 23214 23220 23221 23229 23231 23239 23245 23254 23257
23263 23268 23273 23274 23275 23276 23285 23289 23294 23299 23305 23315 23321 23328 23334 23337 23342 23350
23354 23360 23367 23375 23381 23391 23398 23401 23411 23419 23425 23429 23436 23439 23448 23456 23465 23475
23479 23486 23492 23496 23502 23511 23519 23524 23534 23538 23545 23553 23556 23558 23563 23564 23573 23578
23581 23583 23593 23595 23604 23611 23617 23621 23629 23638 23646 23649 23652 23658 23666 23670 23680 23686
23687 23696 23699 23700 23704 23712 23721 23724 23726 23731 23735 23745 23752 23759 23760 23765 23768 23775
23776 23780 23789 23796 23797 23803 23810 23818 23821 23827 23829 23830 23832 23838 23841 23846 23849 23853
23854 23862 23864 23869 23877 23883 23892 23897 23901 23908 23918 23928 23933 23938 23948 23950 23958 23968
23978 23984 23988 23990 23999 24001 24003 24005 24013 24015 24022 24031 24041 24044 24046 24052 24056 24063
24065 24072 24079 24089 24090 24092 24096 24101 24108 24118 24122 24123 24129 24130 24137 24142 24147 24156
24157 24166 24167 24177 24187 24197 24202 24211 24217 24223 24231 24237 24238 24246 24253 24258 24262 24269
24277 24281 24286 24296 24300 24303 24304 24307 24317 24318 24325 24331 24336 24338 24340 24349 24356 24360
24363 24368 24374 24375 24376 24386 24391 24396 24401 24407 24408 24409 24412 24415 24418 24426 24435 24439
24440 24445 24450 24454 24457 24458 24463 24470 24472 24474 24476 24486 24490 24492 24500 24508 24512 24517
24526 24529 24539 24545 24555 24560 24564 24567 24574 24575 24584 24594 24597 24603 24604 24606 24612 24618
24624 24625 24630 24638 24641 24648 24649 24652 24655 24656 24665 24669 24673 24680 24690 24695 24697 24704
24713 24721 24723 24733 24739 24746 24754 24755 24758 24766 24769 24779 24786 24788 24796 24802 24812 24820
24826 24828 24837 24843 24850 24856 24857 24860 24870 24876 24879 24882 24886 24893 24903 24910 24913 24919
24925 24930 24931 24933 24943 24945 24946 24948 24952 24962 24967 24970 24978 24980 24986 24988 24990 24993
25003 25006 25014 25015 25020 25027 25031 25038 25041 25046 25052 25058 25066 25072 25076 25080 25089 25090
25097 25102 25112 25114 25119 25129 25139 25141 25146 25152 25160 25169 25173 25182 25189 25197 25203 25210
25220 25225 25234 25243 25253 25263 25271 25279 25289 25295 25304 25308 25311 25312 25316 25319 25321 25327
25333 25341 25344 25347 25350 25354 25357 25359 25360 25361 25371 25375 25382 25384 25389 25393 25395 25399
25401 25405 25412 25421 25429 25438 25447 25454 25456 25457 25466 25470 25475 25485 25494 25495 25499 25506
25508 25516 25522 25530 25540 25550 25560 25568 25577 25582 25583 25588 25591 25599 25606 25615 25619 25629
25633 25643 25648 25654 25655 25660 25665 25667 25671 25672 25676 25686 25692 25699 25701 25711 25717 25720
25721 25725 25734 25743 25745 25747 25753 25759 25769 25776 25784 25786 25789 25798 25801 25802 25811 25820
25829 25839 25840 25846 25854 25863 25870 25875 25881 25891 25892 25902 25910 25920 25926 25931 25939 25943
25948 25953 25961 25962 25969 25973 25976 25982 25991 25999 26005 26012 26021 26025 26029 26036 26041 26042
26051 26056 26064 26066 26076 26086 26092 26094 26102 26109 26114 26123 26133 26138 26144 26150 26156 26164
26168 26176 26180 26186 26193 26197 26203 26210 26217 26223 26230 26232 26242 26251 26260 26268 26275 26280
26288 26293 26302 26303 26308 26317 26323 26329 26330 26340 26348 26351 26353 26359 26369 26374 26382 26392
26401 26404 26408 26414 26417 26421 26427 26437 26443 26449 26456 26459 26460 26469 26476 26483 26484 26490
26498 26503 26504 26513 26516 26522 26526 26534 26540 26545 26550 26551 26561 26562 26572 26573 26583 26585
26588 26598 26599 26608 26615 26617 26618 26620 26630 26636 26643 26645 26652 26656 26662 26667 26675 26679
26682 26684 26690 26693 26701 26704 26706 26710 26720 26727 26731 26732 26741 26748 26749 26753 26758 26766
26767 26769 26775 26784 26785 26795 26802 26812 26815 26824 26834 26842 26849 26850 26857 26863 26869 26876
26881 26886 26894 26904 26914 26917 26920 26922 26927 26931 26936 26940 26943 26947 26949 26958 26965 26967
26970 26978 26986 26995 27000 27001 27010 27016 27024 27030 27038 27039 27043 27046 27049 27053 27059 27066
27071 27081 27082 27084 27088 27096 27100 27102 27111 27120 27128 27137 27142 27149 27154 27164 27173 27180
27188 27197 27201 27205 27209 27211 27220 27226 27234 27237 27238 27248 27251 27256 27257 27263 27270 27275
27282 27291 27299 27302 27309 27313 27316 27322 27323 27333 27337 27340 27347 27357 27366 27370 27372 27381
27388 27393 27398 27405 27406 27415 27422 27426 27433 27442 27451 27455 27458 27461 27466 27476 27485 27495
27499 27500 27505 27511 27521 27524 27530 27534 27535 27539 27547 27554 27564 27569 27570 27577 27582 27586
27587 27591 27599 27609 27612 27614 27621 27631 27633 27641 27650 27652 27661 27670 27680 27687 27696 27706
27715 27721 27725 27731 27739 27744 27754 27760 27766 27769 27775 27781 27787 27795 27802 27804 27807 27812
27820 27827 27830 27839 27844 27847 27851 27858 27860 27866 27874 27879 27888 27890 27896 27905 27909 27914
27924 27927 27930 27931 27936 27946 27952 27958 27963 27968 27977 27980 27983 27991 27999 28009 28010 28020
28022 28025 28029 28031 28041 28047 28052 28061 28064 28072 28074 28081 28088 28097 28099 28102 28105 28111
28121 28125 28131 28135 28144 28149 28151 28157 28158 28161 28169 28173 28182 28183 28192 28200 28205 28209
28214 28219 28225 28235 28242 28245 28248 28251 28252 28254 28261 28271 28281 28282 28288 28298 28299 28304
28312 28316 28322 28331 28335 28338 28342 28349 28359 28360 28370 28378 28380 28385 28395 28404 28410 28419
28420 28427 28428 28438 28445 28455 28465 28473 28481 28490 28494 28495 28504 28510 28519 28522 28531 28533
28540 28549 28555 28564 28569 28572 28573 28574 28577 28583 28586 28591 28595 28601 28606 28607 28614 28622
28628 28635 28645 28653 28658 28667 28675 28680 28683 28686 28689 28695 28703 28707 28711 28721 28723 28732
28738 28739 28741 28747 28754 28762 28763 28772 28779 28789 28794 28795 28797 28798 28808 28809 28817 28826
28835 28841 28846 28856 28863 28865 28866 28876 28883 28888 28896 28904 28909 28912 28916 28918 28921 28927
28928 28933 28937 28946 28949 28951 28953 28958 28968 28976 28978 28981 28984 28991 28996 28997 29004 29009
29010 29012 29018 29028 29029 29033 29035 29036 29041 29048 29051 29056 29061 29066 29070 29075 29076 29078
29081 29091 29093 29101 29104 29114 29120 29124 29128 29133 29142 29150 29151 29152 29155 29158 29161 29168
29169 29172 29175 29185 29194 29201 29210 29216 29218 29221 29230 29237 29245 29250 29257 29262 29265 29267
29273 29280 29289 29299 29309 29314 29322 29323 29324 29325 29328 29335 29340 29345 29350 29354 29362 29368
29371 29379 29380 29389 29395 29397 29401 29405 29411 29419 29420 29430 29435 29437 29438 29448 29449 29456
29463 29465 29466 29476 29480 29482 29489 29496 29503 29511 29515 29519 29527 29530 29534 29543 29545 29548
29555 29562 29570 29575 29578 29587 29589 29596 29602 29604 29611 29613 29614 29624 29632 29637 29645 29647
29652 29656 29659 29660 29669 29675 29676 29685 29693 29695 29697 29705 29707 29708 29709 29719 29728 29730
29740 29746 29747 29757 29767 29771 29780 29781 29787 29790 29792 29798 29801 29811 29814 29823 29825 29829
29833 29836 29841 29849 29851 29859 29864 29865 29875 29881 29887 29890 29896 29897 29900 29907 29915 29921
29930 29933 29943 29949 29955 29961 29971 29977 29982 29990 29997 30007 30013 30023 30029 30036 30039 30042
30049 30058 30068 30076 30080 30085 30089 30094 30097 30103 30112 30115 30116 30118 30127 30132 30137 30147
30154 30158 30165 30171 30176 30178 30185 30195 30203 30210 30213 30214 30221 30229 30236 30246 30252 30256
30258 30266 30267 30269 30274 30275 30285 30290 30291 30293 30299 30303 30308 30313 30321 30322 30327 30331
30338 30345 30349 30354 30359 30363 30367 30373 30375 30379 30389 30399 30402 30405 30406 30413 30419 30424
30433 30441 30451 30460 30462 30471 30472 30479 30480 30484 30489 30496 30499 30509 30513 30520 30522 30524
30533 30534 30538 30547 30555 30560 30565 30574 30578 30587 30594 30595 30602 30609 30616 30617 30620 30629
30634 30638 30646 30651 30660 30664 30665 30666 30669 30672 30676 30686 30689 30695 30699 30709 30712 30720
30725 30730 30731 30734 30735 30738 30742 30747 30749 30752 30762 30764 30769 30771 30772 30776 30780 30781
30791 30798 30806 30811 30813 30815 30822 30832 30842 30847 30852 30862 30864 30870 30875 30880 30882 30883
30885 30887 30895 30898 30905 30910 30920 30921 30926 30930 30931 30932 30942 30946 30947 30952 30959 30963
30965 30969 30976 30980 30988 30992 30997 30999 31006 31011 31021 31022 31028 31030 31039 31041 31047 31053
31057 31062 31070 31080 31082 31083 31093 31098 31107 31114 31117 31118 31122 31124 31130 31136 31138 31147
31148 31154 31162 31171 31172 31180 31190 31197 31203 31210 31216 31225 31231 31234 31239 31242 31246 31255
31263 31271 31272 31275 31283 31284 31291 31293 31302 31309 31312 31316 31324 31325 31330 31337 31346 31349
31359 31367 31372 31380 31388 31395 31402 31406 31411 31413 31419 31426 31431 31439 31443 31448 31455 31461
31468 31475 31481 31482 31485 31487 31497 31499 31504 31512 31521 31522 31532 31534 31543 31548 31549 31555
31558 31564 31572 31579 31584 31592 31598 31607 31609 31615 31623 31627 31635 31644 31645 31647 31656 31661
31663 31668 31676 31679 31685 31693 31700 31701 31704 31708 31711 31721 31723 31733 31736 31744 31753 31755
31760 31763 31770 31779 31785 31789 31791 31801 31806 31816 31820 31824 31831 31835 31838 31847 31850 31854
31861 31869 31879 31889 31893 31902 31911 31914 31919 31923 31933 31937 31943 31951 31953 31963 31967 31971
31981 31987 31991 31993 31995 32005 32010 32019 32022 32026 32028 32034 32040 32043 32052 32060 32062 32071
32076 32084 32094 32099 32103 32105 32108 32115 32119 32126 32129 32133 32142 32151 32154 32157 32161 32167
32174 32182 32184 32193 32194 32202 32204 32212 32221 32226 32229 32233 32240 32241 32249 32256 32266 32269
32274 32277 32282 32283 32286 32289 32296 32299 32300 32304 32307 32313 32317 32321 32328 32330 32338 32347
32349 32354 32363 32369 32374 32375 32384 32391 32395 32403 32411 32419 32427 32428 32432 32435 32443 32446
32455 32460 32466 32468 32472 32481 32490 32493 32496 32498 32505 32515 32524 32525 32528 32537 32538 32542
32544 32549 32552 32556 32558 32566 32575 32582 32587 32597 32604 32609 32615 32619 32625 32634 32641 32643
32646 32653 32660 32667 32674 32676 32681 32686 32692 32693 32700 32703 32707 32709 32719 32721 32729 32734
32739 32741 32749 32754 32758 32761 32770 32771 32779 32787 32791 32798 32800 32801 32805 32807 32812 32814
32823 32830 32831 32841 32850 32854 32855 32857 32859 32869 32872 32881 32882 32884 32889 32894 32898 32906
32916 32922 32923 32928 32934 32936 32944 32954 32956 32966 32968 32972 32978 32981 32989 32993 32997 32999
33006 33009 33013 33015 33023 33024 33028 33038 33040 33042 33045 33052 33059 33061 33065 33071 33076 33084
33085 33088 33089 33094 33097 33107 33116 33120 33127 33128 33138 33145 33147 33156 33160 33166 33175 33185
33187 33195 33200 33208 33218 33225 33228 33231 33240 33241 33244 33247 33255 33259 33269 33274 33279 33283
33293 33300 33304 33314 33323 33333 33340 33342 33344 33351 33358 33365 33371 33375 33378 33379 33381 33389
33394 33403 33407 33415 33417 33418 33428 33434 33444 33447 33455 33456 33459 33462 33470 33474 33475 33477
33482 33485 33495 33499 33508 33518 33528 33531 33537 33542 33547 33553 33563 33567 33570 33578 33583 33587
33597 33604 33608 33614 33619 33624 33630 33639 33648 33652 33654 33657 33659 33662 33669 33678 33680 33681
33687 33691 33694 33702 33706 33716 33723 33728 33731 33737 33741 33744 33749 33751 33755 33759 33768 33775
33782 33789 33799 33807 33810 33814 33817 33824 33825 33826 33830 33840 33845 33850 33858 33859 33863 33865
33868 33875 33884 33891 33893 33902 33912 33921 33924 33927 33932 33933 33939 33949 33959 33969 33978 33981
33982 33989 33994 34001 34011 34016 34023 34032 34042 34047 34057 34066 34069 34079 34085 34086 34091 34092
34100 34104 34107 34113 34115 34116 34125 34129 34137 34145 34155 34157 34160 34170 34171 34180 34185 34194
34195 34200 34205 34207 34208 34215 34216 34224 34229 34237 34247 34248 34254 34255 34257 34267 34272 34278
34281 34283 34284 34293 34301 34302 34307 34308 34309 34315 34322 34329 34337 34342 34350 34359 34364 34372
34382 34383 34388 34390 34393 34399 34409 34410 34416 34423 34426 34435 34444 34449 34455 34456 34457 34460
34467 34468 34478 34480 34489 34492 34496 34501 34508 34510 34514 34524 34528 34530 34535 34545 34554 34556
34559 34568 34569 34574 34576 34577 34580 34583 34586 34588 34594 34597 34602 34606 34608 34618 34627 34630
34632 34640 34642 34644 34651 34653 34662 34672 34677 34683 34693 34698 34701 34704 34706 34713 34717 34722
34724 34734 34739 34747 34750 34760 34766 34767 34770 34772 34774 34778 34780 34784 34791 34793 34801 34803
34812 34819 34826 34831 34840 34849 34858 34862 34869 34873 34883 34892 34895 34900 34905 34907 34915 34919
34924 34930 34939 34949 34952 34956 34962 34967 34976 34982 34989 34991 34994 34997 35003 35010 35018 35026
35029 35030 35038 35041 35047 35050 35055 35058 35065 35072 35075 35080 35087 35088 35093 35094 35098 35108
35110 35116 35117 35118 35126 35131 35138 35144 35147 35151 35156 35163 35169 35171 35178 35185 35186 35190
35199 35205 35206 35213 35214 35217 35225 35229 35235 35242 35245 35247 35251 35256 35266 35275 35280 35290
35295 35300 35309 35311 35319 35320 35329 35336 35339 35349 35355 35357 35358 35363 35371 35379 35389 35391
35399 35402 35404 35414 35417 35425 35432 35442 35446 35456 35466 35471 35478 35488 35490 35495 35505 35513
35517 35518 35522 35530 35531 35541 35548 35555 35561 35564 35573 35581 35582 35590 35593 35602 35605 35612
35618 35628 35637 35647 35652 35654 35659 35667 35673 35682 35692 35694 35701 35705 35706 35712 35721 35728
35737 35743 35750 35760 35767 35776 35783 35784 35788 35791 35799 35808 35816 35825 35834 35844 35849 35850
35855 35864 35865 35868 35869 35872 35880 35882 35885 35889 35897 35907 35916 35925 35928 35930 35935 35944
35953 35958 35962 35967 35969 35977 35978 35983 35987 35996 36001 36010 36018 36023 36032 36034 36038 36044
36053 36059 36061 36068 36071 36078 36087 36093 36094 36100 36108 36118 36120 36122 36129 36138 36147 36153
36159 36164 36173 36178 36183 36184 36186 36192 36196 36204 36205 36215 36217 36226 36234 36243 36252 36253
36263 36273 36276 36278 36288 36298 36299 36302 36305 36312 36316 36326 36331 36339 36341 36345 36351 36359
36367 36368 36377 36382 36385 36393 36400 36407 36412 36415 36424 36425 36430 36436 36439 36447 36449 36455
36462 36465 36467 36474 36480 36486 36490 36494 36495 36502 36510 36516 36521 36522 36531 36534 36538 36545
36546 36554 36564 36566 36570 36580 36590 36599 36607 36614 36619 36622 36629 36630 36637 36644 36645 36647
36651 36661 36663 36672 36680 36687 36691 36694 36695 36698 36700 36702 36709 36719 36721 36728 36733 36735
36738 36748 36750 36751 36759 36768 36771 36778 36788 36793 36797 36805 36815 36823 36827 36831 36840 36846
36847 36849 36859 36865 36866 36874 36881 36882 36883 36891 36899 36900 36908 36911 36916 36922 36923 36928
36936 36942 36945 36952 36962 36970 36975 36983 36984 36988 36989 36990 36991 37000 37007 37013 37015 37023
37025 37033 37039 37049 37054 37063 37067 37077 37083 37092 37096 37103 37105 37109 37111 37113 37117 37127
37132 37133 37143 37150 37151 37158 37161 37164 37173 37181 37187 37196 37206 37210 37219 37221 37227 37228
37229 37237 37241 37249 37252 37261 37264 37273 37275 37282 37283 37286 37295 37296 37298 37305 37306 37307
37313 37317 37323 37324 37325 37331 37338 37344 37347 37349 37353 37362 37363 37367 37370 37371 37378 37382
37384 37394 37402 37412 37418 37426 37433 37435 37436 37446 37451 37457 37462 37463 37466 37474 37482 37485
37490 37496 37504 37512 37517 37525 37529 37536 37544 37546 37550 37558 37560 37567 37576 37579 37588 37597
37606 37610 37615 37625 37632 37639 37646 37656 37665 37669 37671 37677 37678 37680 37688 37690 37693 37701
37709 37713 37720 37725 37727 37732 37740 37750 37757 37762 37765 37766 37775 37781 37782 37786 37791 37798
37806 37816 37826 37827 37836 37843 37849 37854 37856 37859 37861 37867 37868 37878 37886 37891 37897 37905
37910 37917 37927 37933 37939 37947 37954 37956 37960 37963 37968 37976 37985 37990 37993 37996 38006 38007
38016 38020 38025 38033 38034 38040 38046 38050 38057 38063 38068 38074 38075 38080 38087 38096 38101 38109
38110 38112 38118 38128 38133 38141 38151 38156 38163 38171 38179 38181 38190 38194 38200 38205 38213 38219
38222 38232 38240 38246 38255 38258 38261 38269 38272 38282 38290 38297 38307 38310 38312 38313 38320 38322
38325 38335 38344 38352 38359 38362 38372 38377 38386 38388 38392 38395 38402 38407 38414 38415 38424 38425
38432 38440 38444 38453 38460 38469 38477 38485 38489 38499 38509 38519 38521 38522 38524 38533 38541 38544
38548 38554 38559 38561 38565 38575 38577 38578 38587 38588 38594 38600 38601 38611 38619 38627 38628 38630
38635 38642 38650 38653 38655 38664 38670 38672 38674 38677 38684 38689 38698 38707 38709 38718 38722 38731
38741 38750 38754 38764 38768 38771 38776 38780 38786 38787 38791 38800 38804 38809 38819 38822 38823 38832
38833 38837 38847 38854 38864 38873 38880 38887 38893 38898 38903 38908 38915 38916 38920 38924 38934 38942
38949 38958 38963 38968 38978 38984 38990 38999 39001 39011 39019 39023 39030 39036 39043 39047 39050 39055
39060 39068 39075 39083 39088 39093 39103 39108 39117 39118 39120 39121 39130 39131 39133 39140 39143 39145
39154 39156 39159 39169 39177 39181 39185 39191 39198 39202 39205 39211 39218 39227 39232 39238 39246 39250
39253 39260 39261 39270 39279 39285 39293 39294 39304 39307 39308 39314 39319 39323 39325 39332 39342 39344
39346 39353 39357 39363 39366 39367 39373 39380 39388 39395 39397 39403 39413 39414 39418 39420 39422 39425
39428 39434 39436 39438 39441 39443 39447 39451 39459 39468 39474 39479 39489 39492 39494 39503 39508 39510
39513 39522 39523 39531 39533 39538 39542 39547 39555 39561 39562 39563 39570 39576 39578 39584 39590 39598
39600 39604 39613 39615 39619 39624 39629 39630 39634 39635 39644 39648 39654 39660 39661 39669 39676 39685
39690 39700 39703 39710 39716 39723 39727 39734 39735 39745 39749 39757 39763 39769 39773 39783 39788 39796
39805 39808 39810 39817 39824 39834 39840 39843 39845 39849 39856 39862 39871 39881 39891 39899 39907 39911
39919 39929 39938 39940 39946 39949 39950 39956 39966 39974 39979 39988 39991 39993 39997 39998 40007 40012
40021 40031 40040 40047 40055 40056 40066 40074 40084 40092 40095 40096 40097 40098 40101 40111 40115 40120
40130 40139 40143 40151 40153 40157 40163 40173 40176 40181 40183 40184 40186 40190 40191 40193 40194 40196
40204 40205 40215 40216 40223 40229 40238 40248 40249 40252 40254 40263 40270 40279 40285 40286 40289 40290
40297 40307 40313 40322 40330 40339 40344 40353 40362 40365 40374 40377 40387 40397 40402 40404 40414 40415
40424 40430 40431 40439 40443 40452 40456 40465 40466 40476 40482 40490 40500 40507 40516 40517 40527 40536
40540 40541 40550 40560 40562 40572 40577 40579 40585 40588 40589 40596 40603 40611 40621 40622 40629 40632
40640 40650 40660 40665 40674 40675 40679 40683 40688 40690 40698 40704 40709 40718 40725 40732 40739 40747
40752 40753 40757 40762 40769 40775 40780 40789 40792 40795 40804 40808 40809 40814 40824 40826 40830 40831
40833 40843 40851 40856 40861 40866 40868 40877 40884 40887 40890 40895 40898 40904 40911 40919 40922 40932
40941 40943 40946 40950 40960 40970 40979 40982 40985 40993 40996 40997 41001 41007 41011 41015 41019 41022
41028 41031 41034 41036 41045 41048 41052 41060 41068 41075 41081 41090 41098 41108 41110 41118 41128 41131
41135 41138 41141 41150 41153 41160 41165 41173 41178 41180 41188 41197 41199 41206 41213 41217 41218 41219
41226 41232 41242 41250 41257 41261 41262 41263 41264 41272 41282 41289 41296 41301 41308 41309 41315 41322
41324 41334 41336 41340 41345 41352 41353 41361 41363 41364 41366 41375 41377 41382 41392 41395 41399 41406
41409 41416 41423 41430 41439 41442 41447 41449 41457 41465 41473 41475 41484 41485 41488 41495 41498 41507
41511 41521 41527 41529 41538 41545 41551 41553 41554 41564 41568 41576 41584 41593 41596 41598 41600 41605
41607 41616 41618 41622 41624 41633 41637 41645 41648 41652 41656 41663 41669 41677 41683 41684 41686 41693
41696 41704 41714 41716 41719 41729 41733 41737 41746 41751 41759 41764 41772 41777 41780 41788 41797 41799
41802 41803 41812 41816 41826 41831 41839 41843 41845 41849 41850 41854 41859 41865 41869 41878 41879 41883
41893 41901 41906 41908 41914 41924 41927 41933 41939 41947 41948 41954 41964 41969 41977 41979 41981 41983
41990 41998 42003 42008 42010 42019 42026 42030 42040 42046 42052 42054 42062 42066 42075 42084 42087 42089
42094 42102 42109 42110 42115 42123 42132 42139 42146 42155 42162 42166 42175 42184 42187 42190 42193 42197
42198 42204 42212 42219 42228 42234 42243 42244 42246 42253 42259 42260 42267 42274 42282 42283 42285 42288
42293 42294 42296 42305 42311 42313 42320 42324 42326 42335 42340 42341 42347 42348 42358 42365 42368 42371
42372 42380 42383 42384 42386 42388 42395 42397 42398 42404 42409 42414 42421 42424 42433 42435 42436 42446
42455 42464 42473 42478 42487 42495 42497 42500 42502 42503 42507 42508 42518 42519 42521 42529 42539 42545
42555 42561 42565 42570 42574 42581 42583 42586 42596 42606 42613 42614 42615 42623 42631 42639 42641 42649
42655 42656 42661 42667 42677 42679 42687 42694 42697 42703 42712 42717 42719 42729 42730 42737 42739 42741
42751 42754 42758 42762 42763 42773 42778 42780 42788 42791 42793 42800 42805 42810 42817 42821 42822 42830
42832 42833 42843 42844 42854 42864 42871 42877 42883 42884 42888 42895 42900 42901 42905 42914 42919 42927
42931 42932 42939 42945 42954 42964 42971 42974 42976 42980 42989 42994 42998 42999 43006 43012 43019 43029
43038 43043 43046 43055 43063 43073 43083 43084 43090 43096 43103 43108 43113 43116 43123 43125 43130 43136
43142 43150 43151 43153 43159 43162 43170 43179 43184 43187 43193 43198 43208 43217 43221 43223 43231 43238
43243 43251 43253 43259 43265 43273 43279 43289 43290 43295 43298 43304 43305 43311 43314 43316 43320 43327
43332 43341 43346 43347 43353 43359 43364 43373 43379 43389 43392 43401 43407 43410 43418 43426 43435 43445
43450 43458 43462 43468 43477 43478 43486 43494 43495 43505 43508 43514 43516 43520 43529 43539 43548 43551
43561 43565 43575 43577 43585 43587 43589 43595 43601 43606 43611 43616 43620 43630 43640 43648 43658 43661
43670 43675 43677 43686 43689 43697 43704 43713 43718 43721 43730 43740 43746 43755 43760 43769 43772 43782
43785 43793 43800 43809 43814 43818 43822 43832 43835 43840 43846 43850 43855 43856 43861 43868 43871 43878
43884 43894 43897 43898 43905 43906 43908 43918 43924 43933 43943 43948 43956 43960 43964 43974 43979 43988
43994 43995 44001 44006 44011 44012 44022 44028 44035 44044 44048 44050 44054 44062 44072 44075 44080 44088
44098 44100 44109 44111 44119 44128 44132 44134 44138 44140 44147 44148 44150 44154 44157 44167 44173 44175
44183 44186 44195 44204 44209 44212 44214 44221 44223 44230 44236 44244 44252 44260 44268 44272 44275 44276
44283 44291 44296 44297 44305 44311 44320 44325 44327 44333 44335 44337 44341 44348 44354 44364 44373 44377
44379 44380 44381 44391 44401 44408 44417 44424 44434 44442 44444 44450 44460 44464 44467 44474 44478 44485
44495 44500 44508 44513 44514 44516 44525 44533 44542 44549 44553 44557 44562 44571 44578 44582 44592 44593
44596 44602 44612 44618 44628 44630 44636 44644 44646 44651 44654 44656 44657 44664 44667 44668 44675 44683
44692 44699 44701 44703 44712 44714 44719 44728 44735 44739 44740 44745 44746 44752 44755 44760 44770 44780
44790 44796 44803 44809 44817 44820 44825 44830 44839 44840 44847 44850 44852 44862 44869 44876 44882 44890
44898 44905 44914 44918 44923 44932 44933 44943 44951 44956 44966 44973 44978 44983 44991 44996 45000 45005
45015 45024 45031 45035 45037 45047 45057 45064 45072 45080 45090 45096 45103 45112 45122 45127 45131 45137
45146 45150 45158 45166 45171 45177 45186 45194 45198 45207 45215 45219 45225 45235 45244 45252 45259 45269
45278 45288 45292 45299 45303 45305 45313 45316 45320 45326 45335 45338 45345 45349 45354 45358 45366 45370
45372 45373 45377 45381 45389 45394 45402 45407 45409 45412 45420 45424 45433 45435 45440 45441 45442 45446
45450 45453 45463 45467 45468 45472 45473 45476 45486 45493 45498 45506 45512 45520 45524 45528 45534 45536
45539 45542 45547 45551 45559 45565 45575 45576 45579 45581 45590 45593 45601 45603 45612 45622 45628 45635
45639 45641 45650 45651 45657 45666 45675 45685 45692 45701 45705 45708 45710 45711 45721 45722 45723 45725
45732 45733 45735 45743 45752 45754 45756 45765 45770 45780 45785 45792 45794 45799 45805 45815 45822 45823
45830 45836 45837 45843 45847 45855 45865 45875 45876 45878 45883 45885 45886 45887 45889 45899 45905 45911
45919 45921 45931 45938 45943 45949 45954 45955 45961 45963 45965 45967 45977 45986 45991 46000 46004 46007
46008 46017 46026 46028 46034 46038 46044 46051 46056 46061 46066 46073 46080 46084 46094 46097 46101 46106
46109 46117 46124 46133 46143 46153 46163 46166 46167 46170 46179 46180 46186 46193 46195 46201 46206 46212
46217 46226 46230 46234 46240 46242 46243 46249 46252 46254 46258 46265 46271 46279 46282 46285 46289 46292
46300 46302 46308 46314 46316 46323 46331 46333 46343 46349 46356 46364 46366 46370 46377 46380 46387 46388
46394 46397 46399 46408 46410 46418 46421 46429 46435 46444 46449 46452 46457 46466 46476 46478 46485 46494
46497 46502 46504 46511 46514 46521 46527 46535 46545 46553 46563 46568 46576 46582 46587 46590 46600 46604
46611 46615 46620 46625 46632 46638 46641 46645 46650 46653 46658 46661 46662 46671 46679 46688 46695 46704
46713 46723 46731 46740 46747 46748 46751 46757 46764 46773 46781 46785 46795 46804 46809 46811 46819 46824
46828 46838 46839 46846 46853 46861 46866 46869 46870 46875 46876 46878 46886 46894 46898 46906 46909 46919
46924 46927 46937 46945 46952 46961 46966 46976 46980 46985 46991 46995 47000 47010 47020 47026 47036 47038
47043 47045 47050 47060 47062 47065 47072 47075 47078 47083 47092 47095 47101 47110 47117 47125 47131 47135
47143 47148 47153 47156 47165 47168 47172 47177 47182 47192 47198 47206 47207 47216 47226 47231 47241 47246
47251 47252 47256 47265 47272 47275 47278 47279 47285 47293 47298 47303 47311 47316 47318 47327 47335 47339
47344 47345 47347 47349 47355 47359 47361 47367 47377 47384 47389 47391 47395 47403 47408 47412 47413 47423
47424 47426 47436 47441 47447 47453 47457 47461 47469 47470 47477 47486 47493 47494 47495 47498 47507 47513
47522 47526 47536 47539 47545 47554 47563 47573 47582 47591 47593 47603 47611 47621 47629 47636 47637 47638
47641 47649 47656 47657 47664 47669 47674 47680 47690 47698 47707 47711 47716 47717 47721 47725 47735 47737
47742 47745 47755 47762 47764 47773 47778 47779 47789 47791 47800 47802 47806 47815 47825 47833 47839 47846
47853 47857 47866 47868 47877 47881 47882 47884 47891 47897 47904 47912 47919 47923 47928 47933 47935 47938
47942 47944 47948 47951 47956 47958 47968 47974 47977 47987 47989 47998 48003 48011 48018 48026 48030 48037
48041 48049 48050 48055 48060 48065 48075 48078 48081 48089 48099 48102 48109 48118 48119 48123 48131 48132
48137 48139 48143 48145 48153 48157 48164 48170 48174 48179 48182 48186 48192 48196 48205 48213 48220 48227
48234 48237 48240 48242 48252 48258 48268 48277 48280 48287 48291 48301 48306 48313 48314 48323 48326 48328
48335 48336 48344 48345 48354 48364 48370 48377 48379 48382 48387 48391 48397 48404 48411 48416 48418 48421
48427 48431 48433 48439 48446 48447 48448 48449 48459 48463 48468 48472 48476 48479 48483 48485 48488 48495
48498 48505 48512 48519 48521 48531 48536 48539 48544 48552 48561 48568 48573 48575 48581 48582 48590 48597
48600 48601 48611 48620 48630 48637 48641 48648 48655 48662 48670 48678 48683 48689 48693 48696 48699 48703
48711 48713 48720 48723 48731 48737 48745 48755 48762 48765 48775 48785 48794 48800 48804 48810 48817 48825
48831 48836 48841 48850 48853 48860 48869 48870 48878 48879 48887 48889 48898 48903 48913 48917 48919 48929
48933 48936 48946 48954 48964 48968 48973 48978 48982 48985 48989 48992 48998 48999 49006 49014 49018 49027
49028 49030 49038 49039 49043 49052 49057 49059 49060 49067 49071 49072 49076 49086 49087 49096 49098 49106
49111 49113 49122 49125 49126 49129 49134 49140 49147 49155 49158 49162 49172 49174 49178 49179 49185 49189
49192 49196 49205 49211 49213 49216 49218 49222 49229 49235 49244 49247 49256 49263 49266 49270 49277 49282
49286 49288 49294 49299 49306 49313 49318 49325 49333 49337 49344 49352 49361 49369 49375 49380 49390 49393
49397 49400 49407 49415 49418 49419 49429 49433 49440 49445 49451 49459 49463 49466 49469 49471 49481 49487
49493 49503 49508 49515 49524 49534 49542 49547 49550 49557 49562 49571 49575 49577 49579 49587 49590 49598
49606 49607 49615 49625 49627 49628 49636 49638 49641 49645 49655 49661 49664 49674 49681 49683 49688 49698
49702 49704 49706 49711 49715 49720 49722 49730 49737 49739 49743 49744 49745 49750 49755 49758 49766 49771
49777 49787 49793 49796 49797 49802 49808 49809 49814 49819 49824 49829 49837 49844 49847 49849 49857 49862
49864 49869 49872 49882 49887 49897 49900 49908 49912 49920 49922 49926 49934 49937 49946 49956 49959 49969
49972 49980 49990 49994 49999 50002 50012 50017 50026 50035 50038 50039 50046 50050 50056 50058 50063 50064
50071 50078 50084 50086 50090 50097 50103 50109 50112 50122 50130 50138 50141 50143 50149 50157 50161 50168
50173 50182 50186 50195 50205 50212 50222 50229 50235 50237 50247 50254 50257 50267 50274 50278 50281 50282
50289 50291 50295 50301 50309 50312 50313 50320 50325 50334 50340 50350 50357 50363 50367 50375 50376 50386
50387 50390 50398 50406 50408 50414 50420 50426 50430 50433 50435 50445 50454 50460 50462 50469 50479 50481
50488 50493 50500 50507 50516 50523 50531 50537 50542 50549 50554 50562 50567 50573 50576 50584 50593 50602
50606 50609 50616 50619 50628 50632 50633 50634 50638 50647 50657 50662 50664 50669 50679 50683 50687 50695
50704 50706 50708 50716 50726 50736 50737 50740 50745 50754 50758 50764 50767 50771 50776 50777 50782 50785
50787 50793 50799 50808 50817 50824 50831 50838 50840 50842 50847 50853 50855 50858 50859 50867 50873 50874
50882 50889 50894 50902 50904 50914 50919 50925 50935 50944 50946 50952 50958 50961 50964 50969 50976 50978
50982 50991 51001 51008 51010 51019 51023 51031 51035 51038 51039 51048 51053 51057 51066 51074 51084 51085
51089 51094 51104 51111 51113 51120 51129 51132 51142 51148 51157 51167 51176 51183 51191 51196 51201 51202
51209 51212 51213 51221 51224 51229 51236 51239 51243 51249 51251 51256 51259 51267 51273 51281 51282 51283
51286 51288 51295 51296 51302 51311 51313 51319 51320 51329 51335 51337 51341 51350 51354 51364 51372 51376
51383 51386 51393 51396 51405 51408 51413 51417 51425 51434 51436 51446 51451 51458 51465 51474 51475 51484
51492 51499 51506 51511 51520 51524 51533 51538 51543 51547 51554 51561 51563 51564 51566 51576 51583 51591
51593 51596 51599 51607 51609 51614 51622 51627 51634 51643 51644 51652 51660 51663 51665 51674 51683 51693
51697 51703 51711 51716 51718 51725 51726 51731 51740 51749 51752 51759 51763 51767 51775 51779 51788 51792
51794 51803 51811 51816 51817 51821 51824 51833 51834 51835 51840 51850 51857 51865 51867 51870 51872 51876
51883 51892 51900 51904 51913 51920 51922 51926 51934 51943 51948 51954 51961 51964 51969 51978 51986 51989
51994 52003 52006 52009 52016 52021 52022 52027 52031 52037 52044 52052 52056 52064 52074 52075 52079 52084
52086 52089 52095 52099 52108 52114 52124 52131 52138 52141 52151 52152 52153 52156 52166 52176 52177 52179
52188 52189 52191 52197 52199 52203 52210 52211 52217 52223 52226 52234 52239 52242 52252 52257 52267 52272
52281 52288 52294 52299 52304 52307 52313 52316 52317 52327 52335 52345 52346 52351 52360 52361 52369 52378
52384 52392 52394 52400 52409 52418 52427 52434 52439 52448 52453 52459 52460 52466 52472 52480 52486 52494
52497 52502 52506 52511 52518 52524 52528 52534 52542 52550 52556 52557 52558 52568 52576 52583 52587 52589
52597 52606 52610 52615 52616 52623 52628 52630 52640 52648 52656 52664 52671 52675 52677 52680 52682 52692
52700 52709 52714 52724 52727 52728 52730 52733 52739 52747 52752 52762 52768 52773 52781 52790 52793 52798
52805 52812 52819 52824 52834 52843 52844 52849 52855 52859 52865 52869 52874 52879 52889 52897 52899 52904
52906 52913 52919 52928 52934 52939 52942 52950 52960 52964 52968 52970 52977 52984 52986 52990 52995 52997
52999 53002 53010 53019 53027 53030 53038 53040 53043 53047 53056 53061 53067 53072 53078 53088 53098 53106
53107 53112 53119 53128 53131 53135 53144 53148 53151 53160 53169 53174 53176 53184 53192 53197 53198 53203
53204 53214 53222 53225 53232 53235 53240 53250 53258 53261 53262 53264 53271 53278 53286 53295 53297 53306
53308 53318 53322 53330 53336 53339 53349 53351 53360 53364 53369 53376 53378 53387 53391 53400 53409 53414
53419 53424 53430 53432 53435 53441 53446 53452 53460 53463 53470 53478 53482 53484 53487 53489 53492 53497
53503 53511 53516 53522 53530 53538 53543 53546 53549 53551 53559 53567 53572 53573 53581 53588 53595 53598
53603 53605 53611 53621 53626 53632 53642 53644 53647 53655 53657 53663 53666 53671 53681 53688 53690 53696
53701 53703 53707 53712 53722 53726 53734 53744 53748 53756 53759 53768 53772 53779 53784 53792 53796 53800
53805 53813 53822 53831 53833 53842 53848 53856 53865 53866 53875 53877 53886 53894 53899 53909 53918 53922
53923 53930 53939 53945 53946 53952 53958 53962 53970 53971 53979 53984 53985 53988 53996 54004 54006 54008
54009 54010 54020 54021 54025 54035 54044 54049 54050 54055 54058 54060 54067 54071 54073 54081 54091 54094
54104 54105 54115 54120 54121 54131 54136 54137 54146 54149 54153 54154 54157 54158 54159 54167 54177 54187
54188 54190 54193 54201 54208 54218 54221 54224 54226 54232 54237 54240 54244 54252 54256 54265 54270 54275
54277 54285 54292 54300 54307 54316 54324 54334 54335 54341 54342 54346 54347 54355 54356 54363 54366 54376
54377 54380 54384 54387 54393 54398 54404 54412 54416 54421 54424 54433 54443 54453 54454 54457 54466 54470
54479 54486 54492 54502 54506 54515 54525 54535 54538 54543 54546 54548 54551 54559 54567 54577 54585 54593
54599 54609 54615 54625 54631 54639 54645 54646 54647 54655 54661 54671 54679 54686 54689 54692 54698 54707
54712 54713 54716 54719 54723 54725 54727 54733 54741 54746 54754 54764 54771 54781 54783 54784 54785 54789
54794 54798 54801 54810 54817 54819 54821 54824 54828 54831 54838 54848 54856 54859 54864 54871 54878 54888
54894 54895 54898 54906 54914 54924 54931 54933 54942 54944 54949 54951 54954 54964 54971 54973 54979 54985
54988 54995 54998 55004 55014 55024 55029 55037 55044 55045 55055 55062 55071 55076 55077 55079 55085 55095
55101 55103 55108 55117 55127 55135 55141 55142 55148 55152 55154 55160 55167 55176 55183 55193 55195 55198
55204 55210 55217 55218 55223 55225 55229 55232 55234 55244 55249 55255 55259 55261 55267 55271 55273 55283
55293 55299 55303 55309 55311 55315 55320 55323 55327 55337 55344 55353 55360 55365 55369 55374 55375 55385
55390 55398 55401 55402 55412 55418 55422 55431 55441 55451 55454 55461 55468 55469 55474 55479 55485 55486
55493 55501 55508 55517 55519 55524 55526 55536 55543 55545 55554 55557 55559 55565 55570 55577 55578 55580
55584 55590 55592 55593 55596 55602 55607 55615 55625 55633 55634 55640 55643 55653 55662 55667 55673 55682
55683 55690 55700 55707 55709 55711 55713 55721 55724 55729 55735 55745 55750 55759 55766 55776 55780 55786
55788 55794 55802 55805 55813 55823 55824 55833 55841 55850 55857 55861 55866 55870 55876 55880 55884 55892
55894 55900 55901 55911 55919 55926 55933 55940 55945 55953 55961 55970 55976 55979 55983 55993 55997 56003
56009 56019 56026 56028 56029 56031 56040 56043 56045 56047 56052 56062 56067 56074 56078 56083 56091 56095
56101 56107 56112 56114 56122 56125 56135 56141 56142 56151 56161 56163 56164 56167 56169 56173 56180 56182
56183 56185 56194 56198 56206 56208 56215 56220 56224 56232 56239 56248 56252 56259 56268 56274 56279 56282
56290 56296 56304 56312 56316 56324 56328 56338 56346 56353 56363 56372 56379 56382 56386 56390 56391 56394
56395 56404 56412 56418 56422 56427 56430 56432 56441 56449 56450 56460 56466 56475 56477 56484 56485 56486
56495 56497 56498 56508 56512 56521 56525 56533 56534 56537 56541 56550 56557 56560 56568 56576 56580 56582
56590 56592 56597 56606 56612 56621 56627 56632 56641 56648 56656 56661 56670 56679 56683 56689 56696 56704
56713 56716 56722 56725 56730 56740 56743 56750 56755 56758 56762 56767 56771 56780 56789 56795 56802 56810
56819 56827 56830 56831 56833 56840 56846 56847 56850 56857 56863 56869 56873 56879 56885 56892 56901 56904
56907 56916 56917 56919 56926 56929 56937 56939 56941 56942 56948 56958 56964 56971 56973 56981 56989 56997
57003 57007 57016 57023 57024 57026 57033 57039 57046 57047 57048 57055 57059 57064 57066 57073 57080 57085
57090 57097 57098 57102 57107 57109 57110 57117 57125 57126 57136 57142 57144 57151 57153 57156 57163 57164
57171 57174 57182 57183 57190 57200 57208 57218 57219 57220 57226 57230 57240 57245 57252 57255 57256 57262
57263 57268 57277 57286 57291 57301 57309 57319 57326 57332 57333 57339 57342 57350 57354 57360 57361 57366
57370 57379 57384 57389 57396 57403 57404 57412 57413 57415 57417 57421 57424 57432 57439 57449 57459 57467
57472 57482 57484 57493 57499 57508 57514 57516 57526 57534 57537 57543 57546 57554 57560 57565 57567 57568
57572 57574 57580 57587 57591 57600 57606 57608 57615 57620 57627 57632 57634 57641 57642 57644 57654 57658
57661 57664 57668 57675 57683 57688 57694 57703 57711 57712 57720 57721 57728 57731 57737 57742 57745 57753
57759 57766 57771 57780 57789 57799 57808 57817 57818 57827 57832 57834 57841 57844 57850 57854 57856 57858
57861 57867 57870 57880 57884 57890 57892 57901 57906 57910 57913 57914 57918 57920 57924 57928 57933 57941
57951 57960 57969 57970 57979 57982 57987 57994 57997 58002 58011 58021 58031 58033 58042 58045 58048 58050
58051 58054 58061 58067 58073 58074 58079 58084 58085 58094 58095 58096 58102 58112 58121 58128 58137 58138
58141 58146 58154 58157 58166 58171 58175 58181 58186 58189 58193 58200 58206 58207 58217 58224 58234 58242
58251 58252 58253 58260 58269 58276 58284 58291 58301 58302 58307 58310 58312 58319 58323 58326 58336 58338
58340 58345 58347 58348 58355 58357 58363 58367 58376 58386 58391 58400 58406 58408 58409 58416 58419 58426
58432 58438 58440 58450 58455 58458 58461 58468 58478 58480 58487 58496 58501 58510 58513 58521 58528 58532
58538 58546 58555 58561 58567 58576 58583 58584 58592 58601 58607 58616 58618 58620 58621 58628 58630 58635
58645 58654 58655 58663 58671 58675 58677 58680 58681 58683 58688 58689 58696 58706 58709 58710 58712 58720
58727 58732 58735 58742 58743 58752 58760 58765 58768 58777 58787 58789 58799 58806 58813 58818 58819 58825
58827 58834 58842 58851 58853 58854 58863 58873 58876 58882 58885 58892 58901 58905 58909 58914 58915 58925
58931 58940 58948 58955 58959 58969 58977 58986 58987 58993 58997 59002 59004 59010 59011 59018 59024 59031
59035 59042 59046 59055 59056 59063 59067 59070 59076 59082 59083 59084 59092 59098 59105 59111 59116 59122
59129 59133 59141 59144 59146 59154 59162 59165 59167 59174 59177 59186 59191 59198 59199 59203 59205 59208
59209 59213 59223 59233 59240 59245 59246 59256 59265 59270 59279 59281 59290 59293 59300 59302 59304 59306
59308 59312 59313 59317 59327 59336 59346 59348 59358 59365 59369 59379 59389 59398 59407 59411 59419 59420
59424 59433 59438 59443 59452 59457 59465 59467 59470 59478 59485 59493 59501 59510 59516 59523 59526 59529
59538 59545 59552 59554 59564 59574 59575 59581 59584 59592 59602 59603 59613 59614 59617 59627 59634 59640
59647 59654 59662 59670 59677 59684 59685 59692 59695 59701 59704 59714 59724 59731 59740 59743 59747 59754
59764 59767 59769 59774 59776 59786 59792 59799 59800 59810 59820 59827 59831 59837 59842 59851 59861 59866
59873 59881 59886 59888 59893 59900 59902 59904 59905 59906 59916 59924 59932 59937 59941 59946 59947 59950
59960 59964 59967 59977 59986 59994 59997 60000 60004 60006 60016 60019 60026 60028 60033 60037 60041 60042
60047 60052 60056 60065 60073 60075 60082 60087 60094 60095 60102 60104 60106 60114 60124 60131 60141 60146
60148 60158 60159 60169 60178 60188 60190 60199 60208 60213 60218 60228 60230 60234 60241 60251 60257 60258
60262 60267 60273 60282 60284 60288 60290 60294 60301 60305 60306 60309 60318 60325 60328 60331 60337 60345
60349 60351 60358 60367 60375 60376 60377 60384 60388 60390 60394 60401 60407 60416 60419 60428 60432 60434
60435 60442 60450 60452 60462 60467 60468 60469 60473 60475 60482 60489 60490 60499 60505 60508 60509 60511
60520 60521 60526 60536 60537 60541 60543 60545 60554 60558 60560 60561 60565 60575 60581 60584 60594 60597
60602 60607 60608 60611 60616 60626 60632 60637 60646 60653 60662 60668 60672 60673 60679 60688 60697 60699
60703 60710 60717 60724 60728 60734 60742 60749 60755 60760 60761 60766 60769 60771 60775 60781 60786 60794
60800 60801 60803 60805 60809 60814 60822 60826 60836 60841 60851 60852 60860 60866 60870 60872 60879 60886
60896 60898 60908 60915 60923 60932 60934 60944 60946 60955 60963 60967 60972 60980 60987 60995 61005 61013
61021 61023 61030 61036 61041 61043 61052 61057 61061 61068 61069 61070 61075 61079 61083 61090 61095 61101
61111 61117 61123 61132 61135 61143 61144 61147 61149 61157 61167 61174 61182 61184 61190 61196 61206 61216
61225 61235 61244 61249 61257 61259 61263 61269 61278 61286 61291 61294 61297 61303 61307 61310 61319 61322
61323 61328 61335 61344 61347 61354 61364 61368 61373 61374 61376 61383 61387 61397 61406 61408 61414 61419
61424 61427 61434 61436 61440 61450 61458 61461 61470 61475 61478 61483 61485 61495 61499 61507 61513 61516
61525 61532 61535 61543 61553 61560 61563 61567 61570 61571 61578 61580 61588 61591 61599 61605 61615 61619
61624 61631 61634 61643 61650 61660 61669 61672 61679 61681 61691 61698 61700 61704 61713 61714 61717 61723
61733 61738 61745 61750 61755 61759 61761 61765 61769 61774 61776 61783 61789 61797 61803 61810 61819 61823
61827 61829 61832 61833 61840 61842 61848 61850 61860 61868 61875 61881 61883 61891 61893 61896 61901 61911
61913 61920 61923 61924 61933 61934 61943 61944 61948 61949 61958 61962 61967 61974 61982 61983 61986 61991
61997 62005 62010 62013 62018 62019 62026 62027 62029 62033 62039 62041 62050 62060 62069 62076 62077 62084
62085 62087 62093 62100 62103 62107 62117 62121 62129 62133 62137 62143 62144 62154 62156 62160 62170 62174
62177 62183 62188 62196 62197 62206 62215 62216 62219 62221 62223 62228 62231 62234 62235 62236 62240 62247
62257 62266 62269 62276 62281 62291 62295 62303 62307 62310 62320 62329 62331 62335 62344 62349 62359 62362
62363 62372 62381 62391 62400 62401 62411 62420 62421 62422 62427 62432 62439 62442 62447 62454 62461 62467
62470 62476 62477 62485 62494 62501 62511 62520 62523 62527 62536 62546 62553 62560 62566 62574 62583 62591
62598 62600 62607 62611 62613 62622 62627 62637 62647 62656 62664 62667 62676 62678 62683 62687 62688 62694
62704 62711 62714 62718 62727 62736 62745 62755 62756 62761 62764 62774 62777 62780 62784 62788 62792 62793
62800 62806 62808 62813 62820 62830 62832 62835 62840 62841 62849 62857 62864 62869 62876 62881 62882 62891
62897 62906 62915 62920 62929 62934 62936 62938 62946 62948 62954 62956 62964 62968 62978 62984 62985 62993
62997 63006 63009 63019 63029 63032 63033 63035 63038 63043 63052 63055 63056 63061 63064 63074 63083 63084
63089 63091 63099 63108 63113 63123 63131 63132 63142 63149 63157 63164 63170 63172 63178 63181 63183 63185
63189 63193 63195 63203 63205 63213 63215 63221 63224 63232 63236 63245 63248 63253 63260 63267 63275 63284
63289 63291 63294 63296 63297 63298 63303 63313 63321 63325 63330 63337 63341 63351 63358 63363 63369 63377
63385 63392 63395 63400 63409 63417 63426 63429 63432 63439 63441 63449 63451 63455 63462 63464 63465 63472
63473 63478 63487 63495 63500 63502 63512 63516 63522 63529 63532 63534 63540 63544 63545 63549 63554 63556
63560 63563 63565 63574 63580 63586 63592 63596 63600 63606 63611 63617 63619 63627 63636 63642 63652 63655
63664 63671 63672 63673 63676 63677 63679 63686 63687 63695 63704 63707 63708 63712 63721 63728 63734 63739
63745 63747 63753 63755 63756 63762 63768 63771 63772 63775 63780 63790 63791 63798 63805 63806 63813 63820
63821 63830 63832 63840 63842 63852 63858 63863 63871 63876 63884 63887 63890 63897 63903 63906 63909 63919
63921 63931 63940 63950 63957 63964 63970 63976 63986 63988 63990 63997 64007 64008 64011 64014 64024 64033
64036 64044 64053 64059 64062 64066 64070 64076 64086 64087 64090 64098 64108 64113 64116 64122 64127 64137
64147 64149 64157 64166 64168 64178 64181 64189 64191 64196 64205 64215 64225 64230 64233 64241 64245 64253
64254 64262 64271 64275 64278 64279 64288 64297 64299 64309 64314 64323 64330 64339 64346 64350 64356 64359
64365 64369 64376 64384 64385 64394 64401 64406 64413 64414 64416 64426 64432 64438 64440 64441 64451 64460
64465 64470 64476 64482 64490 64495 64501 64505 64515 64521 64525 64531 64538 64545 64551 64560 64564 64570
64579 64582 64592 64602 64612 64616 64619 64628 64631 64635 64638 64642 64649 64659 64662 64665 64668 64678
64687 64689 64699 64700 64705 64709 64710 64713 64715 64716 64718 64725 64731 64738 64747 64753 64756 64764
64765 64773 64777 64779 64789 64796 64799 64809 64818 64821 64831 64832 64833 64836 64841 64847 64856 64862
64865 64874 64878 64887 64893 64903 64907 64911 64915 64916 64920 64921 64922 64926 64932 64937 64947 64953
64956 64965 64966 64972 64981 64983 64992 64995 64997 65000 65003 65007 65008 65013 65014 65023 65032 65034
65043 65046 65052 65056 65064 65070 65072 65074 65079 65087 65097 65101 65103 65106 65114 65122 65132 65138
65143 65151 65160 65168 65169 65172 65182 65189 65197 65206 65209 65212 65220 65223 65227 65233 65241 65249
65254 65259 65263 65270 65273 65276 65286 65295 65298 65307 65309 65316 65325 65329 65333 65340 65345 65348
65354 65360 65363 65371 65376 65379 65383 65391 65394 65398 65408 65411 65417 65422 65428 65436 65438 65448
65455 65465 65473 65477 65485 65488 65493 65495 65496 65499 65509 65511 65514 65523 65524 65530 65539 65540
65546 65554 65555 65564 65570 65573 65579 65588 65597 65606 65610 65617 65619 65621 65625 65632 65635 65643
65646 65650 65658 65661 65670 65672 65676 65685 65689 65691 65699 65702 65703 65709 65715 65716 65725 65729
65730 65736 65745 65749 65750 65756 65764 65774 65778 65784 65792 65799 65806 65813 65822 65826 65833 65834
65840 65847 65849 65859 65864 65872 65879 65880 65884 65888 65894 65898 65903 65908 65911 65921 65929 65937
65943 65953 65961 65963 65967 65976 65980 65988 65992 65996 66002 66012 66013 66020 66026 66031 66036 66042
66045 66051 66059 66061 66069 66079 66083 66084 66086 66096 66100 66110 66118 66121 66125 66133 66138 66141
66147 66157 66158 66161 66169 66172 66175 66178 66188 66195 66201 66204 66210 66215 66218 66221 66231 66241
66249 66259 66269 66277 66282 66285 66293 66301 66307 66313 66318 66326 66331 66339 66348 66352 66354 66357
66366 66374 66376 66385 66395 66402 66411 66420 66426 66433 66435 66437 66440 66449 66453 66458 66466 66467
66471 66481 66490 66498 66503 66513 66520 66528 66533 66537 66546 66552 66560 66562 66567 66569 66577 66578
66587 66596 66606 66612 66616 66625 66628 66637 66643 66648 66654 66662 66666 66667 66669 66678 66685 66695
66704 66705 66709 66718 66721 66729 66736 66743 66752 66757 66759 66760 66764 66772 66781 66788 66790 66793
66797 66802 66811 66821 66829 66839 66848 66851 66852 66853 66860 66866 66875 66884 66893 66902 66904 66910
66912 66916 66922 66928 66930 66938 66947 66948 66952 66958 66963 66965 66973 66983 66988 66991 66992 67001
67008 67010 67018 67028 67037 67047 67049 67054 67062 67070 67078 67080 67086 67087 67096 67100 67108 67115
67118 67122 67124 67129 67138 67142 67147 67148 67155 67159 67168 67170 67175 67179 67188 67190 67196 67204
67209 67215 67218 67221 67223 67224 67231 67237 67247 67251 67255 67265 67274 67276 67278 67288 67298 67299
67308 67317 67323 67327 67330 67331 67334 67338 67344 67353 67355 67362 67372 67377 67386 67395 67396 67403
67413 67417 67422 67429 67439 67444 67448 67454 67458 67459 67463 67467 67475 67476 67479 67488 67494 67497
67498 67508 67511 67521 67526 67533 67537 67540 67544 67547 67553 67557 67564 67570 67580 67589 67590 67595
67603 67613 67616 67618 67620 67627 67629 67636 67638 67644 67645 67653 67659 67661 67663 67667 67669 67671
67672 67677 67687 67695 67699 67703 67711 67715 67718 67724 67730 67734 67736 67738 67740 67749 67759 67766
67771 67778 67779 67785 67791 67800 67802 67809 67819 67825 67834 67843 67844 67846 67851 67853 67862 67867
67869 67870 67872 67878 67886 67889 67899 67901 67907 67911 67917 67921 67930 67938 67946 67955 67959 67964
67972 67982 67991 67998 68004 68006 68011 68013 68023 68032 68039 68041 68050 68054 68055 68063 68073 68083
68093 68095 68103 68111 68119 68126 68134 68143 68144 68152 68153 68160 68163 68166 68168 68171 68172 68175
68185 68189 68198 68203 68207 68216 68222 68224 68227 68236 68239 68243 68248 68252 68253 68255 68261 68269
68273 68276 68277 68287 68288 68297 68299 68300 68308 68317 68318 68328 68329 68339 68344 68354 68356 68357
68366 68375 68381 68386 68387 68396 68406 68414 68419 68421 68423 68427 68428 68438 68446 68454 68459 68460
68470 68471 68472 68478 68488 68491 68500 68503 68508 68512 68521 68525 68527 68536 68540 68541 68545 68554
68563 68573 68581 68588 68591 68601 68604 68609 68612 68621 68622 68625 68628 68637 68646 68647 68651 68652
68661 68665 68673 68677 68683 68684 68691 68696 68702 68710 68717 68726 68734 68744 68747 68749 68757 68760
68761 68763 68771 68780 68781 68784 68794 68799 68808 68817 68825 68831 68840 68845 68855 68860 68862 68871
68875 68879 68881 68888 68898 68906 68911 68913 68916 68919 68926 68930 68936 68946 68948 68956 68961 68967
68971 68979 68980 68989 68991 68998 69006 69013 69021 69024 69030 69040 69045 69046 69048 69054 69064 69074
69077 69082 69089 69091 69099 69100 69106 69108 69109 69115 69120 69121 69130 69139 69147 69148 69154 69155
69161 69162 69163 69170 69173 69183 69189 69190 69197 69202 69212 69215 69224 69233 69238 69247 69257 69260
69266 69268 69270 69275 69284 69293 69300 69310 69320 69327 69334 69344 69348 69351 69355 69361 69371 69373
69380 69389 69390 69397 69401 69403 69408 69416 69423 69428 69433 69441 69444 69454 69456 69463 69467 69472
69475 69480 69487 69488 69491 69493 69494 69496 69503 69507 69513 69515 69524 69526 69530 69531 69536 69539
69545 69555 69557 69567 69575 69577 69579 69587 69589 69598 69606 69611 69614 69622 69628 69633 69638 69648
69654 69664 69668 69677 69685 69686 69687 69688 69691 69699 69702 69709 69718 69723 69728 69730 69731 69736
69745 69749 69751 69755 69761 69763 69772 69779 69784 69789 69794 69796 69802 69808 69818 69822 69825 69832
69837 69846 69855 69861 69868 69875 69878 69885 69890 69894 69902 69908 69911 69921 69930 69934 69936 69941
69942 69950 69953 69960 69964 69972 69981 69984 69986 69995 69997 70001 70003 70008 70012 70014 70015 70018
70021 70024 70025 70034 70043 70044 70045 70051 70061 70066 70074 70080 70084 70088 70091 70100 70102 70103
70113 70118 70127 70135 70142 70145 70146 70148 70150 70151 70161 70163 70168 70170 70173 70182 70192 70197
70205 70210 70220 70227 70236 70243 70250 70256 70263 70268 70269 70273 70278 70286 70289 70296 70304 70310
70311 70320 70322 70328 70331 70340 70348 70355 70358 70366 70370 70376 70378 70386 70389 70395 70402 70407
70411 70412 70414 70420 70429 70435 70441 70450 70453 70454 70458 70466 70470 70471 70473 70480 70484 70485
70493 70497 70505 70506 70507 70510 70518 70520 70526 70531 70532 70538 70542 70552 70560 70565 70570 70573
70582 70590 70597 70607 70614 70619 70624 70630 70634 70640 70650 70653 70661 70665 70672 70680 70682 70684
70687 70691 70693 70698 70699 70709 70714 70724 70733 70739 70741 70751 70757 70760 70770 70772 70779 70781
70783 70789 70790 70794 70801 70807 70814 70824 70826 70831 70840 70843 70846 70856 70859 70864 70873 70879
70880 70885 70892 70893 70903 70913 70920 70925 70934 70944 70945 70954 70964 70969 70975 70982 70992 70995
71003 71008 71013 71019 71020 71029 71033 71041 71050 71057 71062 71072 71082 71092 71101 71103 71106 71108
71114 71123 71125 71129 71138 71146 71151 71152 71154 71160 71169 71178 71185 71192 71196 71206 71207 71209
71219 71222 71229 71234 71235 71242 71248 71252 71262 71268 71271 71275 71285 71286 71291 71296 71305 71312
71314 71323 71331 71338 71348 71351 71354 71364 71366 71374 71384 71391 71392 71400 71406 71411 71413 71418
71424 71425 71429 71434 71442 71443 71444 71446 71450 71451 71453 71455 71458 71468 71471 71477 71484 71490
71494 71496 71497 71503 71508 71518 71525 71528 71530 71534 71544 71550 71554 71563 71566 71574 71583 71590
71593 71602 71612 71613 71617 71626 71627 71637 71639 71647 71652 71658 71666 71674 71679 71685 71688 71690
71699 71702 71703 71710 71715 71718 71721 71727 71730 71740 71745 71746 71749 71754 71760 71764 71774 71776
71781 71786 71793 71799 71801 71810 71816 71824 71827 71829 71831 71840 71845 71854 71862 71865 71866 71873
71883 71888 71898 71904 71911 71913 71923 71931 71937 71943 71948 71957 71959 71969 71977 71982 71989 71990
72000 72005 72007 72013 72020 72030 72034 72039 72040 72049 72056 72060 72069 72075 72084 72085 72090 72093
72097 72103 72112 72119 72125 72126 72129 72130 72136 72138 72140 72144 72153 72158 72167 72177 72180 72182
72187 72197 72207 72216 72222 72231 72235 72243 72249 72254 72255 72260 72265 72270 72280 72283 72293 72296
72301 72303 72306 72312 72321 72328 72337 72340 72342 72348 72350 72353 72362 72363 72372 72373 72383 72386
72388 72392 72396 72399 72409 72417 72422 72431 72433 72436 72445 72446 72448 72457 72461 72470 72472 72473
72478 72480 72484 72493 72503 72507 72517 72521 72526 72529 72538 72541 72542 72549 72559 72565 72566 72569
72570 72574 72577 72581 72589 72591 72596 72604 72613 72614 72615 72623 72626 72631 72637 72642 72649 72651
72656 72659 72668 72671 72679 72685 72687 72697 72702 72712 72718 72728 72733 72742 72743 72748 72752 72756
72764 72770 72775 72778 72788 72790 72797 72806 72809 72819 72825 72831 72837 72843 72847 72855 72860 72870
72880 72881 72890 72898 72900 72905 72910 72911 72912 72914 72915 72921 72927 72930 72935 72942 72949 72959
72963 72970 72973 72982 72989 72992 72999 73004 73006 73013 73022 73024 73027 73037 73041 73046 73048 73058
73064 73066 73068 73075 73083 73087 73092 73102 73105 73109 73118 73126 73129 73138 73141 73149 73152 73160
73165 73166 73176 73181 73187 73196 73206 73215 73220 73228 73230 73238 73244 73251 73260 73261 73269 73272
73282 73285 73290 73291 73300 73301 73311 73315 73316 73325 73327 73335 73338 73340 73350 73354 73362 73365
73370 73376 73383 73390 73394 73397 73405 73408 73415 73419 73428 73434 73442 73452 73462 73466 73475 73483
73491 73501 73510 73520 73521 73524 73533 73539 73548 73553 73560 73569 73570 73577 73585 73589 73591 73600
73605 73610 73620 73627 73634 73643 73647 73654 73659 73669 73679 73684 73688 73698 73706 73708 73714 73717
73726 73736 73743 73751 73754 73756 73757 73766 73768 73769 73772 73775 73781 73790 73793 73797 73805 73808
73814 73818 73820 73828 73832 73834 73841 73843 73849 73858 73863 73866 73874 73883 73892 73894 73900 73901
73911 73917 73920 73926
