-3543 -3534 -3526 -3521 -3513 -3506 -3501 -3494 -3486 -3483 -3481 -3475 -3467 -3458 -3449 -3445 -3440 -3436
-3432 -3424 -3416 -3410 -3400 -3397 -3388 -3386 -3385 -3381 -3375 -3367 -3358 -3349 -3344 -3340 -3332 -3324
-3322 -3318 -3312 -3310 -3302 -3301 -3293 -3290 -3282 -3278 -3272 -3262 -3261 -3253 -3247 -3239 -3229 -3222
-3220 -3214 -3206 -3200 -3198 -3192 -3182 -3175 -3174 -3170 -3161 -3154 -3153 -3143 -3141 -3138 -3129 -3126
-3117 -3108 -3107 -3102 -3099 -3096 -3086 -3078 -3075 -3065 -3056 -3046 -3037 -3033 -3023 -3016 -3008 -3000
-2990 -2988 -2979 -2972 -2970 -2964 -2962 -2952 -2944 -2939 -2930 -2921 -2917 -2909 -2903 -2901 -2900 -2894
-2890 -2888 -2880 -2871 -2870 -2868 -2859 -2849 -2843 -2840 -2838 -2833 -2830 -2825 -2816 -2809 -2806 -2798
-2795 -2787 -2777 -2775 -2770 -2765 -2763 -2759 -2758 -2748 -2738 -2732 -2722 -2721 -2712 -2705 -2704 -2696
-2694 -2686 -2682 -2673 -2664 -2656 -2646 -2645 -2643 -2634 -2624 -2615 -2612 -2610 -2609 -2603 -2593 -2590
-2586 -2577 -2573 -2563 -2557 -2549 -2548 -2539 -2536 -2531 -2525 -2517 -2513 -2503 -2502 -2500 -2492 -2491
-2482 -2475 -2469 -2461 -2457 -2449 -2448 -2439 -2435 -2428 -2421 -2414 -2409 -2401 -2391 -2389 -2387 -2385
-2376 -2373 -2369 -2362 -2352 -2347 -2344 -2343 -2341 -2333 -2331 -2326 -2320 -2311 -2302 -2300 -2295 -2287
-2284 -2278 -2272 -2271 -2267 -2262 -2257 -2249 -2239 -2236 -2231 -2221 -2215 -2213 -2212 -2202 -2194 -2188
-2184 -2174 -2169 -2165 -2157 -2147 -2143 -2134 -2127 -2117 -2108 -2106 -2100 -2098 -2093 -2088 -2080 -2070
-2069 -2063 -2062 -2060 -2051 -2046 -2039 -2035 -2029 -2020 -2019 -2017 -2008 -2003 -1993 -1988 -1986 -1978
-1969 -1968 -1965 -1955 -1951 -1948 -1942 -1941 -1939 -1933 -1932 -1930 -1928 -1922 -1913 -1905 -1898 -1892
-1888 -1878 -1869 -1863 -1856 -1847 -1846 -1836 -1832 -1825 -1822 -1813 -1807 -1802 -1793 -1786 -1776 -1770
-1767 -1762 -1757 -1749 -1744 -1742 -1739 -1736 -1728 -1720 -1715 -1711 -1706 -1703 -1694 -1684 -1675 -1665
-1655 -1650 -1649 -1643 -1638 -1630 -1627 -1621 -1616 -1611 -1605 -1600 -1594 -1591 -1584 -1581 -1577 -1572
-1569 -1564 -1563 -1556 -1548 -1547 -1542 -1532 -1522 -1518 -1514 -1506 -1500 -1495 -1486 -1479 -1471 -1464
-1457 -1450 -1442 -1433 -1431 -1427 -1423 -1422 -1419 -1416 -1408 -1398 -1393 -1388 -1385 -1381 -1376 -1372
-1364 -1358 -1357 -1349 -1341 -1338 -1337 -1334 -1330 -1326 -1321 -1314 -1304 -1301 -1298 -1290 -1286 -1285
-1281 -1279 -1271 -1265 -1263 -1259 -1253 -1249 -1246 -1238 -1233 -1230 -1222 -1215 -1206 -1200 -1192 -1186
-1179 -1172 -1171 -1168 -1165 -1155 -1148 -1141 -1136 -1134 -1131 -1126 -1125 -1118 -1109 -1100 -1093 -1090
-1083 -1080 -1070 -1066 -1061 -1055 -1046 -1037 -1028 -1020 -1017 -1010 -1000 -992 -985 -978 -971 -970
-966 -960 -953 -944 -939 -930 -928 -920 -911 -905 -897 -896 -887 -883 -876 -866 -860 -853
-851 -843 -833 -829 -821 -817 -809 -803 -801 -796 -789 -787 -781 -774 -765 -757 -749 -741
-732 -729 -728 -719 -717 -716 -708 -698 -690 -680 -677 -670 -668 -658 -654 -644 -639 -638
-628 -621 -614 -608 -607 -605 -597 -596 -588 -587 -586 -576 -575 -574 -568 -560 -552 -545
-540 -533 -528 -518 -514 -507 -500 -498 -496 -488 -486 -483 -475 -473 -467 -459 -451 -449
-444 -435 -434 -427 -426 -425 -423 -414 -408 -406 -400 -396 -391 -389 -384 -377 -371 -367
-363 -353 -347 -342 -333 -327 -326 -318 -313 -303 -299 -294 -288 -283 -280 -279 -276 -267
-261 -260 -256 -247 -246 -236 -235 -233 -225 -220 -210 -204 -195 -191 -184 -181 -172 -164
-158 -151 -146 -137 -135 -133 -132 -129 -128 -126 -122 -114 -105 -95 -87 -80 -78 -77
-76 -73 -68 -62 -56 -49 -45 -39 -30 -24 -23 -18 -12 -11 -6 -1 4 13
16 18 19 27 30 40 43 45 53 60 68 69 77 87 88 91 92 97
102 108 114 118 125 133 137 146 150 160 170 171 172 179 186 187 192 202
211 221 225 232 233 243 252 253 259 266 276 282 286 288 289 295 299 302
307 313 319 321 331 339 346 349 359 367 374 377 379 380 389 390 399 404
405 407 416 424 433 434 441 445 455 465 466 467 473 483 493 497 504 513
515 520 525 532 541 544 551 552 558 561 567 574 575 579 589 593 595 605
610 612 620 628 629 637 640 647 656 660 661 663 669 671 676 680 685 693
701 711 718 719 721 729 733 740 741 750 752 759 766 775 779 788 797 801
806 807 813 822 825 826 832 835 837 839 842 844 851 856 857 865 873 879
888 890 897 901 903 905 911 921 926 935 938 946 949 950 953 959 962 968
972 982 985 986 995 997 1004 1009 1018 1021 1026 1029 1037 1042 1043 1049 1055 1064
1074 1076 1084 1094 1098 1102 1110 1119 1126 1136 1143 1146 1156 1158 1163 1166 1175 1181
1184 1187 1195 1204 1209 1212 1219 1226 1231 1234 1244 1246 1247 1248 1249 1259 1269 1275
1278 1288 1292 1295 1296 1305 1310 1311 1315 1321 1323 1328 1330 1340 1347 1348 1356 1365
1367 1372 1374 1376 1382 1389 1396 1402 1412 1421 1422 1424 1429 1433 1440 1447 1454 1455
1465 1471 1481 1487 1489 1499 1505 1515 1521 1530 1535 1543 1548 1556 1560 1567 1576 1578
1583 1589 1596 1602 1604 1614 1622 1626 1627 1634 1644 1648 1649 1659 1668 1677 1681 1691
1700 1704 1711 1712 1717 1726 1731 1733 1735 1743 1752 1753 1755 1756 1760 1761 1770 1776
1779 1783 1789 1790 1797 1802 1806 1807 1814 1821 1829 1839 1845 1851 1852 1860 1865 1872
1880 1886 1896 1901 1910 1918 1920 1928 1933 1940 1948 1956 1958 1960 1965 1969 1976 1978
1979 1987 1995 1996 2005 2009 2013 2014 2018 2023 2033 2039 2042 2051 2056 2058 2064 2072
2082 2088 2091 2094 2101 2109 2114 2124 2126 2136 2143 2147 2156 2163 2170 2177 2184 2194
2196 2205 2213 2223 2227 2234 2241 2243 2252 2262 2263 2269 2278 2279 2284 2292 2299 2302
2311 2315 2319 2327 2332 2338 2340 2342 2346 2353 2363 2370 2378 2381 2391 2396 2398 2406
2409 2417 2426 2429 2435 2439 2444 2454 2460 2463 2470 2476 2478 2487 2491 2499 2508 2511
2521 2526 2536 2543 2546 2552 2558 2568 2570 2574 2579 2581 2584 2587 2590 2599 2600 2609
2613 2615 2618 2627 2635 2645 2652 2658 2664 2665 2673 2683 2691 2697 2705 2714 2719 2725
2730 2738 2740 2750 2751 2761 2767 2770 2773 2778 2785 2793 2800 2803 2810 2818 2826 2834
2835 2837 2840 2844 2850 2853 2854 2862 2872 2876 2881 2890 2895 2900 2907 2908 2918 2920
2921 2924 2927 2928 2937 2943 2944 2954 2963 2967 2973 2974 2981 2986 2993 2997 3000 3002
3006 3012 3019 3023 3026 3034 3036 3042 3050 3058 3067 3068 3070 3072 3073 3081 3085 3086
3096 3100 3105 3113 3120 3126 3129 3132 3136 3142 3144 3153 3156 3163 3168 3172 3178 3188
3190 3196 3198 3205 3215 3217 3222 3228 3229 3236 3238 3247 3255 3261 3265 3270 3276 3277
3282 3283 3287 3296 3302 3308 3317 3320 3326 3329 3332 3334 3344 3347 3350 3351 3356 3361
3364 3371 3377 3387 3392 3402 3406 3411 3418 3420 3422 3427 3437 3445 3446 3456 3465 3467
3469 3479 3483 3491 3499 3503 3505 3510 3518 3522 3528 3537 3543 3547 3557 3567 3576 3581
3583 3585 3587 3593 3598 3602 3604 3613 3622 3626 3632 3642 3643 3647 3655 3663 3672 3681
3684 3688 3693 3697 3700 3707 3713 3721 3723 3724 3728 3735 3743 3749 3751 3753 3762 3768
3775 3785 3788 3793 3803 3811 3812 3815 3820 3826 3831 3832 3835 3837 3841 3850 3852 3854
3856 3859 3864 3871 3876 3877 3887 3893 3903 3908 3914 3921 3922 3931 3932 3940 3950 3952
3960 3966 3969 3975 3982 3990 3996 4001 4011 4015 4021 4030 4040 4042 4047 4049 4054 4057
4059 4065 4067 4076 4086 4087 4096 4104 4107 4110 4116 4119 4124 4129 4139 4140 4150 4151
4160 4169 4172 4182 4189 4197 4206 4216 4221 4222 4232 4238 4239 4241 4248 4249 4252 4262
4263 4268 4275 4282 4292 4299 4305 4313 4322 4326 4335 4341 4346 4352 4359 4366 4372 4378
4386 4393 4396 4405 4412 4413 4419 4426 4435 4437 4442 4444 4445 4447 4454 4459 4461 4464
4470 4476 4479 4489 4498 4503 4511 4519 4527 4536 4540 4541 4545 4548 4551 4557 4566 4569
4572 4581 4589 4594 4601 4607 4610 4619 4629 4637 4643 4646 4654 4660 4666 4674 4678 4688
4693 4696 4704 4706 4716 4718 4725 4733 4735 4738 4745 4749 4758 4760 4761 4763 4770 4772
4778 4786 4789 4791 4794 4803 4808 4810 4820 4825 4828 4838 4843 4845 4851 4856 4864 4869
4879 4888 4890 4899 4904 4914 4922 4926 4931 4938 4945 4952 4958 4966 4974 4975 4983 4985
4995 4998 5007 5017 5020 5030 5039 5047 5052 5054 5055 5056 5061 5065 5075 5079 5084 5087
5096 5097 5098 5102 5103 5113 5122 5123 5132 5136 5144 5151 5155 5164 5169 5172 5175 5183
5184 5189 5193 5201 5211 5216 5218 5220 5229 5239 5246 5252 5262 5266 5268 5272 5280 5283
5285 5290 5294 5301 5309 5311 5313 5323 5327 5337 5343 5345 5348 5358 5362 5366 5373 5381
5391 5400 5402 5412 5418 5426 5431 5438 5446 5455 5459 5465 5468 5478 5485 5493 5502 5510
5512 5522 5528 5531 5536 5537 5541 5542 5546 5549 5551 5559 5560 5566 5576 5579 5582 5591
5597 5607 5608 5610 5611 5618 5621 5631 5640 5650 5660 5669 5675 5685 5691 5701 5706 5709
5715 5716 5720 5723 5727 5736 5740 5745 5746 5750 5752 5762 5772 5777 5783 5790 5792 5800
5801 5804 5813 5817 5819 5829 5832 5833 5840 5850 5856 5858 5865 5869 5870 5876 5884 5892
5896 5906 5912 5922 5927 5928 5938 5939 5943 5945 5953 5961 5971 5980 5981 5988 5996 6002
6006 6013 6019 6029 6039 6041 6046 6054 6062 6066 6070 6080 6086 6091 6094 6104 6110 6118
6123 6128 6135 6144 6149 6151 6157 6161 6165 6166 6168 6173 6175 6176 6184 6194 6198 6201
6205 6210 6214 6218 6223 6233 6239 6243 6249 6251 6252 6260 6269 6274 6281 6288 6289 6291
6297 6302 6307 6309 6314 6321 6331 6338 6347 6357 6359 6368 6375 6384 6390 6391 6398 6403
6408 6414 6420 6421 6426 6434 6439 6445 6451 6456 6462 6470 6472 6479 6484 6493 6495 6496
6503 6507 6512 6515 6520 6529 6539 6548 6553 6561 6563 6567 6569 6575 6581 6588 6589 6596
6599 6606 6607 6616 6617 6621 6631 6641 6648 6650 6653 6656 6665 6669 6670 6672 6678 6686
6696 6699 6704 6712 6721 6731 6737 6739 6743 6744 6750 6760 6763 6764 6774 6784 6786 6789
6793 6797 6802 6803 6807 6814 6823 6828 6834 6837 6841 6843 6844 6854 6858 6862 6869 6870
6872 6881 6885 6887 6894 6901 6906 6908 6913 6920 6921 6925 6934 6939 6940 6950 6953 6961
6965 6968 6970 6977 6981 6988 6990 6994 6996 6998 7002 7008 7015 7025 7029 7030 7031 7039
7040 7048 7055 7063 7071 7072 7073 7082 7092 7095 7101 7102 7107 7109 7114 7121 7129 7134
7137 7140 7141 7143 7148 7152 7157 7160 7167 7171 7176 7177 7180 7186 7190 7196 7203 7211
7221 7230 7234 7238 7242 7249 7250 7258 7261 7262 7265 7269 7278 7285 7294 7296 7306 7308
7309 7313 7314 7315 7324 7334 7342 7348 7356 7366 7369 7378 7386 7389 7394 7403 7409 7412
7414 7416 7426 7427 7432 7434 7439 7444 7454 7461 7468 7475 7485 7493 7496 7505 7506 7514
7518 7520 7528 7538 7547 7554 7558 7568 7572 7581 7587 7590 7594 7599 7607 7614 7615 7622
7625 7634 7643 7645 7651 7656 7661 7666 7676 7678 7687 7689 7695 7699 7703 7704 7712 7720
7726 7731 7739 7740 7745 7752 7758 7765 7775 7781 7782 7792 7798 7805 7809 7813 7821 7828
7834 7840 7843 7846 7856 7866 7867 7876 7886 7896 7898 7903 7904 7912 7918 7920 7922 7931
7939 7940 7946 7947 7951 7956 7958 7964 7967 7971 7974 7981 7987 7988 7990 7996 8000 8004
8013 8020 8021 8025 8033 8039 8041 8046 8047 8055 8062 8072 8075 8081 8086 8096 8102 8107
8109 8118 8119 8126 8129 8136 8137 8147 8150 8160 8161 8162 8164 8173 8177 8178 8186 8196
8198 8205 8209 8218 8228 8238 8243 8245 8248 8255 8263 8270 8278 8284 8291 8300 8306 8311
8318 8328 8336 8343 8347 8352 8362 8364 8373 8377 8380 8381 8387 8392 8395 8405 8410 8420
8427 8434 8435 8445 8451 8455 8459 8468 8478 8480 8490 8496 8502 8512 8519 8523 8525 8531
8534 8537 8546 8553 8563 8569 8574 8584 8591 8599 8607 8608 8617 8626 8627 8636 8637 8646
8650 8657 8658 8663 8667 8670 8677 8678 8680 8688 8691 8698 8702 8711 8721 8730 8734 8736
8744 8754 8756 8762 8766 8774 8775 8783 8791 8799 8802 8809 8813 8820 8827 8828 8835 8836
8844 8849 8855 8860 8861 8870 8878 8885 8886 8887 8891 8899 8907 8914 8923 8932 8941 8950
8959 8963 8970 8972 8977 8978 8985 8988 8990 8997 9004 9007 9010 9016 9024 9032 9037 9039
9043 9044 9046 9053 9060 9066 9073 9081 9083 9090 9097 9107 9108 9116 9121 9128 9135 9137
9147 9150 9157 9165 9166 9172 9177 9186 9188 9191 9197 9198 9199 9202 9209 9211 9212 9220
9225 9227 9232 9240 9246 9256 9262 9264 9274 9280 9287 9293 9302 9308 9311 9317 9324 9326
9330 9331 9333 9341 9350 9359 9363 9364 9369 9374 9382 9385 9389 9396 9402 9407 9416 9418
9425 9430 9431 9437 9445 9454 9462 9470 9479 9486 9489 9498 9503 9510 9519 9528 9531 9537
9540 9543 9546 9548 9553 9554 9562 9570 9579 9582 9592 9599 9608 9614 9616 9624 9634 9642
9644 9652 9662 9663 9667 9668 9671 9676 9679 9682 9689 9690 9692 9699 9700 9704 9714 9723
9732 9740 9750 9758 9762 9768 9776 9786 9792 9795 9799 9803 9812 9813 9822 9825 9826 9828
9833 9837 9838 9839 9846 9854 9862 9868 9874 9882 9886 9893 9903 9907 9916 9923 9933 9941
9947 9953 9962 9966 9968 9976 9985 9991 9992 10000 10002 10004 10007 10017 10020 10030 10031 10039
10040 10047 10051 10053 10054 10064 10073 10080 10083 10090 10093 10096 10105 10108 10115 10121 10126 10134
10141 10149 10150 10156 10162 10166 10170 10173 10175 10179 10184 10189 10194 10195 10202 10212 10220 10230
10236 10238 10245 10248 10249 10253 10255 10265 10269 10279 10281 10289 10298 10302 10304 10306 10310 10312
10319 10327 10328 10338 10342 10343 10348 10355 10358 10367 10375 10378 10386 10393 10403 10408 10412 10417
10422 10425 10430 10433 10438 10443 10450 10455 10463 10464 10465 10473 10483 10486 10491 10494 10501 10506
10511 10513 10514 10520 10526 10531 10540 10549 10557 10565 10570 10571 10575 10581 10589 10591 10595 10602
10607 10610 10616 10624 10626 10635 10638 10646 10651 10654 10659 10669 10678 10680 10690 10696 10706 10707
10708 10717 10726 10736 10738 10748 10756 10764 10769 10770 10777 10785 10788 10797 10798 10807 10811 10821
10830 10839 10843 10844 10848 10855 10862 10868 10874 10883 10887 10893 10896 10902 10910 10918 10924 10927
10936 10942 10949 10952 10960 10969 10978 10985 10992 11000 11007 11010 11017 11021 11031 11032 11036 11045
11047 11054 11061 11070 11075 11076 11081 11084 11092 11094 11103 11111 11117 11126 11130 11131 11136 11146
11148 11157 11165 11169 11173 11174 11181 11185 11194 11202 11212 11216 11222 11227 11233 11239 11246 11254
11262 11264 11265 11274 11282 11292 11293 11294 11300 11308 11309 11316 11321 11324 11325 11327 11337 11339
11343 11346 11350 11352 11361 11362 11364 11374 11380 11384 11390 11398 11400 11407 11414 11422 11431 11436
11444 11454 11460 11461 11468 11475 11477 11484 11489 11499 11504 11509 11511 11514 11520 11521 11526 11529
11539 11540 11544 11550 11558 11561 11567 11570 11571 11575 11577 11582 11587 11589 11595 11603 11609 11619
11627 11635 11638 11647 11651 11656 11662 11669 11672 11675 11683 11691 11700 11707 11712 11715 11721 11729
11730 11737 11740 11748 11753 11763 11770 11773 11780 11789 11792 11801 11811 11816 11823 11825 11830 11836
11841 11843 11848 11850 11857 11867 11868 11878 11884 11889 11892 11901 11909 11914 11919 11921 11927 11930
11936 11946 11948 11950 11954 11955 11957 11963 11972 11973 11983 11988 11993 12001 12003 12012 12020 12029
12031 12033 12040 12046 12051 12052 12061 12069 12079 12088 12090 12099 12105 12114 12123 12131 12136 12144
12148 12155 12162 12163 12165 12170 12171 12177 12184 12193 12201 12202 12205 12213 12218 12220 12230 12239
12240 12246 12250 12259 12267 12277 12284 12288 12289 12297 12305 12308 12316 12326 12333 12339 12344 12349
12358 12361 12369 12379 12384 12391 12400 12406 12411 12418 12428 12436 12441 12451 12457 12466 12469 12471
12481 12489 12495 12498 12499 12500 12501 12508 12517 12521 12531 12539 12546 12552 12562 12564 12569 12577
12584 12585 12587 12595 12600 12605 12614 12621 12629 12639 12642 12644 12651 12661 12663 12666 12668 12671
12677 12683 12684 12693 12696 12704 12709 12719 12728 12736 12745 12750 12754 12759 12765 12770 12772 12779
12782 12787 12797 12800 12809 12813 12821 12822 12824 12829 12833 12835 12842 12843 12845 12854 12862 12871
12878 12880 12889 12894 12903 12908 12910 12917 12918 12925 12927 12928 12937 12944 12949 12958 12962 12965
12970 12973 12983 12993 13003 13011 13017 13021 13022 13026 13035 13037 13043 13045 13047 13049 13055 13059
13063 13068 13077 13086 13096 13099 13104 13108 13116 13120 13122 13128 13134 13137 13141 13146 13148 13153
13160 13167 13177 13178 13179 13182 13185 13186 13191 13198 13202 13206 13216 13218 13221 13227 13231 13233
13243 13244 13252 13260 13270 13272 13276 13278 13286 13294 13302 13303 13309 13315 13321 13324 13330 13336
13345 13349 13359 13366 13372 13373 13376 13382 13390 13394 13403 13407 13410 13419 13427 13430 13435 13439
13446 13449 13456 13466 13469 13471 13475 13484 13494 13497 13501 13504 13513 13514 13520 13521 13529 13534
13536 13543 13547 13555 13563 13568 13578 13582 13590 13600 13601 13602 13607 13616 13623 13629 13636 13640
13648 13654 13661 13665 13674 13679 13684 13686 13694 13700 13706 13709 13719 13728 13737 13746 13754 13764
13766 13767 13775 13779 13783 13791 13794 13803 13805 13812 13816 13817 13818 13819 13820 13828 13833 13843
13844 13854 13857 13864 13865 13868 13877 13887 13888 13896 13901 13911 13920 13929 13930 13939 13940 13949
13959 13969 13973 13978 13986 13991 13997 13998 14008 14012 14019 14026 14030 14035 14039 14047 14053 14056
14057 14063 14073 14082 14092 14102 14112 14116 14120 14123 14129 14134 14143 14151 14154 14159 14164 14165
14175 14184 14185 14188 14192 14193 14199 14200 14204 14207 14213 14220 14229 14233 14236 14239 14242 14251
14258 14263 14264 14274 14282 14286 14289 14297 14299 14304 14307 14309 14312 14313 14319 14329 14332 14333
14340 14341 14342 14350 14357 14360 14368 14373 14375 14376 14383 14390 14400 14405 14409 14414 14419 14429
14436 14442 14452 14454 14458 14468 14477 14483 14484 14487 14490 14500 14504 14509 14518 14528 14537 14545
14548 14555 14562 14564 14571 14581 14585 14595 14603 14605 14615 14621 14628 14631 14635 14644 14647 14655
14662 14664 14665 14667 14668 14670 14675 14679 14681 14683 14686 14693 14699 14706 14708 14709 14716 14724
14727 14736 14742 14751 14758 14764 14768 14778 14780 14786 14792 14795 14801 14804 14809 14819 14826 14830
14837 14843 14851 14860 14861 14866 14869 14873 14880 14885 14886 14889 14899 14904 14912 14921 14927 14936
14941 14949 14954 14958 14961 14970 14971 14981 14989 14996 15000 15004 15006 15007 15014 15019 15020 15024
15025 15029 15036 15044 15045 15055 15064 15072 15082 15092 15101 15102 15107 15117 15122 15124 15133 15141
15148 15153 15159 15164 15170 15179 15181 15186 15196 15201 15204 15205 15213 15219 15229 15233 15235 15237
15247 15254 15257 15264 15271 15276 15279 15289 15290 15292 15297 15299 15305 15306 15315 15317 15321 15323
15327 15330 15333 15342 15347 15354 15357 15363 15367 15369 15374 15375 15384 15391 15399 15405 15410 15419
15424 15434 15437 15444 15453 15459 15463 15468 15472 15476 15482 15487 15492 15493 15497 15503 15513 15517
15526 15533 15540 15548 15555 15558 15559 15562 15564 15572 15574 15579 15582 15591 15597 15598 15599 15603
15611 15614 15622 15626 15631 15632 15642 15648 15655 15661 15667 15675 15679 15681 15682 15687 15692 15693
15694 15695 15704 15712 15719 15721 15726 15736 15742 15745 15753 15763 15764 15766 15770 15773 15778 15782
15791 15795 15800 15810 15819 15828 15837 15841 15842 15843 15845 15850 15855 15859 15860 15861 15870 15874
15879 15881 15889 15898 15903 15912 15915 15924 15925 15927 15933 15938 15944 15950 15952 15954 15964 15970
15976 15986 15988 15991 15999 16004 16012 16018 16028 16031 16040 16044 16053 16058 16062 16068 16076 16078
16080 16088 16097 16099 16109 16116 16124 16127 16132 16138 16144 16154 16163 16170 16177 16182 16191 16199
16207 16215 16222 16224 16231 16237 16242 16245 16249 16255 16261 16270 16271 16280 16287 16291 16299 16301
16308 16310 16311 16314 16315 16323 16328 16336 16342 16344 16349 16357 16365 16369 16372 16379 16384 16393
16394 16401 16404 16409 16418 16427 16434 16436 16437 16443 16453 16455 16463 16471 16476 16484 16490 16497
16507 16508 16514 16523 16531 16534 16540 16543 16548 16555 16557 16565 16566 16576 16582 16588 16594 16597
16599 16600 16602 16610 16611 16617 16622 16625 16627 16633 16635 16639 16648 16653 16657 16664 16666 16669
16674 16677 16683 16684 16687 16693 16694 16696 16701 16702 16708 16715 16720 16724 16730 16731 16741 16747
16757 16760 16761 16763 16770 16777 16778 16781 16788 16791 16795 16796 16800 16804 16810 16812 16814 16822
16826 16831 16838 16844 16847 16854 16860 16868 16872 16880 16884 16891 16895 16902 16908 16917 16918 16924
16926 16929 16931 16933 16943 16950 16954 16956 16962 16968 16975 16980 16989 16995 16997 17003 17012 17016
17018 17025 17032 17037 17044 17052 17056 17059 17068 17072 17076 17084 17091 17092 17097 17101 17106 17107
17110 17115 17125 17128 17136 17145 17155 17165 17166 17175 17181 17185 17188 17198 17203 17208 17218 17221
17229 17235 17242 17251 17255 17256 17263 17269 17272 17282 17288 17297 17302 17305 17308 17310 17313 17318
17319 17320 17322 17331 17336 17337 17338 17342 17344 17353 17363 17367 17368 17378 17388 17397 17401 17404
17412 17421 17426 17427 17428 17435 17443 17453 17455 17464 17469 17471 17480 17486 17496 17506 17511 17517
17521 17527 17536 17545 17550 17558 17565 17573 17581 17582 17590 17597 17606 17612 17616 17624 17633 17642
17648 17653 17655 17659 17669 17679 17684 17687 17691 17698 17702 17711 17718 17720 17730 17740 17748 17758
17762 17765 17770 17780 17783 17784 17792 17801 17804 17812 17817 17825 17829 17834 17844 17850 17851 17854
17862 17865 17872 17873 17874 17876 17883 17885 17894 17897 17902 17908 17911 17912 17915 17922 17930 17940
17946 17954 17958 17960 17967 17975 17978 17984 17986 17994 18001 18010 18013 18019 18023 18032 18041 18043
18047 18057 18062 18064 18067 18070 18076 18078 18086 18092 18101 18111 18113 18122 18131 18137 18139 18141
18146 18154 18164 18165 18175 18177 18187 18192 18202 18209 18219 18224 18231 18241 18243 18250 18254 18262
18271 18278 18279 18287 18288 18291 18294 18300 18301 18307 18313 18323 18330 18334 18335 18342 18345 18346
18350 18352 18358 18362 18364 18370 18377 18384 18385 18388 18397 18403 18413 18417 18423 18424 18426 18435
18445 18454 18460 18467 18471 18481 18484 18491 18498 18500 18508 18509 18510 18518 18523 18529 18538 18548
18553 18556 18557 18565 18575 18577 18578 18582 18589 18591 18600 18604 18605 18607 18611 18615 18620 18621
18625 18635 18637 18640 18646 18647 18654 18659 18664 18665 18669 18679 18684 18686 18687 18689 18694 18701
18710 18719 18724 18725 18732 18736 18742 18743 18752 18762 18770 18774 18780 18786 18789 18796 18798 18799
18800 18801 18804 18809 18814 18816 18825 18831 18838 18846 18854 18855 18862 18867 18872 18875 18882 18892
18898 18908 18913 18916 18926 18930 18931 18932 18933 18943 18948 18952 18954 18961 18971 18976 18980 18988
18995 18997 19006 19011 19016 19025 19033 19035 19044 19049 19055 19065 19071 19080 19086 19093 19097 19104
19107 19109 19119 19125 19130 19134 19144 19145 19154 19163 19173 19175 19178 19184 19189 19194 19198 19207
19208 19210 19217 19223 19229 19237 19242 19251 19261 19264 19270 19279 19286 19291 19298 19304 19314 19319
19322 19324 19327 19330 19333 19338 19347 19351 19352 19354 19359 19362 19363 19366 19371 19381 19385 19390
19396 19405 19411 19415 19418 19428 19431 19433 19439 19443 19450 19459 19463 19470 19477 19482 19486 19489
19499 19506 19511 19519 19525 19531 19536 19539 19542 19546 19556 19558 19564 19569 19572 19573 19582 19588
19594 19601 19605 19613 19620 19630 19639 19642 19643 19651 19659 19661 19670 19674 19681 19688 19693 19695
19700 19704 19711 19719 19721 19727 19732 19735 19737 19739 19741 19750 19752 19755 19762 19763 19764 19769
19771 19774 19783 19788 19792 19797 19798 19808 19811 19816 19825 19832 19839 19844 19848 19850 19852 19858
19859 19863 19871 19873 19877 19879 19882 19889 19891 19899 19903 19910 19914 19919 19924 19926 19929 19935
19940 19943 19945 19947 19954 19961 19968 19976 19978 19987 19991 19999 20002 20011 20018 20021 20028 20036
20042 20051 20061 20065 20068 20073 20081 20085 20089 20091 20093 20101 20102 20103 20113 20118 20124 20128
20135 20144 20149 20157 20167 20168 20174 20176 20184 20194 20198 20208 20216 20217 20222 20231 20241 20248
20251 20252 20257 20263 20271 20275 20281 20289 20294 20297 20303 20305 20309 20315 20322 20330 20331 20333
20340 20346 20354 20356 20363 20364 20373 20379 20389 20395 20397 20403 20405 20414 20419 20429 20436 20438
20447 20450 20460 20461 20462 20464 20466 20467 20469 20479 20483 20486 20487 20496 20502 20505 20509 20514
20517 20524 20525 20534 20536 20546 20555 20562 20566 20571 20577 20579 20584 20594 20603 20613 20619 20622
20625 20628 20629 20638 20647 20650 20652 20654 20655 20657 20664 20673 20674 20675 20683 20684 20694 20696
20700 20710 20711 20715 20717 20727 20735 20740 20747 20756 20757 20760 20762 20770 20777 20779 20786 20794
20804 20805 20812 20816 20819 20827 20834 20837 20843 20849 20857 20863 20868 20875 20879 20880 20887 20892
20899 20902 20910 20913 20915 20924 20932 20938 20939 20944 20946 20948 20958 20963 20970 20980 20987 20989
20990 20991 21001 21007 21011 21021 21025 21028 21035 21039 21043 21049 21056 21066 21071 21081 21086 21093
21099 21100 21108 21117 21120 21122 21123 21130 21132 21142 21150 21152 21155 21156 21159 21167 21173 21179
21187 21196 21198 21206 21208 21211 21221 21229 21237 21244 21252 21258 21263 21267 21274 21280 21285 21293
21301 21307 21312 21316 21319 21322 21326 21333 21339 21349 21358 21362 21368 21370 21374 21377 21381 21383
21391 21399 21402 21409 21414 21424 21426 21431 21439 21445 21453 21461 21463 21472 21474 21480 21482 21486
21495 21500 21508 21515 21517 21524 21526 21529 21531 21532 21536 21542 21547 21556 21562 21565 21571 21577
21585 21588 21596 21601 21606 21612 21621 21627 21631 21639 21641 21647 21649 21652 21660 21665 21672 21679
21688 21693 21698 21708 21716 21726 21727 21737 21738 21744 21747 21753 21760 21765 21775 21776 21782 21785
21786 21794 21795 21799 21800 21808 21815 21817 21825 21827 21830 21837 21846 21849 21852 21862 21863 21870
21874 21880 21890 21892 21899 21902 21912 21917 21927 21931 21937 21945 21953 21957 21962 21970 21972 21973
21980 21987 21990 21999 22004 22013 22014 22019 22025 22027 22032 22037 22043 22049 22050 22060 22061 22067
22076 22077 22086 22093 22097 22103 22105 22108 22118 22126 22128 22132 22142 22149 22153 22159 22167 22174
22175 22185 22187 22197 22199 22204 22212 22218 22224 22229 22235 22244 22247 22256 22257 22266 22276 22282
22285 22291 22292 22300 22310 22313 22323 22325 22333 22340 22342 22343 22347 22348 22357 22367 22375 22379
22384 22392 22397 22407 22415 22425 22426 22428 22431 22435 22443 22449 22452 22455 22462 22466 22473 22475
22478 22480 22489 22497 22499 22503 22505 22512 22516 22518 22528 22531 22541 22551 22556 22563 22564 22568
22569 22579 22587 22594 22602 22611 22613 22616 22626 22629 22638 22646 22653 22660 22662 22671 22675 22684
22690 22699 22706 22707 22708 22714 22716 22723 22725 22730 22734 22738 22739 22740 22749 22754 22755 22764
22768 22770 22772 22778 22785 22787 22790 22791 22799 22801 22809 22812 22814 22815 22816 22817 22818 22821
22824 22825 22829 22839 22845 22855 22865 22870 22880 22886 22891 22897 22904 22914 22923 22933 22937 22947
22951 22957 22965 22974 22978 22985 22992 22995 23005 23014 23017 23019 23027 23035 23037 23044 23053 23057
23064 23066 23075 23082 23089 23092 23100 23110 23117 23127 23131 23135 23141 23143 23150 23154 23158 23159
23167 23170 23177 23185 23195 23205 23213 23222 23228 23232 23238 23242 23243 23245 23250 23256 23260 23265
23270 23273 23274 23283 23290 23296 23298 23308 23311 23316 23320 23329 23338 23340 23350 23360 23363 23370
23378 23388 23395 23403 23405 23414 23419 23420 23421 23427 23435 23438 23448 23451 23455 23463 23465 23468
23471 23476 23486 23493 23502 23508 23510 23519 23529 23538 23539 23546 23555 23556 23558 23561 23571 23577
23587 23589 23599 23600 23606 23607 23614 23619 23621 23631 23633 23641 23646 23650 23659 23664 23668 23675
23681 23683 23693 23694 23703 23708 23712 23716 23723 23726 23736 23744 23754 23757 23761 23768 23770 23780
23782 23787 23795 23802 23812 23822 23826 23828 23829 23837 23839 23846 23856 23866 23873 23883 23892 23901
23903 23910 23913 23922 23930 23934 23940 23946 23949 23957 23964 23968 23971 23972 23975 23980 23984 23986
23993 24000 24008 24009 24018 24020 24030 24039 24046 24056 24062 24069 24076 24085 24089 24093 24094 24098
24100 24108 24115 24120 24125 24135 24139 24148 24151 24157 24167 24170 24173 24174 24183 24190 24198 24206
24216 24217 24222 24226 24236 24239 24248 24254 24262 24271 24280 24281 24286 24295 24301 24309 24311 24313
24318 24327 24330 24334 24339 24348 24352 24353 24358 24365 24371 24381 24384 24388 24390 24399 24405 24409
24413 24418 24425 24428 24437 24438 24443 24449 24452 24453 24457 24465 24475 24476 24483 24489 24495 24499
24502 24510 24512 24522 24525 24526 24532 24535 24544 24549 24557 24562 24563 24571 24575 24580 24590 24597
24604 24607 24612 24614 24618 24627 24629 24633 24642 24646 24654 24657 24665 24668 24673 24681 24690 24696
24703 24705 24709 24715 24721 24730 24739 24748 24751 24752 24754 24757 24764 24769 24774 24776 24782 24787
24790 24795 24804 24808 24811 24820 24828 24829 24830 24832 24840 24841 24848 24850 24857 24864 24870 24872
24879 24887 24888 24897 24903 24904 24906 24916 24926 24932 24937 24947 24953 24960 24968 24970 24971 24981
24986 24990 24993 25003 25008 25013 25015 25017 25025 25035 25041 25046 25050 25056 25063 25072 25076 25085
25089 25091 25092 25093 25094 25103 25111 25115 25124 25125 25128 25134 25138 25141 25145 25150 25152 25157
25167 25172 25176 25179 25188 25197 25204 25208 25215 25219 25227 25235 25244 25250 25254 25263 25273 25279
25284 25287 25296 25305 25310 25318 25323 25326 25327 25328 25329 25333 25334 25339 25348 25354 25358 25359
25368 25375 25383 25390 25392 25394 25398 25401 25404 25412 25420 25426 25433 25440 25442 25451 25457 25466
25476 25484 25493 25494 25497 25498 25507 25512 25516 25523 25526 25536 25546 25551 25559 25567 25574 25575
25582 25588 25589 25597 25605 25611 25614 25622 25631 25639 25644 25654 25664 25674 25677 25685 25693 25701
25705 25707 25711 25720 25724 25730 25740 25747 25748 25754 25755 25763 25767 25776 25779 25781 25782 25788
25789 25793 25802 25812 25817 25826 25830 25838 25839 25847 25854 25864 25873 25877 25879 25885 25891 25895
25898 25906 25914 25922 25929 25936 25945 25954 25955 25961 25964 25971 25980 25981 25990 25993 25997 26002
26005 26008 26013 26017 26018 26023 26031 26033 26035 26041 26044 26049 26053 26057 26058 26060 26069 26072
26082 26085 26091 26093 26096 26106 26109 26115 26125 26131 26132 26141 26150 26160 26167 26176 26181 26185
26188 26194 26202 26209 26218 26222 26231 26239 26246 26253 26262 26266 26276 26281 26288 26289 26290 26293
26298 26304 26307 26310 26312 26321 26326 26334 26340 26342 26346 26349 26355 26365 26372 26381 26391 26395
26402 26407 26410 26412 26421 26426 26431 26436 26441 26444 26447 26456 26458 26459 26468 26478 26482 26489
26496 26501 26504 26514 26515 26521 26527 26537 26547 26556 26563 26567 26569 26575 26578 26584 26590 26595
26598 26608 26618 26625 26631 26636 26641 26651 26659 26661 26662 26669 26672 26674 26678 26679 26687 26690
26699 26700 26707 26715 26725 26731 26732 26740 26744 26750 26759 26764 26770 26771 26781 26783 26791 26798
26804 26813 26818 26824 26834 26841 26844 26853 26858 26860 26869 26875 26884 26894 26901 26908 26917 26920
26924 26933 26943 26948 26953 26963 26973 26979 26982 26991 26999 27009 27014 27020 27022 27027 27032 27035
27045 27055 27059 27068 27071 27074 27082 27089 27090 27099 27100 27109 27114 27123 27133 27136 27143 27150
27154 27158 27159 27164 27169 27172 27175 27181 27187 27197 27207 27210 27219 27229 27238 27239 27246 27254
27263 27266 27272 27273 27277 27278 27287 27297 27304 27311 27320 27328 27334 27344 27350 27355 27359 27369
27370 27376 27386 27395 27396 27404 27411 27419 27422 27432 27434 27438 27446 27453 27460 27463 27466 27469
27478 27486 27491 27492 27502 27511 27512 27513 27519 27528 27534 27535 27543 27549 27551 27552 27562 27569
27574 27580 27581 27590 27598 27599 27606 27610 27611 27616 27626 27635 27641 27650 27654 27663 27664 27665
27670 27680 27685 27687 27697 27699 27700 27709 27710 27717 27727 27736 27740 27745 27753 27760 27765 27773
27783 27788 27792 27797 27805 27807 27814 27822 27825 27827 27829 27831 27839 27844 27849 27855 27858 27862
27864 27873 27881 27891 27893 27896 27899 27900 27909 27910 27912 27919 27923 27931 27938 27943 27950 27956
27966 27969 27971 27972 27982 27987 27993 27995 27996 28000 28008 28016 28019 28023 28024 28029 28039 28048
28058 28059 28062 28071 28080 28084 28088 28095 28101 28110 28119 28124 28134 28142 28147 28153 28157 28165
28175 28184 28186 28189 28193 28194 28196 28198 28206 28212 28213 28217 28219 28224 28233 28240 28249 28257
28265 28267 28271 28273 28275 28276 28277 28281 28287 28296 28299 28307 28311 28320 28327 28334 28337 28343
28350 28351 28352 28354 28364 28365 28366 28376 28378 28380 28386 28387 28394 28402 28409 28417 28423 28426
28431 28439 28446 28449 28451 28454 28463 28466 28468 28478 28481 28487 28492 28495 28503 28505 28512 28521
28522 28525 28529 28538 28542 28543 28553 28560 28565 28572 28577 28585 28590 28599 28600 28602 28605 28608
28613 28617 28627 28632 28639 28644 28651 28652 28653 28656 28662 28667 28677 28685 28695 28700 28708 28715
28719 28729 28732 28742 28748 28758 28768 28775 28782 28792 28801 28808 28818 28819 28829 28837 28845 28851
28855 28864 28873 28874 28876 28886 28896 28905 28914 28919 28921 28924 28930 28937 28946 28956 28957 28959
28962 28963 28968 28977 28979 28984 28986 28988 28993 28997 28998 29000 29009 29018 29027 29030 29039 29042
29046 29047 29051 29060 29061 29068 29077 29079 29080 29082 29083 29084 29086 29093 29103 29113 29114 29118
29127 29137 29141 29146 29150 29159 29167 29170 29180 29184 29185 29192 29198 29203 29209 29212 29214 29222
29229 29233 29240 29247 29254 29256 29262 29268 29271 29279 29284 29287 29295 29297 29299 29303 29307 29308
29311 29313 29320 29323 29326 29331 29332 29334 29336 29346 29355 29356 29358 29366 29375 29381 29385 29392
29400 29406 29411 29417 29419 29426 29434 29441 29448 29451 29457 29458 29466 29475 29480 29486 29493 29500
29508 29511 29518 29528 29536 29541 29550 29556 29562 29566 29574 29577 29583 29590 29595 29597 29604 29608
29611 29621 29630 29640 29641 29645 29654 29660 29667 29672 29682 29689 29690 29691 29694 29702 29705 29710
29716 29725 29726 29736 29737 29739 29749 29752 29758 29762 29765 29767 29777 29780 29787 29794 29796 29801
29807 29811 29816 29818 29826 29835 29837 29844 29854 29861 29868 29873 29875 29880 29886 29887 29893 29899
29905 29912 29922 29930 29931 29934 29943 29953 29961 29970 29973 29983 29984 29986 29995 30000 30001 30006
30013 30017 30018 30027 30031 30036 30039 30040 30045 30051 30052 30057 30063 30071 30076 30083 30092 30096
30099 30107 30113 30123 30131 30136 30143 30149 30153 30161 30164 30172 30177 30181 30182 30191 30199 30209
30218 30227 30237 30240 30241 30242 30245 30255 30263 30265 30271 30278 30279 30282 30290 30300 30306 30316
30320 30330 30335 30337 30338 30340 30342 30351 30361 30362 30371 30381 30389 30393 30397 30405 30414 30416
30422 30426 30431 30439 30445 30451 30457 30463 30466 30469 30479 30483 30490 30494 30496 30501 30511 30515
30517 30526 30530 30534 30544 30549 30552 30556 30559 30566 30572 30582 30583 30591 30595 30597 30606 30610
30617 30625 30628 30631 30638 30643 30647 30656 30664 30673 30675 30680 30685 30688 30696 30702 30710 30719
30728 30736 30743 30748 30753 30763 30772 30780 30789 30793 30802 30812 30821 30831 30841 30851 30856 30865
30871 30874 30883 30889 30899 30908 30915 30918 30923 30926 30934 30943 30950 30954 30960 30965 30975 30980
30988 30997 31001 31010 31014 31017 31024 31034 31042 31051 31056 31060 31069 31079 31082 31083 31090 31094
31101 31111 31115 31121 31128 31130 31138 31139 31149 31158 31167 31174 31177 31179 31186 31195 31197 31204
31213 31219 31227 31229 31239 31241 31242 31244 31251 31254 31256 31261 31269 31279 31281 31285 31288 31297
31302 31310 31314 31318 31325 31334 31340 31345 31354 31364 31369 31374 31376 31378 31384 31391 31401 31403
31404 31412 31422 31424 31428 31433 31441 31446 31454 31458 31466 31475 31485 31494 31497 31506 31507 31516
31525 31527 31533 31541 31546 31547 31553 31559 31563 31571 31580 31586 31595 31597 31599 31607 31612 31621
31631 31640 31650 31657 31659 31668 31673 31674 31679 31683 31689 31694 31703 31705 31710 31717 31718 31720
31721 31722 31730 31739 31745 31746 31753 31754 31757 31762 31763 31771 31780 31783 31790 31800 31808 31811
31820 31823 31829 31839 31842 31845 31852 31853 31857 31865 31868 31877 31886 31892 31897 31904 31905 31906
31915 31925 31935 31941 31950 31960 31970 31975 31981 31985 31987 31988 31991 31999 32005 32015 32017 32022
32027 32030 32039 32040 32043 32053 32063 32071 32078 32084 32090 32097 32099 32100 32106 32108 32114 32124
32128 32133 32141 32148 32155 32157 32162 32165 32168 32170 32172 32175 32176 32186 32195 32202 32206 32214
32220 32224 32228 32232 32233 32234 32243 32253 32262 32263 32265 32272 32274 32279 32288 32293 32300 32310
32313 32314 32324 32333 32342 32345 32349 32354 32356 32360 32365 32367 32369 32370 32371 32380 32383 32391
32399 32404 32410 32417 32423 32433 32438 32444 32445 32455 32457 32467 32473 32478 32484 32491 32495 32505
32515 32522 32525 32533 32540 32549 32550 32551 32558 32568 32573 32582 32586 32587 32595 32600 32608 32610
32618 32625 32633 32640 32641 32644 32652 32662 32671 32680 32687 32691 32699 32701 32703 32707 32709 32711
32714 32720 32721 32728 32737 32740 32748 32751 32752 32753 32758 32760 32764 32765 32770 32779 32782 32790
32793 32795 32802 32803 32807 32811 32814 32817 32823 32829 32839 32843 32851 32857 32866 32875 32885 32887
32895 32897 32906 32909 32911 32912 32922 32924 32926 32932 32942 32947 32948 32951 32955 32957 32964 32965
32973 32981 32987 32997 33007 33016 33025 33032 33037 33039 33042 33052 33053 33060 33062 33065 33075 33079
33080 33081 33084 33088 33089 33096 33101 33109 33116 33120 33129 33139 33147 33150 33159 33165 33168 33175
33183 33189 33196 33203 33210 33213 33223 33231 33235 33245 33250 33259 33266 33273 33280 33289 33298 33308
33318 33323 33325 33332 33337 33341 33347 33357 33360 33363 33365 33370 33374 33382 33390 33394 33396 33399
33409 33410 33416 33417 33420 33423 33432 33438 33441 33446 33451 33458 33466 33475 33476 33482 33484 33493
33497 33500 33510 33514 33518 33522 33529 33536 33542 33549 33556 33564 33566 33571 33578 33588 33590 33596
33601 33604 33609 33613 33619 33626 33634 33641 33643 33648 33656 33664 33667 33672 33678 33682 33689 33696
33697 33700 33702 33709 33715 33721 33731 33732 33741 33745 33752 33755 33762 33768 33774 33781 33785 33788
33790 33796 33800 33803 33811 33820 33822 33831 33833 33836 33844 33846 33851 33852 33857 33859 33865 33869
33879 33886 33887 33891 33900 33903 33907 33916 33925 33928 33932 33933 33942 33943 33949 33958 33963 33972
33978 33984 33994 34003 34004 34010 34019 34022 34023 34028 34035 34044 34049 34058 34065 34071 34075 34077
34085 34093 34099 34107 34112 34115 34121 34122 34128 34132 34135 34141 34143 34146 34148 34153 34162 34164
34170 34171 34172 34173 34174 34182 34189 34195 34198 34203 34204 34212 34215 34218 34220 34223 34232 34242
34248 34258 34268 34278 34283 34287 34291 34293 34297 34303 34310 34317 34319 34327 34333 34334 34343 34353
34358 34359 34361 34368 34373 34381 34386 34393 34402 34412 34413 34418 34426 34428 34430 34432 34435 34439
34448 34457 34467 34471 34478 34482 34491 34493 34496 34503 34506 34507 34513 34521 34531 34534 34535 34536
34539 34547 34555 34557 34566 34574 34579 34587 34592 34594 34598 34603 34608 34612 34613 34618 34624 34629
34635 34638 34648 34655 34661 34662 34669 34671 34679 34688 34694 34701 34707 34708 34713 34715 34717 34725
34734 34742 34746 34753 34757 34764 34773 34778 34780 34790 34791 34795 34800 34802 34806 34809 34814 34824
34828 34831 34836 34843 34847 34850 34851 34853 34862 34867 34873 34877 34885 34894 34897 34906 34914 34920
34924 34934 34941 34950 34957 34961 34969 34972 34978 34984 34985 34995 34997 35007 35017 35024 35034 35040
35043 35044 35046 35050 35059 35067 35068 35073 35078 35083 35088 35091 35095 35097 35099 35103 35108 35111
35115 35123 35128 35134 35140 35144 35146 35156 35158 35159 35165 35175 35182 35192 35201 35204 35205 35211
35216 35222 35228 35230 35239 35246 35249 35254 35259 35268 35278 35288 35290 35293 35302 35308 35309 35316
35321 35323 35329 35332 35339 35345 35348 35349 35358 35362 35368 35373 35380 35389 35391 35394 35401 35407
35414 35416 35426 35429 35433 35442 35446 35456 35458 35461 35466 35467 35469 35479 35482 35485 35490 35498
35505 35509 35519 35526 35529 35538 35547 35556 35566 35574 35575 35578 35580 35582 35592 35600 35607 35615
35616 35624 35627 35628 35633 35636 35646 35650 35660 35663 35671 35679 35681 35686 35689 35692 35695 35696
35706 35716 35721 35724 35734 35740 35744 35752 35759 35768 35776 35780 35786 35788 35792 35796 35805 35812
35814 35817 35823 35829 35831 35836 35845 35847 35849 35856 35857 35863 35872 35877 35878 35884 35887 35894
35902 35910 35919 35924 35932 35934 35941 35943 35950 35958 35966 35970 35980 35989 35995 35998 36000 36001
36006 36009 36018 36024 36029 36037 36043 36046 36049 36051 36060 36068 36071 36078 36084 36093 36096 36098
36105 36108 36116 36122 36127 36134 36138 36146 36152 36155 36161 36168 36178 36180 36188 36191 36195 36200
36205 36210 36218 36225 36228 36238 36248 36251 36256 36262 36264 36268 36277 36281 36288 36289 36299 36303
36313 36319 36327 36334 36342 36346 36350 36360 36361 36363 36368 36374 36382 36386 36393 36395 36398 36406
36415 36419 36421 36423 36428 36436 36437 36441 36442 36450 36459 36464 36470 36480 36490 36496 36501 36507
36516 36525 36527 36535 36543 36547 36548 36554 36563 36573 36579 36585 36595 36604 36606 36610 36611 36620
36624 36630 36636 36639 36647 36651 36661 36667 36672 36676 36686 36691 36695 36702 36707 36716 36724 36730
36732 36741 36747 36756 36759 36765 36770 36777 36784 36785 36788 36789 36799 36802 36808 36813 36818 36826
36833 36835 36837 36846 36849 36859 36861 36867 36876 36884 36886 36887 36889 36898 36907 36914 36915 36920
36925 36931 36939 36945 36947 36956 36959 36964 36971 36978 36985 36990 36992 36996 37002 37010 37019 37020
37028 37033 37036 37046 37049 37056 37066 37073 37077 37086 37090 37097 37106 37108 37110 37111 37120 37121
37127 37137 37138 37141 37149 37157 37165 37167 37170 37172 37176 37184 37188 37189 37190 37193 37198 37206
37209 37213 37215 37219 37229 37237 37245 37254 37264 37274 37276 37278 37288 37289 37296 37304 37309 37316
37321 37328 37337 37346 37354 37363 37369 37376 37380 37390 37391 37398 37402 37408 37409 37417 37425 37434
37444 37447 37454 37462 37465 37471 37472 37482 37491 37499 37504 37510 37517 37521 37531 37538 37547 37554
37564 37570 37578 37580 37584 37588 37596 37598 37599 37607 37609 37610 37614 37619 37621 37623 37626 37630
37638 37646 37656 37660 37664 37670 37671 37675 37685 37689 37691 37700 37701 37703 37707 37709 37710 37717
37727 37733 37740 37743 37749 37753 37762 37770 37779 37786 37795 37805 37806 37814 37818 37821 37824 37833
37834 37843 37846 37853 37858 37864 37874 37881 37882 37887 37891 37892 37893 37902 37906 37912 37917 37918
37919 37923 37925 37930 37940 37946 37948 37949 37954 37963 37971 37973 37975 37985 37987 37992 37996 38003
38011 38021 38026 38030 38038 38046 38052 38060 38061 38067 38075 38081 38089 38093 38096 38097 38100 38109
38116 38119 38123 38131 38140 38141 38143 38144 38146 38151 38158 38161 38163 38172 38180 38190 38193 38200
38201 38206 38208 38212 38216 38222 38224 38233 38236 38239 38246 38251 38258 38266 38274 38275 38284 38293
38301 38304 38305 38315 38320 38327 38335 38341 38342 38348 38354 38364 38372 38379 38388 38396 38405 38409
38419 38420 38427 38437 38438 38439 38442 38443 38444 38447 38452 38461 38468 38470 38477 38484 38492 38494
38502 38506 38511 38515 38517 38521 38523 38531 38538 38543 38545 38552 38562 38569 38573 38579 38589 38598
38608 38614 38617 38626 38632 38638 38642 38649 38656 38663 38666 38674 38681 38691 38694 38698 38706 38710
38715 38725 38726 38735 38737 38739 38745 38753 38756 38764 38765 38766 38770 38777 38779 38786 38793 38798
38800 38810 38815 38825 38829 38833 38835 38839 38848 38856 38864 38872 38876 38880 38883 38893 38895 38897
38902 38911 38921 38924 38928 38938 38939 38944 38946 38956 38964 38972 38973 38976 38986 38995 39005 39014
39019 39027 39033 39037 39044 39049 39055 39064 39072 39078 39080 39081 39086 39095 39102 39108 39109 39110
39119 39126 39132 39134 39142 39147 39154 39159 39163 39172 39177 39187 39196 39201 39207 39210 39217 39222
39225 39234 39237 39244 39246 39256 39266 39271 39281 39286 39288 39298 39306 39312 39317 39321 39331 39338
39340 39342 39350 39360 39361 39369 39378 39381 39385 39394 39398 39402 39409 39413 39416 39422 39426 39436
39443 39445 39455 39460 39462 39470 39475 39482 39491 39492 39498 39507 39514 39518 39522 39524 39534 39537
39543 39552 39559 39565 39568 39576 39586 39596 39603 39613 39619 39621 39630 39639 39649 39657 39667 39671
39673 39681 39691 39695 39705 39710 39714 39719 39722 39731 39740 39750 39759 39762 39771 39778 39783 39792
39800 39803 39805 39812 39813 39819 39826 39831 39839 39843 39850 39855 39865 39868 39871 39872 39879 39886
39887 39897 39899 39901 39909 39911 39919 39920 39923 39931 39939 39943 39947 39953 39958 39967 39972 39973
39982 39991 39996 39999 40003 40011 40016 40025 40030 40033 40037 40040 40045 40054 40058 40060 40069 40078
40084 40087 40088 40096 40097 40098 40104 40109 40116 40117 40118 40124 40129 40130 40139 40148 40149 40151
40152 40162 40172 40175 40184 40188 40197 40206 40212 40217 40224 40228 40235 40238 40247 40254 40260 40269
40275 40282 40286 40289 40297 40299 40300 40305 40309 40311 40319 40328 40337 40345 40352 40355 40364 40372
40380 40383 40389 40394 40400 40407 40408 40413 40421 40423 40429 40439 40445 40454 40460 40468 40470 40475
40482 40486 40490 40492 40501 40509 40515 40519 40520 40530 40540 40544 40545 40551 40556 40564 40568 40576
40586 40592 40601 40606 40613 40622 40626 40629 40630 40634 40642 40646 40650 40658 40661 40668 40678 40681
40687 40695 40698 40699 40703 40713 40720 40724 40730 40735 40743 40749 40753 40756 40762 40764 40772 40773
40781 40785 40793 40801 40810 40814 40815 40824 40826 40834 40837 40846 40851 40858 40859 40867 40869 40870
40873 40882 40889 40895 40900 40910 40918 40921 40927 40931 40937 40943 40947 40954 40959 40967 40973 40981
40985 40991 40994 41003 41009 41019 41021 41027 41035 41042 41050 41060 41070 41071 41075 41077 41087 41089
41090 41096 41103 41107 41112 41121 41130 41136 41146 41153 41159 41166 41170 41179 41182 41183 41184 41193
41202 41210 41211 41221 41230 41235 41241 41247 41252 41256 41264 41267 41271 41272 41278 41285 41290 41300
41310 41320 41328 41329 41337 41340 41348 41356 41361 41366 41369 41376 41378 41382 41390 41397 41405 41412
41416 41418 41426 41434 41439 41449 41451 41459 41468 41471 41478 41480 41483 41492 41501 41506 41511 41517
41526 41531 41538 41548 41558 41561 41563 41569 41579 41589 41590 41599 41602 41605 41613 41623 41631 41633
41634 41644 41648 41658 41668 41678 41684 41689 41696 41704 41711 41721 41725 41733 41741 41750 41759 41765
41773 41778 41784 41793 41796 41800 41804 41807 41810 41816 41822 41826 41833 41837 41844 41853 41856 41859
41863 41868
