-2013 -2012 -2009 -2002 -1994 -1992 -1991 -1988 -1985 -1980 -1977 -1975 -1966 -1963 -1956 -1949 -1945 -1937
-1929 -1925 -1923 -1916 -1913 -1907 -1903 -1894 -1890 -1885 -1875 -1872 -1867 -1860 -1857 -1856 -1852 -1850
-1842 -1840 -1835 -1828 -1820 -1819 -1810 -1806 -1805 -1799 -1792 -1783 -1779 -1777 -1769 -1767 -1759 -1751
-1741 -1735 -1732 -1723 -1720 -1711 -1708 -1703 -1699 -1689 -1687 -1685 -1678 -1673 -1668 -1662 -1660 -1658
-1654 -1644 -1639 -1637 -1629 -1628 -1627 -1626 -1622 -1613 -1606 -1602 -1601 -1595 -1593 -1583 -1579 -1574
-1573 -1570 -1569 -1566 -1563 -1557 -1556 -1552 -1549 -1545 -1543 -1537 -1535 -1529 -1521 -1511 -1502 -1495
-1493 -1490 -1482 -1475 -1466 -1461 -1453 -1449 -1444 -1436 -1429 -1419 -1411 -1405 -1404 -1396 -1392 -1386
-1379 -1378 -1375 -1367 -1360 -1350 -1345 -1338 -1334 -1325 -1321 -1316 -1310 -1303 -1296 -1286 -1279 -1274
-1271 -1263 -1257 -1251 -1249 -1245 -1238 -1234 -1227 -1217 -1212 -1202 -1195 -1187 -1186 -1183 -1176 -1168
-1159 -1152 -1148 -1142 -1139 -1136 -1132 -1130 -1121 -1113 -1111 -1103 -1095 -1092 -1084 -1076 -1070 -1062
-1052 -1049 -1043 -1037 -1028 -1025 -1022 -1019 -1009 -1003 -997 -993 -985 -980 -970 -968 -962 -953
-950 -946 -945 -941 -938 -928 -924 -916 -912 -907 -906 -902 -892 -889 -882 -875 -871 -866
-863 -857 -850 -843 -835 -825 -824 -822 -816 -812 -810 -801 -800 -790 -785 -781 -778 -774
-767 -764 -759 -754 -750 -742 -735 -728 -718 -717 -710 -704 -694 -688 -684 -675 -674 -670
-667 -661 -655 -645 -640 -632 -628 -619 -618 -616 -607 -605 -601 -592 -585 -575 -570 -569
-561 -554 -545 -535 -533 -523 -521 -518 -509 -502 -492 -483 -476 -471 -462 -453 -452 -448
-444 -440 -435 -425 -422 -413 -409 -405 -398 -395 -394 -390 -386 -381 -375 -367 -364 -361
-357 -351 -342 -339 -335 -334 -333 -324 -316 -314 -305 -295 -288 -281 -278 -273 -264 -258
-251 -241 -238 -237 -235 -231 -222 -221 -212 -203 -196 -192 -187 -178 -168 -161 -156 -152
-145 -141 -138 -136 -129 -123 -122 -114 -107 -99 -91 -81 -72 -64 -58 -50 -42 -36
-35 -30 -24 -16 -15 -13 -7 2 3 6 8 12 14 23 30 40 48 49
58 65 70 80 85 90 98 105 111 114 124 126 128 137 140 142 149 150
153 157 161 168 175 185 193 199 209 213 223 224 233 237 245 251 261 269
275 283 286 295 303 306 307 308 310 316 319 323 324 328 334 342 350 360
363 364 370 379 381 391 397 402 403 405 409 414 422 424 429 431 439 441
451 460 468 472 478 481 488 494 496 499 509 512 516 518 519 525 526 530
538 541 542 548 558 563 571 574 581 588 590 594 595 605 613 616 623 627
634 642 647 656 658 666 675 681 685 695 704 713 719 728 730 732 734 738
746 754 755 757 765 766 776 782 786 790 793 794 799 802 808 818 819 829
831 839 846 854 855 859 866 873 877 879 885 895 896 906 908 911 913 916
921 922 925 926 930 939 945 950 958 960 965 972 979 982 991 994 1000 1007
1013 1016 1019 1029 1038 1047 1056 1059 1067 1071 1079 1080 1081 1083 1088 1096 1106 1113
1118 1119 1122 1129 1137 1140 1149 1154 1161 1162 1169 1177 1184 1186 1187 1197 1200 1207
1210 1216 1224 1225 1231 1239 1249 1250 1256 1260 1264 1271 1275 1279 1281 1285 1294 1295
1303 1309 1313 1319 1322 1327 1332 1338 1345 1350 1357 1358 1365 1368 1373 1382 1387 1390
1398 1408 1413 1415 1424 1433 1435 1442 1447 1451 1456 1461 1469 1472 1474 1482 1489 1495
1496 1502 1510 1511 1518 1526 1527 1537 1541 1546 1548 1556 1558 1563 1573 1575 1576 1579
1587 1590 1592 1594 1596 1605 1611 1615 1618 1627 1631 1633 1636 1639 1642 1648 1657 1660
1663 1673 1680 1689 1690 1698 1699 1703 1710 1712 1717 1723 1725 1729 1732 1742 1750 1755
1759 1764 1768 1772 1781 1791 1796 1804 1810 1813 1818 1821 1825 1827 1830 1832 1834 1840
1850 1855 1863 1868 1877 1880 1884 1890 1897 1903 1905 1915 1924 1934 1937 1943 1950 1957
1962 1966 1969 1975 1982 1988 1998 2005 2014 2020 2022 2031 2034 2040 2049 2051 2054 2064
2071 2076 2077 2086 2087 2095 2098 2105 2108 2118 2121 2131 2132 2135 2140 2145 2155 2158
2164 2172 2175 2179 2182 2190 2194 2204 2206 2215 2224 2232 2238 2248 2251 2258 2264 2266
2273 2276 2280 2287 2297 2304 2308 2316 2320 2328 2329 2332 2335 2344 2348 2356 2358 2359
2360 2361 2364 2365 2369 2379 2381 2386 2395 2398 2401 2407 2417 2422 2426 2433 2441 2450
2457 2459 2464 2472 2477 2481 2484 2490 2498 2507 2515 2517 2526 2529 2537 2542 2544 2550
2555 2560 2566 2571 2581 2588 2591 2600 2609 2616 2617 2627 2637 2644 2650 2652 2662 2665
2666 2674 2681 2689 2695 2705 2714 2720 2721 2727 2737 2746 2753 2763 2767 2774 2777 2784
2793 2796 2804 2807 2812 2822 2829 2833 2840 2847 2848 2858 2861 2869 2871 2876 2879 2888
2897 2902 2905 2915 2923 2924 2928 2937 2946 2951 2955 2963 2967 2975 2981 2991 2997 3005
3007 3017 3024 3025 3030 3035 3044 3053 3060 3067 3071 3074 3076 3086 3093 3102 3112 3122
3124 3128 3136 3145 3155 3161 3164 3168 3178 3183 3190 3194 3203 3204 3205 3214 3222 3232
3237 3244 3249 3250 3260 3266 3269 3274 3279 3286 3289 3294 3299 3309 3310 3317 3322 3327
3333 3337 3343 3351 3356 3363 3372 3378 3386 3389 3395 3402 3412 3421 3428 3435 3441 3450
3451 3457 3467 3468 3469 3476 3485 3489 3494 3496 3498 3506 3516 3521 3523 3530 3537 3539
3540 3550 3555 3559 3565 3568 3574 3575 3578 3585 3586 3589 3591 3597 3602 3609 3619 3620
3626 3628 3630 3638 3645 3654 3660 3667 3676 3678 3686 3691 3698 3699 3709 3713 3719 3725
3730 3736 3738 3747 3756 3757 3758 3759 3764 3765 3775 3783 3786 3789 3796 3805 3809 3815
3822 3829 3834 3839 3842 3844 3847 3856 3861 3868 3873 3874 3880 3890 3899 3908 3917 3921
3924 3932 3940 3944 3953 3956 3959 3962 3963 3968 3974 3981 3990 3998 4006 4009 4012 4014
4018 4028 4031 4036 4046 4049 4057 4061 4070 4074 4084 4085 4094 4095 4105 4106 4116 4124
4134 4139 4148 4155 4165 4167 4170 4172 4178 4180 4187 4194 4198 4199 4200 4203 4207 4217
4219 4224 4229 4232 4236 4242 4252 4253 4259 4263 4273 4280 4289 4297 4305 4315 4322 4330
4335 4345 4351 4356 4359 4364 4370 4380 4387 4396 4397 4400 4403 4412 4413 4414 4419 4423
4429 4435 4438 4442 4444 4451 4456 4461 4467 4468 4477 4484 4491 4493 4499 4506 4516 4526
4536 4540 4549 4552 4555 4557 4563 4565 4575 4583 4584 4591 4600 4603 4605 4608 4613 4619
4626 4634 4641 4651 4657 4665 4674 4679 4682 4691 4698 4701 4702 4711 4715 4720 4721 4729
4731 4737 4738 4740 4741 4742 4744 4749 4754 4755 4757 4766 4772 4776 4781 4790 4797 4803
4810 4818 4826 4830 4834 4842 4849 4858 4865 4874 4881 4891 4892 4894 4896 4897 4900 4901
4906 4916 4918 4926 4929 4931 4939 4945 4953 4954 4955 4962 4971 4979 4983 4986 4988 4989
4998 5003 5012 5018 5021 5025 5032 5036 5039 5040 5045 5048 5050 5055 5063 5068 5070 5076
5080 5089 5099 5109 5116 5124 5128 5138 5141 5149 5156 5164 5169 5170 5171 5172 5181 5182
5184 5190 5195 5196 5206 5211 5218 5219 5220 5224 5226 5229 5236 5242 5250 5254 5264 5273
5277 5287 5292 5298 5302 5308 5313 5321 5330 5331 5337 5341 5346 5353 5361 5370 5379 5389
5390 5391 5394 5403 5408 5417 5421 5431 5435 5439 5444 5452 5460 5469 5479 5486 5490 5492
5497 5504 5509 5516 5523 5529 5531 5540 5545 5551 5559 5560 5562 5564 5569 5570 5572 5582
5584 5592 5600 5605 5606 5615 5622 5628 5637 5639 5646 5654 5660 5670 5678 5688 5691 5701
5711 5720 5721 5727 5728 5736 5737 5738 5742 5752 5756 5765 5771 5779 5785 5792 5797 5805
5809 5818 5823 5824 5832 5841 5844 5847 5850 5853 5854 5863 5865 5868 5872 5875 5880 5887
5892 5900 5903 5909 5914 5923 5929 5938 5945 5946 5956 5958 5963 5968 5972 5978 5986 5996
6006 6015 6018 6021 6025 6029 6032 6033 6036 6040 6043 6053 6057 6058 6063 6073 6077 6087
6097 6105 6106 6113 6117 6121 6130 6137 6145 6148 6152 6155 6159 6165 6174 6176 6181 6183
6189 6192 6194 6200 6201 6204 6208 6217 6223 6226 6229 6236 6241 6243 6250 6254 6261 6263
6266 6268 6274 6276 6281 6288 6291 6293 6302 6312 6322 6323 6328 6335 6340 6345 6347 6356
6362 6365 6366 6370 6373 6380 6385 6387 6388 6390 6399 6404 6406 6416 6422 6425 6434 6441
6449 6452 6458 6460 6461 6465 6469 6473 6476 6481 6487 6491 6500 6504 6514 6518 6522 6523
6532 6542 6547 6557 6566 6576 6578 6582 6583 6587 6589 6598 6608 6609 6616 6619 6624 6631
6638 6647 6656 6657 6659 6660 6667 6674 6680 6690 6696 6699 6702 6711 6716 6718 6728 6734
6742 6748 6752 6757 6762 6768 6777 6780 6783 6793 6798 6808 6812 6822 6829 6833 6842 6844
6847 6853 6854 6856 6858 6866 6867 6871 6872 6879 6881 6890 6893 6897 6899 6907 6909 6913
6920 6929 6935 6942 6943 6946 6947 6955 6959 6966 6975 6981 6984 6991 6993 6999 7002 7003
7012 7020 7025 7035 7036 7043 7046 7051 7057 7058 7063 7072 7078 7086 7089 7098 7099 7103
7107 7110 7112 7116 7120 7124 7132 7140 7148 7153 7156 7166 7171 7181 7190 7193 7198 7199
7204 7211 7213 7215 7224 7231 7241 7248 7250 7254 7263 7267 7273 7274 7276 7278 7283 7292
7296 7299 7308 7315 7323 7329 7337 7346 7350 7355 7359 7366 7376 7383 7386 7388 7389 7395
7398 7405 7407 7408 7411 7419 7429 7439 7443 7444 7448 7450 7457 7461 7464 7472 7480 7488
7498 7499 7509 7515 7522 7532 7535 7536 7538 7541 7544 7550 7553 7562 7566 7575 7585 7594
7597 7599 7606 7616 7619 7620 7623 7625 7634 7638 7645 7653 7660 7664 7671 7676 7682 7688
7690 7691 7695 7702 7704 7712 7714 7722 7723 7726 7736 7742 7750 7756 7764 7767 7776 7780
7785 7793 7794 7797 7805 7813 7822 7823 7826 7832 7838 7840 7850 7860 7868 7875 7878 7880
7885 7889 7898 7900 7903 7908 7914 7919 7927 7931 7934 7943 7947 7952 7959 7966 7976 7979
7980 7981 7985 7989 7999 8005 8008 8018 8026 8029 8033 8035 8042 8047 8052 8054 8061 8069
8079 8084 8090 8098 8108 8115 8117 8126 8132 8142 8146 8154 8161 8164 8174 8175 8181 8182
8188 8193 8195 8198 8202 8204 8210 8212 8219 8224 8228 8234 8243 8249 8256 8262 8264 8270
8280 8284 8286 8292 8295 8296 8299 8301 8310 8313 8316 8325 8333 8338 8341 8343 8351 8358
8363 8367 8377 8384 8385 8392 8393 8401 8411 8417 8426 8429 8434 8435 8443 8451 8458 8463
8470 8472 8480 8483 8484 8493 8503 8511 8514 8524 8526 8528 8532 8541 8548 8549 8554 8563
8570 8578 8585 8595 8600 8603 8605 8606 8611 8617 8620 8625 8630 8639 8641 8646 8653 8658
8660 8663 8673 8676 8680 8690 8696 8706 8711 8716 8720 8728 8732 8738 8744 8747 8752 8758
8765 8771 8773 8776 8785 8794 8804 8806 8807 8810 8814 8822 8830 8839 8841 8846 8850 8853
8862 8870 8875 8881 8890 8894 8899 8905 8909 8913 8919 8925 8935 8945 8950 8960 8962 8965
8974 8981 8987 8990 8993 9003 9010 9020 9025 9033 9042 9049 9053 9062 9072 9080 9083 9092
9097 9105 9112 9118 9127 9136 9141 9149 9151 9159 9164 9167 9168 9174
