-23 -16 -8 0 4 10 12 21 23 33 42 48 58 65 72 82 85 87
96 100 107 112 118 122 130 138 144 148 156 164 166 173 181 183 192 195
196 202 206 215 218 221 228 236 244 250 260 262 265 275 280 286 295 302
309 317 318 320 321 324 328 338 346 354 363 369 379 382 384 385 389 396
404 406 410 419 423 427 433 435 436 444 453 460 469 473 476 477 487 497
501 510 514 523 525 527 534 540 550 560 569 577 579 589 591 596 600 610
617 620 629 630 633 638 642 648 652 658 660 666 673 683 684 688 691 699
708 715 725 733 735 743 751 760 763 770 779 780 790 796 803 807 815 821
830 833 842 844 846 855 864 869 877 880 885 886 887 894 900 906 912 920
928 936 943 945 951 954 963 970 980 981 987 988 994 995 998 1004 1009 1019
1029 1034 1044 1053 1054 1056 1064 1069 1079 1083 1089 1091 1092 1095 1104 1107 1112 1116
1121 1126 1133 1137 1142 1150 1160 1168 1176 1177 1186 1191 1192 1202 1206 1208 1218 1219
1227 1236 1237 1239 1240 1245 1252 1255 1256 1257 1259 1260 1268 1273 1277 1278 1285 1287
1291 1295 1296 1302 1307 1316 1322 1324 1333 1337 1344 1354 1359 1368 1376 1382 1388 1397
1402 1411 1415 1423 1428 1436 1444 1449 1455 1460 1466 1467 1471 1473 1474 1475 1477 1486
1496 1505 1512 1517 1527 1529 1532 1539 1543 1549 1550 1556 1564 1567 1569 1575 1581 1582
1589 1590 1594 1596 1599 1604 1609 1613 1621 1623 1630 1640 1647 1648 1654 1664 1674 1679
1683 1689 1699 1705 1709 1716 1720 1729 1733 1739 1748 1752 1758 1767 1769 1771 1776 1780
1781 1783 1785 1790 1792 1796 1798 1806 1813 1820 1821 1830 1840 1842 1846 1850 1855 1859
1862 1866 1867 1872 1875 1879 1881 1883 1884 1891 1892 1897 1905 1911 1913 1923 1931 1935
1937 1946 1953 1956 1960 1969 1973 1977 1980 1989 1997 2003 2010 2013 2015 2022 2023 2024
2030 2034 2035 2044 2048 2055 2065 2066 2067 2068 2076 2085 2095 2103 2105 2114 2116 2123
2126 2130 2133 2140 2143 2149 2155 2157 2167 2174 2183 2184 2186 2191 2199 2204 2214 2223
2231 2237 2238 2246 2255 2256 2262 2263 2266 2274 2284 2286 2296 2299 2305 2311 2321 2330
2336 2339 2341 2349 2352 2355 2360 2363 2367 2376 2382 2384 2393 2399 2404 2411 2413 2418
2425 2434 2440 2446 2454 2458 2466 2470 2472 2480 2483 2484 2488 2497 2505 2510 2517 2518
2524 2529 2535 2539 2547 2555 2565 2567 2575 2578 2584 2586 2587 2591 2599 2605 2609 2614
2622 2631 2636 2640 2641 2646 2647 2651 2657 2667 2669 2671 2674 2680 2688 2693 2702 2709
2717 2725 2730 2739 2746 2750 2759 2763 2766 2769 2772 2776 2777 2778 2783 2791 2801 2810
2816 2817 2825 2828 2838 2840 2844 2853 2861 2869 2870 2875 2884 2892 2901 2903 2905 2914
2924 2929 2937 2943 2953 2956 2963 2966 2971 2981 2987 2992 2997 3002 3011 3017 3024 3026
3032 3037 3038 3044 3047 3056 3060 3068 3070 3073 3081 3089 3091 3094 3095 3097 3101 3109
3113 3115 3124 3134 3138 3148 3151 3156 3159 3161 3162 3168 3178 3184 3185 3194 3198 3207
3211 3216 3224 3229 3237 3244 3245 3247 3253 3263 3270 3274 3276 3284 3287 3293 3303 3305
3309 3315 3317 3323 3327 3337 3343 3347 3349 3355 3360 3362 3363 3372 3380 3383 3386 3388
3390 3393 3394 3399 3404 3414 3420 3422 3424 3429 3430 3440 3445 3447 3457 3459 3461 3468
3474 3476 3483 3484 3493 3502 3509 3513 3517 3519 3521 3531 3535 3536 3544 3551 3558 3559
3563 3569 3573 3575 3585 3587 3593 3594 3604 3610 3618 3628 3636 3641 3646 3649 3659 3666
3673 3681 3691 3700 3709 3719 3721 3730 3737 3745 3748 3750 3752 3761 3764 3767 3772 3776
3781 3789 3795 3803 3807 3817 3825 3830 3838 3840 3841 3843 3851 3858 3864 3870 3879 3882
3890 3900 3906 3914 3923 3925 3935 3942 3943 3946 3949 3958 3959 3963 3968 3976 3983 3988
3996 4004 4005 4008 4010 4013 4018 4022 4030 4040 4046 4054 4061 4063 4065 4069 4074 4075
4081 4085 4091 4101 4109 4114 4120 4125 4130 4131 4138 4142 4147 4157 4160 4170 4175 4179
4188 4190 4193 4195 4203 4207 4209 4214 4221 4222 4226 4236 4243 4245 4247 4251 4261 4268
4272 4278 4282 4290 4300 4302 4312 4316 4326 4327 4337 4343 4351 4360 4367 4377 4381 4390
4393 4395 4398 4400 4406 4407 4415 4416 4423 4424 4429 4439 4448 4451 4456 4460 4470 4480
4488 4498 4503 4504 4507 4515 4519 4529 4531 4541 4542 4544 4546 4556 4557 4567 4574 4575
4585 4586 4589 4593 4601 4609 4610 4616 4624 4631 4632 4637 4644 4648 4652 4660 4661 4667
4671 4677 4681 4683 4688 4698 4706 4716 4718 4728 4731 4738 4741 4743 4747 4748 4751 4754
4761 4762 4764 4771 4775 4785 4793 4801 4809 4819 4821 4822 4829 4836 4845 4850 4858 4866
4870 4871 4872 4877 4887 4896 4903 4907 4912 4915 4924 4926 4930 4938 4947 4949 4955 4956
4957 4958 4962 4967 4977 4986 4994 5000 5004 5005 5009 5016 5025 5027 5035 5040 5047 5053
5063 5072 5076 5083 5088 5093 5101 5111 5121 5124 5127 5134 5136 5140 5142 5152 5161 5163
5170 5180 5190 5198 5201 5204 5207 5215 5218 5220 5229 5238 5243 5250 5259 5260 5265 5266
5273 5280 5284 5287 5296 5302 5304 5305 5313 5314 5324 5329 5338 5346 5352 5355 5365 5375
5381 5386 5393 5398 5400 5410 5412 5415 5425 5430 5432 5441 5442 5447 5456 5459 5465 5470
5472 5476 5483 5490 5494 5495 5499 5500 5502 5507 5513 5516 5522 5530 5534 5540
