34 1637 -862 717 475 859 196 289 854 910 1062 1351 -733 -7 -1051 2027 1357 -448
1958 39 -966 1055 -1668 1546 1804 566 1904 1994 537 1716 1393 1562 -553 125 -520 1068
224 811 2038 -37 378 1146 157 -394 289 925 1874 705 -862 763 644 -1903 -1228 1236
-1097 -1393 -219 843 -1695 -334 642 1116 1291 -556 598 572 1091 751 734 -1897 707 1676
-167 -193 1139 717 -51 707 -599 1194 1895 874 -1996 1742 1493 -1256 942 -1372 -467 660
1945 -1021 -552 1738 1471 1031 1550 1626 859 1944 596 -2011 1935 1545 -385 819 1438 1135
1730 -1901 363 -1514 1100 1925 1224 -1373 221 -845 1031 604 1011 1195 -1965 284 1013 612
-430 -1945 -532 527 -108 -1751 -450 -1825 1343 1442 -774 -1484 -1389 1019 -2016 691 -608 1525
-386 451 1241 589 1416 493 2023 1097 -826 -1878 575 -540 -1735 -489 -503 290 -1188 1301
-575 -736 -1511 1100 824 808 1365 -1898 -1466 148 -1407 335 1481 441 -600 -224 1401 -1390
402 1425 754 -1667 367 -2009 -873 182 1663 839 -856 -1299 -949 -1626 824 1919 -543 1657
351 747 -351 -716 -979 2009 -1788 1808 1518 -683 1526 1810 1086 -337 1848 1256 334 389
1854 1852 -245 1654 -1754 -542 -1419 -1803 -1242 1144 1488 -1334 1556 -530 -2022 -65 -920 359
-1988 1516 836 -1761 660 -201 -2022 -1132 -194 -1947 -711 -68 1952 629 0 1155 466 -1403
776 -946 51 1259 -293 1223 -1060 2045 944 -1103 -1972 -1295 -329 -1783 1769 1390 -671 -221
-1856 1103 315 -1762 1291 -9 -305 -1965 780 -1826 -1535 -1770 -605 1730 -1403 -139 -212 -252
-1322 1098 -974 -354 -975 845 -1188 -940 539 625 297 -127 -11 837 -523 18 -1268 1705
1212 -986 -1095 886 -1735 1999 12 -1908 -1104 913 -1415 -1345 287 -530 -251 1852 -475 -853
-1644 -1332 812 567 -93 1658 112 -1084 -2017 560 57 -912 -1099 1455 -536 560 -1996 -1934
-1975 -1828 -1677 253 1454 2000 575 1045 -1962 -294 2003 -939 -1651 -347 -1451 -1354 -1498 367
-806 -1923 -330 88 1914 -1266 1554 -1576 1508 552 160 1498 -772 268 1762 -1005 -1537 -1274
1493 -1820 1463 994 -108 1401 -464 -819 1723 -114 370 -493 809 1354 -1074 1616 1643 480
1061 -123 -379 -197 -1847 653 -643 -1693 1869 -1649 1066 -2041 509 -1604 1752 -1367 -707 1293
-1508 -1026 1926 -930 -375 -1817 1640 621 -1632 -101 -1268 -1968 647 892 -1859 958 277 -1524
13 2008 1423 -628 -1816 195 1990 -1593 -451 -1349 1004 -125 1453 1280 949 791 1476 -1727
-1463 687 1333 1997 362 -1871 1439 338 -383 1740 1117 -411 -566 -453 991 -638 -1423 405
-2041 2034 475 1253 -2039 1560 -1849 -1965 101 932 165 503 1879 -977 975 874 -426 189
1777 -162 790 -332 1609 -1036 -1371 -1887 -730 1592 -1810 -1661 -461 833 -153 740 -1266 884
1326 -399 411 1144 834 866 -592 1615 1835 -1952 1394 24 1732 580 -231 -1806 1919 -1974
1623 400 942 -485 47 758 98 -941 876 -302 -443 2019 1154 1539 2044 219 -1246 469
-1887 -1757 25 1104 -850 -1137 -1528 -966 -2046 1005 1860 318 868 110 -1118 1222 -999 -772
107 -1050 2029 237 -718 -251 -1953 -72 2014 931 -193 1266 651 -820 -161 -945 1448 1706
-1076 -525 -797 -1584 8 -64 1370 -1386 981 1020 922 308 1280 1516 -33 -264 -1606 -822
-231 -738 1521 1450 1863 -1562 1600 -818 1424 58 -1320 1743 1185 -369 1265 581 -1574 -1701
341 580 1983 -568 605 -1460 -967 252 1026 -1000 -1778 155 -907 -30 -715 220 953 1924
-670 -805 1233 1285 612 1411 745 1293 -1079 942 1292 1472 -703 -1570 743 -1401 1368 -1498
1290 1332 1008 -832 827 1315 -257 -1084 843 1197 -996 130 755 1423 -685 1812 -194 1205
1981 1160 1009 1522 612 1083 1418 28 1005 -1832 58 -1523 -629 1407 -407 272 -1609 -1121
329 -1732 -714 480 -532 39 227 208 -1698 659 703 -1628 1617 -651 1230 938 -308 -1304
-1991 1253 -936 914 -1227 585 -1717 1248 -1989 -984 -633 1208 -767 826 327 775 1976 -1308
-1918 455 287 1287 308 985 460 -998 1883 -1188 -1713 1993 -1834 2005 1418 222 -1054 -805
234 182 662 395 1485 238 -529 389 -573 1972 -1323 -78 -1268 1342 -1093 902 741 -278
-1739 300 1823 -890 -985 1284 1393 1094 -1043 804 -1248 -1577 788 814 869 -738 1306 -1768
-214 -730 1968 848 -908 -1106 -1522 -286 -972 1504 -829 -1569 -821 -330 1179 1234 2012 -133
-1278 -1143 -1555 -1277 1645 1470 572 2046 -674 -1975 378 -256 -429 1803 1457 156 -168 114
-1529 70 -114 703 -1866 -1988 -696 967 1507 814 -1242 -1129 425 9 1719 -1408 2036 -928
-1226 -1267 -858 -1526 682 -1952 -1411 -929 61 -1678 844 422 1520 -1594 2033 1311 115 -9
1687 -446 -1160 -1349 1477 -1643 -1776 1217 -1365 -62 -360 -2044 318 1854 416 247 1184 1318
1895 -1490 -444 -1604 343 210 -1442 -749 -1781 -1375 -2007 -1956 1627 -592 1117 97 509 689
1157 -599 -232 539 389 1717 -402 1196 -2047 -1792 1420 2023 -780 1286 -893 -277 -734 -1512
-866 55 1483 1586 687 -1825 -734 1689 -157 1425 -1778 -625 -2040 -1499 -1351 -1619 634 2029
-672 885 -377 -1131 -273 -636 1878 710 225 -1060 -152 593 2030 -269 395 -725 -1797 1750
-1680 1239 -1582 -1283 -473 967 1066 -1224 322 -1522 370 1631 -779 -766 -547 -1260 943 596
-1730 -211 -1061 1789 1071 597 -1532 -1381 -3 -1969 1056 -77 -49 -174 85 -1691 428 -220
-1597 1785 -579 1359 -548 1507 586 -1275 -828 -1375 -1245 -1760 -201 -1787 -1373 1754 -905 -907
804 1958 708 -1922 1826 1196 -807 601 -337 1650 1775 -1057 -1878 -1231 -554 80 1605 -442
-1408 -1118 1876 -676 1187 -877 1493 -85 -281 -1473 1875 -1041 1799 -617 643 383 -873 1844
-74 268 -1872 552 638 -1652 -1718 -993 827 1476 -1411 886 1740 -243 90 960 -1243 421
-1070 288 1819 1861 -753 -1252 1027 1098 -533 1866 -108 -1007 1766 -903 -886 -1807 -1755 -343
163 -914 -14 1149 1623 1024 1106 1682 213 1812 1307 312 -1838 -1372 -499 -1771 152 -253
122 -1228 1513 1102 2044 -1798 23 -1525 -605 -1917 243 1625 1075 -1565 1794 -1686 -11 -1579
1907 -1658 1142 591 -410 -946 -1298 386 -1041 -1641 -1137 1974 -909 -911 -905 1183 697 -291
153 1166 597 1183 -1737 1547 201 455 1113 -1952 -1023 335 -1313 -1155 -891 -1931 -1915 469
514 -1237 126 -872 146 -447 -1769 720 -689 -1116 209 -1029 168 1364 1951 -399 -750 -1151
-367 -1460 95 572 -1900 296 -380 -1166 -322 847 -1024 366 665 718 1712 1691 251 1265
848 1760 -30 682 -431 -214 -1575 91 1644 1944 363 -630 -109 1245 -227 1277 1163 -711
1117 -569 1518 1440 1566 1444 -806 915 -1708 1377 -11 -2030 1042 1929 319 57 -596 526
797 21 86 -1188 -1223 1032 1754 -1214 411 -663 -1848 88 673 1726 -73 -1469 551 1069
-2034 342 1670 -889 1998 -966 -1579 -130 -530 -1065 2034 1419 1202 -442 2012 -520 -1638 276
1731 1925 1352 898 882 -1966 1535 278 119 333 1818 1316 -1131 489 -2023 -66 251 -1945
-600 -897 -1835 848 -195 979 1407 151 -1101 1814 304 -287 1903 31 321 -654 -364 1206
-547 -181 -591 1648 1121 -537 -1145 -136 792 36 1611 1202 1199 470 -260 -550 -1542 123
1323 -1031 -1924 -1633 -534 -306 -961 -157 -2012 404 871 -83 -1767 -60 542 643 839 -1504
1333 -1012 631 -828 538 1712 -202 -369 -1386 501 1128 -1419 713 -1424 -1689 -1216 -4 1890
-1260 -1487 -339 653 1668 -1778 1643 1688 -76 -2026 -1538 -1873 1714 92 -1465 -1602 1513 785
-1410 990 -1055 1578 -988 101 -1269 -264 328 -1250 540 800 -1131 -221 1902 138 1694 498
-1569 1187 1024 -1770 451 915 1981 -259 1117 2015 -1171 893 1115 -1301 1704 -896 476 -288
845 840 1150 -1396 -1028 758 504 -107 -1188 1185 -1097 -1115 -1348 -605 1534 -785 1629 -890
803 -1368 1573 -1762 1334 -1564 250 1099 201 -169 -1664 -1052 820 1670 -1397 -194 1761 -294
487 -1812 -2007 1813 -26 -1504 1321 1990 -1498 -976 -1229 1287 -1993 1224 -974 -1989 -1927 322
-342 -1504 965 1449 688 -543 -408 989 -394 1401 -818 1894 -814 10 -1389 -1426 89 -1380
-1464 93 1411 954 -892 -1366 1605 -1398 1216 1087 -1590 -1611 -1411 -2018 675 1741 -732 -103
1549 1680 -1723 -835 -337 -368 1419 -668 1386 1224 1536 -1170 696 1440 -1001 1692 770 200
506 -861 133 1419 1969 -1075 -693 -256 117 1247 -109 -1881 1768 -1895 -1186 -1040 1661 1362
-1173 -220 187 343 1097 1595 -840 1629 1010 -484 1895 -1377 -1949 697 815 -982 -63 -1881
-707 -1328 -880 -1403 1834 1336 98 739 -1173 1451 1949 773 -1289 751 -1865 -243 -1327 482
395 12 -68 -979 1332 1159 -304 -1884 1249 -40 326 -1582 1602 244 536 -214 502 299
990 -677 -894 828 1405 -1454 1098 861 1045 358 1824 165 191 -986 -1585 100 -1902 1100
1067 989 1378 -1172 -964 235 1508 -852 728 1550 889 1340 -931 -1440 1111 2037 2011 492
118 -1906 -159 1791 1981 774 949 198 0 -1087 -465 2029 -1729 -849 -1276 405 -328 -966
1710 317 815 582 207 -1523 -235 2025 -226 7 -293 1595 733 426 -2004 221 -1185 -1420
1108 161 -2045 1736 1667 -1321 1096 -1585 -951 -1595 107 -599 -285 717 246 -361 972 -330
2036 -1655 798 143 535 -371 556 -35 -1418 -78 -1806 581 -191 -827 191 -1655 -1516 1156
705 518 1594 -1101 1203 1661 1934 655 -1416 1385 -942 -1727 -1312 -887 -875 -1124 -434 1810
423 1241 1426 778 -2032 952 -99 -1467 1667 -134 -923 907 -906 1619 941 -1933 671 1473
-506 1100 26 1348 1677 -1843 -388 1028 1038 -815 -131 477 -42 464 -341 1109 -1839 1141
408 -6 -1662 1244 292 1693 -217 -1282 -456 782 -1858 955 -873 677 -957 -1247 1596 1344
-1864 57 434 1066 893 1823 -517 -1944 1898 1452 -387 234 1069 -176 -1665 300 1142 -881
928 -1864 -1683 685 -1307 -1008 486 -2044 -1091 -121 -1040 -1683 673 -901 1803 -656 1202 379
1490 -1658 474 1492 1348 1543 -1283 257 -1939 1353 -337 -371 -304 -1445 1780 -301 1049 1005
-1398 -722 -98 2025 -979 -1011 529 1055 -1417 -146 -2016 177 -1350 1601 50 -1900 360 -1220
-1514 1217 645 -637 -300 -364 -876 -1583 1889 1474 -1890 1141 148 -369 436 -828 726 1167
-378 -1436 -977 1708 -152 -750 774 -1856 -1148 -187 65 -164 -140 1077 1811 571 2036 471
-1752 -1569 -1251 -204 -636 1222 -1383 1963 -1854 -1823 370 -1110 -760 -618 2019 -206 74 771
-92 -287 -169 731 846 -1073 -986 -146 -1208 1756 -523 -681 680 -1046 428 -931 -330 1388
263 -1047 866 -1796 -250 -73 1872 1335 37 286 483 416 -789 404 1493 -1837 1316 -1339
726 -600 642 218 178 969 236 885 -387 -990 -1238 446 -1971 -586 580 -470 -519 -1167
-442 1631 -677 -183 -347 -1077 -1373 -1189 -1771 338 -1747 -1695 -762 -1346 -166 -1766 -1409 563
2047 1556 688 118 -1073 1383 225 -971 1357 967 526 -757 -1576 1169 -1562 1709 -1505 -1483
-1157 -1862 1214 -1912 1100 1965 -684 -1659 14 -1146 660 1260 957 -1909 1532 855 1653 -323
-132 -730 1690 1136 -89 -548 443 -1908 -1283 -919 -562 240 168 212 -1507 398 1875 2001
1687 150 632 -841 2004 1119 -1340 -1429 1637 -144 -1032 -1108 -14 1831 735 -1211 -1894 -1629
-572 -854 800 -209 -1563 -640 -416 -1028 134 -1917 -384 -407 -512 -1440 123 -385 1352 239
-403 -1268 -1372 1371 794 -1804 1980 -1623 856 281 985 -1491 -1117 380
