-2343 -3806 -1048 1816 2490 -3837 2619 2954 554 -1489 3028 -3652 1976 -2567 -2899 -543 -684 -808
1941 -3355 2066 1541 -1199 1840 1232 2749 1253 2440 3471 -1543 -4003 -1283 -73 2502 186 -3357
1049 817 81 -3612 2511 -2635 -1433 -1767 -2847 3903 1821 2618 -3654 1484 700 1497 3704 3973
-1731 3248 2822 -2441 -215 -1796 253 1237 212 -2835 -2975 -2344 213 800 3627 3859 3803 -462
-3675 -1414 4043 1104 3464 212 51 -3080 -1531 3812 2573 3743 1148 -2306 -2355 1682 -1497 -2749
-2369 3271 -3467 -2970 1729 973 2632 0 3388 3276 -3835 372 -2181 -3185 -1956 -2968 -4028 3741
2051 4034 -1840 -1933 1573 -4024 -756 -2383 -2641 441 3107 -2959 -1182 -3186 3689 1187 2759 -2508
388 -3718 3040 3560 -3086 3552 -1355 -2018 2257 3604 -3672 -3990 -750 -967 -93 -3565 -2347 3589
-1264 800 -1993 -3962 -3422 1538 -413 3813 3306 -319 1515 2379 -2104 2249 -638 201 -1894 2620
-11 3414 -432 472 -381 734 1592 -919 -2952 -1443 -2887 3792 3362 1033 -3403 410 -2796 -2149
-3864 2849 -83 1930 497 1350 -1530 3193 3143 -1103 -3046 3480 1255 -90 -1718 -1239 -3098 -400
302 5 -3133 1871 -3657 -189 3222 -508 -1123 730 -1017 1757 2593 -3991 2834 2402 3875 2297
682 -2423 1147 2278 24 3955 2990 3264 -1478 -1586 1266 -4014 -1910 -339 1655 3235 3318 263
3346 2597 -3697 2232 3876 3024 -1288 3860 2788 2153 180 2575 -1815 -2354 3142 753 -1010 589
-4083 -2660 -2141 3099 -2299 1374 1263 3785 3661 1114 -3838 2259 -1657 -1413 -1076 830 -3340 2295
413 -1721 2168 -2199 2013 -2536 -2464 1904 -2529 3487 -3848 -1045 -2945 1383 -521 -3916 -1959 -3453
3768 -4094 -1979 395 -956 578 -3988 3501 -2522 1427 -4059 -1079 1303 2507 -1560 -362 -3460 -506
3726 -1811 -2650 3280 3302 777 -2064 -3106 -367 2031 -3927 -3002 -1231 -46 2504 2146 -1292 -878
3710 -978 346 3405 -2940 -2755 -1696 3580 331 1853 3046 2073 -1035 532 2426 -1693 3352 -2437
-3996 1445 -671 -458 2052 2206 -3085 1243 -1394 3296 1446 -470 1532 -810 -2545 1767 3438 -3378
-1195 -674 958 -746 1505 3672 -1924 -1237 -812 958 34 2291 -4021 -3656 183 -753 -3458 3931
-1121 3887 -1878 -2049 -557 2954 -2876 513 3939 2129 2310 2105 2889 581 1609 -3357 -1916 -2739
-2515 -729 3463 -2524 523 1071 -2295 537 -2099 -815 2819 2525 -648 -838 286 3163 -2914 -3015
-1696 1704 -365 1428 2602 3584 632 -2322 -369 -1838 1557 2997 -528 3036 -1410 688 1518 -4002
3470 1423 4015 2126 306 1809 2409 1452 -1663 -837 -696 -1570 672 -3818 3736 533 -122 -1139
1617 1498 630 -1329 -2080 3210 104 -321 -2234 -257 39 -254 2449 -1483 -2482 2825 2200 2060
3853 -3899 780 790 -2357 1735 -3620 -1425 645 -2274 3038 -1364 2317 -2156 -3875 -3877 3602 3236
-2850 3210 4086 1002 1224 -2578 -1668 802 3410 -767 2107 -1848 -697 -2354 2286 2865 3086 3507
-1399 -3252 -611 -1590 -1762 -37 3218 1604 413 3667 -3122 -1797 3933 -2500 43 236 1136 -3039
952 226 -563 -3809 -3308 -1251 1098 -3084 1593 -3316 -1174 -1884 1425 2591 -276 -1104 -948 3239
-4037 -2599 -1767 -3141 1191 -2697 -2523 -3786 -2708 -3492 -3732 2761 648 2380 3671 -1767 2411 -1024
2486 4066 107 695 -1802 1088 -2033 3173 -585 -2572 -3290 -1442 1708 -3900 -2384 -2912 1745 2790
668 933 -1050 -2684 -2994 3280 3390 1083 1008 -424 -1046 200 -597 1999 3357 4011 1937 3133
2044 -1305 -2702 2751 3999 1994 -1175 2752 -3456 3287 78 2233 -2016 3235 240 -3955 1553 2783
1301 611 1350 92 -2213 3884 174 813 220 2455 1579 2002 -1617 -1872 718 -3976 3874 2301
879 3901 -3865 2369 -3448 -3940 1512 4017 -923 -3380 -1516 -2860 -3412 -187 1492 222 -2009 2887
121 -1867 3562 -2942 -428 1890 2752 -334 2996 -3785 -2576 1901 1461 3432 3656 -2841 466 -3252
-2425 -2867 1359 -2030 -4093 -4039 -648 2597 -843 2474 -1633 1804 -3711 2581 -2049 -1829 -3618 -3587
1632 -1990 -576 -3165 1940 -1 2785 2882 -325 3914 -3508 -1440 -3747 1863 2878 -1245 342 355
-931 -3900 3984 2860 -977 2572 2179 1205 2549 -1311 2971 3719 -2101 475 3669 1063 3851 -256
3137 -4048 2084 -3983 1220 -2321 -356 -1468 -2119 1183 -1423 3671 463 -975 -2093 -1719 2510 -3181
1564 2405 -104 -1370 1832 -2877 -509 -1626 2034 -3241 -3962 1078 -1146 -3550 3500 3572 -3779 -2958
1894 -611 3930 2090 535 3006 2784 550 -3189 2562 1479 1951 -1372 1 3199 -1618 -3861 -1370
-1092 2006 1766 -1248 1945 -344 3137 623 3342 -2204 -2870 1655 1707 -576 -1231 3488 3497 -3918
-3411 -498 78 -3254 2140 -666 -2401 -3421 1411 3619 -422 -2592 -3183 1918 1871 -714 -3336 -2849
-1792 1289 1500 -1570 -1397 -3552 -119 2018 1521 -1067 -1610 578 4010 -1680 167 -521 -1154 1913
-2283 -1566 1975 2605 734 -861 1964 502 921 -2819 -2425 -2310 1001 2508 -1176 -3913 1703 -2421
2010 -336 219 351 2450 1835 391 1998 -1919 256 -1987 3812 -1488 3440 -1144 -3071 886 -2279
39 2855 -3716 2794 537 2025 772 -4034 -3986 -555 2835 -2840 -778 -2688 1504 -3475 182 792
2320 316 -2503 -1138 -1970 -259 -1379 -2750 -2265 -790 -2427 -3761 316 -1217 -48 -1441 456 1719
-2783 -2546 -3223 -741 1078 -2592 325 3542 -1000 1223 -3457 -1102 -1014 -457 -1812 -2941 90 3017
3122 1024 -518 -2442 2595 -2401 3551 2131 1386 -3718 -1717 3055 -1132 -2986 1985 1587 -1192 2730
-11 -2087 -3008 190 -928 875 -1897 472 1223 1253 2727 -2952 3455 -2099 -429 -1628 3461 -1811
2025 1096 3178 153 356 3490 -1783 645 -287 -1087 2574 -4057 -1166 -248 -1700 2728 -2236 -1062
-1247 374 -4085 1339 482 2637 3270 -618 -4038 4065 1487 641 2419 1040 571 -1886 502 -3411
-3188 -874 123 459 2224 3568 -3814 -849 344 -1715 -1251 -2502 -1389 -2463 -1363 -13 -579 -204
3915 666 2760 -2728 26 -2735 1738 -1484 1780 74 2009 3940 853 2067 1857 1066 1559 3689
-3321 1249 -2315 1431 1967 -3694 1257 886 2927 -3954 596 -3862 -3185 539 -522 756 3377 2613
-1611 -1434 -3482 -2732 -4037 -2299 1157 3403 2650 -1188 -2839 828 -2739 3593 -2844 907 -1357 -2645
-2535 -1804 2932 -951 -3043 -3171 -405 -2203 -3996 -1714 -3118 390 -1661 -3157 -359 617 1732 379
1143 -3414 259 15 -2601 -2035 482 -3675 3724 1879 585 -2581 99 2225 308 -1654 -1935 2970
-1060 -3643 65 1901 27 2339 3027 -2693 -3521 -3534 -2725 422 3846 1350 -2082 -349 788 -405
2460 -1358 146 62 1867 508 3130 -3849 -3814 2935 2726 -2448 2701 -682 1774 1601 -469 1552
-1125 3831 -2580 -2309 -2329 3906 2443 -665 848 77 -3168 1881 3449 2072 3709 -3884 -4007 -1821
2553 1698 185 -3412 -1303 -1083 272 3005 -2688 -412 -2409 -2738 -3207 2389 2240 290 -2291 -207
1020 -679 3004 3059 2242 2858 -2578 -1478 -10 1488 -3507 -1794 -616 -404 -2550 -269 2759 513
-3870 2148 19 3728 503 -848 2326 3105 124 -1977 -1422 3839 2343 2117 -3324 -2065 -3710 -2920
-3713 -2183 -3588 1451 -2229 2382 2010 697 434 3250 -18 -2664 -3480 3828 2838 -3808 -4014 3327
3496 1826 -1614 248 2697 2799 -3953 232 -1232 3429 -1411 892 -2708 3997 -856 4048 4091 -1765
3386 3404 1786 3728 777 -1900 -3817 -2499 -869 -3458 1689 1729 1901 3622 2882 3495 167 -3316
-1039 2648 -2054 -1993 -3817 2745 3561 3453 -2292 1614 -2464 -2099 3357 1263 -1912 -2684 3197 3597
-2815 4070 2039 3465 2914 3733 1404 2835 2057 -3553 633 295 -3269 2709 1027 -3956 2708 3909
974 -661 -562 3180 -1290 -3340 -2104 3078 -1130 -1387 3314 3758 -1482 954 -2055 -1657 -2046 2345
-574 3640 3792 -3872 454 -3582 4094 -3187 942 -1840 -2282 2195 3905 -1682 328 931 -2135 -62
2745 216 1794 537 659 3188 -1217 3718 -2314 800 -1708 -2738 2472 -2105 4026 1375 3753 -1039
-3768 -22 1411 -2110 323 -2059 3704 3706 -1565 777 3191 -881 1535 4088 -2837 3142 -2253 2206
-436 3576 -3794 -3129 3727 -3893 -3213 -1003 -1443 2314 -1457 -3836 -2536 270 46 1777 2490 431
-1986 2877 2172 3914 2905 -3725 -690 2133 -4014 3721 3355 648 2168 1839 -17 -3188 -1662 1575
-3628 578 3513 -72 -879 3486 -3199 -2271 -1233 1540 1308 2866 -1961 1600 -3619 -282 2166 2316
-3703 772 187 2082 -1245 -2576 3036 486 2038 -409 3503 -3433 -1027 -2459 -2409 -494 -886 2830
-2122 -2257 3665 1711 -1793 413 947 2503 520 -1184 -2972 2085 -2377 2763 1873 3863 -1867 -480
2035 2469 3776 -1620 4047 2014 702 387 -671 -457 -2135 -1085 325 499 2110 -1949 -1340 -2134
3995 -1117 3222 -1847 3202 -2057 788 1336 142 -2927 -2920 1542 -981 3446 -2744 -2524 -1958 2594
1829 -2511 3919 -2114 -145 88 -2852 990 2637 322 -98 1254 1496 2826 1045 3293 -664 1873
-3465 -3090 -463 -680 -1966 -2201 3642 -3796 -2288 -1455 -352 -3866 -4038 1172 537 -2825 -1900 3501
234 2179 -3326 4080 -3323 -300 1092 -3741 -1644 2763 128 -231 200 -644 918 2096 763 189
-2735 -2728 -2529 -3360 2644 2521 -898 -1948 754 2891 462 2251 -1859 -834 -619 2930 -1041 2690
972 2433 -3675 -3198 -778 2534 -3091 3357 3673 -927 1173 3753 2997 2211 -3106 364 -1243 1661
3052 569 1124 -3046 534 -3694 -2969 3911 -258 -167 3631 1759 -398 3870 -3575 2342 -1999 493
-3070 1108 -3475 695 2751 -484 3875 577 4001 -2235 -2740 -79 -1746 95 1736 2715 2260 -2943
1079 -1103 -2813 -249 3975 -3864 2172 386 3678 2637 24 -355 -677 -2991 -72 -238 -2797 -849
1946 -2618 -3595 -285 769 -2086 -19 1325 -1762 3551 -1315 2857 -1709 -3310 1255 -269 3012 1954
907 3541 -192 2840 1159 -1638 -671 956 -1131 852 -484 2070 -1550 2254 909 3960 -3909 375
-2280 -354 -238 -2067 -3882 -2728 -743 3342 605 -3511 1208 418 3535 -3660 2365 -3188 568 -934
-322 2958 1600 2913 591 2211 2607 -2466 1049 1504 2617 -4017 1061 2025 -1499 2250 780 3832
823 -2527 -2193 -1422 3449 -610 2364 -1271 -698 -298 975 116 -468 -2304 -45 -75 1052 357
-2562 -281 -1035 2528 -1122 941 -3006 -2461 -1559 -3805 -2195 -870 304 -3493 37 2197 2258 -384
295 2444 -762 -3215 2376 2465 2929 -3078 -807 1477 3993 1685 3413 2722 -4077 457 2156 2969
3471 770 1862 -1842 -2889 -754 -2256 2372 -3121 -1249 1153 -495 1332 1377 234 -3186 4005 1059
3577 1457 3415 3716 1282 -922 -1308 445 1357 1266 -257 3572 409 3458 3073 -2649 -2580 1961
3136 3219 -335 1798 -1478 -3252 -1490 234 -2680 -958 3394 540 -2642 -2196 -2949 -95 2993 -3712
-1429 -2152 -3196 947 -921 1838 1588 275 -2433 2708 3589 -411 -45 3089 3384 415 -4046 -2279
-1853 -2577 -2036 -2944 -2115 -3767 948 1202 2225 2194 -3345 -760 -588 -170 -555 -743 -4021 -4091
-4093 305 -473 -1585 -3299 1739 4012 -3832 -3683 2077 -1710 -229 2803 949 -1859 3855 510 -2776
-312 -3166 -320 -3127 1858 995 3191 -895 3983 -1167 3328 -1119 3339 -1223 2691 -1066 -3002 -2095
117 3872 -3573 -3496 1259 -2325 1851 2286 2874 23 2168 -1094 2278 -1986 -3431 -3208 -2584 -3877
-2830 1702 -3785 -2650 629 2617 689 2793 2711 2778 843 -1804 2820 -1084 1164 -1650 -1231 -2015
99 3215 682 1030 2630 2167 -1206 2549 2727 3098 -4062 498 -594 1633 -1453 -216 -433 -1774
3225 -3813 -2390 2990 3776 -2700 -322 -3225 -1578 1873 610 1292 -2511 2347 -2139 -2520 3151 -2484
-420 527 2432 -1841 -3550 -2021 2390 -3778 1939 2007 1269 3246 -543 -4002 -1747 -2434 -597 1961
1113 654 3641 -247 3369 -731 -1542 -1640 -3299 -701 2896 -1586 -1571 1703 -1350 -1253 -3984 -1969
-2247 -874 1319 -2941 540 -3658 1901 -120 1807 -476 2144 461 2422 -3692 -1227 2741 -4061 2227
1652 229 2132 2088 1797 -720 2314 -2405 -2555 -762 4002 2770 -3478 2430 -306 -3353 -121 -20
-1846 2423 -1714 -1796 -514 -513 3943 -1163 2254 1319 2082 -2189 4059 -2494 -986 -2239 1908 2745
3071 701 2932 1193 119 591 2650 -3727 -2367 -406 -1342 3431 2407 2209 -3042 -617 -2266 2900
-3124 1158 -1932 3291 1910 1822 1269 846 1476 1675 -1614 1501 3676 1092 282 -1867 -1488 -2797
3561 109 -2781 -2000 2500 -1510 2552 -2190 2234 1232 -1638 1420 648 -1570 1692 -168 695 108
3630 1330 -3967 -1580 -2238 -3731 -119 -3224 -3827 195 2666 -1311 2526 -3598 2059 587 -2244 -3767
-821 -3944 -1964 -2720 -1933 2977 3007 466 521 -1825 401 -2804 612 401 697 -2529 3732 -2162
-2380 1982 797 1929 136 -2767 -3840 -2550 -989 -416 3471 -3116 -2839 -2058 1570 1774 -331 1164
2177 -2754 2577 -1051 312 3491 -818 1338 172 -842 2009 -1635 2052 2563 892 -3236 3810 2795
2770 -122 749 2043 -97 -2440 -3543 494 3947 -3981 286 -3288 765 -1200 -551 -1328 -3821 1595
-3927 3700 -654 2176 -1086 -189 -688 -1946 2721 4034 2558 -2275 584 1848 -1301 1724 -3259 -128
4083 3921 -377 -1401 1286 2038 3600 -946 -2030 2309 -3477 -2430 -1468 -942 1515 669 -2655 -3977
1750 -2143 -32 1076 2366 -1965 923 3804 -3645 1818 -1835 -1327 -1512 -927 -2619 -2294 -4002 3206
-3844 -2882 -3507 -1429 -559 -2553 -2775 893 -985 672 -1132 615 1148 1974 2587 -2756 2377 -2109
-1107 1086 -2378 3957 1730 -2501 2450 -2886 -2950 3942 1715 -2887 -1441 2007 2955 -2558 -2014 -2423
285 941 2566 -530 2622 1698 -3789 -2274 -2521 -3620 708 2173 -4015 -2357 -322 1296 -2385 1729
-69 324 3876 -2445 1146 -1443 1377 2169 1084 -668 2553 -3076 3811 2736 -1060 3156 2548 763
-2803 -302 2906 -1272 961 2942 770 719 2230 3589 -3003 -686 1000 -1125 -4068 -2590 2190 2805
-3794 -4082 369 2917 2727 -234 -375 -25 2788 492 -2837 853 741 -3886 2579 2726 -3170 -1679
-3217 2617 -3575 -2404 829 -3281 787 139 3013 3545 88 698 -3629 1596 1700 -3005 -2171 3990
-172 -41 -1927 -3076 1396 -1975 46 -2806 -2101 1689 -3116 -3426 -1906 3747 -1967 -857 3078 -2227
3495 1278 -2308 -3253 2216 -2470 3554 -2181 1008 1345 -2574 -1082 -3778 38 2288 -3182 1035 -3210
-791 -1331 -376 1739 150 1148 -1583 2095 3516 2025 -3446 2656 560 -1716 -3402 2864 206 2838
497 1780 2861 1228 -2835 3583 -2777 3168 1342 303 818 3887 2693 2701 -2927 1922 -550 -2314
2619 2982 140 1494 3003 907 3898 -3071 -1352 -3581 -1492 -2434 -2464 3706 3076 2691 -86 -935
-2103 3950 -170 -802 -2263 4044 -308 2202 -3545 3710 -2881 3446 -1786 -798 -2388 -448 2440 3852
-4065 -3882 2181 -3295 -3890 -2083 2249 160 -3456 -2816 2113 1249 1992 -3894 -891 393 -2927 -2809
-2145 534 363 -2370 -461 -638 2757 3247 -2066 2280 -808 -141 -3257 -4020 -649 -4079 1422 -1445
-2907 578 82 3154 -2814 1840 1292 -3351 -2817 -2614 -4059 1354 -1558 3494 1089 1832 1478 -3710
3817 -302 2294 -2501 3955 1125 2226 -3222 -1719 -242 -1195 -3448 -1419 -2742 2927 2463 -120 1358
694 -360 -569 2674 3515 1 -854 1195 -1677 -3962 1972 1818 -1138 -3630 398 679 1700 3103
377 -3661 -1233 -177 -3054 -1587 -2483 -1405 2140 2182 3934 1884 556 77 1393 1469 -1326 -1446
3442 1309 2326 -3416 573 -1936 -1639 776 1906 -3689 -3997 574 32 361 -798 3113 2620 2379
-1757 2050 -17 -1202 -665 -3668 4005 -2588 257 -1269 3075 -2002 -3697 2678 1172 -1081 -1683 2870
2139 -3794 -367 -2804 807 3002 -3414 -47 -2371 -1502 -626 2084 208 -1909 -1282 -1494 3790 -1743
-2891 1875 -3978 -3936 -3637 -961 2622 624 1121 -1115 -1898 -1114 3757 -3244 1248 -2166 2110 -4034
-673 -983 -860 1686 -3892 2899 3167 -3331 -294 -2763 2341 2491 -387 2423 -2454 -1768 2817 -3078
1863 -3163 -1802 530 683 1981 996 -666 1756 -1798 -2594 -1714 -2748 185 -1589 -54 -107 2762
-1632 -1273 -197 -3315 -1715 2165 -4068 -1741 3980 -3476 -2136 3985 3449 -675 -3780 -1545 -2565 1434
2255 411 -2569 -1358 -773 -3295 -412 -2748 -3773 2968 -3811 -2936 2492 2471 393 71 -1793 1966
-1510 -906 -1694 -3062 1934 2902 -1392 3163 -1262 2865 -920 -3858 1054 3221 45 -2792 -3268 3633
2313 451 1670 -1225 -2851 3828 -3833 -1714 1630 2406 -548 798 2447 2363 51 -927 2938 3768
-3818 -892 3652 2575 3066 -797 -3440 835 2867 1931 -215 1805 -2777 -3183 12 3549 -1193 3054
1460 488 -965 3589 -580 -1725 2280 -874 3533 2319 -115 -2977 2535 1722 -1099 -197 3816 -951
3430 -3365 -1420 1203 -2035 -2040 2339 -2730 2601 1912 -3067 2406 3815 -1736 -2452 -2931 2667 -3176
-2792 -3722 513 -2375 3996 -3709 277 -3685 -2773 649 -1028 -568 1436 3999 391 3714 -2088 -3593
-901 -3949 3710 -2358 -2633 1938 -3084 3930 -1974 1498 1700 4092 2121 3055 3762 -3271 3449 3215
1501 1519 705 574 2758 -3680 2941 -3213 2178 2479 -111 -3514 2939 -3896 3920 -2888 3229 -1210
-4033 -3445 3035 945 -3183 1441 769 -2477 -2167 -1544 2512 2245 -2910 2596 -2957 687 -2173 -2699
1340 3190 2252 3207 -1346 2320 -3149 395 -3293 4064 3167 -1791 3552 2977 1844 2057 1215 -3225
460 -681 1315 678 3801 408 689 1367 1484 3203 3133 -737 1865 -1177 -1009 -2935 -2181 1615
3183 1374 -225 193 2445 1786 -2950 758 2475 2488 -758 2232 1184 -2955 2320 707 -3154 2324
-1552 1980 -3432 1320 -2996 435 2848 916 3849 1341 959 -2991 25 3860 -1350 3890 -2038 -2737
1664 -2352 3441 2340 1119 -3995 2352 -2493 3713 1491 -2960 -844 576 -2378 -1669 -3505 4038 3441
-1935 2241 -1026 -659 180 1317 3536 -185 -4036 1568 4030 -4056 2466 1439 -324 2330 537 -3307
3934 -3201 -2020 -3245 611 3967 -3078 750 -3712 -3676 814 2103 3455 3180 3982 -3658 -2377 2815
828 3654 2243 -3610 -1421 -1089 672 2774 -3042 -1764 1025 -3946 578 -1712 2313 -29 2876 912
-695 624 -830 -447 3852 -1798 444 -3742 -1020 -1707 -1032 -613 45 1449 -3437 -2867 27 -3672
-2479 -3785 -2175 -1319 3242 -2001 1300 2297 702 1376 -827 -1175 -1787 2983 -1740 -1885 2265 2162
-2679 1232 -2857 -2376 2197 -2972 1275 -390 2628 -61 -86 3551 -934 3335 103 -1835 -127 -2869
-642 3137 3510 -2302 -671 -3631 753 1259 3302 -3774 3365 -2802 -2220 3150 3222 1602 -3793 546
-648 1746 -2320 -2210 -3105 1189 -3980 4010 767 -1154 -1463 -2590 -1851 1603 1479 -64 1705 2150
-3845 2602 240 -3003 1876 -1271 3360 941 3137 1438 2263 1897 119 -370 491 732 803 -943
2267 -1875 -30 -3752 -2416 -635 2695 -856 3691 -2592 -1604 -494 -2641 -3101 348 2808 2340 -1456
-575 -3930 2598 -1669 -3914 300 3054 2912 353 -2078 -1484 954 -22 -3491 543 -1743 -537 2832
-2419 -872 -842 -3471 -1893 823 649 -3166 -630 -1742 -2212 452 -1296 228 -1380 -1339 -3525 -2959
-3390 -828 1148 3648 1952 -1271 1936 3494 2196 3978 1418 -882 3956 -2560 -135 2862 355 3462
-910 1765 -410 3546 -517 266 198 3351 692 2782 -679 781 -4002 -1143 1399 1835 3620 1315
-1049 -2578 2118 3547 -650 -1307 1536 -3556 3709 3149 2771 1220 3621 -2764 3090 -3451 128 -1242
-3131 -726 -3982 -900 -1580 -3049 -1431 -3027 3218 -324 233 48 -3703 -476 -1052 -2182 -2154 -1388
990 3189 866 564 2546 2342 3873 3540 -627 450 1696 -3922 -3827 2797 -1878 2120 -465 -3971
1712 -3735 -1216 -1590 3034 -2298 552 -1892 1097 91 -1461 3990 3520 -3320 1570 3399 2706 3636
1478 2226 -28 -3113 3881 -900 -1986 1274 3388 3483 874 1568 1742 -1373 -852 -3923 -434 143
-4040 1630 2888 -3529 2314 3044 -305 3887 9 -141 -3180 -2203 -2701 -3980 -1301 2077 3484 3397
1936 -85 -1525 3077 1856 -2918 1995 876 3108 -648 -983 -1858 -2299 -2519 -1876 -2109 858 -52
3948 -1575 1568 2094 177 -3826 130 -2602 2788 -947 -2222 1423 1485 -1635 -4014 -2407 -3541 -1174
1612 -3501 -2419 -2586 -2815 3207 -3447 2421 3544 2366 313 -213 -2448 1316 -3053 -941 498 3451
-259 531 1601 1189 -309 -486 -530 51 -3335 339 -2048 -624 -3136 447 1681 -1488 -655 -953
3383 3162 -1490 -1106 57 2427 738 -1648 -2660 -2292 157 -405 -1800 -3324 1834 -2626 803 -3874
-3577 -1227 1712 -1996 -863 -2585 -3538 473 -277 1697 -1726 155 1849 -439 1433 -3461 -1414 321
154 1929 -3158 3309 -2321 -1204 2992 1084 1759 3501 638 -1977 -1413 -1910 -3461 -3593 -371 3769
1862 -3634 -2196 449 205 2729 1167 -1280 -1110 3238 -3079 1394 1998 1289 -2451 -2798 1679 2109
-2691 2221 -1810 2786 -929 -3226 -2245 -280 -2921 2736 -1271 -1604 1906 1519 -2963 -1915 1356 3215
-3188 1906 939 -58 -125 281 -3288 -819 910 2783 -477 1215 2966 889 -3754 1786 -1802 2164
-218 -1259 2208 2011 -307 1887 -3180 730 -1963 255 660 -2428 -413 655 -441 3989 1737 1624
-2938 -419 759 274 -996 3999 2350 2619 4032 -101 3981 3838 2411 3086 2534 -858 -2318 -1444
2923 -97 -3844 -2383 -729 1042 3393 326 2623 -2805 -2784 3756 -3301 1825 -1674 -4055 2107 3021
3287 2337 -509 -1487 -751 1692 -1483 2690 -2831 -566 3155 -3838 -142 1698 -3640 -2695 -2779 -2153
-2343 -2987 3316 -2234 -2698 1610 -1734 2385 720 -1141 2580 2872 3268 1927 -474 1600 -2032 2633
-1400 2936 93 -2990 -3288 -319 2847 -3565 -927 1514 3634 -1033 3822 229 -1186 -2066 -2255 -3
-3689 2457 -1865 -736 1310 -513 -219 3398 -155 4044 1381 3798 1992 -3793 3111 2600 -2532 -1996
2226 2315 -4 -1340 1281 -1428 509 -2268 -1474 1784 -2648 -2551 -393 3043 -2763 833 3767 175
-459 2535 3687 -757 -3089 -3803 1275 957 -3424 1674 -3340 1957 -2945 -3339 1842 4038 -1638 1790
3478 3938 -3204 -1015 -13 -2262 1447 -2352 -3511 -2953 -1054 2188 862 923 1862 -1106 2719 2625
820 2330 3143 -305 -3322 774 3308 -3604 -1638 -3491 3401 -245 -1108 -3156 1889 -1784 3581 -3918
-2576 -2094 80 876 -214 -978 1583 -58 3023 3710 3717 -3907 909 3491 2823 1591 -2130 -3355
-1937 78 -2794 -12 2174 -2760 1691 -1037 -284 -329 163 -2923 469 3110 -233 2123 3988 1545
3737 3716 -1615 52 2601 753 -2268 1918 1524 2282 3641 2054 -3953 3033 1865 -1780 879 -3656
2367 2894 3015 1174 -3851 1801 1184 2116 1110 -2446 2889 242 -3483 2512 1821 -11 246 -3546
3473 -1137 -1708 -163 -1129 1745 -2914 -238 3403 3719 -1780 2278 3324 -4046 2286 -2708 626 -4077
-2929 3212 -1127 848 4049 2205 -2197 -3298 -844 -1300 3124 3574 2963 3809 -3544 3055 581 -1855
2869 -1262 2820 3297 -3767 -1847 -987 3211 958 3419 -1634 1368 -707 3712 357 -4051 2766 -524
921 3252 3419 2345 -2188 1667 -413 -249 3608 178 269 175 -3026 -2794 -1900 613 833 1025
3302 373 -3064 418 -2375 1071 -3489 -543 -1080 2296 1067 -3119 -2939 -1688 1023 -575 1022 1646
150 -1339 -1239 668 537 738 -3993 -152 1596 -2363 1137 647 -3034 2042 -632 -1942 -1753 1750
-3604 -1880 3907 -3380 2742 406 -367 -1435 -2051 -26 -1449 1994 -201 1863 2829 1750 -758 -3787
1575 444 852 1713 1188 311 3219 2608 -1660 3415 3469 1662 -1805 -1070 -422 -2115 -3745 2277
939 -3212 1864 2001 -3720 1191 -2832 2012 4067 270 -308 -1306 -1146 3143 -556 -1399 2552 3623
-3943 -1830 3001 -3813 -3027 -1629 -2980 3469 -2593 317 517 -2197 -318 -2568 3399 -3414 2563 258
-1478 1000 1821 3074 -3095 541 -1853 2073 2848 -432 -3662 -1133 373 1636 72 787 -1625 -2047
2547 869 -2478 2161 1884 -1851 -15 -2389 637 202 -1234 3155 1909 3040 2178 738 2353 -3259
-2519 -3634 2787 157 -675 -1338 3921 1058 -3091 -1790 -279 1616 2844 2204 1449 -3542 1234 2820
-1570 1296 -2019 -649 3238 299 3583 1673 -2735 3926 3989 4046 -1922 3500 3716 -3973 -990 -2148
186 -474 2374 1156 -1919 2200 3241 2553 -3618 -2648 -2271 -391 -446 544 3797 2507 1932 -823
-3506 -30 -3233 103 -443 -3250 -75 486 -2219 -953 477 -2179 2158 317 188 3560 -2268 -510
-3244 -3900 -321 -2439 -853 -1315 -3284 -3617 3582 -3168
