1022 -356 -897 -84 411 -120 -965 424 -528 501 947 -18 568 104 -846 -734 632 -284
-236 503 -87 -683 -380 -750 -772 201 988 -45 -390 167 643 -179 806 295 -522 -873
263 81 -52 968 -712 -314 624 -810 -438 379 200 -627 843 -552 -236 0 -621 -718
-705 -881 -95 299 -282 719 -161 -503 340 164 -541 -950 943 685 790 -311 409 -665
-148 -349 -887 541 478 533 -1008 -229 -872 -75 349 -479 -425 786 -463 153 767 -970
888 -862 359 -241 -8 568 203 -968 776 986 -1015 43 1000 435 -778 595 425 703
-503 260 -996 782 -875 977 493 611 470 342 -962 644 -736 462 994 98 -697 937
160 -147 954 871 -354 583 -162 1016 573 33 381 222 -320 502 792 -169 -63 -277
-836 -60 510 788 -206 -868 907 -28 -182 29 -80 365 747 -504 -314 -29 455 657
-437 94 -41 1005 349 -922 1003 -117 -521 829 158 91 -237 -909 453 -157 15 -322
-823 960 382 647 -506 904 940 861 389 662 -228 -130 331 170 -210 203 -139 -1014
-179 -400 -406 477 -323 589 -661 416 871 424 937 -828 -37 -983 60 -28 -837 132
285 -330 485 525 -120 5 -107 -417 991 746 929 -391 -137 651 846 627 -418 414
-579 802 -114 756 -173 206 -606 62 605 609 -402 -924 -732 -979 920 652 424 405
671 -189 -153 233 -421 -825 834 -880 94 -15 -535 227 -909 -299 -796 501 -936 -409
-342 102 -473 106 -554 177 891 -289 991 -1006 960 -461 -128 -429 -63 892 -249 -63
213 -9 751 -389 491 -262 223 -397 -881 -59 862 834 90 68 -384 820 -273 539
-578 -349 712 -204 850 774 796 -241 -711 -801 792 546 39 -58 -341 -912 -829 -26
799 -861 -200 -1006 -547 246 -614 963 -155 -226 -726 57 -779 106 722 -1022 -268 -127
-223 29 -394 199 480 530 26 737 -576 539 -400 104 24 -838 569 42 -715 -267
707 -720 -703 114 -887 959 571 696 111 -852 785 214 477 -987 -978 -342 -555 -701
450 778 372 -86 -1021 -987 510 88 399 290 -836 785 91 141 236 -648 321 -374
533 312 -372 564 -806 -392 438 -658 -857 957 159 -451 -893 -855 -403 -735 280 -855
100 -124 -399 -266 770 393 -154 276 -143 -368 320 276 -569 901 413 -807 -978 623
233 932 -193 591 -79 -213 986 680 261 -674 -342 -528 55 76 410 539 -995 -713
909 666 -456 50 633 748 -25 -628 -961 -737 1006 -467 -395 876 -360 71 357 73
667 393 -382 -1021 -727 -1014 -376 849 -191 836 -103 -497 -355 594 -112 318 -909 170
697 982 -951 -346 853 335 283 -252 502 365 798 -327 808 99 -953 57 635 -357
-524 914 -174 865 -539 126 915 446 -824 957 162 673 -873 -773 693 960 269 -408
-264 -428 115 876 -887 -778 -267 -115 -829 1000 723 728 747 771 942 -736 -106 -903
788 -726 0 -49 183 -719 -604 -979 100 480 -461 349 -992 -743 80 677 135 437
-706 710 -556 411 946 -923 930 837 -970 -495 481 22 799 -716 -767 180 146 -223
-60 161 688 907 220 -420 563 -96 -345 318 -562 -769 -215 621 -917 994 -332 507
691 928 852 -609 1023 211 -169 541 762 -917 281 -819 575 727 645 -441 292 -344
-448 938 -769 -583 -757 -95 795 -933 357 98 931 -626 972 -1020 449 935 -566 66
300 159 -491 -228 -650 313 -1007 -670 827 598 -811 -873 -99 939 14 -692 -487 -227
-266 836 293 -12 912 162 -577 328 664 328 -486 -315 -478 975 994 -248 868 311
-484 762 467 161 762 318 -565 70 500 259 -759 252 -444 892 -178 -653 -485 -188
313 637 -305 -808 974 418 569 -127 -321 804 -634 476 -48 215 -582 328 -618 -261
560 -140 -65 -944 329 -680 815 -323 -121 -308 -962 -593 -667 517 -719 -127 -982 571
871 807 -548 167 319 863 184 817 -226 -862 603 1020 454 795 724 279 74 486
1016 -108 -60 202 -731 315 -212 448 -78 51 391 890 -925 -72 155 557 -514 -700
-378 991 354 345 87 381 -177 819 22 498 24 -370 69 129 -611 -285 -188 931
930 -191 -829 -592 749 520 -115 -901 -177 -49 -539 331 -804 158 -334 -445 -858 -280
-570 656 -737 -186 374 687 -398 -905 969 -551 -236 685 -653 -503 196 395 -790 960
581 -1 -45 719 -509 322 249 344 498 -443 290 -408 232 684 -784 321 408 206
-489 -321 917 949 557 -543 -390 671 -688 245 911 -752 713 -900 -475 721 552 261
722 -233 723 361 510 510 -900 620 -561 -67 -352 -712 -55 168 -665 464 -393 366
-500 720 -213 -348 283 -85 -951 767 -820 -346 -967 889 -607 1005 338 140 -84 -297
-259 -41 -357 688 -964 -663 -291 -935 -3 -17 -487 466 -180 -253 -708 -736 452 -284
598 -91 -908 204 -873 -185 -145 819 136 661 -423 295 -263 -714 40 -998 -862 465
-426 -187 -783 714 -65 -5 -483 -269 -120 532 213 900 -990 970 449 164 -298 43
-235 420 -15 888 115 -437 -8 168 885 -419 510 847 752 -849 -128 -734 866 757
476 614 673 928 478 -889 -718 756 352 -509 -162 -857 -142 -243 -915 -186 813 -509
560 669 -634 788 792 611 -451 580 -727 613 -929 787 -4 -641 -412 269 26 -885
582 -900 489 -345 476 -393 617 -21 909 -92 8 -15 977 -818 464 -677 -106 171
-229 -97 990 -510 -470 -938 728 363 964 332 670 -500 565 159 -524 -937
