5949 4227 7477 6919 -4752 3033 -7153 1034 351 3137 -3379 6671 -7627 1071 -3492 375 -6822 3017
-3824 -5390 1479 -5362 3131 -336 -5519 -4465 -1559 -6344 3526 6362 -842 7640 -8086 -7555 -5170 -1351
-7951 6809 6403 -5496 718 6714 -244 3027 7781 7207 466 5623 1064 -5268 -5378 2993 -4885 -1415
-4992 6992 -7867 5352 4947 -4472 4643 -546 -2982 3041 -911 -4856 -690 3025 4569 -958 -3100 869
188 -2088 3327 -6503 5428 -7320 -6638 1089 3387 -6814 2701 7596 6655 -5330 3975 -1083 -6078 -2071
-4242 1001 -5655 -4148 -4128 -4506 -1371 4649 -1110 -8073 6590 -3051 -1310 3080 4861 -4708 4892 5889
4275 2995 6603 -5063 -3865 -1871 -7501 -2043 6042 -4753 -2935 -3473 6203 7442 3498 -1788 -4055 -4761
762 6728 -5028 -4633 -7465 5323 -3019 8021 -6605 -5165 4965 -500 6615 5043 -775 -7984 2484 6081
-7810 7771 6242 -1057 4687 2945 3254 -1101 3078 1001 -128 -5768 -7688 3956 -3232 3695 -6936 5697
198 3828 -305 -2741 -8181 -3029 7624 -6740 -1117 7507 -6120 2175 5249 -1344 4947 2407 -7535 5215
6323 -5718 -1211 -522 -8074 -6669 -6049 -1300 7785 2232 -1854 -3138 -1635 6975 -2705 -235 -1758 1846
1179 -8078 4089 6910 -6925 -380 546 648 2790 -3305 -834 -6439 2607 -2390 7001 1578 5479 2459
-2978 -2383 -579 7425 -6508 -6665 -810 7447 464 1764 -3389 8017 1215 94 -7651 5645 2509 3721
5180 3048 7471 -5971 -4201 2219 5647 7602 -5578 -7710 -4906 -1718 -7597 6406 -5997 -7254 1806 2398
7560 3571 6991 1888 5845 7475 -840 -3122 -6849 -6651 -1856 -7069 -4839 -5423 6642 -7129 -4782 -4430
-2233 -4766 6557 3832 -4202 7979 444 -2743 6969 4252 8168 5215 7622 934 2140 369 -7709 6524
5120 7217 -5824 2733 49 5998 -1351 1235 7598 5206 6281 -4126 2205 -7589 2217 -738 954 5551
6467 426 -3934 1645 -5293 -318 -204 -5545 -4773 6525 3620 6966 4162 -7087 5797 -1053 -8112 -1001
7469 3550 3132 6852 354 -5727 1142 -7746 -6362 -5267 -907 -573 4796 1754 -1996 -6523 -3559 4859
-4145 7128 -4793 276 -3267 -7544 -2060 4100 6180 -7488 -487 -4534 7132 -5589 -6714 7322 895 -3173
9 818 -7124 -2465 -7424 2985 7514 7988 1781 -3713 -4263 -2851 -8010 6966 -2075 2629 4854 -4581
-285 103 -3874 -4446 7484 -1617 -5203 8043 -6183 270 -6770 -3866 -5963 1720 887 -3184 4126 -2968
-1985 7894 -6127 -1191 -7494 7839 -3159 7637 -1778 -1693 1222 5741 6935 239 -3649 7875 1526 8144
-2754 -2047 694 -2739 -7623 -2329 2585 4612 -2544 -2685 -2175 1852 -3390 -4993 1271 6840 2889 5649
-5537 4417 3094 7317 6579 -7740 2472 -2380 -3458 789 -185 -3266 -6572 -6569 -6180 5785 -6005 4079
-1294 3030 -7425 -7878 6085 2909 2552 1212 2186 -1722 2365 3858 -6213 7492 -7113 1639 4502 -2497
827 -7521 -5184 2940 2043 -2030 -4883 -644 -7416 7925 -4403 -1953 1148 2393 -3082 2562 -7728 6602
-5109 -595 -5453 -4971 8172 -157 -6363 -6743 4118 -5931 6295 -2794 -4323 -1546 6202 -7114 574 7979
3174 7527 4646 1823 -4313 114 -2622 -5581 -31 -2674 -7877 1421 6688 4345 785 -5163 2947 -1719
6490 -4744 -7487 -7617 2322 -1370 4562 3665 -7779 222 7491 -5937 5722 -6619 -3437 -5477 6247 -7217
8133 7058 6768 -7429 1545 -7534 -5965 7325 389 -2547 7951 7992 -8128 8028 -6325 -982 -7641 -7527
2402 -355 7230 -738 -2037 -4578 -1813 3244 -7352 -307 -4268 4399 -1245 -3794 -5128 6936 -4978 921
1100 6246 595 -2219 -4204 4678 -3016 2877 7866 3411 3631 -4579 -4758 7802 -1606 2716 1582 -6529
4954 -4393 -3132 1555 5688 -3705 -1666 -854 1997 5854 -4911 968 -4660 5875 -5634 6419 -2031 2008
7645 2283 -5953 3398 -312 -5197 -7043 4084 -4450 -6230 -2868 7818 8181 -5768 -6526 -1490 -1948 -6840
3681 -3912 2531 4749 7643 1670 7524 -2969 4575 4589 -6031 -8037 -6691 2635 -6152 5952 5335 -4936
-1476 7420 4775 -1962 -3624 -5655 1869 -7094 -1047 7949 -2446 4422 4957 5261 7415 6338 7002 -3488
-4415 -1079 6856 -6729 -386 4970 -3335 -6911 -1618 1234 2934 5255 695 6901 3306 -585 4899 2019
-6870 -5380 -4108 -4161 -4516 6724 6687 -186 -3258 6183 1326 -4083 -5449 -2652 -527 -949 -7152 -5506
2903 -7088 -276 5705 -3209 1937 -6162 -3577 -4461 -3228 -2903 -7067 -3483 -5821 6313 2726 8048 -308
3490 -6112 -1408 6477 -5967 3675 -966 -6408 -2356 -4131 -7969 6063 6733 -4225 548 -2176 923 7800
-6869 -4947 -271 -1280 1690 -1178 -3766 -7797 3806 4374 -404 685 -1926 -1704 -3567 4003 4741 -379
-6607 -4243 -5810 6122 108 -4464 -255 -6245 150 -1155 7830 -5664 -1443 -7789 -3392 6215 -3052 5304
-5369 -7583 1184 -84 6405 -509 -5502 -6443 4033 -3772 -2565 4564 -4313 6156 92 3486 -6754 1862
2671 -1728 4553 4017 -1024 -4290 3681 594 7812 -613 4648 -1913 3307 -394 -4599 440 -3453 844
4941 -1875 4865 -6943 -5122 -7561 -2635 -5706 -4267 6410 -4666 5429 -929 -7310 6566 4465 -6994 -617
5019 1412 -3781 -3651 -4762 2709 2905 1421 -3828 4472 5076 7376 195 -5391 4650 5046 4095 1171
1504 -3374 3986 3147 1028 -348 1793 3189 -5436 1231 -2841 -3414 5408 -5904 -3969 4886 6357 4866
-6571 6791 -1977 384 -5624 262 4767 -7923 -2248 -4323 -1007 -5178 7053 -6220 2079 -3525 -7192 -5989
-4052 4089 1698 5027 -8190 -4668 -6909 4714 4758 4958 7613 1717 2277 -5368 2725 -1676 1250 -1917
-7307 6756 4765 -6703 8114 596 2419 -6274 4545 2563 3949 6804 5385 -6234 2235 7729 2367 -6910
-692 2737 -2863 -8134 7811 2184 2155 -5848 -2273 -5968 7596 -4769 -4316 185 -5402 1236 -4606 -4990
1543 4379 1223 -2173 -3921 327 -5504 4036 1866 -5006 -2901 1135 3433 5333 5590 -3585 -3805 1434
3163 7697 -99 7470 2869 -6944 -6978 -2483 1788 -1464 -4113 412 -3839 -8060 -2036 502 2688 5752
6248 -699 6664 8109 -7936 5121 -4885 -6185 -3145 4450 -4394 -7154 -5938 -6639 402 -3170 -2970 8080
7902 -7557 -6356 3649 -4510 3921 1059 -5120 6605 5944 1426 -2710 2322 2307 2820 1980 4285 564
2683 -2724 -910 -2163 -326 -7443 -130 2882 -4955 7969 -2658 -3375 -1575 1808 -563 3685 -4532 -5823
6470 -3075 6937 -1725 6300 4103 111 1527 241 7623 -4970 1141 -3245 6460 -4587 -7806 49 -4939
4870 -5191 -3837 -1021 3965 2126 -3601 3917 1291 1138 -6731 -124 1393 -2738 3487 -6549 2659 -1880
4003 -2990 -903 2085 1169 -4759 815 -3790 6266 -3926 -2019 -7304 -6367 2673 -2253 -6135 7830 -2894
-6613 -3297 4602 1722 -4845 -7556 1609 -2374 -1551 6766 -7326 -4415 2453 4979 4883 6012 3967 2679
-1945 6793 -2329 -6729 2281 -415 5864 66 -3535 7657 5072 -4573 5488 7601 1920 -5356 821 -8005
-5376 1517 320 7914 6942 -1370 1150 7970 -3515 3307 -5852 -2323 4441 5488 4837 4560 4559 5063
-171 -7611 -1331 -2329 -2984 -449 -3211 -4535 5314 2408 3155 -2638 1299 -4367 6632 -4721 -5555 3322
-1458 -3592 -4884 5043 3 594 2565 -1531 7130 -5226 7296 2527 -2 1833 -6032 -6598 5660 103
4744 3221 690 -3391 3521 -3013 3959 4734 -5878 3330 -2335 -3550 1826 -49 -5421 5735 -5475 -3430
4198 -5395 8173 -3543 2773 2410 -4179 860 3972 -6753 -7442 -475 7467 4040 950 -3052 4127 8141
-7263 1162 -4672 -1283 4745 -8045 -7939 1642 3957 -8118 513 -2053 7557 -5128 -7422 6141 1808 6844
-991 -6797 -1825 2281 -3974 -4371 -125 2025 1614 4622 4311 -5669 3150 -3148 -5228 2748 1536 -7504
-2295 6469 6478 -2258 -4869 336 5933 -8011 -2149 -1551 6505 -2870 3489 6438 3981 -4045 -2423 -4308
-2832 -810 228 2922 2521 -4547 5342 -4848 2515 1719 -4911 309 -1777 -2275 7675 -3904 748 -5329
-1178 8134 940 5272 -815 -8021 -2254 1685 -3114 -824 -6414 5166 -1760 5318 4346 799 7108 -1393
-7647 1367 -832 1750 -700 2843 -8055 3160 -5698 8135 -7979 -5467 -7445 -7374 2153 -7536 -7471 4523
793 -4536 -7698 -4956 -5151 -250 -6624 -2582 -7399 -7585 6830 3981 -2343 -3785 2934 -3484 1901 2642
-718 3365 -3598 -1397 -798 -459 -5366 5272 -8101 -1540 5050 6800 4590 4081 -3477 -1299 -7886 -8134
6644 835 -3346 -3095 -5914 2711 2592 2531 -5419 -2743 1072 2660 1502 5289 561 -3303 -448 1070
6477 -4633 -1523 1599 1106 -7088 3853 684 -4006 365 1208 -5954 7826 -2917 5192 5862 -2770 -6480
4348 2581 -1692 -3097 620 -2391 3234 7261 6917 3326 -6440 -711 5285 2984 -6185 1122 7507 -7875
-1562 -3854 7702 -55 8039 4644 1525 -7201 -6748 5898 -7409 -3758 5812 -7998 -3120 -6276 -7028 -5799
-1453 3896 -6367 -3756 -1065 -7051 -6215 1481 -2471 7517 4944 4396 -2479 4405 3624 2213 5768 -7992
618 -6118 5143 -7564 -7174 3789 123 -3095 854 -4444 -1067 -3216 -5714 8191 317 735 6142 3145
-4282 5681 -7320 271 5772 -4175 2191 7623 -1926 3021 -4050 -4560 23 7821 -328 -7341 7952 -7007
-5849 -727 6338 -5615 -5913 5848 -6786 2195 2268 -6241 -2080 -129 -6768 -5563 3654 -6312 6776 -688
6772 -7417 -2457 -4679 -5823 4263 -3829 -428 5241 7167 -1117 7633 -5930 -2934 -6463 7517 2583 2349
-2245 6630 -191 2957 -7123 -5638 -3859 7419 6184 584 973 -6388 -4223 -7476 6468 450 3498 -381
-8164 -5783 978 -4137 -160 -6655 -7553 -5221 1371 -6573 -4005 1202 -6991 -3934 -8155 -3504 -5743 -5376
-78 -5419 -3814 7482 -1506 1368 3278 -4494 -6381 -3126 7217 72 304 1963 1661 -5706 -613 4986
7807 -3210 7840 6834 6805 6174 -1142 -7573 -5441 -5677 6009 5271 5856 8078 384 2035 -4326 -5089
6082 7801 -1986 -8018 -6205 3212 7790 -770 1481 -1355 6105 -4303 5493 5125 397 -6846 7517 -3298
-8073 -3564 8160 -54 4216 -6107 4876 -4284 2982 -5153 -3667 -1765 5025 8075 -148 -3408 -6385 -5404
-1499 -7335 3376 68 4684 804 -7770 -7809 -7048 -2501 -5571 1608 3591 -2336 -7947 -6572 5875 19
-1008 2298 2739 -5416 7765 7315 -1462 4110 -1690 -2202 363 -7938 3125 1079 2253 2161 1963 -893
8075 1661 852 -3516 -6731 6365 3137 2927 -7693 -7684 -2046 -3835 -937 -8051 1466 5048 -1983 -5672
-2206 2129 -6292 -1901 -4839 7570 -4072 616 -4953 -4658 -8111 -6627 7954 3610 -6052 -7099 -4517 7459
-2494 -2892 3408 5017 3188 -5513 5011 6216 3485 -1926 -2133 -1596 6024 2246 4413 4028 -6360 -1942
-4752 -6668 8131 -5643 8022 -3382 -4286 155 5786 -1167 -5743 -2563 -6613 -6206 5425 7294 1307 -6228
735 83 -3170 -5051 -5538 -1763 3606 5758 -6560 7720 -1952 7544 2448 -4261 -5346 3694 -6461 -7003
3383 -6065 1589 -2507 -7305 -2838 -7681 3883 58 -7740 -7271 -763 -678 -1399 -887 3480 -5613 1820
5162 -4676 -2255 -4273 -7015 -1404 2874 -6615 187 5926 2262 -281 7530 -1666 -3777 -4733 6078 -213
-4901 5352 4729 -685 -7170 -6963 -7029 7432 -3651 -5866 -3388 -2489 6888 3316 -4457 -1126 4908 -3177
5129 -6054 -1469 -6029 -8005 914 6992 2368 7693 -5756 6239 -5240 -1932 -4670 3068 8146 -555 2040
2791 5247 -739 7502 4088 -1483 -7964 6244 -1005 -5135 -200 -7685 -3008 -837 -1915 -5072 2027 -4871
8099 -7580 -5827 -5792 1280 -4166 -7792 5506 7909 -4546 3085 1034 -5915 -3936 108 7810 -2974 -1893
-2109 7884 1086 3060 5508 7219 -4703 -1501 7837 3615 6110 1160 2217 1632 5513 -1188 -5294 1319
-3944 292 -575 -5991 -7253 1762 -5563 6644 6781 -3379 -7679 -1416 -3217 944 -1329 -3649 7206 -7428
306 8163 869 -2217 2169 5416 -1556 -5654 -7439 4428 -894 -4031 3136 -4994 293 3272 -4120 -5140
340 6133 5586 -7178 7026 1026 7959 -5628 1365 -4779 7375 -2062 -5647 -5763 -5359 803 -5093 -6439
6663 -5830 -6017 3798 3892 -2974 -3937 -810 -5951 6469 6400 -1111 3321 -3935 5242 7097 -4113 3697
-2406 5062 -1754 -1845 5932 -436 4985 -8121 -3856 -6787 4370 7190 -2731 -4113 -4739 2999 -4243 8146
6121 -8124 -4107 -2337 3970 -4254 7290 -3894 -1047 4571 7085 -6542 3018 -4149 -1851 2972 926 -911
-2041 6488 1665 931 -2438 5887 812 2786 3750 5083 3852 -6137 7305 867 6531 3990 6807 3615
317 -840 -3607 2351 -2645 -2880 -2172 -6556 -4453 2150 -3895 3847 -7177 5273 6392 -1217 3995 -6932
480 -2038 -7341 -1622 2469 -4636 -789 5001 -86 6666 630 1790 -3428 3165 -3932 -1748 413 7133
1329 2162 -5488 -7213 3987 681 -4230 -1139 4513 -5398 3349 -1340 -1413 -3836 7289 -866 -6791 7312
6628 -3253 -6324 3492 -5471 -433 4918 5407 7189 5467 616 1696 -2576 -1575 1907 1559 6501 259
6120 -3337 1962 -5968 5652 -3323 2417 2219 1235 -305 4504 4799 3986 -3652 5367 -3243 -3997 -68
-3774 1201 7736 4764 7449 -6435 3393 -3845 -1231 -4571 -5277 -3886 2714 -1479 -7473 6065 3632 -6156
3265 -5490 -6879 -4167 7769 3889 -4462 -7562 -1643 334 -3469 5958 -5019 -716 -5789 -1096 2030 -7652
7609 6310 6626 -4577 -74 -571 -3595 5574 -6462 -6728 -646 6463 6623 1245 -7394 6442 6454 5295
-5950 3343 695 3521 3442 7533 3049 -7580 -7803 880 -5418 -5145 1741 -4032 -6132 7292 -7425 7663
-3117 -6210 -4579 3096 -1937 -3133 -6371 2563 907 1265 6300 4221 200 -2474 -2113 3404 8031 -3927
1824 -7619 7409 -3601 2039 -1578 3950 6080 -7350 -3156 -6109 -476 5449 2642 2522 -6893 1229 -2835
-5066 -4448 4331 -6557 -6647 -6221 -332 -5075 6377 -4754 4357 3789 6109 -7890 -2925 -2592 797 -722
2544 -3641 -3324 -1078 -2088 -4859 -5101 -7330 3960 -6357 -2524 -5943 -4866 -1176 4267 -1390 7707 5310
7721 -6490 -1835 4569 174 -4932 -5046 -1418 389 -4266 -2627 2169 -509 5476 932 -6487 -3225 3719
-3862 -6416 -7183 3055 -7616 4699 -4352 8163 -4192 5291 5731 5597 -7199 -6785 2756 -2737 -907 -3798
-1749 259 -3264 -7383 -3156 -6875 -876 5168 -4301 -6698 838 -545 -3987 124 3316 -2545 -7729 4510
4177 5066 -4924 -3736 -6233 -34 4081 6341 -5778 4868 3243 304 4360 960 -6798 4361 411 1483
1954 1693 3337 7462 6723 -3130 2315 1740 3049 -979 7277 -1785 6595 -6098 3683 7514 -5693 -424
520 1569 -3605 -2673 -6152 436 1714 -3631 4098 3394 2711 7570 -6895 2370 6335 4549 -748 -3711
-6967 7801 1831 -1320 -5710 -6627 454 6267 -7711 7520 808 2800 -7597 -7751 -583 -1381 4833 -1922
2737 -13 7599 -5965 -6951 6995 4016 352 7506 -399 1110 -351 -2906 -5788 5718 7988 -7730 -669
-4200 7376 -3722 1809 -3524 6395 1877 -7568 5317 -3954 -5205 -1425 -5269 2005 -4399 1571 -1931 345
3324 1431 -558 -3782 7190 -8134 -5700 -206 -4683 -6414 6272 2362 -4302 7122 1392 -1843 -3603 363
-6936 7362 -6754 5051 368 -1572 -4397 -4927 5657 -7205 -7288 -2388 -41 4426 6116 -4685 13 -1055
1296 4993 -5566 -130 -3021 5711 -2341 2511 -2167 3466 5392 3219 7073 3631 -2567 1146 6837 -1862
-5464 1702 -987 691 3971 -6447 -5620 7660 7849 -6135 -6397 -184 -7302 2585 -4620 -6354 -5826 -6776
-6634 -4702 7928 -6088 -2809 -3089 2635 -6997 6406 -512 898 1510 5456 5452 5310 6641 6804 -2194
-2500 1275 -2672 -3506 449 3865 -4659 -4099 5927 7848 7795 5153 3075 4437 -3248 -4852 -8080 1462
5086 6755 4853 1941 -6510 -5246 3482 -3894 -2524 5977 1544 -3901 -7401 4112 2773 3232 -5303 5167
6129 2559 -3659 -140 -5074 5714 4166 -703 -1560 7401 7638 7857 -4909 7569 -3514 -2482 7905 -2600
4788 -1192 -2476 -4374 4065 5827 1754 538 158 7105 -4121 -6654 -7573 3576 4623 5694 2608 -2221
5535 -6182 -4322 -4241 7228 7239 -1635 5814 6069 1290 -8081 -6385 8164 -5642 -538 7207 450 1033
-6336 5486 -7799 -255 -4063 -3163 -5630 4964 -7127 5132 -7442 -5284 -8012 -5316 -6000 -7164 6318 -7791
7768 7540 -4968 -3263 5804 -5272 -8049 -2547 2514 6258 6807 1683 5625 3566 -3342 -192 -7577 4726
144 -1314 8122 -3827 -5193 1229 -160 -1317 -3919 -1836 7187 -2668 7341 -2934 -4722 -6027 -4422 7281
332 6635 -6439 5803 4735 -4140 -4801 -703 -1265 1114 7082 -5606 6087 -7807 4834 7824 6565 -2754
-6582 -5981 7739 -4032 1949 1982 2366 -7858 -818 -3266 -1743 -180 2552 1135 4392 -3109 6529 -6577
-3649 6300 3149 3282 6933 -1772 -993 5601 4609 2852 6666 5601 599 -4036 -3306 -3603 -1964 -3826
1261 2464 -5339 1525 -4924 4753 -3434 7676 6727 -6307 -7723 -2438 4284 -5030 -7834 -2734 -8133 3053
544 6107 -7932 -4997 -7321 -6043 6908 -7691 -6556 3147 -7346 -750 2173 7369 6676 -1506 7898 7247
4675 -3735 3343 -1395 3481 2909 -3866 -1781 5822 6705 7494 -7562 -7303 6965 7749 -6535 2314 456
-8116 3141 -4947 3565 -2978 3503 -1498 4213 2954 3318 2693 7897 -7308 -2271 1279 6311 -524 1278
-7195 150 7662 -4908 -6213 2873 -7370 -2418 -7556 -6834 -104 1197 -6934 5040 7939 970 -2032 -4368
-805 4781 -4908 7291 81 5401 -5193 1911 6659 810 3758 -1230 -874 -6311 -4324 -7892 -5500 7447
-3610 1238 -3319 540 -1096 7899 6186 -5056 5972 2581 -2075 5624 -2024 -7135 -3475 5000 -7543 -1144
-6234 694 -6885 3485 1439 1843 -5373 -2581 585 1435 4913 4416 -1479 -4325 5490 -2452 3729 4007
8095 1666 -1004 -3855 -2817 -2339 1344 979 -1606 5794 -5718 -7547 -2949 -3585 1113 7504 -4058 5357
2905 -7169 1967 4023 2659 -561 1564 -262 4770 -7647 -7017 -1699 -1625 -7245 4265 -6938 -7834 133
1180 5608 -7315 2142 7145 -1637 6437 -5146 -4642 -4540 6978 -6546 6219 2829 -3511 5199 1130 -1667
4662 -6156 4047 -7557 6996 3949 -7290 4366 -1510 -831 -7351 3241 -8139 -7484 -286 3358 -3907 6302
3996 2605 6514 -2576 3044 2234 -3275 6542 -1279 -6240 -7298 -4885 -3352 3611 6423 5647 2622 -536
7650 -5562 2162 -5403 6078 4951 -527 6771 -3435 -1682 3714 -5022 3459 -7273 6084 3965 -6873 -7960
-571 968 5378 -5061 1976 -5047 -5618 7316 5849 4730 -8101 5157 -7842 7523 1505 -18 -1133 7747
7275 6648 6421 -2842 -2917 71 4146 -4714 7191 4684 2391 6831 6357 -6383 -6991 3024 2946 3571
-24 -6995 -3314 -5104 -6667 -2690 -5292 -6085 4896 5908 -7963 -2135 5912 -4977 5106 -725 -212 3236
-7078 3349 4774 -2912 202 1986 2887 1767 -3310 7341 5085 -2248 -7289 -6082 -2302 -6543 3473 -478
2029 4103 -170 4690 -4228 2844 7807 4793 -6343 297 3112 -7312 3239 7252 -7705 3995 5777 3938
-7694 -7939 5769 -1719 5232 -4091 4223 1632 -5148 7838 4730 4405 -5460 3981 5752 -6915 -7241 3185
6242 -7263 4166 -5016 -5592 -3718 5345 -4788 -4100 -5990 -4268 4510 3752 -2621 -6176 -2815 -2541 -7943
-122 -5799 4553 -7247 -2706 3736 2502 3746 7537 -2280 7496 -7870 -7735 2714 457 5317 -5681 -1548
4121 -798 -14 -2747 -5731 23 -3913 -2335 8095 2468 -789 5327 1748 -2277 6372 -5393 239 -7286
4855 4016 -6565 4698 6902 -6780 6674 7097 1248 -1326 -3675 7341 170 2722 -1214 3270 -7892 4060
3070 -1166 -5085 -728 -8150 5868 3428 2928 -2106 -302 -6365 -3831 -1753 1106 6486 -3222 936 6657
-1457 -6762 -886 5449 6737 1308 -24 893 3182 1977 -43 -2932 3684 2967 -1130 -690 2476 -969
6394 4988 1954 7653 2520 1347 4818 4588 1954 -4499 8031 1352 3877 -4805 -2929 7186 -6557 -1835
-3726 2941 5766 7001 -6480 -2949 -7162 -3691 8048 -3844 -4394 -3506 4966 -6702 1223 7995 7160 2867
4096 -7789 -6519 -547 -5225 -3009 -540 2769 2117 7595 -6966 1980 -5295 6974 7058 -5638 -3722 100
2816 -4564 -8182 -5305 -4572 650 -4556 4375 -2713 1468 4164 1034 -838 3166 -4300 -2844 3800 -225
5686 4649 4025 903 125 1782 2067 345 4360 -1171 -5110 -2412 7848 6340 5877 -5104 7699 -3323
5712 -823 5153 6733 -575 444 6692 -2608 7739 5225 7780 -5540 6743 -1546 -5448 -4460 -3660 -5904
6975 3776 -639 -1107 3901 577 -2006 336 -492 5276 2594 -149 -1447 1075 -2610 5691 3348 6292
7302 6547 -3300 4717 -2351 4185 -6521 -2275 -1639 -4953 -434 6623 679 -4466 3584 -6994 1573 889
4004 673 5960 5172 427 -4592 1564 4992 780 1078 -5011 -154 6017 -8047 -7217 -6392 7647 -7734
-306 -6350 -7536 6731 -208 -4236 6187 3698 -7320 484 -8138 610 1301 -122 -4622 -1678 -7495 -3261
-4765 -5820 3702 -4713 -1949 625 7170 -7477 986 4325 1963 7643 3873 5574 -3962 -1545 -141 7436
8113 -2909 -3705 -3920 -2360 2681 -5295 -5246 -155 -3949 -2088 3477 -2609 7295 5933 5210 2244 -4881
3214 -1974 -6045 -6927 -2922 4663 7730 3027 -4711 2633 2126 -7251 -988 4738 -3662 2165 -2670 3835
-7778 -5680 6854 -4689 7207 -3737 -4853 4080 -4641 2031 -6398 1913 -869 2766 -7226 2337 -2205 -7078
7716 5930 8053 6323 4597 1333 1146 -1704 -5737 6099 -4668 4402 385 -7750 2747 -1171 -5107 -8048
-7055 -2364 -192 -1177 -5571 -6250 5840 -6971 5005 6777 5179 606 -3883 -1654 1789 7266 -6773 1599
1775 -2449 -6817 2554 -5441 5154 -4484 3868 -7030 2893 6902 5330 -4459 -6712 854 3951 4650 -2852
3131 -6281 -3440 6239 6448 2355 -6620 7011 -370 -2298 1938 -6012 -4986 -4035 2359 -2086 -4785 7833
-2926 -1901 -3985 7287 8158 6172 -733 1413 980 -5893 1514 -7122 -1153 2868 -2254 -4714 6195 6254
-1255 7744 5041 -2666 3169 -5806 2649 3120 4728 3180 1924 3417 -8033 -1477 3586 73 4655 -4728
-6476 -374 7699 5898 7999 8139 6978 -2109 752 -2218 4208 6648 -2129 -6890 2263 -1306 2330 7255
2083 5873 3012 -7664 6009 -5482 -7543 -6956 1441 6623 4101 -3990 5202 4241 7741 7929 -4963 3301
1608 2528 5233 -6415 -7628 7201 -179 1697 4854 2168 -3068 6756 -7021 1293 -7766 104 6729 3778
7579 -2949 -4872 5674 -6995 -2930 -6769 6167 6508 -4647 7600 975 6547 -7013 4197 -3876 -7028 -6019
1275 1660 -4836 1940 -514 5819 4143 4611 -2483 3868 2757 -8132 5723 238 -5901 -4640 -5241 -7357
2067 -1208 2961 4215 -6639 1951 -4545 -7824 6090 5548 -6391 -6046 -8027 3371 2302 -4789 1327 -5417
7865 -4606 4848 4357 125 999 -2227 -5394 -3474 -3783 8083 -2934 5352 -2047 -981 6418 4354 -850
-7981 -1491 2846 5694 7190 4512 1447 3606 -46 -63 -530 -3726 -2850 -1940 -4835 -2447 5080 -8017
-2215 5842 7441 3844 -3338 -7613 2449 58 4562 -5559 3908 -3341 5845 2525 4678 -1085 -7805 -5472
7498 1017 -1610 2462 6949 1279 -6784 7634 -5254 -3496 -3299 -7637 3198 -7101 274 -6845 -3093 -2814
-4505 -8014 4352 -7495 -775 -1539 4535 -6165 4095 -4308 -6910 7334 4255 4343 5179 4668 -7513 3229
-4682 -1107 -3226 -6316 6743 5277 3244 -4778 6259 6405 -2593 -2405 -2646 -148 3379 809 501 1989
-7410 4354 5589 4351 370 -4676 -6761 1818 -5719 -6742 -1089 7149 -3602 4791 5267 7307 3414 -4904
-2869 5442 -6208 7699 -2739 5692 8177 -960 7715 2756 2514 -5554 2691 -2776 710 830 -4108 309
547 4273 665 -156 -4142 -4326 4261 -1391 -5375 -7791 3797 -1438 2820 -2236 -4055 -7094 1099 1161
670 3369 -1153 4500 -5331 -4718 -3913 195 -1345 2721 3286 3731 -2459 1423 -1273 -4815 3231 -7225
6223 7596 4548 424 -7341 2252 -625 496 -2524 -1669 963 -5191 -3004 -1316 508 2322 -2373 -1025
7320 -1962 -8108 -1233 1210 503 -7182 6885 382 -6893 -6384 -7585 -2501 -4985 2646 3014 -14 -325
599 -7665 -7212 -1537 2664 4192 -5904 3984 7067 -6866 5883 -4293 -3622 -5407 -3013 -2666 2333 6193
-883 -4369 7373 -1510 -5228 -7997 4915 6493 5120 -5144 7961 -566 7678 -1718 387 4348 -6472 846
-2681 730 6914 -4647 -4025 -3676 1838 -282 -241 -2145 -2584 -5674 -4727 -8077 6215 -183 -484 -6125
4344 -3165 7780 1362 7301 3629 -7730 -7652 -3903 -3365 -5045 824 3406 6308 5938 459 5966 7826
-1477 6240 -1494 4439 -7538 -6754 -6284 5017 -7671 -6508 -4096 -1332 146 2740 4096 4791 -1640 -7325
-6052 6557 4005 4384 -244 -6414 -8159 -3992 172 3781 288 -6119 7465 -3132 4970 7050 -1663 6613
4747 -7615 4274 -5275 3345 1849 -567 826 3811 -3611 2305 -4858 -6206 -1360 -3559 -4486 6102 3387
4530 2833 3193 6702 3046 5235 -2300 -1371 -4635 -1681 -6197 1860 -3896 -6750 -2243 1260 -1160 -7237
-6376 -5878 7607 5209 1477 6021 7757 -5232 -555 7262 5712 1799 7059 720 -3188 3775 -3382 3119
7183 -3468 -4464 -6059 3286 -2663 -2737 -3662 -4716 7169 -5420 3844 -3175 -5854 -1393 -858 3551 1004
-3093 8060 -3014 -3749 -7481 -7276 5013 -2166 -4590 2116 -3735 7039 -6523 7183 59 2954 3962 2571
-173 -6074 3050 -1288 8055 -455 -1658 -5139 1767 -7652 -7189 -845 -4523 439 6662 6060 -3814 7018
3977 -2702 2685 -4538 5252 7674 6686 5333 3358 -5773 -5761 7291 -3210 -7506 3243 2937 3474 3384
6152 -6261 -7802 -3830 1337 -4306 4511 -4652 299 6015 -5425 -2053 -702 194 3859 286 -612 -3200
1566 -4521 -382 6212 7691 7676 -5394 -1013 -6601 7967 -457 4919 -4549 7321 2777 3387 4871 7614
97 -5413 1057 7854 -5512 -5881 2805 -7606 772 -3480 -425 -66 4483 -5766 -5097 3517 -3739 -687
-7488 -4783 -1636 6907 -6798 5700 8007 -4732 -3113 -6337 3453 -367 -4030 7024 3125 -5720 3556 -6169
-4019 -3053 4400 -7554 -4423 -1187 3144 -2958 3274 3192 -7777 -1389 1949 5503 -2384 5396 -4963 1043
-7974 2304 -718 611 -2469 -2740 6027 -6964 3428 -637 -376 -1511 4957 -5088 -1345 4198 1587 -4484
-4432 -8024 -1572 -5023 6147 -3390 -3093 7482 6142 -5036 1869 7402 -762 7188 -1500 -7623 -6325 -3110
8122 6372 660 818 -3928 344 -4307 -6991 2814 6140 5090 -4153 -6990 -6617 -3265 -7861 6661 -339
-573 3223 -7632 2072 -1187 1872 5134 5752 1513 -7739 1282 -2351 -4379 7657 -5141 -4562 2606 -2295
4667 3671 -2056 -5131 -707 -7644 -6196 7670 6494 4962 -4423 -2486 4537 3194 -5476 -7106 7585 -2158
3210 -6659 -4505 7520 1116 -4633 1835 1451 -6315 5785 -5921 6986 3052 -2158 7255 -2589 -2881 3176
1163 2870 1165 187 751 -5611 5490 4777 6122 239 -4828 7673 2419 4616 -6049 473 -1589 5960
6002 -3265 -1965 -2130 -6673 -4628 -2420 4190 1891 5649 -5330 -3233 851 -880 3424 7642 6717 6103
-3559 2080 7617 -7313 -2673 4397 -2578 -2032 -1317 -6174 -4693 3691 -5203 -3117 64 -367 553 8122
517 -4635 1763 1935 7717 -563 3313 -5073 907 -4881 5677 -4428 -1297 -751 -5747 -2710 -9 3996
1432 -934 6029 2753 -1782 -3198 -700 -1735 2946 -4956 -7718 -2399 103 -1352 5359 6791 7643 1279
5064 -3065 472 -4169 5946 2057 -4247 7269 6836 -7126 7680 -7212 -2455 -1993 -2819 2967 1688 2133
-714 6475 -1538 -5694 -3393 1375 337 7218 190 -4215 -1537 -3622 4455 5844 3551 6148 -1002 -2212
-7627 -3484 -1148 3988 4003 6886 -2520 -4285 -661 -1982 685 4618 6561 -754 -3438 -6235 2219 397
3285 2986 1469 2571 738 3855 3719 -5154 2428 5424 5119 -7414 8157 -6527 2636 2689 -4364 -1307
4560 2315 2742 7579 4943 -6975 -94 -4903 2364 3887 -2477 5871 4130 7198 5948 5928 -1999 -2833
-1911 5171 -3618 -1382 12 -7623 4027 -6054 868 2698 -2215 -5913 4141 6905 -1201 -4003 -6559 7874
-1939 3256 3787 804 -4098 -257 6059 2448 -1736 3833 -7834 2428 958 -5216 1380 -7210 1366 2575
269 -5615 3239 5432 -4386 6876 4906 -8167 -2139 -2441 2097 -4961 1498 3226 -4330 -1746 -6880 1553
2681 -6465 6097 3052 -4420 -5725 3270 3660 -2692 5858 -214 3291 -5051 67 -5518 -7459 -1960 -3861
7293 -1828 2454 -871 4043 7681 5774 -3180 6103 -5368 -1122 -4829 2449 -3898 -2236 -1355 -5640 5222
7557 -2659 3281 6970 -899 -1668 -4723 2089 3068 -708 -5074 3264 -7583 7347 -1928 -4117 2162 1261
5400 -5059 -6535 5377 -755 -6162 -7077 -6755 5397 2146 -2320 2338 -3245 866 -2967 -2451 -6403 -4115
-5675 -4049 2624 -1886 3026 6904 2102 -3615 -938 5080 -7936 -2706 -111 -1638 5629 1485 6659 -1364
2093 6961 -3681 6559 -3424 7181 -5101 -1457 2837 -7354 -7112 -5738 -3397 5636 -3944 -3647 249 -5333
5401 -4734 4734 -6560 6602 -5219 -6581 -5942 -7994 5409 -3343 6486 -2748 -6058 -530 1719 -4673 -1488
7971 1258 6975 4218 -1418 -6028 8135 1693 6526 -7896 -6693 3827 -4242 5797 4903 728 -3844 2147
-4012 4930 2700 4961 8165 3081 7780 8060 7757 -1084 5376 5730 -6897 -3504 -5738 -6626 -5365 -6163
-857 -3760 7148 -250 5822 -4357 175 -3442 -6834 7160 -3249 -7421 7072 14 6021 5136 504 -5990
-3387 3284 7372 6883 7476 -4933 -2532 -8169 -6686 -6396 -3350 -4917 -7160 -2328 -292 1597 3961 -427
-2066 -6368 6700 -7854 -7087 1543 -6940 4099 7264 -121 2291 4426 -3388 1494 4406 7 1182 6191
7180 3324 -1037 -7239 140 -2222 -4588 4117 -3892 3504 -8119 6562 -3259 -5619 7295 -1220 -4762 -1532
-8152 2485 6457 1502 3889 749 -8142 2098 -2782 -3459 -2801 2085 -434 -4603 -6421 2127 -3271 2859
1892 -964 -8184 4386 7657 5769 -3549 2017 543 -7757 -2584 -6414 5997 -2711 -374 1510 934 -1383
-7673 4200 6868 4109 4932 8173 6689 435 1101 -761 -5151 -7049 6817 -5548 3770 2245 8122 -1258
6645 5560 -2146 5982 -1824 -310 1947 -4120 5975 -6589 5928 895 6524 7732 5330 -2020 6255 6688
2403 -5744 -444 821 -7405 -4134 -1275 309 -7453 -234 -4890 -5642 5662 -7406 -2683 -5760 -6675 -1921
5719 5335 -6385 -6719 3642 -1704 -3143 -2716 4624 6839 -1652 5162 6806 -3665 1456 5318 -7864 7471
-1776 -1246 1642 6224 -4432 -3755 -1480 -6450 -471 -6083 -7383 2596 -7099 1444 7005 -3746 -1099 -7648
-216 -2709 4078 -1929 -6473 5157 -3035 2233 1245 -1028 -6048 4341 1283 6692 -2373 7553 -7643 -627
4795 4853 4358 81 -6963 -3143 -2184 2538 3032 821 2755 7138 -254 2218 3892 -1216 6525 5021
4801 -6013 -1390 1004 7385 -1972 933 -2175 -4790 -359 7814 8095 1096 7851 5563 8155 3492 -3704
-5888 -1877 -5882 5397 -6178 8084 -5793 5608 -918 1795 1396 1434 -4069 -2116 4999 -4142 5317 -536
2589 -29 7094 3020 8174 2321 1255 5149 1257 883 -3997 -532 3685 -4238 -1100 -3016 4196 -3605
-2681 -3290 -509 6900 4448 5328 2811 -5824 -6790 -74 -6053 -1000 7350 -1841 5693 1540 -6458 -1219
-6970 -3566 4177 6048 7708 3495 3429 -760 -3168 -5868 8157 -4734 -6101 171 -7159 77 4483 -8054
-4773 -3148 -5409 5362 -690 -3985 4751 6487 -424 196 -4913 6134 3334 7477 1444 -5090 -1735 4300
-5131 -1780 2423 5910 8100 1907 -5517 -2642 3307 -1121 5270 -3215 -4427 5676 4555 -4270 4656 4472
-4789 -1844 5498 3478 -2147 -5136 7011 7419 -5969 -3301 3677 -7239 2576 -4026 -4986 7011 -3250 -4102
-2358 -4716 612 -6176 -710 -2297 6757 -7439 -7573 -6814 4647 7502 4101 404 7462 -3664 -2449 6360
6265 6769 4496 5719 1521 -6064 3269 -152 8013 -3920 -28 -7052 2970 5527 8034 -1928 -8022 -5829
6570 -7896 -1367 3891 -1158 -3668 5090 7502 5489 -7670 -6509 7678 -831 -2783 738 -2448 -7958 8014
-7421 4665 4272 8110 -6300 5806 -6108 7679 1299 -46 451 -219 4147 -5915 -6958 581 -4971 -7522
2741 6287 3696 6389 -2678 2461 5444 -5474 -3643 5748 -5428 -3057 -764 -4827 -4073 -4036 -5133 7952
-7480 -3865 2392 -5171 1132 4237 2111 4766 -4615 -8192 834 -859 6493 -3694 -7438 -3694 2885 999
-6815 -5867 -6415 -4496 -7985 -5418 5672 4464 -1166 3869 3936 -5189 -3489 4626 -7188 6139 -5737 2973
-8103 5038 7980 -534 -5909 4529 -1133 3208 7222 -1420 6403 3636 -6697 7111 -1012 2864 2889 -5543
5938 6730 7405 5818 5063 -4481 5397 6169 -1590 1848 3908 -4463 -3854 5430 -7796 -230 -2851 1544
511 2845 -2475 2102 595 -6743 957 -1538 2965 -6084 -3427 5302 -7163 2365 -7100 1749 -5873 5648
8090 3721 1896 -3395 6663 1797 6982 -7860 -5761 -1444 698 -3406 -1628 -5631 3114 -7321 -483 8177
2793 1427 -1035 -1423 -1032 -1306 -7126 1131 1236 -8189 6486 3194 -2432 -5226 6781 3204 7822 -7415
-4883 5118 4198 -6449 -175 1744 -3942 -1956 8151 -7466 -5025 -1102 -129 7677 -6355 5784 7291 3856
2160 -4244 3525 -3309 -3217 -4726 2495 319 4917 -656 -7675 8114 1210 -1439 3660 -5464 2326 -64
123 -8102 2523 1018 7114 -7285 6545 -220 2319 -6497 -1456 -227 552 -3741 5237 -5264 3717 4975
-6265 6841 2770 -2777 7970 -1086 -2620 6487 5665 -3030 7162 387 -3636 -2367 7444 1723 7989 -3213
-7214 6436 7350 -7457 2914 -2023 6535 3971 3021 5354 5496 7830 -6276 -3513 2766 -1420 -3100 -3532
3131 -8017 -2224 -6983 -7945 -2617 -2612 2327 2298 -8073 -6353 5049 -3237 3752 -4031 -5465 4288 -6648
6411 -5456 3079 559 6719 -6356 4846 644 -1090 -2468 -1794 2461 7749 -915 7796 -4003 -5572 1815
-6801 3739 -620 -5144 7957 7045 4829 -1257 -1281 1919 -1172 -1770 -7514 4546 -6496 -3927 2819 -1144
4178 4010 -6579 6877 4191 -8076 -58 -4324 -6834 4563 -5181 -1810 -3044 8122 5565 -2034 5926 3702
5777 4241 -2506 2712 7383 -1571 422 8053 4440 -1741 2737 5701 433 2540 4825 -4116 -1275 -2746
3187 2896 7898 -1072 -6576 -5523 7191 4742 7299 -6172 5654 5504 -6056 3913 -7196 -3521 2379 -5628
-3689 -5213 324 -3382 -4658 -1666 -554 460 3394 -6715 2218 -7310 3724 -5791 -1776 -5191 2033 -5471
159 -1986 -5783 8011 3336 -3367 -850 -2985 6395 1764 3453 -719 -6605 6937 1010 3253 -1381 535
6904 -1593 6815 -3199 -786 -3724 6807 -62 -4009 6354 326 4206 7870 -8080 5520 -6327 8106 2912
4413 -4643 4535 3061 4838 1994 -5162 -2037 2302 -1632 4252 -2309 -4099 5728 3533 -5327 7588 1445
4579 -1700 -3210 5215 472 -4289 -3539 -7625 -1803 -5085 2167 7569 7375 3305 5815 -8139 3944 -574
492 7808 -5794 -3213 4036 -1189 1611 -4523 -6722 -3412 3392 2273 -6792 -4991 -164 -3100 23 -5425
-2427 -7605 -1321 -7211 7752 1693 -343 -1249 4301 -7157 -4855 -5341 -7692 5405 5089 4489 651 2570
-1385 -4082 1457 -8023 -7628 5114 -3514 6139 -3411 -2476 -5496 364 -4268 1683 5072 -3687 -5032 -3570
2157 4802 8055 6640 -617 6887 1478 2539 -6258 1901 -1895 -7829 1490 -8071 -5236 380 -7805 -6694
-4687 -3757 -6191 -6236 -6183 2916 -5476 -5027 -3588 -6862 -3792 -6450 -1596 931 -7400 7544 5176 3598
-2271 1444 -2939 4564 -3990 -3049 -7705 2215 5029 -6817 -6475 -3220 7795 -52 4745 -1097 -5418 4349
2446 -4618 2252 -5864 -1307 -466 -2027 5518 -2000 -5795 3068 7584 2110 -6789 -7330 612 -4392 -3551
-324 -7044 927 -1083 7802 4449 4647 -7265 -3271 6755 7441 7723 2632 -2258 -413 -1459 78 5631
-285 779 -7178 7037 7854 3579 4813 -3039 -5921 -6086 -1468 -1714 3153 -3052 1721 3072 5015 -5819
-5435 -6362 -2568 2522 2180 2948 7070 -586 -6370 1879 3816 -6483 -427 -1156 -2871 8015 581 -8128
1620 -2491 -1726 -5155 -6803 6223 1476 7297 1672 -1294 -4459 2058 2465 -1619 3831 -3249 -967 -2078
-1780 4883 7810 -1704 -2999 -1888 -6730 858 -7661 3052 5484 -1923 -3463 5496 -5578 251 -3318 -1608
-4291 -3648 -7721 -6105 -1775 1022 3715 8189 8082 3967 -3193 3200 -3841 6521 4482 6899 -2029 -5609
-2370 3113 3932 -1383 -834 -7239 7072 -4584 -6654 -2355 -6297 -6427 -6691 -874 -1630 -5489 -915 -7585
-7812 -6528 -3911 1339 4414 1858 4839 4959 606 -2970 4253 -2295 -861 -7433 1392 3353 -1422 4268
4489 2371 1081 6563 -8105 2526 -773 -1339 -5779 -676 -1551 -3392 5497 6990 8031 5047 4455 4907
7289 -2182 -1650 -3440 107 -6038 -6384 -6856 646 -3845 2390 4242 -2166 -7207 5545 -4879 3594 3749
-2325 7764 3077 -5794 1901 -4371 -6274 -2984 -268 -4837 -2992 5865 7877 3886 279 -3927 1516 7859
7481 -4278 -2163 3428 -7662 6951 -670 -2629 -1737 -5021 -4013 -5852 -1558 6817 4401 3537 6043 -1674
-1131 -4563 -1123 4954 7373 -1049 992 5467 -1786 -5973 235 -685 -6023 5745 -4898 7369 5834 369
-2663 -7550 -4473 -6732 5134 -882 -1352 576 2728 1307 -5984 -1031 1233 3023 -3179 512 -3678 -4659
-6916 -2601 5029 3664 -3491 -1789 8138 -7683 -7258 -7572 -6805 7854 2938 -699 6511 523 -1094 5026
-346 157 12 -6482 1308 3990 2216 5743 6842 6959 3874 6987 1759 7088 8049 4878 2866 6925
3838 923 -7287 7465 3047 5447 7924 -836 3667 -6462 -5141 -4405 5615 -851 4493 -296 -632 -4404
-4070 -2665 3776 5336 619 -934 8178 5362 -1364 -4340 -6621 5553 -3044 -4395 1310 -2599 5113 -6305
1970 2983 5008 6323 2566 3531 3421 6082 26 -6156 1884 6013 -7589 7424 5235 -4958 -5540 -1831
1782 7698 -5704 -3111 3673 -3103 -6907 2533 -1547 5867 -783 -6369 -1294 -3296 3962 -5071 8016 -4515
6986 -5049 -8164 -6665 3888 -6499 -857 1237 4025 7599 -770 -7110 7405 3603 5489 2332 -7642 -6429
1341 -4043 6666 1484 -5549 -1387 4265 6352 -7100 -4880 -4684 -6265 74 4985 4305 -6632 2169 -916
-5596 5067 -4098 6946 6361 1853 -2419 1507 -1557 -5586 -784 -8130 -3853 1778 -6997 -7156 5416 -5747
-2871 6933 3197 -2477 7620 -1196 -302 -1970 5778 -2096 -5296 2337 -4916 -2010 2536 5283 503 2216
749 6669 4084 -2781 -6457 -4917 -4474 -8135 -4144 5871 -3081 2408 -1965 8007 -5396 5041 -4448 5385
-2231 -304 -3767 -7382 -7109 -6879 7545 3400 -2714 -4056 -1675 6218 -2776 5547 1322 131 6665 3963
6901 -113 -698 8145 -5517 955 -908 5200 -2179 6946 77 6572 -6331 -2983 674 4582 1420 -2369
3416 -205 3074 5233 3226 -2697 5561 6115 -4574 -7056 2243 3844 -6241 -5005 8171 5661 7749 4044
7823 -7109 2422 -3384 6298 6977 2692 -948 6303 -603 5032 2333 3601 2991 6143 968 3487 -5503
7871 4885 3501 5777 -3205 -3783 -5906 1012 3465 7562 4380 -4581 -5990 -1298 -1062 -1711 -6061 3281
-3167 -6199 292 -6959 5861 1104 44 -3335 -4276 1186 -5051 2725 -5371 1368 6696 3594 -7612 -7813
-4666 4683 -3363 1973 -7523 -4535 7165 3883 5459 1529 -7162 -4637 -6050 1137 -3453 4827 -576 5761
-6070 1472 -8188 6138 8111 3642 5178 1424 7908 1245 -4310 -6825 -6545 4032 -6249 -2068 -6716 -4945
-83 -7119 0 2802 -118 -4173 -5433 5844 6889 -2644 4405 -1889 -1044 -4446 1280 -5798 3329 -1367
-6224 7962 -1034 74 5619 -3340 4118 4608 -219 648 3457 -5027 -3368 -4287 -115 -314 3738 -746
-7089 4318 5585 -3319 4939 -2426 7595 -202 6459 -7051 5949 126 -7430 6022 -7743 -2072 -3702 -8039
-4377 895 -3773 1802 -7335 -6920 -4580 5090 -692 -2606 -237 -2163 -5311 2870 -7496 7232 7386 -5275
-6441 5889 -2086 5827 5443 2366 -1226 1684 -62 -6888 -1448 -7353 -6901 -6592 -1422 5221 2306 -3718
7165 -5072 -1544 -4926 6739 4292 7440 521 2916 -6917 -1065 7836 -5740 4812 -4895 -7900 4531 -1681
4504 2115 -227 -7937 811 5088 -4121 -2598 -6002 -5374 -1208 -4728 4010 -1967 1033 5973 937 3901
4388 -1409 -1444 3007 -2436 1029 4801 -328 6067 -6620 -324 6385 -4305 -5287 4557 -6455 -7387 7969
3852 3685 4834 3653 -4058 -7515 -6626 204 -113 -874 2159 -4210 -57 -4708 6898 5986 -1592 -972
1530 -5124 -4979 -684 -2835 3149 -2115 -914 -6595 -1368 -1161 1039 6532 -1440 1847 -1750 1472 5422
4583 6891 -7769 -5610 5377 6473 -6108 2042 1249 5149 -7439 -2602 39 -2839 -6828 -5503 -4022 -2761
242 5679 -2760 923 7890 -130 5672 6494 1646 5663 4482 -3406 -781 -711 1510 -1125 1687 -4279
3673 -7308 -3046 -573 2958 -5878 1619 3642 -2990 4452 4604 5944 -6385 6946 -4741 -339 5760 -8062
4837 7167 2934 -1543 22 -61 5567 4993 -273 774 -6601 1654 8099 73 -5143 -5610 3908 -2039
-4510 -4957 5198 757 -232 -6358 7015 5063 -1041 -546 7736 -5462 -789 -222 3687 -942 -6411 4897
3762 -4432 -572 -4579 -7129 -4801 -4372 5953 -5760 -2309 -4093 -2507 -4453 -6160 -5648 -1747 3606 -8084
2894 1467 -7413 3024 -1025 1578 -5920 -5878 3019 1407 -4274 5783 5686 -5090 -5004 1095 -2717 3847
5904 3203 -486 -7230 4830 5954 7933 2771 6414 2205 7371 748 -6432 7423 1481 -2400 7255 -2822
5712 -2353 5412 -3407 -6026 5024 -6771 -5386 -5934 -6607 1423 3056 -5520 -826 5150 -1159 5077 -1094
-906 3842 -212 -6920 -6251 7988 1929 6180 987 6422 7518 -678 3268 3812 7162 -4980 7354 -5500
-1475 904 -3305 911 4184 -864 -1989 -1266 3264 -2083 -5689 7874 4658 2285 -1799 -2527 6370 -1115
1312 -1318 3262 -7909 -958 7955 735 5997 3012 -7368 16 7718 -5290 7525 -5513 -5828 -5150 -2935
-8096 1197 5287 -3836 3623 -1330 -1924 -6905 -698 3873 3354 3712 -2443 -34 -4441 -2895 -3842 -8175
6467 -7333 -5854 -929 714 1428 6052 7268 7851 571 -7050 4796 -2592 7174 3706 -4705 7435 -2250
-7558 -1504 -3407 1766 -1247 -5094 -4208 1028 -7114 7336 -3301 -4130 6874 -3763 5653 1104 1272 7601
-4787 5024 6604 4616 1645 -1559 5518 2064 2310 -7636 -3521 182 1433 264 -118 -7083 7387 1799
5081 6041 2316 -4972 -3972 -2297 -3215 6532 4841 2833 8172 2648 3383 -6422 6333 -2816 8091 982
-7085 3921 -4842 2875 -4278 -1762 1342 -7878 -2937 -5153 7469 -7694 3439 -3570 -3708 -7321 -3002 2062
-5223 -4609 -7522 -5942 959 -603 5628 -6184 -1355 -627 -7023 6997 -7130 4242 -5108 -2215 7262 6208
1179 7422 -7409 3179 517 -225 -2760 5498 -4895 7836 -8140 -1212 -530 91 -6174 6802 1427 7888
-1552 -3256 2424 -1743 2113 283 571 582 1151 -3839 847 4324 5820 -6875 -2317 5107 2371 6545
-1972 -5077 892 7026 -2653 -4775 3580 -6923 -6983 -5793 -1621 4038 -3256 1725 -7154 -4031 -618 1223
-3404 2845 -2766 -4233 -67 -2074 464 -6953 4485 -7701 1601 -4575 6000 -1554 5003 3686 1488 2653
-3031 2276 2802 61 6491 250 -2232 6816 5293 -2636 4782 4817 -6265 -1278 -1825 -4331 4838 -3447
-2319 4611 -3773 -6635 1035 -1896 1147 1449 3881 -1850 506 -5321 -1017 -3390 1768 -6681 2345 1762
-373 -4332 -1780 546 -6982 2776 -1947 4928 -4480 -2494 7061 -1402 718 -6877 -4815 1568 3418 -3709
-6237 3375 5526 -333 5122 -1187 -7219 -3584 -6155 7968 7765 769 7350 3239 -5895 1422 6475 1872
-3999 -4273 -5690 976 -5193 -1299 7597 -2828 -418 -5401 1934 -2816 971 3587 -2143 -585 -4218 1887
-5231 246 2868 -986 3436 5119 -796 -5927 -1107 -174 8026 78 -2980 -6863 5780 5690 7525 4293
-5539 -2202 1018 8163 4359 -3717 3360 6500 -2997 -4996 -3752 -7632 6716 6100 -665 -7464 -921 3338
-3516 4065 -2297 -5615 -480 -6493 6755 1335 -6000 4292 2122 -830 -5161 100 -6231 1041 5456 -2342
6208 -3967 -6405 2067 -3956 -6192 5149 3231 -4176 -3530 4888 5188 -4712 4629 7757 2891 -3277 -7345
7715 -7071 1224 -7121 5691 -1775 2167 -5626 4014 -3344 4811 -7341 6787 -4263 892 -5730 -8145 -4142
-958 1250 -7867 2313 7121 -7514 6203 -7552 1787 -7512 7005 -1854 -5668 -1227 -2098 -2993 -1219 5911
8114 1818 -5106 -4308 -6782 -7507 3324 399 7782 -1817 5167 -6025 -6701 6496 3361 -3431 7200 7538
7320 -181 6754 -2865 -7482 38 -2743 1222 -6794 -7576 2352 -5071 3188 468 -5814 7651 6658 -6312
-5150 -7201 -5779 -2774 -4657 -763 7629 685 1785 -6265 2782 2518 2567 2526 503 -6073 2337 3188
3369 5621 -1565 5600 628 5003 -3486 -1076 -1755 -3508 6484 6770 2888 -2131 868 -6966 -4781 -376
6031 7993 1482 6118 -2887 5894 3884 3456 -3508 2128 -4637 1982 -2547 1205 1117 -1670 -1792 3216
-4275 4932 -2701 -4894 -3073 -8095 6183 5065 2773 3920 -4450 -4686 4064 2058 -4994 -760 922 4551
546 -347 -6719 -5511 7745 3277 5197 4567 5304 4821 -1901 -5610 1139 861 -5006 -4041 -2438 -7367
-7750 -4617 4117 6893 -2660 -6297 4640 -7973 -1461 -6631 -147 -4621 -8014 -7180 -7092 3876 3150 -2138
6461 1369 -1235 1203 -1351 1560 3070 4398 -4078 3785 3160 772 -1142 7314 6407 -6414 -4748 -1309
-1391 785 -2941 -1399 1989 5908 -6864 896 -1916 3086 -3512 4939 -3446 -2583 -3948 6648 -1419 -6024
8096 1987 4821 551 4527 -679 -3212 -4523 -4936 -3914 -7523 310 7829 -1876 6822 -4232 -425 4352
1413 867 -2916 2355 -1914 4539 -6868 -4132 -1497 4135 -3177 -4946 -1000 3911 7429 6937 4938 -1434
287 6032 6199 7880 5141 4452 -1746 7336 5071 4941 -5932 954 -1487 5253 -3394 -663 1668 1167
-8150 1696 6153 -7269 -2343 6981 -3172 6524 -1013 5446 -4485 7517 1426 -7861 6197 8179 792 2822
7609 2660 2414 812 -138 971 2570 -7936 5284 3931 161 392 -2626 -2789 228 1631 2040 1867
-4523 5671 1014 -2452 2113 -8037 -3692 1493 5089 2109 -3384 4869 3723 -3151 6071 375 -3565 -5978
5594 -724 -2753 -3476 7239 -6713 4710 -2521 7964 5206 -468 -2402 5129 3505 6222 -5711 -1540 4988
176 -7833 -6683 -6715 6761 -5472 -4440 -6323 -6397 -7316 -3550 -2460 974 -5384 3411 -5009 -3226 -4831
428 5642 -703 -5209 -7820 5575 3440 1791 -685 915 7801 -5946 -4866 -1356 5963 4557 -4861 -6032
-6302 -4649 -5205 3402 2802 -4388 -242 746 341 4615 7732 -1892 8050 4163 5991 -1940 2146 7277
7575 -6412 -2519 -3800 -6425 4018 7305 4169 -2477 -4073 4103 -2570 2688 4888 -1284 -7865 2980 -4220
2768 -2907 -3441 6866 8027 4024 721 692 -6566 -6919 4621 -209 -4862 -4897 -2467 -4259 4552 -1861
5593 -3372 -8140 1824 -3763 -3672 214 7168 -7181 1285 1899 -429 -3478 -3459 2318 7530 -7494 3038
1174 -17 -2178 -6721 1805 -413 2097 -2410 5712 -5282 4245 4230 3010 -5283 -3775 1979 -5845 7727
-1215 -2197 4525 7187 236 -2183 -3865 -6049 1484 -2886 -1501 7121 1952 -557 2487 -6001 -1394 -2371
4740 -1624 -3480 1254 -7803 4175 4888 -6665 -7795 -8015 557 813 -5852 4185 -3198 -3226 -894 6226
2819 -584 3488 -4912 -4701 3774 -7041 -4994 -1190 -3468 -1674 -1667 3158 1203 -5198 -533 -5308 -5531
7632 -487 -6472 1328 -7527 -1443 -3145 -3090 978 643 -1178 4506 3396 -798 3530 1285 -6707 776
5055 4878 -8039 5650 -1543 1411 4226 3227 -4310 6311 1928 -945 -4261 339 3177 283 -2488 -583
-4003 -7164 4847 703 3818 912 -2497 -2034 -7700 -27 -2346 5287 -3169 3181 -7176 3630 6370 -5836
-7792 -4919 -621 -6704 -6306 -2659 -4866 -4102 7487 -519 -8061 4028 -4452 6417 -437 4936 3819 -3480
4640 3172 2401 1731 -5524 -7808 5561 3551 -7347 5219 3102 1698 2514 134 -3531 -2043 -7845 -3330
-1211 6293 -2811 7693 -2681 -4458 -175 2655 -374 6848 4568 2001 -1857 8105 1831 -27 7202 6080
-5961 -5161 7177 -5132 4871 4173 -1016 -786 475 173 3578 4349 3725 3080 -3275 -1896 2705 5551
6852 -1167 7 -1174 5859 73 632 2880 892 330 6579 -5388 6100 -247 -3901 -3314 7513 1061
4869 8080 -6776 -5227 -7823 6221 -1802 -1160 2528 -3371 6526 1701 -5479 -4092 4492 -6451 -5157 5950
-5505 303 -1631 -3781 1081 -6131 -6277 1142 -6194 2718 -6013 5447 3902 1467 -6789 2959 -909 1818
6919 11 6458 5428 2567 4934 -1414 -4667 -7154 4141 114 3308 -514 -958 -4561 3831 -3388 5987
-3573 -330 45 -4783 -1696 647 2025 -1365 2378 -1543 -358 1967 -2403 -507 -3308 -1398 -2339 5625
-2122 833 -7047 4856 6116 -7342 -4085 -7144 -7258 -3369 6343 5412 -1194 -6816 -6653 2568 -6780 -3994
-1056 -5944 6381 5464 1299 1056 1175 -3756 3032 -1833 7 5228 -1040 3979 -4705 682 -6193 5444
-1774 -8044 2793 -881 -1017 -4766 -7395 -1732 -3382 3282 6966 -5942 2861 666 -8031 -1694 -2175 -7816
7725 -7815 4007 4063 -2563 6676 -5542 -7079 -2935 -4690 -1928 -1179 5840 3501 3208 2327 7586 150
6227 2120 2050 6848 2709 2400 -4423 5053 5858 723 6904 -5541 4504 -6870 4650 -5821 -5633 5304
-3877 -446 -4995 2800 3769 -2525 5876 339 1490 3895 -5825 -6142 5833 -2955 -1087 2540 1101 4919
1580 -8018 8094 7590 -8107 -1549 -8134 -5194 -6359 -3948 160 3268 4048 6977 -1465 -1053 4836 -3365
6809 2224 -1591 4700 2856 -6426 -2010 4724 1778 -2453 7042 -7500 5841 -2524 -1277 -7586 3835 -3253
-3784 6877 -6215 -6280 2595 7641 -5341 5952 -4272 -5921 4630 -7301 -1018 4281 2617 7963 936 5730
-218 7100 -3021 -6249 -8013 -321 7885 -4863 97 4360 4235 -6124 -27 7020 1344 632 -5430 420
7807 4383 -2746 -4611 -5965 -4875 -1507 -113 6227 -7375 -3664 3365 2375 8010 -993 -4415 -5542 4233
-1891 8115 7892 -4807 978 -5267 59 5493 5996 -2352 2594 -2137 -6976 6208 6703 -1910 -7011 4156
3627 231 -2513 5282 -5566 -3354 1805 148 4441 -5896 7783 6900 -1648 114 1349 1421 -6451 4542
-6663 1745 5510 6181 7335 58 8082 -5300 4848 846 1319 3131 -8004 5954 -7185 -6118 3102 -7878
1605 4730 -7573 298 5268 6478 1108 5469 4806 -2953 7999 -2414 -3095 -3337 -4696 7868 -4639 -6199
-1878 3182 5956 -1971 -2897 5331 -1700 3672 -3273 -2476 -8143 4081 960 7641 4818 7828 -552 -3922
-597 50 3640 3327 -1804 -3144 288 4865 -2722 4933 -7244 -5967 -1858 1539 -2424 2608 -2836 -7283
2894 6354 -7488 2822 1953 -1355 -5338 4048 -6421 -764 2140 -551 -2709 2784 -5808 6023 7785 -5410
267 3930 1915 5411 3166 7950 4847 5170 -2158 -391 851 581 -4547 7151 6692 5456 -184 6247
-5230 2983 7936 -5859 366 -5313 -3751 -7959 1846 -6776 -6599 818 6457 4604 4608 -7548 -3866 4410
3104 -4937 2096 2758 -559 -6451 -4571 5999 -5397 -1445 -6524 2641 7911 5793 3737 -5517 2038 1849
-7902 3852 -5575 617 4943 -3993 -2791 4374 -6914 8032 -6967 4693 7665 -2677 -1576 -863 4682 -4112
-3857 7843 -6132 1652 1193 433 -2111 -3623 -7276 -4137 590 -3495 -7109 -118 5591 2289 -7822 -6400
7114 -2749 2212 -1768 -5623 -5619 1109 3574 4403 2647 3254 -1742 529 -7885 2143 4001 1054 -6632
1838 7894
