-42 638 12375 -2938 12604 -14334 8934 -7479 -6425 12014 15003 2420 12219 2847 14901 9568 1546 6970
7442 -8576 -7220 -9244 -4711 -11085 -5080 6959 -9516 -4383 -12741 -8100 -11936 8265 -15080 -1089 7049 6167
-9971 -11523 -13134 3894 -14807 15741 -1036 10342 11259 1309 4614 5775 -5474 -8410 11875 -683 -12045 -3716
-6229 16362 43 14357 -5309 12843 10384 -8524 -16319 -8217 893 -7473 12683 -8581 11947 4555 9021 -9052
-13134 14197 -10419 -7020 3787 4266 -6806 1093 3033 -10667 -5591 -12273 2219 -2915 12642 -3210 5499 -15781
-8231 -15291 9403 -13104 -8167 3039 -237 2966 5797 -1322 14497 4312 8530 -1354 2954 2496 9711 -11740
15283 9006 -3032 -12501 -6200 9904 -342 -5163 -5249 -7249 -4217 8440 14111 14564 -9253 -9387 -16316 -11754
-9552 -14628 -4132 -4609 798 -7087 12660 -16245 5559 7444 1978 -15035 -10971 -14018 -13764 5649 -11767 -9240
-3985 6687 11821 10703 3572 8473 6879 -481 -7138 16029 5779 -3709 11438 -1552 11725 14211 482 9711
-15551 -10730 1966 -2743 9014 -1174 14921 7915 -6605 -6646 1516 9916 -6443 4900 3031 7818 -12545 10022
14484 -3258 53 -15219 3967 6763 -9397 -15112 -12409 13252 11065 2175 -10961 -3248 14161 -12470 -8745 -6275
-16234 -11939 4160 -4196 -4508 2224 -4530 -2410 -4524 -7799 5128 -14885 -13469 -15101 -6169 1178 -16303 12781
8269 14136 2374 -10277 -15789 -11523 -1859 -6025 -568 14856 -11365 4887 2677 13197 14493 -8555 -5465 13374
5885 -10917 14055 2821 -1970 14268 -10484 -14858 8610 10379 -13196 -7294 -12296 2023 -3698 9195 5072 -4011
-11620 3839 4126 2577 950 512 8291 10405 6162 -9756 10774 -6469 7811 3515 7497 13358 -14527 -12938
-6006 2664 5864 -1850 -7161 15080 -13629 608 -2059 3106 -11702 4972 560 6285 488 820 16167 9207
-7421 -2270 14836 -9444 -15050 16102 1992 12661 -2847 -16133 -11632 -11946 15074 2891 -2351 -11724 2469 -9166
14549 10562 -1187 14240 -10994 2119 1416 -9052 -4177 7852 1473 12037 10142 -3887 2995 -5806 -12139 14754
1127 11006 6267 2670 10948 14051 7191 7415 -7850 -2574 12010 3013 -9907 4640 -9638 -6975 10951 15786
-10228 -13825 -15788 -1415 2962 5338 -14417 -2598 16205 12102 -7725 -13189 10380 5986 -977 -13676 -2313 -16050
-3784 -929 -3287 -13509 15903 8909 -3936 14279 9188 -8067 5848 8843 -9842 13029 -14922 8942 13233 3027
6435 -11969 -6855 7961 -12293 8703 15717 14467 6693 2946 1813 11789 4610 10681 -4798 -15788 -6900 -11190
2250 2889 -4168 -9502 -1161 12588 -12132 -9269 15413 6584 14037 -5951 -1877 -11363 -4181 -4606 12262 -10708
-2193 4003 -5512 -5803 4516 -3797 13217 -13867 11367 7002 14315 -8789 4873 -2997 11486 3275 13305 -581
-6646 4632 -533 -12889 15176 -10098 6193 -2787 9286 14523 -1424 -14005 11585 10872 10097 -15652 10509 16085
3924 -6267 -15267 -2479 -8978 -3622 -8643 -14516 12904 11110 -13854 -5954 6446 11515 -8794 13608 10509 -1720
-3250 14795 10899 9640 15758 -14823 14522 1346 5840 3944 9675 2639 11569 15598 10108 -11850 12237 -4118
3675 3294 -7874 7198 3184 15812 13149 -15225 -12513 -1716 -12205 -4027 -4020 9172 13516 -5158 705 -9200
16265 10907 15827 2064 -9700 -9115 3139 14502 7914 2951 611 -10519 8316 -10487 -132 -12271 13812 7436
-404 13197 -3878 10638 -9838 -2220 8217 15700 1517 -10633 1102 289 2435 -520 6463 14637 12545 -1057
6314 -13101 -14173 9352 6721 -2423 -9133 -7612 -2829 12307 -15596 8984 -14996 12027 -1632 -10007 15838 1341
4175 16315 8961 14912 12347 -8619 6746 -4085 -1116 -2806 11705 -5963 -12913 -12590 10246 27 7344 10399
12092 -4646 1425 8942 16310 -7307 16364 -3682 -4949 -9515 853 15870 2547 10491 7967 -4309 8979 10480
-13954 -13160 -7303 4860 -5656 12012 -11265 -11238 -7487 13075 4534 -1623 7733 9104 -7705 1378 -7575 3090
-14511 15761 12494 11080 -840 -12927 13525 14070 -1887 -13775 1483 9800 -8617 -4275 16379 -2457 48 10335
14617 7496 -10473 14917 -11295 7884 4930 8416 14073 -2041 10820 -2803 -5344 -11048 1609 -4395 9345 -15422
15004 -10265 15207 -9222 -7826 580 6169 2494 1746 5949 5629 -2837 -15092 -11619 8703 13767 -2549 -480
6197 -13276 7731 -16085 9411 3239 -2975 6333 11261 -1947 11048 2980 -563 12975 -8350 -4370 -10156 2351
-12316 -12640 -557 -15819 -15728 -12630 -7733 9546 14992 6169 12642 -3568 -7198 9870 15113 14657 -10224 2544
-1698 -13284 8257 -4001 -15028 13794 6261 3176 -3207 -3140 6156 11135 -7967 -8512 905 4265 12990 -942
11158 -6277 -12884 10415 7496 -7360 -14326 -12343 -14428 -8579 -9309 10318 6753 3737 6797 9483 495 8152
-5293 4216 -6982 -12917 4173 1676 1447 -13692 15960 -16173 -4120 3531 1700 -5953 -12305 -10345 6120 -7102
-8774 630 6846 -12132 15449 -2863 11593 8049 -3409 -14706 -15843 2591 -7820 -4334 -6568 -12464 -9605 3953
13075 -4404 15673 11488 -4606 -10352 15494 -4244 7501 15395 12703 14567 4809 295 8301 10279 12871 -1488
-12021 -9101 -2233 -5933 8832 3379 -557 -3585 -1323 -13836 4773 -625 -1980 -2426 3730 13343 -14388 -10367
292 3871 -15122 -15628 -4477 12070 -14669 -13996 9365 -4981 15852 -5447 -5266 -10705 2238 11337 5345 4762
8030 8693 12150 -10414 -485 -16282 -8060 -5537 -3942 2862 10642 -7630 8804 -3253 7432 6057 6308 -1590
-14838 -397 -1745 -5435 -14441 -10350 -15683 -15212 -2311 -3522 -9602 7999 -2717 -4366 4817 10298 3282 14527
3917 1614 -11207 10471 10758 14804 -8485 2216 15884 -13017 -1288 -6825 -1227 -5800 -15445 -5458 10011 8993
2578 14181 -4248 5150 -9807 -8185 12624 5179 7184 5118 -9631 10091 8108 6385 -14729 -3175 1549 4176
16145 -11552 -8908 15149 -52 -10755 -6088 12366 -7131 -13564 -9424 14464 8833 7250 3666 -15058 14453 7107
-5026 13617 -5057 3622 8245 -9237 1939 2798 -14898 -369 12189 1066 8778 15298 -444 2743 10085 4456
-16213 8884 -14830 -2887 -259 15415 -11169 12434 12649 9278 2718 -493 -14739 489 -9273 2918 -8623 13286
11543 -6947 -8205 8748 12541 -3008 -13623 -10259 -5832 2660 -5597 -1595 5176 9984 -12879 -5064 2509 -3395
11077 15962 -13566 8076 3546 11471 -14017 9020 -2601 -12040 10420 76 -12658 -12187 510 4349 -8953 8333
-6396 2220 3073 12998 12059 8031 14648 7279 -12683 7070 -6169 3947 15539 11908 -889 14036 11998 -10730
-6690 -13331 10361 14802 -10437 -2216 10223 13707 -2050 -11639 -3531 1653 11350 7546 -15958 -12675 -9392 -863
-9151 -7717 -10738 -11489 -11039 4841 -15277 3385 -1012 -4042 14919 -4339 -15425 10454 -9350 15229 6808 2813
12065 -14479 575 -12083 2472 -12996 -6911 12139 12138 5209 -4426 -9127 5307 -16029 -4883 -769 -8408 -7621
-1466 13450 3070 2697 -1763 -15365 -8174 5228 8552 -3977 1206 -9876 9699 9188 -2541 -2133 13420 -1096
9879 -2204 -10838 14855 -1076 -7020 -4111 -13080 2123 12532 -3735 -8204 10000 -3539 -6804 11304 -9229 -12219
-1744 -1542 7530 14427 13222 2462 -5219 10140 -7005 -10831 -10090 8813 3901 -7180 -6702 11241 -11399 6259
-9471 -11886 6946 16082 -1526 7998 3580 15840 13392 3931 4378 10604 -15050 -13487 -10867 9818 -10786 -12222
14910 -11017 3636 -13318 1309 13704 14130 -14814 14203 15145 -11681 -5705 437 212 -13678 698 6675 -11071
8701 1065 -1296 3565 -16018 10798 -13285 -8194 -13105 3223 -1156 8518 8431 13703 -14086 14117 -8570 4202
-13923 7317 9842 -15057 9710 14080 -5304 -11342 6056 -4778 -1016 885 -5493 13658 11310 -1124 1163 2884
15601 5903 14642 1925 -5175 -14079 -5051 1765 -13781 9619 -14432 6356 -15720 -7463 2150 10238 -4387 -6658
10078 4385 9107 12481 -8039 7195 -11030 -15571 -8622 2888 14500 -14978 2838 13578 -13979 3685 -12499 -9302
3880 -9869 15662 14174 -12010 -15921 -3591 -6485 5235 -10966 11204 14572 3321 -11531 -9068 1843 -7605 -5167
15311 3921 -4416 5446 6958 1329 -9368 -14919 729 -12693 15692 11415 -10033 7187 6136 15063 6018 -10533
-5831 4000 -10292 4432 8736 7495 12798 -2936 12623 6780 14932 -9504 629 5061 7315 3357 5906 12587
6890 -10818 7296 1074 -3043 -8565 9011 -3568 -2846 3179 -9407 3606 14473 -12927 -1507 -1933 -8989 3437
11686 5400 11612 -15369 -16279 12030 2411 -11826 -11493 -9336 2605 8103 -12439 12866 11085 13205 -2057 11477
-1240 12434 14752 -15563 5676 -2983 8710 6167 -3703 -14470 8008 -13909 14595 -11349 -4849 14982 -15322 -11165
-11571 -6431 -6497 13732 5956 6656 8165 5400 -12979 6133 -4577 -9886 -8750 3976 -14270 -11348 -3299 -6033
889 8067 10580 -15933 10186 13548 10308 13490 -2056 -8016 2655 12152 12451 5874 13569 -883 -15689 -11251
1528 -13800 3330 -103 -1468 -14932 -9944 1480 12825 8242 8115 6909 -2513 3621 -10353 -8811 8753 6143
-11113 -13821 6297 -12559 -1657 13603 9121 14805 -16099 -16176 -6254 3688 -7556 -336 -13759 2740 5326 13646
-3112 717 13870 -1164 -13096 -2370 -9785 7599 7518 -15166 308 562 12710 -13385 1331 -285 10190 4558
-3720 -10832 -13602 -15480 -10278 -13535 7940 7902 -8523 2866 803 7871 3727 -12188 2959 -1342 8956 266
-1516 -12527 -7488 14057 -2251 170 -15564 -6906 -3910 12751 -9493 4022 -16020 -9549 -6251 -13573 1562 -9610
-5341 -3313 -15391 5204 9259 -11455 -15445 -4830 -6769 12031 -14604 15600 4441 -7883 -1580 2323 15081 1493
-14790 6729 13395 -7753 -5003 -15565 2819 -860 1273 -5369 14243 8621 -12447 12423 1343 14785 -3408 14644
-3161 13439 4827 192 6419 -3255 -8307 15554 -14579 -5478 33 10414 -2420 -4711 244 -12795 16220 -10258
9695 7367 -8505 2515 -14848 -6094 4461 -5520 5303 7077 -15240 -7071 -1031 15333 -7697 4247 -5183 2181
15461 873 -15646 -11871 -8736 -4125 13572 -10806 15852 5469 -11794 15428 8981 11089 4609 -136 13178 16238
3077 -9316 -1861 14825 14376 5559 -9452 -1003 -7099 11983 -10292 -13006 15713 -10407 -2353 2440 4731 14064
-15463 -14408 13445 -9139 -12970 -6069 6061 -5773 -3512 -15476 6626 -12247 -1430 -5732 4755 12972 -15021 10434
4026 15525 3931 -12795 -7141 2138 4612 -11274 -5435 -7133 916 -3121 9184 3099 14848 -13120 3754 11295
-2801 5511 -6980 15860 5050 3139 6794 6083 14553 6275 -14029 16076 8956 -11356 -6793 -11688 15255 -5286
-6141 8942 8547 4746 -13580 -13878 12800 -2973 154 -11125 -10528 -8796 -14466 -9940 6495 4157 -96 1588
-15817 -2783 -6909 817 2067 8270 -11414 13667 4482 -9419 -2205 15542 -12784 10554 4228 15603 -5457 -1382
10486 -14536 -6821 364 -6606 -2139 1021 -8948 -10489 6998 12944 3988 -7453 -3431 3203 -3637 15953 -7335
5471 6435 2241 12249 -6997 -7139 -2166 1448 -14068 8400 12841 -1838 9902 457 -15404 16210 5354 -10985
-14804 -16175 -222 12701 10572 -12662 -13079 3763 15627 6026 -10903 -1557 -8320 11554 8708 -8405 -2878 11158
-15298 5892 3056 -9449 -15661 12098 -10887 -8975 -7636 8643 -12651 14596 -13320 -4729 -14829 -8327 -9706 -14843
7767 -3410 2224 -13116 -3933 -4750 -11344 2344 -2666 -1673 844 4749 -10510 2562 11266 8339 -12638 3817
-6738 -2630 14074 -11334 -530 -10193 -4030 -8395 10699 3300 16237 -6396 -1376 2278 2607 11176 6705 -13076
5168 -12106 4638 7979 8602 1339 8829 6001 8921 4230 -5180 12658 -12892 5895 -4123 -9890 -14538 11154
11963 9907 -15391 202 -7763 14681 16325 -12582 6792 -4883 13533 -16027 -13903 -10667 -3523 445 -4225 16284
-1897 12635 -799 5632 2 -6007 10054 -439 2814 3418 13247 853 10931 5860 -673 4858 -10116 4269
15075 15629 2209 -3485 -14440 -5954 -9623 8135 -3207 -3034 2382 9459 7830 -3549 913 701 9149 -1437
-13836 8050 -10667 16318 -837 12233 6021 -7989 14844 11288 -14688 9898 12569 9671 4280 9767 3977 4357
-7273 -2301 10968 -10564 2000 -2680 3054 -15681 9776 -15769 16276 8777 15452 -2880 4148 9898 -15178 12924
3296 -8132 5504 8931 406 -6763 15172 -4244 -15164 -1280 -11661 -14640 -506 -12754 9291 5730 -13770 6695
2815 -4701 -8026 -14457 -7917 -16368 7590 -8984 4 -1729 5710 -11365 4657 5929 6520 9370 15350 16073
-15860 8642 -8170 -280 -383 -4290 859 13615 12702 12607 4992 -13945 -12151 -15885 5454 13213 8698 948
-506 -313 720 9087 15359 -16376 -11319 -8279 12944 12909 -2935 9933 11568 -4700 -4124 8969 3548 -5436
15704 1385 15033 -13459 15323 9636 3835 5909 -13862 -13817 -11514 -7518 7798 11182 -46 5683 -14310 2809
-11884 -15036 -3029 -6081 -4710 -13069 -7141 13500 8054 11418 13220 4048 -3744 -13141 -11180 -7059 9173 10161
-7610 -1339 -14202 2488 13870 -11701 1132 -9770 -10080 -10274 15678 8701 14985 -13250 13833 -14053 -10498 -4412
-8426 13149 8757 -16304 -8943 15574 -5671 -3454 2919 -15805 2682 -10451 -520 11300 7778 -7160 -14874 12311
2449 7846 -565 15458 1792 1193 -7915 -15922 6952 -15307 -3414 -12364 4039 -10080 -2354 13913 -8989 -8337
-15290 9086 8966 14723 12476 -4812 6868 -13165 7271 -274 7613 -1833 -7962 7385 11273 5890 10089 -3728
5150 4731 -5605 6474 7935 -3131 9402 8503 -6636 -4294 -1913 10892 13864 -13310 -14497 10683 9143 14142
2598 -3289 13417 -10361 -6547 2613 -15908 13463 -14516 -6489 -1633 -14521 -624 9253 7811 -14918 11033 -12258
-4330 -41 -633 -13874 -10905 -8196 -1012 -5985 -15344 -7183 -4956 -9035 -7053 8730 5229 -572 -1469 12017
-10416 -987 8262 -2379 -1311 10280 -15782 -8356 4229 -15443 -1865 -14642 -13605 4589 10354 12627 -15788 6558
3402 15436 -4828 -12999 4255 10531 -12707 3474 4543 5247 8280 15025 870 11705 -422 -14622 645 659
-11923 4 -13758 13095 1171 811 10559 8733 -15325 3683 -9184 -2782 -13205 9426 -3769 -1643 2965 14594
6625 -15997 6865 -11907 3110 3285 -11598 -9318 -9506 -11575 -304 8341 -6623 -97 -2888 4325 -13984 14995
4608 -9781 -5464 -14316 -6723 -1752 3875 -9173 2323 -15471 6371 -3779 -5333 4259 -11811 -2313 5194 411
-6095 -4731 9278 5666 -79 -16123 4092 871 -864 -1732 -7543 369 -5190 4487 1302 691 11124 3349
-11664 2528 14982 6996 -1642 4608 -12376 -8021 -3157 15556 7832 14181 4366 15126 -4507 -779 -7735 9205
-6937 16215 -728 11648 11147 -8491 -4951 -943 -11941 -2067 15899 -756 3633 10637 258 -969 -13486 2953
13114 -4020 5404 -5816 -7970 10764 -9697 5305 -1177 -8425 6987 -6770 11286 -15686 -3704 14504 9623 8455
3180 976 14560 12331 3655 -11863 12632 3069 -5788 14818 15422 4051 8843 10672 -8375 665 7370 4219
-15733 -14043 -11658 -15143 -11877 4803 8043 13752 -2061 13335 156 15326 -874 9253 -4919 8087 -16137 -12373
10889 9893 -6378 13998 -14443 15996 8939 2140 5436 5809 15112 12561 -12743 16303 -900 3763 -13914 8620
9714 16196 -8368 -8228 3618 15799 -7891 -1052 2409 -16125 -12758 -12910 -11597 4468 8745 8905 -1125 -14262
-6324 7107 10193 11644 -5011 6004 6082 10204 -15121 -15286 -14729 -3229 -2632 10523 7861 4546 -3203 14944
2927 10560 -10688 -12385 -6308 -14906 -6633 3366 4062 12338 -6864 5630 7982 -12299 15121 6687 4535 -13606
-6875 5344 -9537 -10462 -12171 -12364 11332 -3110 178 -752 -2514 -1179 10364 -82 -8030 -15268 5853 12791
-14924 -15208 7704 -15937 -4543 -5492 -10334 -3028 5658 8407 -5778 -6663 -1177 12315 12395 7135 -700 -3318
-2988 -2220 3501 4287 2206 -7312 -1375 12627 -298 -12755 -11647 -8016 -12784 -15913 -6215 5023 5046 12993
14242 808 -11894 -10951 14503 -11747 -13080 4022 -11352 12523 -3253 -8870 3226 -3139 -6125 13459 7800 -12611
8068 -14812 3671 11446 11026 10307 -1580 -11290 6876 -15836 9395 -13049 6264 2967 2506 -16207 7918 -2803
-3301 16104 -3064 3009 -8895 9457 -14647 11828 10764 5473 5945 -6949 -6544 13946 -13460 13074 10138 10934
5560 -2979 -15515 -2139 4173 6598 -6163 -12556 12774 -9303 -10623 -4659 -38 13201 -14913 1638 8534 12929
12025 -6187 14317 1881 2783 -10206 8528 -13936 -16039 -11105 1627 -9177 -12110 11387 -9390 -801 -4102 10645
13673 -11351 12459 15247 6537 5724 -7281 -9947 10321 5294 -15141 3003 -13476 -16288 13212 -9923 -14398 1456
-1956 35 -9759 2076 -8451 14803 15964 5958 10211 -2259 -13210 -4046 5211 -13472 1336 7855 4664 -1790
15592 4892 -13636 -10912 -16289 -16308 6325 -2541 7326 -10814 10735 -9004 -5298 -5598 -12341 5520 -14223 10728
-15580 -1344 -10888 -8613 -8326 5106 -4741 -8002 6482 -15700 -4413 -12859 13274 12658 15755 3406 -1585 14630
-7159 593 -615 12433 -3159 -2287 9404 -9665 2968 6549 626 -7024 10377 7259 -14955 12298 8627 -12468
15803 -12299 -2277 -15126 15270 -1758 -10991 -10287 -12068 -11509 -3844 9308 12944 -8415 9048 -13657 -15412 -5535
-7423 3253 2761 15656 1450 7410 5533 -694 -5709 12509 4633 -2466 -4838 11263 7409 15451 -10803 -2272
3102 -9111 3881 -10310 14465 4080 -8000 -9299 2761 9718 597 11571 -12393 5800 12590 -7401 5854 -2760
10892 8482 8849 13285 12147 7382 10360 -4511 -2640 -9632 -5276 11854 10777 13767 -4220 -8662 -6122 3177
-12778 -8626 -13728 6824 -5055 -4016 -1783 -7711 6465 -4974 -10052 10909 -10298 -2540 16197 -2292 -10601 8332
-11947 -1617 -9093 15546 -4736 -7084 11097 16118 -14200 9031 7837 -3060 7901 -10041 2270 -1975 8036 11446
5311 9428 -3208 -15209 11539 -6333 2094 -2126 12357 14181 -802 5015 -3337 8038 -9505 -15154 -10776 2579
-1390 -2107 -3301 -13445 14752 -14839 9780 6071 -6519 -15429 -3033 -9205 1365 -16063 5644 11821 -11859 -10948
11093 -14875 8719 -15686 -10458 13525 4189 4013 -13064 -12133 2968 -8291 4231 789 14059 -6503 -4880 -2812
14828 2162 -6383 -14635 -6625 -2003 12083 -13380 -10821 -5202 -10767 -1278 -6224 14264 -14255 2974 15591 -6112
-10449 -4597 6860 10292 -12828 6225 -10484 3969 -9181 -10137 12439 9913 -10463 8377 14834 14574 5624 779
14504 -15100 -4784 -12926 7708 9061 3635 -519 -633 13302 -13238 -102 9021 10314 3880 -6482 12594 15894
-3327 7858 -6978 -538 -9088 16046 -5730 -11762 1013 -2108 -8645 2530 15286 -11771 -4819 7465 -2623 11143
8193 -15407 -13154 11707 -12484 13788 5003 11516 -11366 10146 12763 9829 -9063 -10693 -12904 -12313 4152 14385
2407 -4457 -10236 9854 -9802 -6325 -179 4535 13584 15718 1717 6021 9166 -3084 -12043 3158 -3337 1266
3286 -12974 3677 -7439 131 -4464 -14833 14555 6661 6536 751 -9195 -5883 12235 11938 9413 -6700 1523
-11605 8309 10673 -13609 13007 -11557 -951 -4352 -6460 -1809 -9605 8287 14085 581 -9634 11839 -16121 13469
4228 -5766 9867 11703 -9598 -11031 -13229 14181 12967 14877 -5127 8677 -3818 -2476 -741 6253 7664 5029
14779 9223 14575 639 -15898 -12128 6685 1875 8851 10330 -12325 12429 -15408 -1749 7715 -5943 536 6304
788 -1725 -2297 6657 -6996 4237 13617 10907 -13360 8584 -1201 2137 -12142 11918 8859 -14697 7089 -11026
-13185 -10960 8548 11418 4968 -547 -1707 -12252 -15615 -13375 -2070 8420 -9345 4414 -4920 7038 -7083 15
10904 -12154 -11755 1937 15371 -10886 910 -4765 -5603 -15879 6712 -11217 -2152 3377 12756 9413 13783 -8291
15180 3441 -10539 11497 -286 2950 8285 10806 2436 13114 -7006 -2939 2436 10679 -7179 -1171 -8597 1391
-1071 1038 -8157 2224 -14565 -10164 8539 -5511 5031 -2507 12591 8586 -12032 -11326 8199 -6718 -9118 2759
-13382 -9306 -12792 292 14068 7740 11178 -7875 -4129 6947 9289 -2389 -13828 -2851 14631 -15568 -4270 -8341
-2028 -8209 3274 11035 10987 -291 7641 -3673 8291 8306 7008 6517 -3580 -11866 4562 9028 -5264 1559
-7530 -2580 -2324 -7536 13482 7288 13086 2983 -10096 10881 5654 -13115 9060 15033 -15986 11083 1358 15296
-5012 14866 -8422 -191 1420 -16106 -9438 16181 -3133 3435 -12941 3468 5918 -647 -8401 -7695 -4244 7523
2351 14817 3068 -6197 8686 -249 10408 -330 675 10180 7186 -3894 1966 -14832 -1233 -8512 -4041 -1919
5632 5396 -7919 -3671 12711 -4606 3810 2469 9115 4013 -11383 3570 12851 -9565 12982 -15483 -8597 7293
4575 -12525 -1309 -9493 10070 -2123 13353 -13615 -6987 -2128 -4547 -14390 -8070 -12400 6985 -8234 758 -12424
-4166 -14512 -1429 -13641 5998 -14047 14955 10650 -12214 1842 2695 -12918 3568 7976 -6099 -1202 2766 1868
16325 16304 -5540 14280 -16089 585 -12130 -3045 -11477 14997 4847 -14141 -5477 -1205 -6654 4413 -14254 -14360
11552 6711 -7521 -5999 -12616 13309 -533 12313 12822 -14030 14491 -6046 -13708 -12862 3640 -10014 -11473 6681
5581 7044 8538 1688 -110 13241 11896 -9406 5574 7111 -16250 -6219 -15134 15458 -11463 -10403 -4372 635
9861 5609 3623 1884 5733 -10238 -5386 -268 8153 7218 -5897 -8081 14124 14380 12145 -758 -11398 -14802
12533 -1755 -11409 1724 -10687 -9318 8015 2714 -12191 10060 11326 14582 -10727 13060 -15174 1504 -12154 13177
14948 -4863 15105 11182 -6902 1160 14920 14208 4829 15463 11994 -7040 -12794 7616 -14687 3326 7000 7834
-11822 -5785 5735 -8742 -8424 -13359 3770 -9362 -7441 14802 2653 201 -4530 -10087 -11875 3478 14473 -8392
-6133 15529 118 831 5832 13619 2255 5007 -5116 7224 13272 13678 -11328 -9660 577 -2088 11731 -5800
-1713 12563 1333 16168 13365 -9585 -13191 10123 9416 -8476 -15468 9004 -14508 3641 -5403 7807 -12855 11474
10101 5369 1561 -12318 -898 -2944 -25 -867 -469 -10976 13656 15763 -7778 -9985 15181 8768 -12744 -14190
15541 -8992 -11244 16144 -15044 -3455 11219 -1239 7977 12634 9120 10225 -14202 -7837 -8851 12831 -15487 -7395
-15749 -643 -14829 12465 -12254 3734 3294 -2748 8653 -843 -10916 11901 -9145 -16368 -15562 3182 -8650 12351
13553 919 -9755 -14603 -13358 -15037 15429 -1305 10999 4630 1334 -14576 12748 6889 -2812 12823 13731 -7210
13100 -5615 -357 -8817 -11670 -14236 3009 10482 -10771 -11765 -7552 14562 7142 2048 -4814 -14766 -11955 7158
11539 -13669 -11556 -8887 -15515 -3048 8026 -3536 5573 -14096 16159 12600 4579 -5072 -15147 12021 -11178 14621
-13444 -11277 14024 10441 5552 3818 2393 13796 12846 -2244 -1213 13013 -13930 -3175 -2374 -14837 -1684 14590
-3050 140 -8095 13801 2099 -15656 16342 15815 12824 -7191 -10591 2221 11223 -12648 -9973 -9398 -15690 2343
10778 -5351 -1395 -9443 14870 -11559 109 1356 11846 11073 12425 -16326 13819 7152 13138 -2913 12497 -1883
-2594 -7607 2608 16044 395 10535 -4582 1696 -2327 -5978 15135 15952 12243 -5833 -10828 16122 -13087 1073
-16218 5056 12794 15838 7912 1112 13901 -14895 662 14342 2915 -11914 11571 1223 8076 1259 9526 16079
-123 -8682 -15162 7222 -1199 -10768 9665 239 4713 11294 3842 -14598 -5347 4300 -14619 -10534 -9934 8370
-4349 9287 14283 -6281 -12990 -7383 6799 -9159 9745 2236 6664 3176 3055 -4838 16202 -5925 -14289 8408
-11561 -5859 -16135 -13553 4798 -1784 144 9086 5130 -7019 -15910 -8947 -11430 13809 9756 5237 14540 14804
-2041 5950 4895 7696 8176 5866 -12774 -8601 11620 7280 -6104 -3170 6620 -12307 -5307 -1835 10444 -5994
-4836 15128 2275 -10000 -9615 -6349 6798 2882 4540 -13885 -64 -15797 4375 -10861 -10003 -3535 15195 -7131
-11429 9657 -1912 -7026 -4964 -15425 13665 -4985 3926 -14115 1632 -8254 -4793 -13971 -3639 8569 14981 -12362
9495 1101 11787 -5534 6560 -5041 -5262 -209 -5001 -10408 14843 13798 -4724 16285 11478 3985 10777 3206
8350 -534 -2494 1471 12836 3854 14835 -886 4717 379 1293 8019 -9217 -11206 11975 11150 -12969 10066
1102 -3650 3261 137 -13648 -8244 -9923 -14263 6135 1442 -13074 4826 -14439 -14342 5237 2522 3599 13677
16334 2540 -4155 12756 4170 -14164 7986 -5169 -6187 5858 1607 -12131 15737 4862 -241 -3529 15144 -8252
-116 5015 -5961 13119 15591 -12451 2085 -11779 2509 3213 1830 -13701 -3052 13755 10716 1244 -6754 -6580
-11548 -1309 -13185 529 3217 11287 3681 -5342 14204 8780 -13527 -13854 572 6724 13010 7011 3698 9393
-3421 -1549 -6390 -11424 -642 -11284 11195 -14671 13205 1231 5591 12104 11588 1173 14914 6153 11578 8517
11452 3138 -548 -2365 -6042 -4572 15843 6375 8576 4469 -8115 9174 -7049 -4471 -7310 9869 9758 364
883 7099 10555 10595 -5155 -6958 -8888 7319 11394 -1188 6767 -15350 -2640 -13166 -8481 5066 -8321 -3286
-3777 13165 -16247 -15503 3196 2748 -10303 -8806 -1843 1706 -12899 14933 13806 10889 -12169 -6747 6831 -16002
-12238 -9237 3506 -15310 7455 15685 15216 -14647 -4573 -13537 -4737 791 4626 -7169 -6384 -11502 -12192 -3676
-5446 12162 15608 -683 -12931 1793 875 -8590 15104 287 -4786 14158 3870 485 10204 13377 -5981 382
3299 -16133 -9904 3120 -3361 10259 -10459 -366 -14240 -12055 -11553 -11784 -335 4009 6078 3376 1978 15278
-10099 11635 -5338 10 3548 7063 14017 6754 2448 387 -12762 -1023 -7265 5094 -8809 291 9236 9256
-3029 12953 -12710 3744 2348 -14959 12725 -9976 -3900 -12885 8979 5420 975 -10928 1030 -9237 -235 -12216
15115 -2984 -8805 7304 270 -1216 12883 1356 10287 7889 -15104 -920 16325 -15720 -2482 -551 14755 8108
12099 -11873 -2916 13609 -8224 8141 -12222 7392 -12032 2784 11761 6221 -12929 -15278 788 -5686 -6495 -12440
-8033 -12798 -10319 -6575 5083 10663 -13080 13679 -15251 16231 4496 -7944 13197 541 -5781 2233 153 -10426
6478 15930 5839 -8781 -7406 8457 10326 3204 -1875 5455 -9600 15956 10906 -14167 1867 -846 -10877 -1742
14381 8144 -11497 13027 15888 5759 -3524 -2272 2716 -5540 14954 649 11957 -11196 -425 9498 8773 -2803
463 -8078 14652 1654 14054 -16277 -5674 6239 -10669 8690 -14309 11831 -10477 -9189 -9557 -12107 2388 -149
11450 -6200 -10089 8055 -16037 -3889 -1780 -9544 -13318 -6900 1088 5269 -11731 -7082 -14080 5569 6827 -2034
-11659 1738 3484 596 -5489 -1809 -5610 11643 7080 -3790 -2851 -4164 -2710 10668 1137 -2264 6376 -727
3662 4574 -12267 12523 6509 -6522 13396 4306 14859 4341 10346 4512 -1363 -2255 10653 -4713 -10656 -5477
15383 -4283 10307 -5785 -2419 -8545 13386 5198 -3811 -15277 11581 11399 7035 -2214 -9215 11764 15951 10444
-13287 -9829 11225 -7685 8554 -15275 -7207 10423 -1210 15815 11946 15863 2211 9113 -3146 10907 12716 -2849
-12538 3722 -1411 14803 10806 -6651 806 5071 -9066 14643 -14086 2422 5762 -5628 3330 -7375 7193 5172
977 11226 4881 13230 12928 10683 -6172 1300 7410 -7238 3631 -11108 10585 1740 8284 12061 -8964 16308
8832 10601 -10698 -8984 -4992 12766 10176 -13105 -137 8248 -1740 -13263 -13733 -2134 4297 -10000 8668 3884
10853 15602 -4207 5142 16339 -15005 -9136 6893 9809 -1510 -1573 12926 9550 -5800 12223 11562 -5518 -9288
-4222 5249 -290 1122 -3084 -1261 8628 387 4069 8320 11225 -16132 -12285 7129 -7940 7509 -3078 36
-11824 -14595 731 12089 13212 -12884 -315 -12585 -12034 -8665 -1089 5102 -2076 2088 7650 -10171 2265 8348
-15678 11833 2956 5135 -9725 -6429 -4981 15718 12620 15966 -14261 5324 14182 8807 -6290 -13584 -1379 -14553
-12220 9324 -6554 -435 4497 10631 1092 1118 10897 -479 -15379 14416 13371 -2588 3751 -3753 12227 14526
10744 -6408 7779 2968 11647 -8348 -14757 4416 4126 6150 -14026 6051 4186 7261 -4274 -15036 -1019 -246
-13166 15076 6936 10530 8837 -631 -15898 13261 9099 15518 -12689 17 -1181 -14216 5393 230 -16147 -13062
102 -5232 13620 9367 -6037 -15829 -3152 -10366 -6946 -4985 -2109 6935 7912 -11467 7045 -6747 -6652 12513
-3128 -5558 3094 3555 11602 4407 -13089 6673 -12432 -16350 -15212 -10023 1965 1778 14792 -11380 -7456 1211
16018 -14852 5988 6383 -4883 -1719 -15188 13522 -15781 -16137 -13322 -7888 -8498 -12732 9821 -13238 10951 -12871
-9193 -3050 10431 767 245 -16217 -2616 -10507 -9680 8937 15724 3070 4451 2962 9438 3232 6363 -12713
-3758 2123 9487 -15012 -4701 -11656 -8341 -14098 -11457 14322 13905 -12429 14912 15991 -4509 -13919 -11046 642
-9990 3821 -1546 10083 -11270 -4536 -15588 3473 -2358 14086 -15978 -15549 4252 -12768 3794 -7367 -9225 9114
15368 -10785 2924 7238 -6882 10387 5035 -15444 -5431 -4281 -10564 -9663 6132 -7100 5253 5086 13925 14924
-15212 6773 -10594 -11027 15640 10494 -12542 -9463 -13519 -11599 13880 -10312 8296 -13704 -9003 -8875 14721 16034
2612 -8494 8817 7387 168 13133 15275 -11682 3287 -2070 -7007 -9118 9310 -15399 12166 15577 -10309 -7497
600 10081 7016 2331 -14049 -1420 11338 14191 7534 -10021 4941 16128 1843 -2198 3145 7505 15021 -3347
-11222 8630 -2118 -15776 8779 4381 -4524 6494 -11989 15407 -13222 -12578 -1477 15256 -10094 7193 2323 -14685
16110 -14385 2514 -10230 -3568 4523 14012 5387 -14838 -3580 2341 10942 10342 453 -11886 5542 6510 7854
6936 1927 -13658 8125 -8688 -8327 1684 11752 -14875 -6086 -14899 5389 3658 -12089 5417 8491 15254 4908
12628 -9261 12905 15772 -1140 15832 -3439 -11841 11173 10574 -1751 11847 -7343 16306 3590 14030 1694 -6041
86 11740 -575 7009 5761 -2749 -15342 -15322 13653 10415 -6057 -12046 608 -14718 -7612 -15816 1436 -9507
-7869 -12719 3666 -7942 -1934 -4752 -8391 -12606 -13334 -7723 -6691 -356 9030 4162 326 -5245 1380 15538
7129 -3237 -16025 -182 7291 4996 2301 1416 -3337 -11343 -24 -3132 -15458 -11533 -6986 -1323 -2509 11033
14034 -2543 11271 7740 -574 9594 -7835 -15722 5542 -10184 15913 8338 9480 6978 -9803 -2261 8149 -16286
-2554 6766 -1113 -11943 -2527 8288 -1722 -15523 5043 -12280 10093 -309 6137 1731 720 3865 7134 2015
-10401 3854 4964 -5530 -14650 9518 10309 6454 6196 9337 10202 6489 13669 9557 2107 2708 -1829 10953
-14167 5689 12647 10219 12584 -16316 -271 -1635 13679 -12638 -5003 10354 -250 15058 -5301 1782 -7514 -7757
5035 16 -15131 -6763 -12686 10687 12819 -2415 -13281 -4082 11621 -2784 -4831 -5052 -1194 8933 -171 15449
-5309 -10802 -2871 -4431 -7075 -7844 -2106 -10747 14788 10814 13 -9827 2543 6181 -12958 5571 11596 -9771
-5305 -8067 -2009 12151 8713 1650 -11316 12086 -1790 -11217 -3345 14345 11796 16268 9546 1742 -14723 -14991
3720 8601 7371 -12362 -15260 3403 4141 14182 6154 358 14574 14129 3781 3615 -14787 -7655 -12835 -5962
-5842 -3477 -586 -11773 -3835 1266 -6083 -13487 -847 5230 -10616 3437 -6762 -14012 -3652 -2557 -14448 -3729
11049 -8415 -13771 13502 -4162 5404 3930 -9919 10905 -8546 -5413 11259 -9474 -13580 -14444 -7713 -16021 15018
-8782 1271 -6136 -10656 7727 -15897 2627 -6188 -2149 10640 8124 -14017 -10215 15128 3680 -8473 4266 -13812
-14382 -12560 -593 5338 -10737 -5258 6312 8078 6993 728 -10430 9911 -14028 2647 -1135 16037 -11497 -10526
14745 -3364 -8251 -10200 -10732 -1598 -427 2550 8815 -12134 8782 4036 -1514 -11339 11023 11913 9457 9958
-1425 6352 -15569 567 -8544 -16114 9793 14043 -11431 9777 15146 101 -8652 -12675 -5641 -2504 2644 -7021
3721 12605 -14516 10962 -4453 -1572 12091 14563 -12032 4643 -1987 14223 6699 -4019 5375 3797 4597 -672
-14158 14905 13979 11316 12833 14175 -16121 -866 4644 -15655 15951 16097 -11974 -10435 -7548 11116 2153 8825
-1884 8900 4465 -6805 5103 10687 -7644 -3667 -6555 -2571 14090 14765 -8059 7791 -11954 9989 -426 -15190
-13354 11018 -6739 -13896 -13389 15774 14763 -7230 4027 15948 -14454 10166 9077 -5227 -3950 -9409 14647 -7037
-2705 8944 -4212 -6009 1701 -7993 1494 -13952 15971 -10546 -15299 -15334 -6278 -7646 6846 12889 13733 -7654
15269 -13193 -11500 8127 13604 -5140 -6364 -13948 -12742 1226 -1426 -10447 10964 -13996 -9212 -5601 -1220 11205
-5130 -597 15021 12916 -4324 -1052 -16058 -11747 -12273 2694 11554 -15754 -3719 9261 -6458 263 -2673 -11836
-15173 -2495 7898 6203 4731 -3899 11838 -4478 -366 -5371 -7625 -12366 13308 -12525 -1186 15752 8917 11444
-5580 -14567 15410 5559 2589 -6208 9546 5253 3501 -11686 9690 -3845 36 -842 -10808 14196 53 -185
-12795 13865 6156 7451 -8009 -6977 -10608 2065 7318 -5610 3556 13640 8087 13414 -9420 -10796 -821 -10350
-9298 -14411 14718 9650 13005 4871 9643 13814 -14882 -14466 5009 -12881 -12098 -12787 12956 -8285 14304 741
4491 5544 15255 11175 3025 6261 -3949 7634 9787 2482 8611 10622 7892 -7084 -313 7245 13318 14116
15711 -3937 -6398 -4699 3522 -764 15713 6935 2552 14326 -14837 -1064 449 -7224 -6824 8427 -14378 14041
11381 -1573 -7056 -11249 -16374 12481 -12019 10112 4633 3236 8560 -1165 -3286 -12797 15851 -9849 16036 14764
4826 3120 9854 -14888 -9871 -11157 -7655 7535 -8776 10153 -15259 -4689 -6702 2576 -694 12782 7812 -10011
2633 -3652 12534 6465 6753 9517 -6731 7947 -5839 13172 -1798 8230 -10915 16309 1070 2026 13874 14357
8365 7889 13452 -9452 10186 -9612 11000 10010 13332 -5706 -12009 -6057 -14375 -11970 13890 -10039 15591 11305
-12428 1685 -7782 -6911 7267 -2907 -6381 -1303 10225 10599 1220 10010 -6204 8185 -2762 -2411 16175 -12437
12291 11277 10588 15447 1317 -465 -12635 -14146 -652 1535 2365 13838 9321 -3679 7449 3461 7976 -12486
9994 -7496 13501 1075 1834 9324 11174 -15190 -13701 -4179 8338 7961 -10294 6429 14953 -3999 -7207 -8051
-8307 -11290 -3908 713 -12193 -7147 -9085 7608 -13564 -8433 -15590 6821 7272 926 14189 4824 -15740 14960
6096 -7574 988 -8322 415 -8873 8268 16330 10274 -9516 -251 8018 4787 2785 -557 -9407 1571 -13789
-14943 -925 7513 -6163 -14273 -12836 -10947 4764 -13470 -13287 4052 -8658 9451 5 -11604 6409 3180 6784
-15237 -7393 9705 -7153 11777 15157 10717 -11059 567 -2432 -12673 -5974 12707 -10638 -10686 979 -13045 12498
-6239 -1168 15178 -8684 4635 5773 1670 -7713 9341 7003 1155 497 14432 15512 -8621 16173 5875 -1203
15152 -6933 -9476 -12104 4778 8846 -3047 13447 -5626 -7329 -4277 -11441 220 -10091 10419 2354 12555 -5710
-13664 -2840 1484 -235 15809 14042 -12767 -9523 -4416 12463 11889 -3156 3314 -10001 -2698 1691 9831 -2310
14421 -11722 -15062 -9405 -1520 12432 -3645 -6213 -7654 855 16127 -882 -14776 9759 -15627 7436 3054 -9480
8512 -7957 9290 -6847 2706 1452 10269 -14656 -10899 13403 -10598 -11535 5159 -12419 -1151 3229 -13255 -8893
138 432 12977 -7678 11783 6470 4619 16102 -8506 2052 15650 -5913 11060 -8529 13185 3060 -12343 -6410
-9503 -4488 -11616 -15726 -3604 10491 11364 144 8261 1574 -1932 7406 -14386 7918 -4034 7781 -1247 1802
13806 -14713 15711 7590 12878 2057 -4301 -10660 2533 14178 3340 3678 -4764 10645 8881 -15879 -14016 13642
6134 13878 6301 -13787 15048 -5406 -8330 4687 10864 -5967 4082 -11687 2069 16317 -8423 -1213 4227 -13769
-13141 8918 811 1877 -7604 -10693 -1429 8850 -4636 -1338 6414 -1256 15172 12562 12566 16244 4366 -4524
-14406 -3691 -2864 16360 6826 -6416 -1424 -4814 2715 6402 8908 -5215 3840 -9731 3489 -9965 5909 -15940
684 -4000 -989 -6409 5648 11311 -5890 14524 -5127 3088 -9518 3101 -8322 12230 7967 12839 4298 15586
-3325 10772 7805 -15720 10167 -15422 3665 4040 -4003 -14749 10490 12133 15608 -4234 -12974 -263 -14659 -8715
-334 4987 12681 15823 12961 -8082 -6477 -14438 8627 -10970 3330 -6014 8108 -7066 -15870 9861 16100 10802
-1932 5346 -15631 9187 8226 -4912 9855 11897 -1314 7786 14466 16174 -15678 -4620 5264 2641 1463 -3783
-1399 3152 -9665 336 -13959 10519 -11924 -2931 8637 -10855 -13778 13483 -3475 -84 2518 1357 -2574 10265
15831 3755 -7689 -7436 -13620 132 -12664 12841 3256 -7844 6259 -4520 -4974 -8736 -15626 12770 -4352 11435
7315 -1467 8288 -9680 11079 -3163 529 4334 9181 8874 -8983 12779 -3939 -8046 7429 -11938 2856 -8833
6859 -5205 11687 7440 -2774 -6508 7971 8504 -7905 12972 7983 14155 4732 8464 13518 6997 8684 -16045
-7023 -6734 5170 -9288 4606 -2345 -6477 -9309 4152 -10891 -15052 15951 9693 12992 -13083 -9787 2091 2315
156 4101 4456 2202 -11673 -15735 13952 -14669 -6594 6632 -16 -7437 -3563 -2594 2529 5862 -8421 6508
-12391 -7207 4155 -6308 -14832 -11542 -3605 -15639 2525 -1182 14110 -5956 9307 -15547 -6245 -11239 11273 3622
9074 1113 -15313 -12736 16331 13980 16319 11202 8418 -6214 -5245 13931 -2735 12919 -15500 -10920 13964 -8704
5991 -5862 4785 12432 -7440 -11253 9089 -9610 -9088 -8991 5802 3380 -47 8067 11081 4873 6018 28
10413 -1389 2566 -11153 12893 10956 -4676 14185 7516 -3265 10327 15100 10923 -5003 7561 -5075 -13551 15535
12509 -8860 -12265 5339 7903 11018 11861 -1598 -3708 11865 13555 11646 5060 -11665 -8596 -13003 -14195 16285
7821 -2304 2260 -12023 -11832 3115 3340 2159 12706 -7259 1469 -2998 -3440 173 -14482 15379 -4379 8661
-4668 -14615 802 15399 14827 12370 -134 13986 12348 -159 -11633 -1558 14616 -11271 -11908 10299 -14059 -400
-16104 4516 -11174 13655 1145 14453 4427 -8807 5303 -1548 -12695 6339 9715 12108 -8333 3490 7577 -9520
-6703 7956 15842 13659 -1997 1303 10909 12312 -4747 -984 11054 15974 -12602 -312 -12840 -1004 13576 15709
-12233 977 5498 -14269 -3824 2535 -15978 8218 3916 3878 7733 8289 14914 -16352 -10757 -1976 5942 -11116
2797 9662 -16351 811 -13465 9937 -81 -8854 -12754 -10952 3724 10207 14815 8232 13795 671 -1132 6255
-1247 -2573 -3905 705 14582 14157 -6059 -7090 -13913 14976 16176 15764 9854 -7374 7094 -6276 8351 -5494
3255 -14689 5892 -13010 3988 -14103 -12863 -10895 -15960 -7838 -13688 5575 -16161 -2489 -9615 -6274 -86 -2720
9465 -15960 4119 653 -4019 -932 10812 -2908 -1342 -11234 -3626 5238 3491 -15973 16175 -11719 11575 -1638
-4283 -6910 2554 10542 -216 2223 5931 -15823 -2396 -12815 -5494 -5137 -6624 12445 -13985 -5089 -1082 -6069
1724 7190 -3099 10011 5895 15935 -5997 15065 -844 -14393 -15210 -15291 -3504 -3435 -8827 -1876 -2620 11137
-1750 8635 6358 12484 -15829 -12394 15091 -2897 -4119 -3804 4140 6297 9640 -14676 6527 5147 -13070 -7515
-3495 -9088 -4299 11465 5976 8309 -11596 7021 2645 -5111 -8548 5902 -2141 -14126 2675 15404 -16239 11882
-9029 -4260 3892 -10457 15564 -2151 -10388 -13056 7174 4825 -5859 -15663 14890 14568 -2114 3525 2309 112
15129 -11504 -3248 -9639 3408 15836 2770 5969 10783 -11897 -7728 -5204 -3230 11274 5021 -6802 -8489 -13122
-16236 2212 -3803 13114 296 1531 -5604 -5472 5209 16268 1597 -11014 -12980 4086 -1665 -13571 1074 1968
1864 -7175 3697 5277 -9277 -1527 515 -14367 2642 16013 -14310 11761 -10910 -3365 -15611 -4879 9054 6449
2902 7482 -15098 12783 2116 4155 -3870 -9980 -6320 -1660 6159 -10331 14116 11803 -1977 -443 10688 -4582
3860 -9536 -15912 -5005 -11669 7897 -4232 2320 -11684 -13592 -8214 -3803 10273 -3891 1240 6590 -10654 8999
5812 -14180 -335 -6964 5721 7997 4181 11376 4588 -9150 -11183 -12119 12550 -14609 -1379 -4075 -13290 -1781
3250 10711 4863 -1294 -5809 14923 1800 -6679 11637 -12300 -13322 174 11959 11441 5233 2644 -5453 -6342
11697 10063 4055 -7993 -4523 9420 881 -15603 3213 1603 2274 6765 8067 4431 -4559 -8080 -12295 -13378
-7742 2670 -982 8162 -10908 -3953 -11529 6962 4752 8436 10819 -1264 -7184 -3273 5278 -1056 -2018 -4080
-1501 7777 -7761 -7847 14491 -10430 -10128 7731 3819 -8981 8174 -6261 -10323 1947 14141 -5959 -10473 -2114
13810 12421 8227 -2443 -1421 13912 -11021 -15243 3440 16296 -14742 -13545 -8527 14772 14111 -7253 16145 -9355
-14982 10511 15306 9167 -16108 1922 16116 2062 -4254 -331 6473 -6510 918 -13792 -9940 4544 -12859 -7270
4840 1861 -6842 5162 -451 10105 -11684 1819 3351 283 -1260 4943 -8286 1352 -10384 11991 14715 14247
12483 -16191 -9143 12005 -3999 -15056 -5266 -1694 -16015 -2126 15636 14888 2593 -2099 15479 4643 6 7130
-16036 10639 -9285 -6632 218 -4689 -4153 -12295 -1177 -10563 9924 -8257 3083 -13786 11461 15436 -779 -4874
-14350 13109 -15054 -1391 9325 -6885 -11335 -3164 6018 3123 2985 14682 7675 4395 -10793 -5931 6606 -7630
-5245 2772 4863 -16307 15977 -5190 -61 -2321 8705 12208 -10271 12749 6656 -2263 -2212 -6929 -3553 10118
5205 -1277 796 11290 -13265 15862 -14074 -15533 3053 11718 11956 11310 -10270 14738 12950 -14347 13960 3827
-14158 1061 -15696 -3184 7653 8367 10459 -8980 8306 9828 5096 14977 -3652 8619 -13071 9747 9546 -2697
4718 -4545 -3820 -9611 -5468 12114 13053 -8568 -2758 -4510 -4193 -1927 39 -5481 11846 1002 -7211 6344
-10687 14732 -5504 -688 -3755 -2156 -14625 -10216 -2159 -4503 -8698 -10508 2121 1437 -6005 -15820 13404 3366
12007 -10375 15801 3782 -6880 -14648 -4060 -11320 -5722 1501 -2254 -3345 -5254 -4669 -10854 -1361 15252 -10590
-7762 2972 -12921 9687 -5337 -2268 11102 586 -4574 13945 -7989 8956 -2200 -12846 8575 -5151 7665 -4140
11995 -13075 13740 -2742 -16182 5999 8057 -740 -2585 15781 -9607 -14210 3810 12424 14982 10087 -1751 -12309
-6139 2373 -4926 8385 3291 1521 8565 15810 -11587 -3361 -8395 13873 5805 -10089 -4682 -12552 -2622 -9113
10077 -9738 5926 -3496 13154 6040 -10394 -5278 11056 -10578 14566 13276 12044 -14728 15795 -10696 11767 12031
3709 5612 -6954 940 4836 14003 -10033 1043 -8460 -15368 -12042 -8431 6634 -4985 4903 3094 -15806 -14707
-6089 -12604 -3350 4034 11079 6328 3541 15843 -6022 15783 -4166 -3231 -12599 11693 4370 11348 -1743 10723
14438 14266 -11498 10032 8653 -12065 7138 -11422 16304 -4846 -12814 -3972 -1838 4513 -4948 -1456 1931 -14839
-527 -13743 -8611 -2459 12985 11682 13728 -9688 763 8563 9887 13072 -16176 10638 -2101 -1957 -6446 -2770
-445 -15820 9669 -14832 14490 2415 -2686 -12852 1758 3966 11527 -2715 9172 667 -6670 -15586 -15486 12871
12050 -11632 -1296 -6153 -11685 4856 -10961 14344 12794 16342 14745 -8453 201 -14410 1882 -289 -9753 5445
2609 -12023 -1120 -4432 11377 8203 10642 -8406 2635 7652 -1517 -8502 -13745 -5515 4813 11414 -8400 -8651
6315 3813 5830 -4827 -10502 -4636 6746 13828 -7737 -913 -15329 4551 14221 -7382 -4612 14149 9749 8655
7568 -14543 -2409 6855 12664 -11190 9501 -774 -3124 15315 10033 -30 13799 -7607 1463 9697 -9871 10316
-12780 -1827 -5482 11231 7824 -2815 12181 10710 -11773 5603 -11901 5004 3754 14802 582 11477 15449 -12441
-15388 -14796 9688 343 13567 -6322 -13943 -11114 1695 -611 7494 -4970 -204 -7319 -13934 -5654 11987 -11532
8175 5908 14536 6644 -12147 -10339 -10673 8518 8997 3425 -2407 7394 14116 -6099 8213 -2036 3853 -11380
-2317 -11831 -5351 -2338 3296 7575 14112 -1110 -8680 15456 4027 3636 8090 8616 8875 -13229 -15682 -9976
-4490 5756 -11802 -35 9551 -2268 2704 1855 14143 5188 -10090 -11720 -14461 -8386 5804 1069 4395 -2336
14384 5025 -243 -4155 -16347 -2787 -1318 -2333 10613 -3481 14219 609 9342 504 -1276 1194 -12846 12980
10992 -10814 -15818 -43 8434 -14635 13291 8481 2560 5140 -6857 11109 -11000 10435 11290 5410 -2860 -5745
-7324 -3195 -1740 -1761 -4886 917 -15527 10986 10515 -11343 -9856 6223 1946 8504 7632 3042 5519 16009
-4986 14085 11424 5423 -6833 -6727 10135 6231 -7179 9394 -16348 15234 -5058 3505 -1572 -15998 3345 11790
16000 -2146 -293 15252 3970 12566 305 2962 -3897 5839 15286 47 -3928 8007 9791 -8193 -3780 -15668
15414 -13357 5847 16362 -195 -14635 -42 1066 3346 1234 10644 3321 -13125 -3365 9921 -11033 -2342 11784
2773 8465 -671 -9059 11999 -15647 5739 7503 13188 8692 -4501 232 -7099 8796 -14977 -15861 -8192 15112
-985 12112 10935 -12159 -11493 -1123 3223 10198 -7560 -5972 -7627 1496 3101 -18 -15851 -12660 -4778 -12907
7021 14549 5048 -11796 12846 -5509 -1715 7402 7235 4170 3055 -14328 9237 -14695 -15366 -15793 13393 -6674
3613 8884 12523 2046 3216 -2902 -7837 -10019 -3218 13036 -12218 2155 1113 -7004 -15369 -4074 -4764 4267
13486 -16192 3885 -1234 -7230 -13059 -4526 -7821 -2011 -15486 -11265 10232 -15315 -4645 -7709 11973 6296 -14500
7501 16379 -14125 88 13715 -13138 -15245 -15974 2482 -5134 -5627 -15351 12596 -12233 -2292 4269 3159 9944
14662 -803 8044 5618 -6862 13997 15741 -13195 13775 -2642 -14797 -10122 14759 9171 -1290 14282 -3827 4790
12117 -10536 8610 4348 -10071 -3674 798 -3049 -16138 2869 10573 -5588 -7918 -4331 -12455 10321 9735 -3791
-6073 -14076 9661 -8213 6338 -4399 1749 -9107 -480 -175 8146 3389 -6502 2652 4476 -8429 -8481 12670
-8058 -14359 14541 9127 -11667 -16304 -4226 288 4514 -6390 3201 15299 -8979 723 -3477 -14484 -14839 -10620
12430 11945 -15468 -1196 -15351 -8262 6698 13693 -5631 -14923 -7983 -2295 -6354 518 9359 1249 -5992 -9692
-4253 -3538 -7773 11638 13907 -6689 2888 1946 -3358 -8571 -5977 8909 -5211 -6041 -2885 -4445 -4043 -1581
-8852 -4361 3142 -5710 -4150 1828 -2535 13406 6551 1405 15376 697 9223 754 -2655 10103 3012 -5355
-1171 1724 6709 -16320 -5456 7147 9217 -4078 -2085 4541 4302 -13278 -11136 8336 4175 -1297 11374 9986
8317 -2793 -481 12479 -14043 -7478 -11697 -8296 12450 -4739 5867 -5419 -4628 -9757 8501 10442 15313 -487
6942 -10576 -3708 -6111 -8205 4781 -7084 -14191 3133 15414 5820 -2676 -15125 11928 -10076 6641 -1623 2513
15581 -6956 9874 -603 2034 -13013 -9969 -13587 -991 15816 -1034 -4302 9891 15758 12021 11897 4660 -6175
11572 -4255 720 -13993 1846 7531 7866 -2891 13313 1434 10435 -7138 15743 -7875 12233 -1404 3107 775
-10369 14690 5583 -9623 7786 -337 -3081 -16103 -15051 -8437 9470 -14607 15133 -4037 -791 -4097 13261 6107
2354 6360 -13741 12881 -5123 -2767 -10905 9730 -3476 -9046 -12047 14018 -5556 -9750 206 11661 -1287 12272
12498 10364 1406 -13911 13834 9970 -12288 -14402 5445 9750 85 8366 -3373 -7800 10745 1829 12171 3147
-3292 2692 -10476 5640 5427 9664 -15524 -12169 15440 12402 6507 2324 2639 -6612 863 -5349 -16169 -2039
-13392 15791 -10558 -9080 15796 -11682 -827 -11878 -4247 14274 -10925 -15110 -10129 1160 -7233 5819 -9645 -12648
-2398 -5591 7697 8840 4475 -1846 -5411 3933 6557 7106 -9702 6768 -13753 -157 3243 12202 13324 13559
-14988 -7690 -13442 5863 3350 4084 -13560 13052 -15614 -16142 -5098 12032 16299 -12776 15227 -9333 -5093 11233
3348 -5864 -3414 -6189 -11606 -3235 -4855 11879 -9706 -10532 13188 -4789 13991 1205 12681 -6711 -9783 -14144
-7322 -15482 7902 13783 -7857 2926 -12687 11385 7079 -2319 -9077 12173 11391 3943 -6556 -1148 -7588 7642
13117 5026 -6090 -15642 15501 14749 11972 -13577 348 872 -1281 4797 10477 841 15836 4061 14496 13874
6493 -11799 -7913 11342 14029 3978 9878 8154 -11704 5124 -5968 -4553 8057 8412 3359 10044 -5208 6099
-11787 9936 8434 280 2801 -4935 3803 -15940 -12748 9903 7171 5732 -11242 8372 -15051 9797 3664 4008
3493 -15794 14951 -5607 -15237 9375 -3261 -15527 -15476 -15293 1560 -9006 2918 4378 3731 -7780 -8040 11287
7727 79 -12760 -4179 -3355 -10473 12642 -9084 260 -6649 13021 15983 -11161 -1104 -12103 7586 3268 -12303
-8670 -12255 -1693 -16111 7193 16243 6128 -6390 -12420 13984 -1357 -3800 -1989 -13220 -9761 466 3562 15735
-11193 -855 -6781 -13407 9014 -1327 9312 -2995 -14943 -9845 -7026 5103 -6537 5898 -4540 -13969 600 -3705
10924 11735 4207 -881 13293 13391 12953 8348 9827 -14771 12486 14572 5932 -4091 -15453 -15474 -11285 12581
-3467 -10310 -12348 -14905 2117 -10653 -7762 -1122 -7097 2317 14312 -6284 10604 8931 9419 3798 4445 -10234
10436 -9713 -6512 -222 -8804 -7597 -5713 -3772 9974 -4036 9791 7149 -13277 15992 -1403 -1686 -8431 -11067
-10592 -7329 5278 3861 -2310 -3165 -3559 9494 7653 -6320 -3072 -14887 4225 14361 4617 7108 -9506 -8225
-15255 -13098 8032 -1408 -4528 -13563 -2712 14831 -11852 2307 6958 -8054 -4016 -6354 -267 13735 -533 -4929
-7333 10352 -14371 8511 8973 5361 13775 6725 -10331 -8335 -14396 4443 -6195 -9731 13653 5693 -16221 10313
4672 12615 15968 5563 7204 2604 2108 4545 5510 -6420 -7282 -14747 -11751 5887 -15823 -735 -10180 7894
4138 -14861 15299 14213 1166 5298 5626 -2373 -1629 -14172 16103 13042 4157 -11702 11216 -2067 8819 -5253
5885 8029 -13963 5560 -11072 -7706 -1357 -11585 -1614 -3005 66 -13478 13886 1220 -12154 -10118 2915 11520
2311 8840 15542 11209 4263 -13573 9128 -1187 9465 -11225 -14328 6107 -10519 15188 -7736 2557 15008 -1768
10241 2563 -12628 -9250 4412 -12561 -8614 -3899 -5907 -8720 -7321 -4432 -8647 -4576 10967 -10341 -4095 13424
-16090 -15317 -9696 11235 -5730 3464 -6162 11772 9479 -13967 -12279 -4235 2950 -13178 -682 13613 -576 9960
-5822 -10900 -3778 -12535 -5298 -9919 -9195 -4419 8649 -11703 965 1679 -10272 14487 13154 -9381 3284 -6927
7411 -7654 139 -1224 -5608 7671 -5812 -9942 16367 9387 14017 -8884 14903 15623 1609 6688 8630 -13361
11369 -13920 -7718 711 -2145 5348 411 1551 4188 1062 9127 -1100 6736 10985 -11838 14718 -1303 -7050
5986 1296 -5866 13446 12194 6704 10832 8261 -13732 -5275 8411 4983 11404 -12097 3913 9717 12283 6392
13632 -10915 -6624 12484 10622 1797 -7619 -11170 5402 -6599 -4399 -157 13324 -3427 12846 3812 16112 -11533
1641 -13889 8711 -16380 2163 -15579 9599 7127 8838 -13440 -5387 2344 5571 -7303 -7113 5910 -14565 -6828
10061 -10978 -11414 -10112 -15429 -7356 12008 9067 -767 -11625 -11323 3995 3683 -5674 -15349 -11269 -9231 8814
-7480 6514 13501 -3671 -6033 11706 2674 12834 -2438 -10128 -15863 -16003 3667 1639 465 9812 -4233 16194
8377 -11659 8400 6465 6859 -10934 10604 8028 12023 4760 15438 -8817 2578 -11923 -9312 1908 8990 14163
14090 -4841 11468 969 -13978 12805 -16320 8181 -1643 -1369 9491 -10604 -15701 973 -9569 -14285 10066 -10098
-14730 -4192 -2961 6735 11314 -13662 5885 3874 -11658 -1305 2370 -5549 -1750 -3265 6947 828 1289 1287
6607 -4511 1122 -7703 6819 11448 -3813 -6716 -4784 -6838 -11278 15588 -1739 -8968 11527 14975 2577 8349
-14944 -3238 -12320 5469 -12509 -3898 5625 -7370 -3224 4050 -2687 -4652 14897 -7996 1790 -12372 -6150 6847
-10422 2886 14830 -2101 9131 -6434 9019 3316 8511 9766 -4215 -3375 -11361 5742 -4412 -11735 14011 8424
3616 10479 -16371 -10426 606 -9352 -1300 11908 -6322 -6682 -15300 -9203 -1906 -15902 -5809 2296 -14439 -11117
11782 -12365 4866 -1846 -452 14275 8960 -1667 -12706 9193 -12503 4215 -4260 -6549 4471 15694 -9788 -4182
-13671 2198 13354 -13576 7011 1876 6350 -8788 -2138 12982 -8581 7285 -10720 -6142 -5973 10991 8657 9419
-15631 6517 -12167 -11413 2966 13623 -15786 15276 -3706 7820 -12495 -5174 -13978 6538 9373 11669 -505 -13100
-9857 -9221 -8192 -7502 -9526 11430 6293 -16281 5515 -15870 -15393 -14402 557 6498 -2521 -10522 -2825 10626
12433 -1408 -10285 -15054 2306 1526 12626 5703 2364 1551 7411 -15137 2375 -15934 6307 7870 2326 15686
-13438 -11494 -12953 -3213 10725 5753 -15382 14660 6816 -15625 -3419 -68 389 -14163 -2410 -6165 -11479 620
-10853 -8880 5605 -15693 10126 10849 -3035 11479 -9546 15208 -15395 11912 5978 913 10070 11639 1718 14402
11060 15696 276 -10580 1457 -3600 -6348 10142 -9429 8656 10988 13728 11230 11463 -13547 -5823 -12557 6897
-14683 16295 7864 10218 -13544 -12430 14896 3648 8724 4027 -48 10024 8781 5501 9600 12912 10151 15131
4585 -9546 -10596 -6601 -9488 -13865 11996 -8247 3452 -7767 12602 -3471 8831 -4883 7366 -15605 -15050 -9089
1847 6019 -12631 -6960 -11123 -20 6773 3988 -11788 5580 6353 5568 -2069 -14916 -15921 5552 6052 -10451
-12836 -1625 -2129 9867 -10357 8825 9170 -14967 -13672 10891 -3011 -2637 -15322 -11013 4059 12615 -14261 -740
-4597 13898 -3889 6692 7024 -14376 -1743 11048 -14811 6580 -13333 8009 -10986 6696 -2825 3625 3754 3600
7569 -11102 4773 13103 -2752 -5705 11085 -9017 11279 -55 14796 15972 -7647 -14834 -15913 -9983 12388 -8641
-10100 15941 11940 -9583 -1376 7725 6853 -10265 3512 -11566 1353 2117 4375 -8575 10009 -15991 -16004 4110
-15230 -7082 13378 -16017 -16003 12111 11730 -7036 -13517 -11634 14135 -11723 15039 -10419 14093 4031 5430 12256
4513 -432 -13082 1009 5203 10448 10203 3299 12351 9218 -4183 5782 -14307 13516 -12699 -1967 5475 12500
-780 6647 -5963 -12979 9862 -9851 -13960 -12272 9573 -6987 14527 -10515 -786 -9471 7027 10561 13524 -13359
4015 -14387 -1610 -6931 12648 11967 9928 -6860 4687 -493 7408 10127 -5895 -994 2812 -9687 15164 9830
2854 13784 2012 -15175 14816 -13855 13158 12917 10705 12249 15453 -11731 -9957 15341 -1387 -8337 3037 -697
-4644 4830 12288 8903 -8226 -13175 11822 6138 -8886 14452 -13280 -4533 -13775 8570 1050 -6540 5551 -6568
-2631 11830 -12082 -15102 -11285 9809 11430 -4039 -3010 -15185 9162 9054 -7330 -6436 -11551 10376 8920 10426
-15216 1237 -3034 4986 13470 16127 -11034 14533 3673 -3024 4200 3643 10807 12054 2675 7456 3771 13625
10049 -9646 14488 16012 -2872 14973 11800 -13500 -1730 -10606 -7745 3045 -13606 13428 10283 4002 -11041 2037
-15041 11494 -4650 2 -11136 -10193 8986 -3045 4286 -8932 -8804 1540 16119 11716 -15394 3010 -16262 15441
-703 -10814 4167 4806 14979 9554 12223 7452 10122 -6305 -14726 -9833 10847 1876 -1677 -7341 4984 -4504
15722 2847 9016 759 10378 -3441 2231 15436 1866 -8883 15814 7818 14482 11438 -7121 13025 5407 14734
2105 -12282 -6614 86 -5003 -14625 12099 -11429 -15693 -14463 -12413 1899 -2475 4701 15841 -12631 -5175 -13894
-6939 13720 -9903 -2208 -7811 -2441 7429 6803 10539 5836 13339 -11704 -9367 836 14182 -2157 -15802 7610
285 15453 -14768 -3690 -8224 8800 -9801 600 -1292 -8626 7854 -6027 -13355 -1205 -13035 12385 -12050 -11610
6997 12268 -8798 11203 11916 -14892 11150 6234 -10773 14223 4371 -7967 5467 8561 271 5444 -15513 11504
14316 5595 15957 322 14813 10397 -872 8745 1635 -4462 -925 12560 9494 -12921 -10594 -15273 -4189 8708
-1795 -14101 15632 -12925 -13458 8728 -11704 -2854 -15180 -1117 15314 761 12880 531 -2844 -15396 14249 -2735
-103 11191 -14234 -13967 -11649 7798 8726 -13874 16212 -13461 2331 -3492 14097 -3778 -13114 -3270 3880 7719
-10567 4742 11274 -16283 -13931 -8073 13548 6886 -3370 -3674 13515 -3512 5112 5035 -13137 1537 -14623 12272
-9427 10721 375 -12093 15661 5049 -871 -859 3061 12630 557 -9238 -929 6833 -6507 -9085 -15515 -2966
12616 -14314 9191 -10638 14525 79 2477 2822 13707 -10885 -10840 14821 4303 11090 16245 -11333 -3633 -8171
-4052 -11812 -12579 10713 14934 7734 1405 -8669 4922 14217 15817 -10315 12638 -6702 7445 -4441 -2996 4868
3023 14008 -1647 7170 4778 -2073 777 11721 4859 5437 4705 745 -8604 -10769 -8745 5433 -3664 -15198
572 6087 -10499 6411 5701 -13034 -3296 -8252 767 3458 -15803 -11182 -14945 4614 -14379 8584 -387 -10461
13725 -1000 -3745 11287 3629 -13477 -9478 -15784 -14721 -11145 16309 -11974 10969 7076 6064 8688 2804 -4146
-1017 6078 -3745 -11175 14672 2149 -5603 15680 -5269 -1824 7317 -11926 1658 4686 15531 10036 -3794 -7369
5931 12113 5188 -16149 15719 -15915 848 -8891 5153 395 8889 -7014 -13908 2447 -4346 14316 -2226 6426
-13992 5986 -3608 12696 -4809 -12041 3543 -9470 -3183 -14481 -9698 613 1791 -6769 5821 9929 11594 -11892
-5530 -14286 -13776 -2876 6992 -13057 16224 11178 -12437 -11909 -12852 12808 6069 5554 7198 8034 -13588 -635
1675 1973 -3226 -10503 7113 5227 -11204 -9515 -5284 10631 -13906 7018 2324 -5340 2242 -10826 -5668 14108
558 -10075 -595 -6387 -4998 -2377 10975 -4487 14686 13767 3757 10571 -1421 12586 9968 -4476 -1785 -7688
-14037 15147 1357 -15961 2761 2441 -16189 -1314 -342 10392 -6203 7303 -5156 10169 -8572 806 -7770 10917
1312 -5013 -13110 14758 5904 -5885 -3573 -7672 6594 8370 -3602 15048 7809 7334 14781 8599 -9316 3078
1489 -15363 -7996 14026 -9965 -14123 -5451 4816 3511 11776 6679 12075 -7340 11870 4519 -5696 11794 -15367
16275 8971 2879 6780 -10716 -7098 16138 1517 14239 11180 8073 -11880 -9874 -11493 12540 -1207 -7558 -15143
-10410 11965 2266 -3400 -16135 5467 -3405 -15523 -4416 -12767 7765 -5667 -702 8664 5550 -9334 4948 -14443
-3872 -10228 6608 -12967 -5079 14258 8342 -1771 5386 -3061 5329 13781 -11603 7856 11388 -7874 -12930 14949
11045 3377 -1508 10849 -7183 2513 -13451 11241 7390 -13394 -12244 3620 14159 565 16189 7211 -15929 -3469
14308 -4768 -10514 -5643 14523 4095 -4646 -8691 4643 -15877 -113 2875 -10265 11265 9670 10473 5659 -11550
5870 1370 -12981 13072 9074 7647 -1583 14981 6202 1865 10884 5325 10869 15011 -5477 -675 -12138 6689
712 3105 11418 -15788 -10839 12381 -5227 -1121 -9377 -12875 15971 -8210 122 12165 -12349 2212 -5087 -14728
-9339 -10025 -3737 -7083 -13539 14263 12285 -5604 -1180 -12459 10260 7248 3990 9089 -14982 4503 -2657 5395
9729 -4222 -106 9552 7979 -5721 13957 3492 -14591 14068 -13708 -105 1085 -3769 -15459 8441 -5707 4920
-9985 6247 -7951 2106 4122 15851 -6119 740 2553 -15361 -6378 3466 8557 -4938 -8200 2319 16025 7992
-362 3582 947 -3721 -13451 -7209 14089 -1512 1515 678 3650 -333 -5755 -11557 16103 -11710 -7515 8021
-2013 -2093 -2448 -4671 10693 -8832 -7705 12577 15501 -15456 13394 2735 8105 9278 -5913 3301 -12425 11979
-15455 13525 14733 11281 -2703 3519 8703 -8598 -13411 13026 -4640 12845 -4508 9106 -2302 -11664 -3358 7563
-13053 -2580 -15309 -3706 1928 -1988 10202 1544 3531 4938 -7835 -893 -2218 -13044 14666 11415 -5625 -4756
-5354 -5703 6490 4228 16069 -14600 -13584 10515 -11916 -13030 1089 1836 -11978 -10514 -14919 14124 12354 2013
-2329 -13071 4951 4291 -6134 -4283 -166 14078 3288 14238 2619 -11835 -11139 14861 4898 12729 -15651 -13971
-14904 9921 12061 -13348 -4834 6163 -13462 13168 -9930 -7535 -9743 -4310 -9121 -3757 13101 -6106 9104 -15224
363 -8427 -4596 -9599 -10872 15853 -6084 12037 -1800 12767 11743 -15123 8459 8585 14186 -4629 -6284 -11410
13993 -15191 11266 -10077 9895 3353 -15437 4042 4814 -4339 6375 -11195 -9905 16125 8440 11683 -4924 -14030
-13588 4958 -9965 -11517 -13439 6344 3987 -14728 -5517 5443 15990 15383 13561 7345 14175 -10496 14739 -9171
10580 10035 12548 12023 12761 1586 14491 -75 2393 8653 440 -13864 -12599 10552 6795 -12453 13959 -12189
13342 -10572 8328 7554 2454 1283 -9805 13554 -13129 10384 3207 5953 15268 1909 9476 1412 -15375 1688
11208 -19 -10541 15581 -9094 4766 -11596 -14694 -1179 -6977 9711 -4789 11875 15821 3802 -2170 -8955 -2761
7425 13615 -9240 35 -10317 7152 -6295 4501 11710 2021 12670 180 4733 -2922 1763 -5787 -5100 -15832
-12425 15128 14066 -9517 -4642 10731 672 -13163 -15761 13805 11195 11047 -10927 15546 -2245 -12750 -5154 -13997
-3338 16315 3403 5668 16232 -4379 14988 -2707 9907 -1321 -8845 5055 9446 10746 13079 -14107 -14979 -7831
13692 -5401 -1498 12450 -14223 -10392 -12598 -14974 11700 10039 7881 -9104 1116 -16345 12168 215 -10375 14614
-11221 12762 -11 -15275 -356 16196 -8770 5160 -7724 -3393 11301 -4693 2393 -9914 -2678 -8743 2566 -16165
-5582 -15129 12300 15995 7799 11221 -12744 -12204 -3027 6215 4722 -4049 13111 -11629 908 10799 5503 -11756
3132 3013 -13811 -15418 14179 -292 13161 -8430 402 -6832 -6835 -791 -7219 2214 9592 9488 -1138 12798
-3100 1467 -3061 -444 -8683 2398 5307 -15705 8656 -319 6423 5451 -7434 1874 13727 -12733 -1881 16318
-4578 5305 5544 -10557 8494 -13199 -12275 1599 -4865 -2194 -13296 8845 -11948 -8207 3646 13330 13005 7849
14558 -12524 9068 -11990 14474 7625 5202 5271 9246 -12103 -11061 6308 -11307 -5827 650 -8511 -3154 4709
-12490 -1648 5395 -1019 16164 -8041 956 -5113 -15001 11323 -7726 -1534 -7930 -12819 -12463 10509 8075 6302
8367 -11306 10437 11641 -5949 7918 14279 8401 -9761 -6808 9520 -5286 -15808 -11358 -6479 -1132 10151 9312
10183 -1140 -14775 13347 -8240 7877 -2331 -8526 2364 3188 -16332 -9482 -8668 14828 6021 2315 15865 -13989
5288 -6500 8350 -16204 7436 7526 15001 11498 -13786 -8161 13990 1382 3857 2427 10350 -7244 -7812 12683
7317 -7303 -5696 11594 -5638 16041 -433 11378 10297 -1538 -4522 -5739 -4234 13731 -8294 8296 -15018 -2510
-15450 15970 -9394 -1570 10280 389 543 -4624 -6502 -1667 -2398 6262 -2275 7911 -5183 -13765 -5462 -2828
-2618 11507 -12180 -5842 15063 -15943 2662 -6759 3265 9146 -10914 -14083 -12297 -7373 2035 14722 -11309 3224
-13039 1406 35 12310 -8825 1676 -1047 -707 -778 15070 12633 -14602 15852 2260 -11480 954 -11951 -7986
-14587 7685 -6909 12606 6502 10505 -10819 -7934 -8567 -12895 14396 -15376 9394 901 -602 15792 -9284 -5436
14114 1746 -10803 -9874 15564 -14310 -15001 -3695 15310 22 -9048 -11417 -4153 -6404 -3638 16332 2927 -15185
-13076 16118 5246 -4835 788 8034 14025 -10543 629 -7925 -11601 -59 13294 -7969 -13644 5239 -10795 -10126
-11157 3391 -3085 1523 -12135 13793 8397 4191 -4458 -11424 -11218 -1034 7926 -9198 4824 -15636 6506 -2568
-15454 -6559 -1565 12110 -10846 2961 14581 9569 7109 -1712 898 3490 393 2481 13719 -11014 -765 -7161
-878 -13987 -7645 4877 -7034 416 -1223 -13462 -11040 -2160 2742 -2480 -16310 2106 6711 -11133 3023 -12654
15040 -12926 -3775 3120 6726 16126 -7976 5244 4721 -8044 9754 -4624 5280 4017 -11260 7600 5933 6105
15454 -11928 -6157 -13553 -2445 -9392 2060 -373 14563 13453 -2849 16304 2775 -1599 601 -10941 4184 5593
10875 -7979 -2565 3885 -2537 13440 16317 10952 -7468 12508 -203 -9723 -5513 16169 13543 9819 3940 15309
-7944 3962 4706 -6907 1792 3990 13727 8658 10563 14851 12533 13628 -250 10243 15212 12727 -5581 10204
-12799 -16158 -4025 -7634 932 4975 14957 -5758 14982 3430 -7958 -6106 -9578 655 1461 -8136 -6846 5924
616 12800 12929 6352 11611 -9083 -228 -7208 -1521 11350 12320 10384 -1847 -13134 -4170 9500 -1665 -4410
1817 10066 -10761 -1200 6628 -5382 10029 620 9869 10298 -5642 -8784 -4048 -6571 -10525 14449 13709 -6509
-3736 -3479 -9900 15227 4669 4220 -8288 -8119 -3835 12245 -6976 -7012 -3794 12089 -3778 109 13847 661
-12519 9288 -15751 -6950 -15274 -9800 9983 -9206 -10569 2044 1080 -15470 -821 -3839 -7248 -12069 -8153 -1391
11352 -14821 5361 6085 13870 -14479 -5465 -6459 -16100 1584 14869 -10583 -11495 13948 -11092 -5698 -15978 788
-1803 -6160 -5604 -3217 -4001 5506 -8655 -2037 14912 -15868 1659 4352 -6117 -15489 296 -15652 3871 12785
16270 -12886 -3343 -2302 9999 -9644 -12884 1516 14656 4651 -9947 -12352 1866 -11067 -653 -14390 -2926 6
-14161 3151 3219 -382 5111 1921 -4077 4098 -1606 7341 7541 100 303 13747 6252 -16214 8999 -15174
13523 5706 3078 3615 2265 -11061 16139 -12618 -13726 -10862 -295 4652 7080 8696 7982 -12852 2856 929
9208 4963 -13634 -4342 -11892 -3962 -7672 -927 4652 -12813 -8176 -7527 -11053 -7340 -12242 10428 -14033 4907
-2518 387 7401 -15606 5536 1317 7725 1026 -14166 15725 -6297 8030 10681 14351 -1973 -9325 -11067 4925
-8168 3439 933 14453 -8932 -13927 -13887 14749 5498 -13766 13030 1105 -13011 -8969 -13958 -8323 15685 -4829
-14383 -6362 -3974 -461 -1827 -1395 -14112 10865 3084 -12169 4853 -1546 -8080 9669 -13850 9681 2841 14923
-3833 7052 7367 4064 9894 -11053 -5433 8114 -11256 -10389 -8431 -1570 7847 -3735 5049 828 -315 1444
15753 -14977 7968 -917 10731 1404 -5629 11379 -11258 5065 -6274 -12267 -10966 2955 -12043 -9545 13420 -3189
-545 -15737 -9835 -2680 3527 4718 10040 8143 -3176 -10172 34 -6895 -14824 -15551 15352 -12693 -1614 1715
-12515 5065 -6279 -11017 10704 3699 -14999 1697 4766 14813 -3089 -15873 -8 14019 -15188 14013 13594 1143
7797 -15894 9783 -7045 8862 3611 -6187 7241 14201 1006 11633 2425 7195 7858 7015 15366 -5792 -1690
-4073 2793 9261 10207 -14272 -10519 -15108 12364 687 -4173 -10092 14559 1822 -12500 7703 15813 -2985 7941
-14780 -7335 -1639 15504 14323 14486 -8388 11987 -538 -558 662 -15652 -15936 -15448 -14047 -15788 -1963 -2506
-12585 -1962 8995 10376 -11298 -1919 -13535 13396 11625 -9140 6328 489 15837 -5479 11535 3170 14388 -8818
8332 -2527 12959 15007 -13672 -16008 -13200 -3856 13985 422 -5321 12762 -5530 6157 -11478 14283 -7825 -11877
7881 -4267 -7717 -1914 -9788 13950 3677 11837 -15595 9821 -9846 8610 -1423 6887 15948 -2699 7397 -4857
-7749 -5364 5308 4843 524 9545 8352 6822 -10518 6094 -10749 13043 -14618 -2453 8891 13911 5704 14552
4595 -5011 -3311 1705 -10173 -2694 569 8062 -5353 5190 -11716 4986 10069 -13776 -10538 -8200 -13500 -1673
-11766 -15239 -14426 478 -12695 -7200 11303 2933 3727 1505 13051 -3150 5618 3254 12227 4286 11992 -3306
-6734 16151 4519 -6560 2284 -4779 4450 -12004 -4297 6722 -3727 -5725 13261 -1734 -14176 6427 -11633 12458
5480 -12629 -415 -6407 -6282 4837 14032 4489 -15775 -4215 -7942 14876 7614 -150 -6232 11869 9820 15022
9916 -12873 9416 -11458 9682 -5782 11539 13684 -6622 -5411 -1065 283 -14428 13363 9331 3734 -13960 -4315
-2914 -11168 10628 15879 12571 -16203 10078 813 4040 -9330 -4498 12915 4831 -15150 -5299 -7912 10613 -7478
4207 1994 14663 -11050 -12790 11014 -2633 -417 -16083 -8798 10256 15883 -8653 -11868 -13038 9528 6749 -5290
11178 -15451 -10053 2714 -14079 -9366 7755 -381 -8775 4402 -11931 -10466 12402 -4951 2134 2445 -1644 15661
11083 6751 13384 14029 -4750 -15843 200 -9358 -7844 -16357 -1062 1110 11428 -12391 12181 8126 7893 -3317
366 -2329 12168 2482 -16015 4151 10190 -7311 16070 448 -1328 -14628 1408 -14363 4528 7568 10643 -2991
3770 15051 -15582 -14030 -13383 -4043 -4 5283 6048 -6916 -4506 -8083 -2185 -7385 -6886 -13845 -4497 3882
11406 5706 4433 15801 -12934 -10500 -5854 -9251 10389 12898 -5887 7489 15263 9424 -1201 -6953 14245 -12878
-5613 7063 -13182 7430 9883 -5724 -12894 -2794 13415 1430 5129 5214 15171 3603 -15973 -9261 1204 8608
-13931 -15039 -5993 10423 -7589 7696 -4860 1561 -15242 -9676 7542 8550 -9507 4954 -8911 -20 -14221 2150
14555 -8260 -6446 12576 -1169 2305 8774 14891 2640 -13931 -10467 -712 -13119 -12595 5150 -13961 8820 -11882
-6568 4180 11648 -14142 4636 -13724 -3205 5539 -8882 10388 6620 -8486 -12584 -6738 -15958 3433 1917 -13320
-14763 8208 6105 -15560 -7202 -14121 -2146 -1311 2109 2278 543 1159 -11259 16029 7189 -3432 3649 -9758
-6499 -12473 4002 10932 9088 -55 -5923 -503 11959 -6205 -14258 -810 12590 -7934 -7455 362 -3894 -9363
-7117 -10494 -7770 14647 10739 6037 -9055 15194 -12657 7160 7963 4674 -14579 12832 -2049 -6457 6197 3521
-14850 -4259 -6406 10018 11034 -6770 -6128 -982 6507 -4185 -3363 -6216 7454 -11598 15254 828 1978 163
-1878 -14717 -8024 -10536 -2213 -9778 16113 8379 -7253 -12761 -4022 13002 -14466 12276 4429 12730 1275 10188
-1270 -9737 -12232 7562 10685 -9393 -5105 4513 224 7405 11859 8367 4198 -627 3881 -6826 16191 -7193
-14416 11333 -223 13164 -15388 11932 -4730 -1734 -5183 -14732 1527 -6839 1962 -11855 -13941 -7194 -15347 14114
-84 -5278 6208 -15921 -3047 -11765 5295 -14716 -10703 -16293 -9158 -14410 7533 4975 -13096 2952 5935 -15428
7038 -10197 443 9213 -6328 -13721 -10108 3184 1998 -1417 13736 -14781 6871 -7398 -4930 -13496 5432 16102
-15665 11759 -9484 -12319 -6239 15734 8866 -15029 5179 14938 10264 13245 -3417 12050 -3514 -11400 13042 -16130
12378 -1801 -3718 3481 -3537 -1081 -11671 -6154 16352 -104 -2436 2665 -11072 -11373 11528 4228 358 -9234
1855 -12985 -1748 14781 12464 -11888 3771 9484 12558 14040 9214 11564 -1229 545 -11966 -11445 -4765 13098
1939 13126 9940 -11289 12911 11971 -10641 7213 7324 -12677 -6447 -590 7250 -12844 11156 11315 -13665 1206
-3115 -2568 -13816 9118 9709 117 -8077 -2575 -14204 15697 -6076 7820 7366 11149 -9018 673 11763 14590
1484 -10554 -1506 -10243 1689 581 6189 7518 -11266 -13126 -215 -1369 -10813 2524 -11599 -6023 14150 14235
-10033 5457 11113 -15763 -785 -5002 10153 -7198 1067 2345 -9587 -12418 -10546 -5596 -7872 8646 784 -1728
124 -14948 -8919 15219 -6991 -15415 -8062 15621 11614 12504 13899 3579 -14401 11563 1334 -7467 -9044 11080
-4485 11637 -10819 -3980 -9188 -15769 15792 899 1131 -8641 15 -529 -14639 8028 -13297 -3289 -14904 -14375
7859 -7639 -7638 -9286 14395 -6830 -1105 -4246 185 5236 6831 14950 8191 -13012 -6351 -15814 -13118 -10901
4381 12716 5880 3162 3540 12344 12677 7524 -12571 -12866 -232 -5748 -10731 -10633 -6577 6912 -13655 9003
12577 5872 -3104 14760 -1154 -15966 15552 -11920 -2769 -14146 9494 4266 -1276 -6161 -15429 5475 -13522 -9301
15888 7927 -10006 -2478 -10027 -5175 863 2933 1559 7987 13257 9592 5252 -15421 9943 14685 -7191 15778
-6829 -13095 -15629 -16040 12289 -15704 -9672 8878 -7478 -16090 -14215 4083 4887 -6370 -11223 3429 -4732 -15651
-10710 -15128 5805 16266 -15912 -519 4971 -837 -4536 -11802 -984 -15296 1232 -4034 -125 4673 14539 1926
-1986 -7278 11416 9774 6746 15930 10210 10181 -1153 10329 803 617 -1381 302 -5013 2177 -13621 -3981
-5795 -3409 9598 -8212 14968 -14849 -6184 13119 928 -5532 8020 12806 -8746 1380 -13906 -10205 13891 -4844
-13312 83 7805 -14528 -6869 7430 -3574 10474 8055 -3217 -2784 -13826 1407 3286 -12113 8507 7752 -11721
4000 -907 -2895 1540 351 -5892 11791 4172 9624 90 -3047 -12028 1343 -4796 13824 -4966 7379 15562
1251 -14642 15331 -12333 3939 8133 -558 197 146 1886 16342 -11894 -14829 6849 14406 13743 378 -16328
4885 -13074 10492 -10945 14235 8654 6981 732 7060 -16215 10917 11315 -14484 15055 -7311 11094 -4167 -5623
4516 -12196 -14328 2112 -13876 -10574 -3364 -4225 -1756 -15179 13042 5655 -16130 -5760 -15924 6945 8547 -4862
-4249 -2262 14077 9812 -4276 9513 4150 11337 -2354 -10315 -8805 -11191 4240 3700 386 4951 -14006 8150
-15627 -2695 6597 2820 10181 7992 12845 9748 14848 3461 2696 -897 15500 1984 -9086 -3627 4872 -2028
-5525 -850 -7941 7685 14210 3555 9257 -12468 5491 -2049 -12728 15073 11039 -5392 8659 -7589 -10083 -10237
-10689 15733 7293 -11761 -14514 15344 -8619 15854 13246 6561 -15754 -6346 -12497 14530 -5379 -13025 11066 -2418
-13806 15298 15333 11785 -5781 1422 -1222 -8924 -13549 -3852 -4045 8192 -14486 11871 7383 -2413 3181 -5522
6058 2153 8759 -12198 -11197 -9523 6344 4278 -8392 11529 -15609 -16284 4414 -4342 8962 9147 -618 1575
-5251 14860 8098 -11197 15017 7498 3031 13585 -3531 2565 10200 -6728 -12157 9113 11744 2712 12090 -14170
-158 -14485 2821 3006 2794 7567 14482 9316 -14001 1186 -5409 -5067 5635 -3759 -4429 15456 -6455 15977
16237 16221 9866 11318 -9980 2779 14217 -5617 -5305 5626 -8008 -8667 -11675 -8260 10848 8099 -1870 -9803
-4591 -10498 1447 -5366 7602 -1920 -468 8087 1525 3370 14866 -10381 4084 -577 -11547 2706 -14826 5143
-4127 -2870 8241 9916 4928 15864 -9481 8886 -13121 -3452 -8565 -6241 -2729 -8189 -1934 10746 -10161 10810
-4942 -12341 -4747 11339 8756 -1186 2215 -1493 -4498 14441 8856 5714 -15296 -164 7890 12215 -13797 748
13048 -1027 7015 -1034 -11441 485 14630 -6267 -14212 -6128 -4650 -5328 -11633 7135 10388 -11351 -705 -6983
5000 -7789 2422 14193 -5762 -10092 4113 -8697 -12592 1195 -15901 -14450 12682 10692 -5896 5228 -2863 4490
3870 13002 -5252 11132 -4694 8003 -6651 -3260 2671 7648 -10331 4419 9747 -185 -10567 -5774 -8310 -14802
-917 3172 12501 -16107 -6257 16046 10518 -5068 -6453 2668 1988 12210 3578 3868 7478 -12775 15058 943
5223 5894 -13114 7903 2553 12837 5158 -9788 5242 5725 15502 -16222 8679 328 13949 -14844 -12689 742
-7099 -13298 6264 -3693 3618 -10226 5607 -9675 -7762 9300 3740 -16198 115 1093 8253 -15167 -7709 -12628
-12490 -361 3173 -15791 10492 10341 -5679 6347 -9319 -6231 15102 15257 -6555 -13597 -4423 -12432 -14319 -12399
-8230 2511 -12822 1116 16048 1242 -6053 7059 10662 1381 10419 473 14625 -6321 -13269 -13027 680 9232
-2015 6086 -10424 10134 2981 7223 -16074 -6322 10813 9330 1204 -4226 -7195 8726 10297 -9510 7761 657
-14386 -6058 9080 5008 14259 9015 -1709 3001 14923 -11918 -6431 2973 -13001 7214 -13713 10984 -11844 9899
9493 -6692 5225 1864 -124 -258 -2049 -10528 3071 10509 -14455 -13739 10663 3386 -3125 2669 11516 407
16353 15844 4513 969 8488 -1604 -1695 -13309 -10663 3024 7278 3124 -1547 -11342 3824 12158 5092 7601
-66 11755 -4512 13372 -11161 -14244 12815 7015 -14731 -16190 3440 10955 -6671 -7536 -5253 -1643 9513 -4240
-640 -12074 -11854 -15307 7254 6175 7849 -13807 -15174 -4014 9278 2055 13036 -3918 -1931 -5980 -7776 14908
-15068 2026 -4073 -10948 -193 7565 13191 3351 9051 -10397 -2107 15982 7024 14356 13081 -13465 12763 -12773
12664 10818 13734 -10522 -1324 -15820 13320 8798 -1845 2672 -5328 -13680 8070 8072 -9667 5024 7653 -15624
4752 2054 -10024 -1799 11846 9463 13832 14491 4096 11041 -1600 -7656 -12312 -6244 15366 -4254 -1554 2332
14603 4862 342 -10900 198 14613 3446 -11497 -13859 7880 956 15207 -5180 -3131 -3344 -14187 -15320 14871
-15431 13366 2957 -10172 -11678 -1539 -8904 4496 -10787 12961 -2488 -10073 14343 6939 -4056 12378 -15569 7190
-1496 3785 -14126 -6751 -10647 -2396 9640 -3289 7674 15050 -14618 2975 4161 8220 5305 4615 -3682 -11891
-6630 14863 15689 -9607 -7741 -2796 11908 6967 -3972 11084 -6928 -5134 9370 5447 10295 -7756 15049 -13930
3827 -5693 6154 -11578 3280 12080 -5894 -7792 11243 -337 -14766 -4269 -2689 7329 690 -6974 -12864 -16007
1442 6360 -14586 12348 -10286 15382 12333 7016 -15198 998 -7619 -13315 13541 10846 4421 16077 9961 5675
9358 11295 -6219 16076 -9745 11637 -3702 8447 14457 -2647 5044 -10374 5728 -12488 -14460 11226 13842 -11041
-10605 13280 16039 6250 13899 -12580 4991 11211 15534 5985 -12505 -16276 4686 7490 -6788 -12097 1436 -1089
12562 2075 9064 8182 -4137 -9013 14501 -11358 -3340 4190 8557 -8191 1523 2628 2373 -8939 -11993 -16226
161 270 15176 9033 2987 1031 3678 15684 3648 -5134 -7198 54 14651 -11057 7198 -4538 -8968 2336
-6946 5678 -15088 -351 4929 5524 360 2866 -11024 5528 -16269 -6630 -909 -2646 7850 -13976 -4896 6301
3940 -14407 -5963 2049 -15672 10784 -14329 -7761 11545 -5533 -9763 -15458 4925 7523 -2857 10749 -16262 -7713
-1261 -3197 -13954 10072 -10928 0 161 -7848 10579 7479 -144 -1328 -12404 13809 -5790 7645 -13325 -2229
-13332 9143 -12748 -8112 16316 -16155 -749 -4148 12098 -15959 4360 -7073 -6547 -5436 557 -15664 -12364 -11684
-12963 5795 603 -15049 5265 8431 1526 3116 7829 -5781 -4308 9692 -1569 -6713 14773 -14176 -14671 11073
942 -16197 -4982 -8584 3598 -295 16060 -10885 9839 -5448 -11171 8228 -8684 -12766 5979 -5459 12839 -5089
-12556 -4487 2377 6248 10565 -6861 10825 -7392 2113 12830 4140 11454 5573 13739 16247 13902 -7414 -183
170 473 5946 -11911 9226 5922 -3738 11305 12963 147 8599 -11965 12430 5239 15683 -2180 -11151 -8598
-11548 8049 -10172 15628 -7965 16122 -14502 2045 13242 14005 -4706 -11769 -4261 -14873 -13282 7061 -14389 -3966
14021 2412 11537 2949 -146 -3174 -4520 -7284 -11752 -8022 6215 12703 9841 -16102 4791 -11697 -5469 -242
-15988 -3327 -13501 13892 11478 10633 15530 10316 -3004 10746 10607 -16141 4532 3773 -5590 16125 12072 -6430
-5510 -10979 5090 -333 8010 -10467 -4919 5773 12886 -14497 -3062 -1037 1772 -10102 15362 14555 -1038 14204
8547 -12979 3878 12679 10381 10028 -14935 2778 -13760 -13228 -578 6461 -3213 -5403 3533 -2301 15489 -15394
-11088 -7623 7053 9196 7975 7202 5664 -8570 1708 -8983 13840 -206 11630 12171 -14936 9513 -1128 -13793
5888 15651 -15918 13876 -9547 3436 -6902 -8810 -13896 -14280 -2188 -12490 9852 6197 -7472 -12185 -9887 -9370
2026 3660 11333 46 -2200 913 -5762 14507 10175 -6564 -7700 -1977 -13176 12923 7780 -4215 13042 9192
-16292 -1488 -14441 13675 -10817 13185 10611 -2148 9243 9441 -4558 -11251 12039 -15711 -1110 4292 -575 11029
6823 10222 -7150 -9231 9966 -14380 -11657 -11828 125 3845 -3710 -14845 8721 -10018 3196 -314 235 11816
3920 -6804 6611 11806 7078 -10486 -12450 916 -1716 -7355 -660 14962 -6694 -4764 -6668 2406 1940 -7254
-9468 -7205 1938 225 -13821 -6107 5919 -13253 3128 -514 -7072 -13482 8337 14645 -15818 6813 12957 -11098
1892 -8232 4828 -9883 -5899 -13574 1081 -14785 -11303 6464 724 -13470 2509 -12674 -6139 -4517 1413 6320
3997 10816 -5626 4567 -7569 -8144 332 -11255 -5617 11256 3637 5054 -11814 -3816 -2657 13425 -1738 13286
714 2921 -1253 4880 -13563 -15148 -12590 -2744 -2938 7957 -6660 16186 -7015 -4000 -5161 9665 6396 10882
2492 -4004 12426 -12025 -11027 16347 -6376 5494 -13938 11614 2204 3583 -2319 -10879 8085 14906 -16105 9168
-7513 -13754 -9357 -3454 9604 -9191 -7952 -11677 -12012 8982 11573 3856 9932 11747 -9431 -15510 -11421 15990
3250 4677 5285 -6032 -8252 -10398 -2393 -5717 13462 -7011 -5091 -3819 10549 8038 -14841 -14402 -4544 4725
-12653 4143 -10006 -14406 2878 4095 -10684 -364 -5570 14241 9149 4674 -8419 -9087 -3862 9374 12965 -9905
-12669 -7927 2564 2201 3758 -5214 -5847 -12895 -1407 -12101 13420 8036 193 2188 -2696 -13821 -15887 -7382
-6303 -9664 7559 -3916 3606 -6298 9344 14796 -8959 12110 5400 -9138 12512 14526 -15404 -8132 8445 -4105
5568 -9992 -5246 -3706 -4097 9908 288 -2205 -16256 -5073 -3077 7224 1036 3226 -12860 -5886 -4726 -14887
4385 -7977 4731 15088 -5546 -250 -16184 700 -11489 -9370 -7747 3810 11738 -5913 3668 -249 7151 620
14519 13373 4969 14814 3841 14532 -2074 7545 -1210 -12301 15021 -6292 -6957 -15764 -14811 -13410 5813 14999
14437 -10287 -4224 -15021 12583 6635 15944 -13594 14052 147 -3852 5173 -2245 10749 -2123 12347 -6510 5376
464 -12875 766 -6032 -2139 -8933 15975 -15194 -10774 3794 -11287 -11422 -12745 423 3190 2517 -12089 13687
14018 -12038 -7299 5676 -10655 2085 -5595 13038 -12758 5599 -15363 -2663 2526 -1293 -7564 -4503 -5361 7104
15664 2042 -710 13272 -14505 14199 13621 10187 -13816 -757 16337 10556 -14296 -14188 9145 -7880 -12445 5792
15001 5316 -9615 -9830 -14970 -2116 10391 826 8345 8665 11890 -15801 -9763 -9707 1010 -14213 12138 11308
-3165 11456 14547 -892 3887 15782 16318 3630 -4824 -10225 3026 12108 -3070 5671 9686 -105 -10657 -5475
-10729 1336 9358 -1012 -7670 992 5974 -11079 -13005 -13803 -2063 14979 8516 -5943 -13995 -15592 393 2352
5814 -1946 3460 -11052 2896 8529 -10537 9185 14177 682 -4513 -6713 9846 11360 -13147 -2048 10984 9969
6520 -8403 678 5413 5846 5735 14644 7675 13069 -5930 -5387 13027 1568 2426 -12890 1581 15981 -8877
8745 -14909 -16243 11165 -3188 -4589 -389 10362 -14527 -14002 -13832 3511 8877 -4393 9772 13800 2538 -10506
-9070 -4681 -9273 -10547 -9969 -4229 12043 6284 4449 15627 5379 -7191 -1088 -13356 -6853 -13621 -10049 14121
-2425 3653 -11149 -4900 -5818 -12339 -15657 2057 -6425 -7518 -1169 -12741 -1364 -11888 6187 681 -6227 -4899
7055 992 8224 -2949 -15854 -6263 -15911 12925 707 2176 15372 6610 818 15148 602 15661 654 7184
-3827 12867 11 11421 -14693 13626 8326 12874 -10640 8285 5996 3047 -9999 3093 5848 -3793 -836 11028
2811 -12131 7468 14036 9409 16255 -15833 64 -2126 12367 -13039 -1870 12054 -7358 -2274 -14564 7772 -15077
1233 15753 12476 12353 -11582 -15673 -995 -15334 8090 1117 -1231 -14706 14180 1220 13030 -15378 -7159 -9770
-14590 -7943 -14575 12157 -15868 4922 175 -7495 5201 13208 -14334 -14146 3730 7977 -10092 -2442 -9383 -9656
-9945 7218 15362 -5657 8112 -13921 3297 -10458 -2395 11762 -11110 4387 -14476 10344 -7477 8468 -12716 15602
-15887 -7019 15167 -16083 136 -15813 -7104 -10864 5493 3185 -4886 -279 -7262 1667 1832 -3062 8423 16375
12604 -3136 9265 14877 5378 14084 -8482 3047 -5001 -11402 1382 -2053 3958 8710 11072 10501 3785 -523
-10748 2130 95 -4100 -13363 -7524 -7973 6602 8416 -12513 11854 -2635 -14188 3315 8261 16040 11625 -13665
8455 5219 5242 3041 -5095 12260 -12260 8660 -2558 15392 1466 -5832 339 9976 2826 -15609 1258 -407
7777 -1201 -14480 11777 -417 4672 -11231 12441 9422 7043 11476 2625 10448 10191 -8902 7799 3128 -4935
-11422 13981 -1997 7879 8573 -13141 11560 12751 3304 -4575 10725 -3201 3687 -13505 -12805 13363 10159 -14729
-1183 -3568 12839 6177 -1183 14927 2800 -9613 10928 13529 -16348 4520 12511 3604 9049 1160 -14605 13053
-6798 -1780 -11951 4984 8077 10580 -12068 -8476 -4769 1252 -4255 -4366 -861 4625 11057 -11081 13802 948
-6639 15358 -7518 -10460 -9392 6371 -2997 3679 -16073 -11360 -12022 -9585 6565 -6497 -13978 -13652 -2565 8920
6988 -11651 12853 3677 9815 15812 -5284 4401 13648 -7236 13592 -7076 242 11963 -11608 -2246 -12304 -13251
-2312 16150 -10183 6402 -12281 9470 -14983 7573 -7790 1489 2273 12018 -3343 -1896 -10707 1920 5180 -12524
-3620 -5050 -333 1179 13506 12890 -11171 3879 -5946 14492 750 -14680 -7452 10661 -12817 -10597 -395 6651
-15336 -4643 -8785 -10617 9216 8383 4974 -2231 -3078 12638 6710 2632 -11978 12846 15473 -5424 14895 14038
-11776 6359 -10169 1857 -2322 9409 3242 2289 8068 838 -15235 -11625 11654 -8783 -10190 7647 -5451 12874
-1479 2960 3219 -9962 -1827 -4650 9584 -16195 -10388 3285 9890 -2101 664 6539 -10224 -10724 9246 -15662
-5901 -9583 -9817 8382 -548 4359 -11540 -5581 -8200 5259 6940 10415 12689 455 4482 -8596 -13350 -4670
-10909 -11612 10724 13509 10533 -1998 1269 13726 4278 8801 1531 -13042 12076 -1022 12378 9587 10153 -2888
-5649 11985 1409 6296 -15282 -11533 -4192 1525 -5298 14823 11045 -2695 -9016 12980 12627 2160 -12901 5193
-9045 -11925 -8205 10932 -3758 -13566 3786 1172 1207 12535 -3408 13521 2170 -4219 -15416 -9077 -887 7405
15635 4431 3204 12633 -15118 -3182 7275 -3870 -282 2390 2167 15334 10904 12593 7235 14759 -3038 -16013
1329 4370 6532 10138 -15350 9179 2424 7186 -7709 -51 -8337 15900 -5049 -1443 -7985 11273 -878 10882
-8315 -5202 -12645 13515 9659 14096 10901 7595 -12567 358 9784 5648 12811 -14270 285 -2498 -16077 1286
8296 -9513 574 -11618 -4694 6199 1257 7021 7428 -2037 -1527 -7287 7823 -2790 -12273 802 16123 -5791
-1837 -6839 15223 -7576 15506 7887 -13102 4047 15927 -3701 -4641 42 5338 4032 -7906 8208 7816 13276
14743 12143 -4029 -8088 -5366 8482 1864 -9163 9541 6341 8088 16090 -297 -1335 -11342 8551 13027 -15676
-5731 -14508 -2473 5129 -3794 -11340 10300 14464 6023 -8528 -7824 432 -11297 -201 10099 -16358 -11902 7409
-14688 -15157 15127 7797 6013 8495 -13527 -14403 13171 6443 -14879 -9001 -9053 -1177 -16367 -8995 7438 -11286
-10377 -5849 -7936 11496 -16321 11453 4264 -11809 -13367 -10220 -4856 -14111 -13139 1266 13324 -2517 -1027 5811
-12290 7679 -15414 -5455 5657 14512 4840 -4867 -10115 -13061 7669 -6830 -12477 -15211 12697 4169 7407 -4342
-1526 -10030 -3568 9924 -7216 -14884 5145 -13206 -1586 -4011 -13414 3180 -7040 5462 -625 8924 -4479 6302
-3054 4479 12880 2880 6712 -987 -10923 2713 12090 7989 -3041 2950 13524 5260 9199 -6700 7403 -9592
11642 13303 -1421 -11936 -6932 -9473 14734 8885 -15575 -12601 8952 -14481 9303 -6545 11940 8129 -12383 -10995
-5727 -11889 11316 6814 -3265 -7949 -14449 324 -10890 14104 4345 -1363 15493 2898 -4525 -3634 -11813 -7575
3599 -6951 15923 6192 6784 -9364 5891 10078 12885 3336 15127 9118 -13726 -13368 -7557 6624 -9058 1863
-6761 -13580 2160 -1045 -100 -2985 2093 -7613 4133 6987 8158 12998 8217 3628 -5823 -11829 11727 4098
8462 14254 1143 -7595 -9853 -5802 8885 8509 13850 -11047 -2928 9665 5272 -6531 -7030 -7582 -14515 -5661
2062 -4626 -15210 2942 -5357 12442 -4185 3658 16118 -6314 -8569 2492 -3923 -3753 -16037 -15370 -5604 7159
-12568 -964 709 -7992 -9644 14761 -7256 -13861 -2516 -3546 -7583 -3995 -14164 7571 6038 -13945 -2758 2376
13462 13672 16178 -61 -9157 1160 -13846 6294 784 -6317 6637 -15190 6840 -1039 15243 -5468 3214 -4508
12948 10145 -14453 -8492 5985 2091 -6811 547 1299 -12954 11003 12489 15647 4745 -6152 -10274 9227 -6507
-1618 111 -1165 11840 -2747 -7905 -689 -7628 15638 11750 15479 -649 1369 6714 -4505 12328 3071 -16044
575 10868 2010 -5944 10511 5056 4868 -11938 13137 551 5246 2592 -6215 1578 -4840 -1613 14120 7842
-5231 4579 -3578 10489 -13314 -7805 -7502 8602 -14737 -1931 -3759 -14169 -3888 -11773 13519 -278 -2034 14711
5412 -4339 -2948 -8980 -7464 -10483 -8844 602 1985 1515 -8127 4857 13588 -7770 7739 -3894 12955 2405
5685 -13715 13123 -6150 15637 -7879 -11556 -13692 2498 -2677 8472 -12429 -1979 -12963 -8739 -15950 -14297 2330
-13640 13342 -1505 15026 13743 -3777 -12047 -3348 8508 4911 -9840 14583 11671 -10273 16005 8267 10036 1402
-5481 -3921 -8562 -3287 16032 5264 11554 2552 -8505 -15969 -13377 -11752 -9522 3987 -8708 -8120 13766 -3758
-10487 14221 4334 -15311 7082 -3286 -557 -5737 1409 -13108 15287 7880 11149 -11515 -7111 1791 5105 -7172
-13518 7103 13046 -16286 5596 -2203 -9389 -13656 -12997 11774 939 -14737 -4170 10334 1367 11327 -14844 13681
14438 -6787 -178 -14898 4322 1174 -10094 1418 8533 -12926 -11450 -14252 9868 8805 16189 -1091 155 10391
7118 5078 15649 14791 5172 9730 5837 -2692 6961 9730 3617 1724 -5640 -1705 -137 -3569 -6583 -11066
-9662 -89 13276 6202 -8811 5592 -2812 7377 -535 6095 -372 10546 -10214 7296 740 30 -10829 4576
-1917 15687 -6548 8277 16259 -2970 -3343 -7572 -13677 -14713 -4891 -15158 -12532 -7770 8230 8803 -16288 7807
10579 -3854 6843 12450 13708 4511 -16155 7367 -4230 6662 -3737 -5790 15757 10587 5869 15734 13708 7654
-2060 -7761 -5812 16054 2459 -10325 -3911 11668 -5666 -1129 -10982 13621 -15131 -7165 -15974 -14411 10676 -3090
7424 -16064 4624 -11484 -3901 -15599 8603 -16181 -16068 15006 -8130 -3016 15161 -5866 -3127 6 -9540 -251
7388 -5270 -4359 8278 -1271 -2623 8099 -7035 -9166 14442 -10385 9993 6968 6875 14285 15381 -11816 -13072
-1539 -8826 -7731 15230 -7868 -7148 6458 13105 8825 8394 -2483 9620 -6968 -5441 -12772 -15251 16302 13561
-9517 -6325 -9652 -16199 -2799 -4255 4058 16344 -882 7572 15738 -1140 13313 3795 7471 -11440 5185 -11607
-11730 10273 -9556 -12274 2644 2029 -10554 -4990 -9992 11594 15137 10586 12001 10084 -2683 11101 5018 15929
-11705 -8051 998 -6390 -4355 14399 6543 -8952 -16298 8566 -8091 12885 12098 -15505 -893 -4816 4442 9330
1490 1383 124 13044 15571 -10734 -10825 -6947 -869 -10368 -13466 -7903 3607 13680 2718 -6250 -16230 5508
10189 -5370 -5227 8691 -11619 4481 15779 11391 15639 3832 -822 -600 -498 3593 7164 9246 -3398 6934
-13851 -10116 -7262 -14949 -8991 -14029 -3904 -5187 -16309 -7484 2271 -7131 -14595 -6094 -4023 -1522 1810 -4169
6814 -4196 8946 6069 -9208 -1424 9098 2032 13709 -4485 -14374 4859 -16187 2830 -4686 3057 -339 7739
-2116 9317 3544 -3495 -11076 -6500 3024 14816 3093 8184 9653 -4735 -3182 -12359 7203 -12178 -3492 -4640
15963 3835 -2737 7794 8354 11116 -1934 9446 4580 11525 -13885 11225 5277 -14999 -5836 13568 -8453 -8162
10739 -15006 9787 -12173 -1809 8642 14683 4485 -4968 12129 12019 -13152 485 -13082 10844 6595 10907 14229
-1004 11911 4301 -12087 8546 -4316 13216 -10339 -6338 5576 -16046 -5396 13419 -7116 -11654 -6276 16102 4993
-5488 -2442 12419 -2490 -7761 -8166 -298 216 7064 -2384 -1456 11248 12284 11713 -10069 -6795 -6155 12679
16006 911 13522 4771 3156 -4603 1052 -9712 -3468 -3646 5333 6483 4249 -3401 12798 -13572 9333 -4120
-2466 5960 2963 3520 -642 -11993 7295 6825 9718 16222 6957 -15908 -14097 1549 -13159 -8077 2784 -15274
-4693 12483 10653 14930 4444 16367 -5231 2895 10782 -7750 5189 -4037 -15750 5780 557 -4521 10483 6144
-9828 -6607 4915 -232 -7916 3796 -922 14691 -3387 12608 -15647 16371 10067 14361 -14073 -15185 7642 -6242
7532 -13848 1329 -11814 -4547 -10190 -13715 -9443 -13352 -14731 4260 -7508 -321 -14271 -10756 -7241 -2893 13922
-5669 8843 2330 -14922 6269 14858 11430 8251 12210 7513 12338 5228 -16162 -7718 14061 -12593 -15295 -6823
5050 -11833 377 9352 5590 8110 -7859 -10832 2235 -13528 3235 7073 -5306 -7758 -812 -6931 8724 -7046
-7902 -13485 10545 -15502 -634 1916 2292 3750 -6481 -13075 4645 -11824 16197 8756 9569 -12766 -9609 2405
2495 1643 -6226 3275 5812 -11937 2973 983 13620 -6611 2695 9309 -997 5974 -6214 13312 -5173 12222
7765 -4629 3349 9732 -10412 -3903 -2210 6671 -16182 -14123 505 -12053 -5525 -5474 9434 8914 -13490 12645
-13200 3981 -11022 13890 9415 -4866 14205 4935 8182 -7179 15180 -6404 15289 12106 -11351 11274 -13730 -11986
-12585 14651 -15651 12985 -14507 -605 -9141 -7735 14942 -13032 -1936 -7923 -6217 -12056 8630 15963 -8538 -3894
8262 -7350 -9154 -14316 -5521 -11267 -8477 -1234 -3001 -12227 4873 326 8851 2762 -705 13895 -6931 -5388
1388 -14074 15131 3172 -14502 -9796 10694 -3775 -13199 -9032 -7600 6768 4803 5459 8696 -1476 1360 15655
3147 -2793 -13948 11133 1209 -6978 1533 4357 -13438 -11901 1684 7115 -7724 -10778 -7780 5989 -1738 -8089
611 -8846 -3544 -14440 15617 10815 11778 -7050 -12461 10698 14374 9976 -3266 -12050 2644 -10006 -6599 -10540
-4006 756 2574 -7503 -12562 10238 735 -15953 -11813 -13638 -2455 14635 -15006 -3722 -12155 -14046 7897 7225
12531 -3354 -1894 -7917 -6564 -10218 1304 8875 6796 -14900 15699 5406 5128 23 -12688 1290 12483 -7762
2720 5350 -472 9178 -7862 -7019 4699 -7490 8805 -10438 2757 12723 4389 -5298 -11313 -11244 2522 -10001
7653 -4579 16150 -5509 9158 -15828 -11761 -15523 9724 -12750 -13756 2342 16292 -8858 12386 8929 -1930 -7625
-12183 672 14333 11396 -6390 11612 -466 -12272 15955 -2820 1304 -12495 -624 6322 12280 -8760 12392 16269
-5261 -12171 -14000 332 -7396 3082 8989 -3726 12346 2368 -14853 -8040 -6703 -16213 -3201 -14330 7637 4840
15895 4995 -5178 286 12203 15725 -10148 -13915 -15489 -3834 -13667 15614 14165 9997 536 -8433 -2083 -3945
1645 10376 11333 -7148 12300 -856 9522 -8014 11840 10014 13013 7147 11884 -2477 9813 11608 2196 -14905
628 3272 5406 3286 8048 13968 4058 -14934 -14809 -5597 11329 -16286 1661 14049 16122 13972 -13053 -13516
8355 13056 -1071 14807 11725 8570 2739 10617 2120 6952 -3442 8835 -605 -15631 -6151 -4296 14058 -14799
10540 -15876 5561 -10831 -7387 5619 -7563 10965 -3587 -554 12235 -4840 158 -11014 6021 2996 -13410 1712
13440 -8281 2913 -8232 -524 10707 -13946 7852 -6152 -15994 9597 13536 -4793 1817 -13187 -4114 -6589 -4356
10388 -1110 -11974 14546 2848 -3300 -4120 9975 -10656 -3185 -8643 -13779 -5534 -6682 1632 13707 -9944 -3537
5621 11964 9734 -11909 -10083 11883 5196 -3604 7098 -15110 -14041 8462 -131 14194 -15166 12395 -9959 -5951
-2383 -14244 2646 -7393 -3697 -8933 -3503 5583 484 -1506 -9354 6927 11340 -10329 2772 6730 -10536 -4458
-11111 6796 8621 -382 -9777 -9926 13043 14855 -11408 -1793 -1549 3426 3738 7431 11637 13116 -478 -15245
2418 3012 1351 -1531 4077 -5630 -8247 11291 -12005 -13465 -13541 -16155 -317 11686 -11020 15054 -12568 -2357
-3316 319 -3668 9088 -14300 8581 7790 12214 14918 7183 -968 -4760 15951 4573 -5802 15797 -852 -6602
-6585 -8134 13152 10392 10199 -13160 -1713 -9483 5261 -13738 -14666 -6116 12612 15085 -6407 -8587 -16105 -13791
14241 -15631 7294 -1905 -10075 4160 957 13444 12776 13894 -3970 -2794 -3580 11721 10933 2924 -5561 -2963
9420 7776 -5126 1249 -7422 1097 2791 8026 -3573 -4333 -5857 -2495 12539 7824 -4111 4904 -3477 3346
6717 2051 14545 -13765 13301 -16235 4659 -2036 13016 2088 -10492 7746 3200 6017 -12222 -14357 11682 16147
2278 7979 -2414 371 -12669 -1180 -7932 12812 9508 5496 13080 -5099 12922 -10643 -7271 -2625 -7110 -3022
4988 -7246 -10816 -12096 -16206 4282 14584 -12442 5656 15805 -14721 5212 -814 -4621 -1787 -7517 -11590 -11442
6132 3077 -5582 -8385 -10920 10110 14114 -13412 758 449 -12993 12251 8894 -1005 5000 -2427 -10646 -12965
-12009 -14617 -3492 -9861 -2282 14090 14282 4831 -13296 -9753 -1501 6743 -9110 -557 13224 4387 -11215 12096
-12962 -11954 9749 -11352 7717 60 9141 -3903 -6871 12165 -5345 -3082 -15494 4 -12912 3607 -1801 -1235
4992 -2224 -6032 5787 -15901 12119 9994 5617 -15191 3561 6885 16099 8838 14200 -4865 5003 7673 -13792
-11695 1794 -6264 -10536 -4032 -8142 -15031 -1299 -8137 16100 -11354 11698 5775 -2271 -15519 5748 12467 14007
14549 -338 -4477 10521 12415 13434 -9482 3437 3261 -3759 -6142 -3358 12502 6378 447 3902 -12996 -7033
-9012 -7232 -16114 -12718 1002 9251 13535 -11999 -5904 5121 -11586 -12191 -800 -12707 16237 15440 4947 11127
14580 -14737 5406 14570 -418 14894 -14799 -2057 -6986 -12813 8890 -10729 15706 55 6035 5078 -3721 -10995
6619 3560 -2361 1993 -7713 7285 416 1277 -12997 -846 6196 -16215 11333 -1869 -5357 15531 -342 -15997
5868 -11395 -7342 12147 13213 6942 16265 -9037 -11156 -2990 -7839 -12768 -8822 6662 8529 7772 -11551 -15082
-14556 -8411 1040 14386 13838 9439 14769 -14305 9247 -3980 -14369 13338 -7969 -5283 10740 -7518 -4306 10751
2967 -10665 -2444 -6084 -7433 -4291 -12549 -3005 80 -13274 11670 15271 14008 -8082 12936 11960 533 4583
-8286 -4594 -12691 -3303 14763 -2462 -15261 -4700 6404 16033 16124 -3834 -4723 -956 -12629 -1661 -1598 473
-4731 863 -14038 -5145 -14124 15954 -6670 4080 -15404 5431 4563 -7721 6071 -8699 1597 -15515 13550 -14848
-80 -3546 -13914 -12752 6244 1912 4493 -5103 13878 16102 -11553 8843 4028 -2380 11420 10020 3253 7859
6681 -6281 1449 2399 -12356 732 9933 -11479 -11008 3186 -1495 -11251 -65 10556 -8971 -12441 13487 -8539
-7096 -10741 4398 9514 -2829 3729 -7620 4951 4777 -10253 3270 13554 10853 -1452 -13525 -7560 -9208 -9697
-7176 11461 1854 -7849 15860 12567 8106 4908 -2715 -5834 3138 -562 -10614 -13331 5619 -384 -7832 -11844
10633 3052 15050 12751 -3884 -1346 11914 -5325 1794 -3988 9998 -4544 -13228 -1965 15887 -1446 7406 -4343
-13665 988 -4338 14316 4201 13908 7264 -3837 -3013 -6418 -9550 6398 -9791 2859 10180 -9313 3730 2011
11393 -1986 -6542 -5045 -9387 -2393 -4914 -4683 -12842 7718 -12404 14079 9636 -7450 -6393 -8022 -2920 15733
-171 9472 -4071 8364 -14645 9361 -3127 431 1474 -12573 5993 9808 923 -15515 -9221 11674 15618 16035
13347 1705 -12431 -6207 -5163 -13887 15860 4641 13098 10133 -3276 -14488 -12141 -7440 9389 11680 15920 2163
-1213 7614 13954 -10052 9460 -438 -3007 6313 13294 13904 10631 15355 -4409 -13146 -3528 7711 -2560 1866
-14949 15688 -7469 7974 11078 11201 -15570 -9219 14148 11138 5885 11422 4465 10241 12969 3934 3109 586
10974 -8505 3603 -7341 11666 -10614 -11407 2184 -5052 -6983 -13735 16046 -1151 6969 3693 -280 -13396 -10889
-14398 -7662 7933 -6573 -3849 -8619 8394 -7582 -14172 763 519 -9639 -3589 9859 16137 6594 2216 15090
-3440 15861 11261 15467 -9724 14661 -15026 -4609 -4354 5751 3478 -10043 14857 4217 5730 -16083 -15701 -11695
-9744 1680 -16224 -3246 5774 8460 -3483 916 -1718 12687 15612 15526 -9271 -10189 -1809 10878 6518 -15158
4238 -8013 16351 13752 -11394 4075 7772 -9974 9075 3991 -1804 -15428 -8643 12253 -7558 -3235 10497 -6185
505 3546 201 13306 -14501 -11369 13375 14552 -11460 -2117 10934 -500 5666 -11570 7274 -10902 -5417 9092
8201 -15746 12297 -11812 12658 -2503 9530 -6042 5564 13027 3802 14304 -16261 11352 -6737 -9970 7741 14450
5492 191 -6052 -7229 3785 -9678 -6672 16003 12362 -9315 15905 -2607 -13573 -14070 16296 3349 -14875 -9883
-15986 -13371 9473 12755 305 13129 -2212 11078 8593 4415 -3980 5710 12233 484 12512 -3789 -12072 -2357
570 -15295 -861 5584 2614 6241 -5572 1105 14610 15344 4450 -3428 -2251 -13875 -6835 -1116 -10737 9900
11427 11511 -14267 -5964 6863 -13580 9489 -8890 3700 9528 -1304 8472 6459 3930 -2730 -369 13526 -11814
-9681 1602 -14017 10067 -7703 5600 -6080 6647 -4285 -16068 -7624 -10946 -5590 -11878 6171 16340 -15906 -12462
11962 -3619 -9647 -13926 1862 -9385 -5936 -12134 8464 11993 995 -10811 -14188 -7033 -5509 -6552 14260 -5825
-14781 -2941 2888 -12781 -4777 8664 12759 3066 -6371 -16061 14239 12234 14445 584 5084 611 15095 -1293
-9400 294 992 988 -1058 15023 7596 6793 -6686 -7232 6497 15865 -14811 14457 15081 -1665 13700 -557
-15176 4555 435 14147 9902 2126 -3269 -6975 5182 -5951 13501 -8977 -14895 5370 16256 6033 -5787 778
-3797 -956 1656 8582 11977 2412 -9939 -10719 14615 -6289 -5978 -13700 5628 15392 -9040 -1218 13139 -11649
-10585 15718 9969 -5472 -11881 11744 12259 -14872 -12894 16214 -8967 -15490 -13662 -9653 -895 8447 -10736 -15517
14674 13173 12324 15363 2324 11396 -13250 4385 -12361 16357 12420 3158 -9151 15637 -1842 -1230 8910 -3762
190 -16175 -10279 -6731 -1740 9649 -12104 -12843 -4895 -9786 -12954 14922 -1990 -9017 3973 -7229 14478 -16180
-7516 8739 13947 -1253 -1603 -7160 -12416 14141 -14846 14958 -7444 -8103 10968 -13132 -14849 -11078 13092 -14144
-15537 -2126 11206 9084 10601 5538 -14491 15756 11453 -12709 12136 -16323 8373 -1632 9804 -14668 -13274 14859
7958 10096 -8983 12827 -4577 -3596 16072 3970 -2280 -2886 -9826 -7996 -946 -8337 -1350 -5889 -3283 -10912
-4731 -6645 514 1070 1892 -826 2822 4809 10976 16296 -5991 -867 1540 927 16074 11526 4103 -2280
1568 -4341 2603 12120 13204 1352 2021 8213 8669 -468 -15809 12609 8177 6243 14969 -6362 -14134 -13417
-4105 -12111 2148 -13997 11606 12302 -3569 2631 12512 4476 -13341 15283 13347 -15269 -3185 8477 5853 -5502
86 15942 12572 4568 -14755 -8866 4259 3106 7966 -14989 9615 -1765 6976 13613 8763 14018 396 -2623
4704 11256 16183 6682 -4734 8522 11621 15965 10374 7179 -12303 -9324 2727 -4185 -3738 925 -13940 -1740
-16303 6507 12465 14664 -11845 -9868 -10223 -16365 11503 -14756 11770 8100 -15226 -12806 -10169 -10097 153 14974
12462 -2893 15964 -15377 -8073 -15276 -5936 -10795 -8368 -3728 3786 -8908 -9861 -8880 6723 12991 -16079 -931
3277 -2738 3906 9268 -6816 -6006 -2306 -2 4951 11239 4432 7930 6846 -8739 -15566 -11940 -12849 -178
-7363 -14501 16305 11080 -7522 9859 -11123 -2317 -718 2387 4796 3520 13544 7429 6496 -8725 7278 -11862
-8168 -5858 13578 -12169 9227 3441 -7225 11361 9774 -9573 -15919 239 7875 -14493 -13279 -3256 2593 -9384
13915 -13940 12979 8384 -6920 3176 7236 -3369 -11614 -6419 13433 -974 -6948 14488 -4960 -1662 -3093 3511
8359 5246 2543 -3601 -4240 -5341 7508 -12012 -6075 5909 -13718 -9661 12708 -13974 -12208 6446 3400 -12664
-10985 14774 -8861 3689 13602 10681 3875 -8949 -7724 3370 3712 12059 4965 14439 10038 1784 -11755 9414
-2292 11738 6788 4977 -10920 3406 8545 -11658 -11323 15590 -1469 -10218 15442 6190 9684 10340 12446 -3870
-13515 14611 -12700 12637 8348 -14456 -702 853 -14525 -10961 -13890 -12601 7805 15892 -3701 9516 -11733 7601
1287 -4874 10318 -2553 -15863 -7881 -11778 -13079 3033 14749 -15493 13211 9344 3751 -10336 -4957 2883 -12781
-15744 9174 9322 -11369 5963 -4937 3654 -1583 -6797 -1281 -14477 14207 12556 -13956 2649 7410 -13702 8989
504 -14910 -14010 -15793 15334 4796 11855 -1405 -1134 -16350 -3796 8207 -11573 11282 -827 8768 9092 -7866
-8377 2980 -4391 14846 12603 -9043 5453 12090 -2059 -2954 -5032 10285 1834 -1052 -13026 -8720 9701 1775
127 10099 -1378 -8125 11352 -15943 671 13058 9728 -6076 6323 1772 -12777 -11827 -12547 -15708 -9859 -6855
8223 10311 11170 15047 15272 74 9736 15759 -3670 -6528 4350 297 419 -4747 431 8106 -12117 3074
-7842 13268 -13626 2338 -1553 -15473 -3179 -9725 11176 11922 -5578 9817 12345 -2713 -7064 -6408 3834 -4978
-6927 -11615 9844 12286 12605 3354 -4315 -5418 -13750 -13178 -9348 -14518 -4927 -5908 -1750 6878 -9116 2584
14235 8923 -337 -6227 -2109 -6912 2232 -12433 -14056 2160 -15267 -6684 -2083 15092 12438 -10975 -12123 -2460
303 -8739 15637 14941 -15970 -310 7661 3640 7973 9765 1603 -8387 7746 8587 15376 3859 16202 -16367
8685 -14724 -10672 -9588 -4577 -8129 6723 13876 -11567 100 12128 -2702 -1120 11175 12487 2796 1115 -3288
-663 -7446 -13043 2143 -13278 14039 -12492 -12967 -13525 16164 -10156 13596 -12623 14166 -12879 2158 -11583 -6055
-8872 -7495 -11160 11537 -16289 -1210 -14823 9531 -3474 3760 9037 2675 638 -866 -6286 -9331 -7967 -4697
-5121 -11734 -12669 5529 -3612 -10612 -11921 -6687 -9687 -6744 -11627 -15295 -11819 7548 -14134 6599 -2800 -7260
5391 -12800 11652 -9687 -3048 616 -12278 5784 10500 8741 15746 -12452 -14989 6646 2818 -3259 12983 -13209
-2763 -8344 -8087 5702 8954 10027 15392 -2214 -1196 8864 -10627 13137 4738 14098 -9877 -261 -3474 3550
13220 3510 -15804 11652 7543 4905 4449 10494 -9526 3381 -13960 -9903 -8613 -5590 3046 -10910 12874 -8394
-402 7177 -13859 802 -13562 9323 8313 319 -10486 -14202 -13831 -1888 -2661 15877 -10211 -9342 6466 4446
14686 -7407 -14120 -10467 -2834 -5298 -9308 1908 -6155 -13494 -16190 14368 -6116 -616 -10805 10346 -4271 11521
4274 -11385 13511 -1669 236 -731 -10432 2388 -5162 -5049 -887 15027 2127 -14256 2626 2370 7596 -13218
-9240 -987 2511 -15142 6668 12334 -3442 2893 5859 -11692 9817 -2954 -11258 7775 -4062 -7015 5486 13801
-7564 -487 9673 -7293 -8731 7753 12271 7731 -10573 7295 -11861 -7896 7592 -148 -13377 11172 12354 7335
-3285 15680 -11245 -10608 -14420 -7598 354 -5036 -11389 -7002 -7908 4170 14455 -2956 -7705 14473 3614 7570
10384 -8778 -2726 7401 -8268 7189 1310 10791 10899 -5396 -2949 2484 16198 -8698 9686 -1304 -5095 9615
-2181 -10630 3117 -16340 -688 -3782 12136 4932 2025 5890 -1651 -8801 7364 12778 -862 14386 -15409 -3650
4762 6458 -12761 1962 -1483 3464 -1499 -13764 15137 7195 6297 -10868 5478 2036 5976 -1100 2 -7129
5365 6533 -1327 11821 -7731 9085 14254 -7551 4677 -267 -8480 16234 1623 -1128 -3409 10773 2635 280
5716 -5655 -2876 -15068 15388 11794 -6661 7572 -314 4455 3149 -15640 10792 4204 4603 5871 14107 9645
6185 -15412 16020 87 -7382 -14568 10258 2306 7163 15711 5944 10447 -13547 473 -9028 1715 -4000 -2476
-4480 12050 -9085 1898 11005 -9839 12130 -16130 -5143 -16091 8169 1761 11280 -15761 -3832 -14889 -15225 13386
14326 12474 1281 11941 -10300 -8706 11136 13199 -10741 -9898 -206 -4461 -4862 -588 4754 -445 -328 11125
-3881 -1001 -12897 11997 14986 13942 7752 -5437 -2695 -12010 9838 7045 5068 16257 -4809 -14776 -2442 -12806
181 10329 -4401 11390 9395 15092 894 12332 -8528 7979 -866 16075 803 1565 -1255 6306 10250 -5776
8022 -2932 8350 10234 795 8781 -6553 -9535 2733 10021 4976 -2522 -11977 2214 -11811 2908 13418 14788
-7013 15903 -15510 -8660
