166 8087 28931 14850 10553 27206 4593 16558 24267 23355 6624 9180 25421 810 28967 2597 9639 13791
13982 17874 26408 15056 21444 1468 21964 17898 7073 17679 22084 13368 20305 5229 31373 18854 9579 6696
24765 27138 12050 25663 30111 2834 14334 26770 22664 23103 31706 20447 23125 21267 20140 26140 21846 16788
4909 20003 22884 27917 7004 21132 26576 26385 20277 29090 15418 14997 13850 32507 23796 30593 15833 30696
28798 22126 23693 25974 4609 28884 26696 26954 9112 18628 16777 20568 22413 7659 10990 18470 28253 18934
27776 4605 25929 8652 7226 20633 4169 5779 10526 19457 23899 4946 1196 18369 15113 21150 1669 18200
24582 10392 26151 23431 28223 32040 26410 23046 12007 29305 4991 4555 25220 29620 8206 25040 24786 10240
22470 18506 1417 1511 10347 18609 9473 588 11801 17335 1319 6329 22765 7625 5807 10055 2260 20338
27345 23157 15265 15489 8356 9733 10579 27913 18299 1423 27404 1156 28856 417 1884 5041 28347 13504
490 8310 31526 19736 18562 32701 17000 17951 6828 24079 3666 22178 18362 4627 3625 20198 24259 5496
30209 25411 11513 16347 29426 7865 9814 8337 12055 31276 5252 4561 25208 21332 10165 25283 11015 16494
18031 13252 10884 31729 14020 24691 8985 25686 32357 5213 4342 19636 5292 26144 31797 6374 17105 5166
32428 25201 20215 16480 14939 8568 19595 17819 15235 5606 12186 826 992 27912 32337 15329 14675 24404
15409 24923 13633 16914 27709 27470 28659 18972 17698 5145 1139 31152 29533 6142 18545 30690 1504 21123
13438 19233 24847 21996 6289 13474 21434 22817 22747 10165 10904 6140 11881 6560 24009 335 10493 9651
13512 20439 27605 16704 31825 26838 25598 31829 11028 7503 29160 2648 4108 10598 17373 3850 26492 3547
23678 27590 29176 8201 297 2309 27094 27636 3491 22532 29377 17592 26261 2248 24442 7913 2395 12395
27160 4555 29697 23432 14947 6672 24772 18678 22130 31610 4770 18632 22851 23635 11719 31636 3144 30569
22567 28108 15990 32747 7826 19368 30168 5138 23073 10517 22464 22934 4402 6602 25198 8301 4528 5636
21975 10290 16075 26365 26113 25402 20242 6168 5099 21597 30546 10274 18604 25264 15602 30383 3805 16317
27930 10718 1572 15329 29686 2147 27922 9398 4114 938 23893 2623 7767 28295 5608 1450 31139 7078
28606 24355 11098 24776 22757 11483 26568 14801 28947 18783 4789 2181 9626 15217 18633 11206 26266 27779
10301 27727 21241 18770 22205 30769 30385 10409 32540 27585 30445 5261 17174 8749 18584 20900 23984 19055
19868 16595 29146 31937 29554 30444 16595 19416 12575 9973 17778 3767 32301 14986 28465 24238 8438 13407
31213 1439 28333 14637 7514 22639 22916 23223 4311 14785 27040 335 8275 16610 31647 3893 19528 16684
25050 6858 12883 11651 17380 23106 15026 5060 22469 7772 17684 11550 21071 30429 21065 15909 10495 23871
26113 17225 525 553 7317 9616 28595 6262 12677 29631 20559 15107 29116 23393 29235 18536 22152 24116
21587 20819 17497 72 8822 29829 10761 26974 18121 17846 31900 14332 11707 6756 19079 32506 6417 22751
25617 11516 7100 9643 21347 22239 7482 2843 8455 9073 32360 30569 8367 21154 15609 11297 16921 7496
12589 32090 8806 26939 16777 31204 22925 3423 10471 23034 16409 8793 11003 20679 10499 6925 21207 7001
19523 8662 6086 27302 23761 30123 1145 784 2037 17299 15429 11929 22442 14387 31464 23941 13906 18014
27191 4206 3548 23687 27239 27035 16350 2039 10320 32733 28975 16147 7649 20482 26169 20604 22898 26738
27617 12877 9839 10988 1937 11670 29883 16594 27845 8742 6798 7509 29179 24164 19523 10812 585 18347
26173 31383 18203 20134 25967 8221 1568 27718 10735 32287 28579 8817 24507 14218 22740 15743 10789 4733
7876 20887 27829 28325 11558 12384 20256 10584 26017 21295 22317 3150 25472 29950 13407 8858 22287 22798
6889 3969 30145 31191 18388 17435 15019 7034 3094 11986 29307 32640 31138 16686 20668 13357 3783 26634
2154 15387 31656 20971 9606 2662 24147 8082 8769 3770 4296 23266 29912 19979 25904 20472 4537 17143
27809 9332 7548 841 9206 18778 19324 25735 8943 8831 9396 7697 10595 263 12922 8853 9985 19351
18907 11708 6472 28947 29502 17187 23409 267 10695 6178 17583 1914 28602 9978 12608 1450 29267 26006
20693 9735 15005 23769 22503 1506 9697 7191 28386 12696 8928 17631 31796 12022 28373 10986 9088 12733
20268 17496 6204 22152 776 26160 7665 7 26986 2304 21185 12843 5996 4634 8242 2015 23186 23701
28308 7895 25486 32476 30206 5549 5481 2146 18987 30799 13479 13235 31834 13954 29383 18604 28476 196
4576 10962 14701 10137 7349 20548 12802 22645 28440 7316 899 21968 2568 23558 24805 1226 28874 23342
14574 27957 2496 22083 1007 2087 16285 15822 1911 30809 24267 2633 11365 2387 27495 7386 17278 4126
27435 26630 21502 2813 24419 23734 20532 6876 27592 22354 19673 13105 25862 2441 5730 7217 17348 7074
16502 8943 14293 740 3098 5195 22510 18283 16291 23955 10501 14064 19655 28554 31378 16248 25030 16439
21149 28214 16324 1522 26222 20169 29798 2462 23363 9974 20628 10903 19190 18914 15020 28979 18845 180
13817 19279 26350 16958 15615 20216 26575 14280 18855 8191 13460 18905 10281 21161 14080 12490 28587 27144
9443 18078 15738 19310 29405 5115 3625 17514 27438 22062 20879 32620 9510 30974 5218 578 22632 16641
23644 4876 18687 8762 4754 7978 18157 32334 6214 184 32424 18481 24955 15904 5553 18188 12816 8230
20222 30048 22931 14725 13342 14765 2067 15870 32415 29033 6856 16947 15671 3580 31154 17224 29149 15576
25611 3894 9067 22560 18179 27880 8191 7202 31354 7487 27570 23575 64 4922 5859 13284 8505 32272
31112 29085 1341 365 3661 13250 8392 14370 27131 30560 5393 23824 2961 4697 24200 13854 32665 22135
27990 7600 5399 22609 1087 17976 7550 5690 31187 5151 30133 31788 14251 10697 21258 32577 5109 549
4179 19898 25012 13559 30600 20312 21087 16878 17241 29071 1660 32205 21846 31918 26688 32125 23603 27765
11328 7195 26070 2454 5342 30292 6852 16134 21318 30937 7292 26571 9026 23747 17667 4363 32037 11693
17018 27673 31137 14168 19053 27947 17514 29754 25182 20961 14501 23265 30596 3153 1013 9697 17291 20061
27471 29009 14658 12570 3726 19239 30070 13429 17947 4488 28805 4963 30323 15159 27529 10227 30403 26305
22034 23520 25790 19291 10321 24906 914 26687 27981 12182 200 3700 31022 203 15132 8330 2130 19224
26634 9379 16840 29289 13153 1285 23323 11896 13620 6802 22398 24832 22977 23978 8045 22634 6127 22825
27894 14878 4609 15372 18359 4588 31810 9433 3489 16661 26173 880 17212 18891 16910 11593 10529 13035
17956 32705 20733 13 1229 11446 12042 31140 22166 3445 25536 16761 29304 6055 14842 28573 20698 20691
5398 13097 13263 23554 19321 13180 29362 32127 10557 11758 25423 12564 5954 2875 32076 11815 8808 27101
5297 30376 24283 22499 17714 19371 25659 14799 27885 9398 23831 6408 20767 1271 26498 22255 18677 19175
16760 52 2677 22076 32126 15392 30206 8182 15316 5241 31726 8364 9081 4484 30825 8528 6071 26132
8579 20923 26141 10262 25488 17002 26634 20861 18379 6905 21835 1276 16673 11392 16989 21364 31603 14615
1870 32045 2242 3561 2716 27642 2270 19405 11384 24807 10085 31133 20052 4705 2976 15675 12954 14107
5891 22190 12429 14411 3518 14685 30877 2317 1486 24526 25816 23914 14247 13687 4556 15819 3583 13030
15171 13021 3883 2041 6564 1437 32036 28832 15209 20244 18284 3963 5862 21889 11174 27499 20557 28837
8226 27259 28586 29398 25714 26559 942 21079 21773 16114 27705 3766 23601 27389 18813 3706 7625 4542
19241 29022 14607 6976 23464 4693 15588 11782 25673 13839 10761 11958 9494 8638 8116 7414 23736 5644
3721 27473 15759 27248 3483 11512 27097 17551 11727 13819 30008 10221 26529 2429 9543 23031 32432 12915
28619 22116 30723 25178 28662 20333 32401 29299 20603 30423 20878 8996 26101 2673 6539 13676 29998 25087
16197 15077 25065 30762 8544 14323 16869 11375 17338 29636 4155 14599 21864 4915 31892 6509 10427 23002
4900 23652 31166 11428 14440 7952 7845 13186 13736 11183 32473 13596 20802 31008 27649 2148 12154 1584
14673 14561 30552 19764 11534 14578 30757 19558 10437 16023 19112 23991 8956 9754 10990 23464 20473 30525
1640 19896 5092 26782 31220 6545 7175 32075 15504 29715 14810 6330 12762 3929 23570 9374 8531 16266
17030 9597 19798 5550 18475 22892 26324 10619 24287 15468 6331 4073 6609 4138 10313 14851 25182 16595
25884 14257 12940 17675 26044 6960 29364 21376 19531 30814 21527 2879 3974 15514 18219 27135 1037 23204
26411 11457 8641 1763 30775 30320 16804 32744 21434 22901 20405 7975 24307 7874 11598 11748 26607 26419
16272 14981 1160 1055 26107 27141 20457 8375 21929 416 8685 6869 5222 9469 7467 9595 4145 1076
12045 4495 3809 30295 24092 22817 29290 15444 671 18601 3296 26575 17784 25280 195 8792 354 23053
27181 20713 25085 15598 19324 20437 24005 12417 31401 17009 26019 21662 2759 13207 26445 12077 28099 483
32125 14581 18995 21721 27222 26921 16879 5434 14527 23237 9215 9941 7963 26832 18423 24034 194 23553
3234 27763 10661 1909 14092 17598 8220 28463 11870 11088 10512 21729 20339 30060 23126 18210 21685 12251
22299 3761 3767 10705 4915 5663 26635 8279 14286 10185 29390 1430 1719 7607 30949 8358 22669 24613
19914 398 4100 19989 23442 1426 8237 27672 10529 26495 258 30073 21434 6299 11757 11193 14699 23899
2646 32717 20386 27383 18768 29331 25014 180 12878 17967 13302 14763 24948 24350 18188 4787 23743 28253
14122 24738 7325 16957 29700 13032 25138 23041 19665 24124 30626 5802 3152 11124 14250 9922 8559 26370
30127 2173 4077 19475 9753 15696 9618 2245 24400 3271 12056 21954 4571 28877 10711 24225 4709 2260
11622 30307 21020 11950 2517 21511 24924 2579 21913 21482 6257 15886 26656 30856 738 3356 31942 10322
26728 3854 31100 25377 4367 21903 5674 27781 7880 6807 24652 9695 6520 21857 22139 5266 2414 20869
6262 20801 15358 9313 26487 23155 3691 7315 29321 2032 23261 2018 11099 6687 25550 27505 8002 8694
22984 2556 4196 15573 22296 21647 19260 24696 28115 8501 29812 13372 9341 17516 19053 12553 31860 26641
6179 1730 24281 15680 21329 340 2967 25663 8945 27228 26301 9825 19146 8839 16474 24197 13857 28693
29209 11192 8064 15542 28513 18944 4213 16426 9176 11620 13682 21161 15318 15252 16879 25752 13148 16166
24877 21776 18174 29113 28364 9619 9116 14302 29621 17922 28603 27560 9086 29777 2901 20748 21948 27865
8743 4357 14313 26333 27633 22114 13105 6482 14082 26983 17139 17311 6452 25906 14044 30501 25366 25533
7697 7315 12531 15343 21959 29090 14052 11715 30896 31517 8786 6533 10904 9994 11804 7130 31709 6991
17714 11629 24953 27709 20212 8189 32106 14228 542 5717 13082 24567 23011 20923 17404 25622 2385 29270
28836 3739 2267 1395 23044 31283 6768 32287 7906 9617 24360 29684 29068 5137 23590 17507 8678 13983
2219 29155 22426 6204 17251 23959 30871 2995 18756 14151 30671 21713 2812 16204 2076 2619 31882 14108
28582 11095 15148 7099 30532 9878 9573 1735 12858 19446 16684 20803 6728 26546 3350 21866 15281 312
5768 27097 28178 31370 29498 29623 21677 2933 30859 10924 9174 21905 19706 27443 26069 3108 12320 13162
15488 27716 5288 9663 23340 400 26857 11795 13397 29352 10556 9509 6149 21078 6407 3631 15937 12475
15814 19100 31213 26826 30835 24677 3984 26113 22797 11829 27821 24162 2198 10782 15175 15606 25850 1630
3453 14252 11169 22722 7599 20162 19971 8074 24206 12092 19541 16761 22493 13941 13021 25452 2732 4458
5420 12421 23298 13464 9165 28822 14484 10210 14358 2245 1114 25301 29260 16941 28281 13584 17915 29515
18466 30532 4203 26388 1478 32687 5606 7864 28040 6139 106 18831 11822 28204 15657 3821 23011 16051
21537 1763 407 12862 5670 31830 27746 11273 15523 22152 10069 1129 22599 17309 26983 27452 10603 557
1973 28512 16198 25838 30237 25980 30833 27783 4018 11188 17121 5031 9206 1400 13588 10603 1035 2864
24111 21981 3107 27367 26588 9469 25915 29789 26376 13242 31529 11787 30216 23382 25275 28173 30167 30467
11333 13110 4340 8144 24147 15056 23771 31403 5348 3623 13720 29900 32 1150 12197 2627 16475 30091
15374 29444 22913 6074 23239 20888 15147 18145 30516 16640 6381 12134 19231 23539 3758 6495 25550 6875
19824 20506 9588 9195 19558 25053 26775 26987 14861 13271 3595 12944 10673 9813 9510 27124 14654 17722
32743 20263 11039 16613 20946 26032 12440 11042 13445 16060 24594 13361 12052 31012 5165 25709 6974 4939
11834 3581 1294 27585 31227 29425 24785 2964 11492 23356 13075 5990 15802 6016 1769 623 4290 11110
20197 24527 13298 7437 2974 28245 10054 9184 21679 14876 28097 13406 8357 28902 25109 9129 26114 17484
3137 24449 29561 30318 29359 30380 6614 27851 9257 27977 1103 25941 30154 6536 23410 10727 12589 1218
3505 23978 12000 3235 23189 16701 6491 16580 31777 2207 21435 14350 2665 8070 16637 23377 30079 30731
26576 24281 12635 16280 11724 26980 28805 5606 10218 8842 2155 8790 14968 9743 23656 9153 1446 5821
27337 22043 23107 20017 22567 19059 13003 25733 5429 3547 27763 3076 31297 14676 15597 32249 30128 18755
8142 29286 10243 22014 14560 25004 2754 2999 26144 2208 32034 31642 32329 28251 21300 9223 30638 25993
17211 19051 29446 17950 19802 976 26330 23404 31055 1892 26318 16934 1721 10058 17272 13099 27462 2998
32351 30229 15222 3174 20054 30766 22887 17431 12175 17335 1506 14967 15574 21349 12238 16469 19511 32315
7635 23002 3171 30495 20001 21268 7707 7608 10359 23330 26081 6747 24259 16626 4649 782 6019 12002
4422 1139 16015 55 29723 19214 6309 3333 30949 10377 29780 2135 14846 12765 5530 19557 15695 20716
14353 12653 24468 1750 17124 19002 22632 23208 2805 9130 20965 12236 16324 24988 20787 305 24124 22261
27329 15498 17842 29461 32560 14761 19267 8783 31790 2672 26546 31737 24018 7799 23237 23375 27646 30653
25077 15904 28721 27340 23630 1502 24415 10109 31054 30499 13395 1553 19919 4938 30246 21622 27345 10273
9930 8068 21282 12848 5732 13582 27379 27911 22046 22931 15773 11721 18438 28354 13737 25653 1653 1415
9035 23933 8256 6498 11547 9694 25829 28384 1724 9265 15608 21232 2560 19361 19198 14034 3681 15
20561 25342 6787 2061 4728 16379 19457 10713 15455 28137 4571 19966 30824 10634 5217 17531 15944 14505
26634 2114 4366 23347 26245 7316 10752 31841 18758 24844 19207 8252 25450 30655 13774 18809 5418 6512
777 21309 21898 29786 21959 31619 28324 28908 10081 6541 18439 30953 10032 15518 23351 7377 27419 12002
11932 13183 27640 6348 29325 20443 2590 16518 7389 10576 5777 8614 7675 20930 7200 22839 3479 22107
25842 8662 26611 9858 30818 23629 15033 23723 3230 24666 23415 17919 10555 4495 1147 17365 30102 29820
29665 25493 28528 16476 26873 18620 1589 10449 7153 17770 21974 23431 2985 15571 32429 28418 15801 11306
21722 15486 19700 30138 25696 25403 25058 18999 1442 28416 29087 19617 32140 24499 24356 19345 26177 3213
23128 11753 23685 8232 6649 27869 11392 10242 19256 14520 31631 30025 21495 9057 10701 18654 17198 28164
26666 2136 2891 21514 16023 30446 25464 28873 32373 11942 27223 7012 24007 21973 26487 21734 13609 19676
18204 9383 8259 20565 11194 32500 30816 19169 12957 4517 26769 21531 17872 5019 5543 5883 6334 29158
5688 7431 11136 30551 14166 14725 28511 19065 18726 4285 27324 23949 28658 30774 30245 11561 13674 10791
28850 26769 21982 2575 1444 24676 1653 29939 24913 22632 11948 23129 28484 5695 21211 6408 32570 19254
10915 23674 27755 13384 8107 30245 8885 3069 12427 28527 7744 10993 29704 20297 16770 29294 14506 20727
7440 23843 31869 1571 1600 21100 14531 8613 6074 6027 16024 26293 30733 31589 7981 30689 823 6226
23692 703 12734 18450 24231 924 23120 9833 26743 7520 10687 15775 2455 16859 27847 14667 18429 9813
2321 15238 32200 16410 16158 12356 10180 17835 4988 15061 8105 28631 31194 6654 32515 30524 7778 7617
9727 2589 26957 3083 8934 13863 6325 3863 30037 761 3279 2662 27180 14390 8747 29133 2920 3315
13926 32491 24707 14770 13053 24713 31443 11420 14918 16602 2621 22620 21275 15632 30292 23580 11817 11341
14223 32609 25094 20421 27797 15991 14622 18910 26695 25280 28177 30513 13161 25427 29338 1502 16157 2697
7162 26486 17245 6766 21099 30784 1406 28364 7768 31217 860 22214 12270 15280 16031 8899 15636 3232
9239 8857 20889 21804 19320 4175 27974 29080 2913 8862 3239 11203 7616 17372 30725 28303 20475 10614
29771 4049 31731 18254 12935 19555 17619 23396 6515 21143 21596 3578 17775 30376 5254 24987 23120 28101
8433 28646 1066 11007 27945 11747 16769 15076 23212 13672 21626 14533 15219 19959 30166 15070 31952 12947
9791 20564 30303 20269 14816 28040 6389 29376 31364 25295 31390 12729 31550 14633 31244 29720 31543 4484
30310 27760 29232 25040 22533 29415 8945 11555 25706 42 20751 4348 7020 17750 29663 17860 6074 6980
1036 27913 12462 18142 16300 18972 22331 19736 66 16599 27613 21395 32519 14047 2275 18806 9091 13053
31776 21508 14548 22157 28083 15429 9183 3482 28373 22612 31199 4259 27828 11528 3819 5511 17336 17396
23685 18793 28388 29170 22876 29228 4020 2355 8167 20794 19020 13351 32439 9432 12561 29830 20353 25605
15851 643 12367 4122 4713 2102 31434 14576 31989 30074 5514 3947 32308 26574 31876 8643 19028 25234
6810 7881 715 21393 21095 14976 9288 8133 20606 4588 25914 13340 1167 10376 32722 22291 23638 23565
9536 13770 7410 27314 5171 27135 30413 26436 4234 29710 12047 14383 13921 25885 31712 31741 26171 13701
28407 28824 17589 899 2553 14500 2738 13959 22898 6920 8750 16945 12748 6379 19105 1460 27405 30139
16936 974 13770 3452 11971 28306 26530 5513 17336 17373 22818 9065 24416 30103 12813 5521 7464 23191
16409 15228 6086 25470 13212 22146 22440 20495 24283 21021 10703 24755 21339 19990 23178 16380 31045 22158
4404 8432 32190 26326 18176 19709 12901 4688 5973 7856 15411 28504 25452 9283 11213 8414 1697 26289
23683 6609 5878 4359 13656 30509 28127 29572 10332 3008 29981 8159 3182 31474 29700 6374 11471 32008
22792 21173 11150 10829 15204 32606 4556 26603 4402 25527 10782 21330 21893 12253 428 18466 6881 6426
11077 23429 17962 11999 8354 27308 28042 10415 24084 5916 6004 10289 5221 19749 22139 11069 3257 12504
31936 10886 7005 3376 25655 8227 15346 8536 1679 29368 13443 26699 25100 165 23196 13997 26090 18293
22169 19161 25488 25478 338 11152 16316 25741 14301 28680 24594 12512 16834 20333 4267 30407 9553 4411
24111 25810 1601 15716 8223 9981 27271 9541 12091 25559 334 9214 1089 13818 18611 12347 15082 24019
11518 7356 13597 10154 32433 8920 23173 16832 23197 4982 12359 32463 24622 18930 17618 16622 21007 15833
11358 2152 32012 19980 2347 25325 347 8964 23671 14138 22892 17087 6985 10402 15406 13084 17340 3913
13422 18012 28318 16405 2898 28247 6359 8546 24671 12621 8652 18357 3146 7482 14706 5785 10712 21912
14985 8727 24753 5963 11705 19403 20283 20075 28774 22830 11712 6944 15327 32011 2177 24499 2286 4633
11218 13755 2967 316 7783 25934 17152 4193 17913 14855 22956 5484 4629 21225 21007 18828 18781 18474
15175 14462 21657 17216 27133 2239 9411 25936 29110 5835 3682 6069 23123 8721 14351 8967 19906 1289
30391 10207 14847 13850 13312 22187 9006 3198 15197 240 8822 1410 2344 24866 19543 1581 30706 13588
31685 21630 26642 1555 15743 17966 15742 15212 22390 24102 20502 21395 10372 22419 10703 24327 23677 22568
12134 6566 12351 18323 3894 16027 17027 1600 4686 29106 11286 315 11232 23551 23922 23980 25275 21992
31596 14556 29019 15310 14592 14494 14272 18684 26906 26488 23577 5295 17476 6597 13593 3452 7971 22110
23294 3813 3284 32756 31376 27978 10704 15016 18100 5116 2753 18811 9148 4427 3002 24755 26985 11742
31691 10143 22307 26797 24772 26503 5664 30427 20229 8733 26130 8331 4589 3228 20530 6358 8238 10970
31750 11113 6331 1806 760 23752 17256 16684 24063 22711 21154 29514 18729 19061 24687 9584 14873 31780
25771 20084 17467 22394 7803 7301 1885 9573 12012 516 1109 10076 24406 17197 29850 26521 20465 32547
32554 23217 2842 29177 26746 12436 14411 27238 6163 28320 27582 12356 4288 12479 19995 22253 14100 11405
6236 14330 462 21097 8290 4672 28882 10608 28917 2316 26176 16673 10963 32690 15796 21880 10650 3334
15908 357 10499 958 16788 7005 26210 19025 12005 6177 31275 32686 8963 4103 26222 10221 25205 16927
5232 23831 29484 12812 16313 16606 30455 15264 2172 10594 9497 14624 10894 18336 32263 6047 5381 16638
5404 30098 23818 31188 3237 10137 19002 2939 8316 16346 30290 9077 23123 29450 15706 17998 19676 30763
31349 12973 28848 15998 19508 24798 32714 5536 24019 23272 27410 9158 28789 26624 17974 17999 8309 18691
17899 14532 9071 249 11270 7692 31172 26082 15947 18308 20832 30088 9037 22199 5070 10944 16756 5434
23846 20241 31814 7929 22266 1091 27706 14909 13196 602 27744 31336 17775 17929 6815 2308 28405 10987
9734 12433 26248 11865 1865 1560 2740 22138 -5 19631 17027 31060 31532 28504 9879 24708 11498 11557
28107 1209 3189 21384 23201 24026 785 8962 9368 825 28370 14803 6680 6149 21249 8533 30298 16413
21114 22847 10113 6366 20586 32008 328 29341 21442 24638 6066 17915 2147 15377 15864 8601 31417 19482
26044 3110 27031 29938 23199 5811 19048 20641 5632 6944 23421 15965 9934 25173 24748 20324 27137 12425
26121 11977 3798 28377 9555 24414 9152 29750 26882 27571 10047 9230 2556 25719 22838 25336 25503 18745
18537 6847 22884 14074 22516 19104 19439 31138 14800 24670 5842 23305 6274 21763 30286 19677 28145 19016
28109 18503 16869 9176 3395 11 19797 22872 12623 16656 15688 31783 6276 7373 4717 11670 27582 14913
22813 396 5285 26899 13546 2379 32249 21162 32041 557 6836 26175 25911 25859 20227 23127 28016 20917
6049 24845 6145 4788 2959 27226 7688 13624 5059 4273 8616 29009 30061 3081 5836 24191 2615 18079
25084 12383 17167 28855 26162 30630 20664 11752 32619 9055 3873 14616 9598 15997 3742 6833 13014 9558
22458 19643 3053 12292 17628 27096 8859 3152 3688 16817 4633 17463 25911 28762 20129 11483 14106 21425
9689 14641 31177 31433 2911 28035 6135 27650 28001 28364 23717 23801 3495 27244 30940 14561 6892 21057
32569 4408 1572 10418 29340 21679 20564 22891 16873 26671 19611 23022 20210 32248 4686 3718 23390 18394
7080 12220 30598 24207 19521 11138 20521 31694 23612 16194 30146 25351 25449 17819 31334 5072 217 29875
538 8847 23209 2262 8431 21507 29085 5840 9141 22064 1496 863 7927 13359 1810 23080 24539 24610
19792 327 7100 28453 5671 1288 31107 25555 392 30679 20946 8828 2968 8870 16579 27845 15954 286
26270 32231 5991 18104 29240 9891 24222 26477 20992 664 26681 24850 9947 9292 32733 16587 21940 21261
30514 8424 21267 14234 5512 6829 1250 4704 25341 26780 22172 22719 3211 13577 23431 21457 23464 20700
7059 7644 32480 20071 26116 6689 7687 15533 18056 17014 30480 32470 30893 26481 32548 31781 30072 16098
17312 9153 30510 23649 1988 214 3993 28665 23174 23382 11299 26529 8215 8329 9392 20065 19671 4105
12396 1486 19204 26912 23756 13852 18979 5135 25349 4175 29077 1043 30596 15917 13302 19673 28703 7514
16048 10655 23459 8167 16762 28342 26832 28531 2698 9444 13958 11919 12987 18449 27319 29808 22017 26297
11181 24250 5199 7481 22329 21890 22103 10659 5209 24049 4840 5050 6949 5752 4212 9502 20171 14852
24234 11731 1575 17701 1167 20763 7699 6384 7864 22064 12899 14628 27059 14770 6424 32706 29898 31484
31684 25387 30994 25164 10967 10897 4236 14855 1982 11403 18886 14731 8453 29652 21312 7047 23687 26291
15346 7294 19503 19448 796 24085 2261 19155 29894 27174 12050 16559 3785 21042 23326 2342 27020 10037
15861 5274 24878 17799 10600 26771 31574 12589 11838 26311 17531 32363 10361 30245 8814 569 22024 27155
22030 18322 21386 17532 10757 1144 7056 11508 2453 2933 25541 15230 31605 30093 29873 28792 15610 32736
22421 30613 31210 23086 30319 4170 23451 24891 2665 14678 28083 392 29807 31194 4534 15939 23564 25866
33 6331 12413 13330 4171 21390 26652 4636 18052 20119 6662 30389 24634 30428 19903 10867 24109 1736
7585 20964 17872 4784 1748 6744 6015 7570 1125 26031 13444 12779 20416 3981 12735 15162 25556 10624
21072 6952 7862 18681 9838 14214 7396 17325 2838 31782 11105 30265 1248 3384 27577 28923 13388 9623
1587 10008 23935 23973 1777 31738 16516 22089 16419 19172 15797 1057 20382 17578 674 5883 8701 16403
15101 14740 4178 22516 444 9603 29674 29672 3769 18354 19611 5914 23633 28817 21757 4486 16768 19700
8445 28493 15343 8983 8883 16904 26270 4029 12746 8470 22690 16328 28761 31590 26580 25060 11051 6130
3188 19621 3795 24664 24685 5229 20598 20917 30487 3679 9138 12215 2351 31415 7023 22031 12552 21497
20704 17404 13141 32296 27715 15926 3963 21060 27758 8932 21692 16856 18580 19493 30594 3902 18349 7320
8894 21929 11032 4668 16842 23989 1705 31629 15920 31248 25444 10954 11778 26814 2096 17350 28279 29639
1295 32645 26207 20260 23705 646 27989 28303 26444 8458 4864 20246 19913 11669 16995 29080 13449 11826
32179 328 30348 4860 11849 25192 2509 19434 17691 9480 27148 22585 9908 6297 9759 11378 8328 31522
27459 2629 24941 307 10874 9982 13107 12743 13498 15439 28675 21095 26815 24315 28663 24549 20394 14330
27455 20181 17281 31719 3202 4258 31719 15472 12011 6388 7537 28802 1341 24319 9970 19978 9398 5925
22791 21127 12390 8506 29671 5562 8285 26203 26545 16934 25046 9253 21141 20610 19142 24190 27026 24887
7801 30515 10059 20308 7602 9494 23807 23334 24478 18252 561 1514 28391 20843 24037 31804 26285 19168
26324 10960 3126 8121 30025 22809 8337 15567 9136 26288 26269 13493 30966 1620 6455 26752 14747 5084
19904 28969 31421 24535 32508 17669 21330 3520 15280 21864 18457 24691 13918 8368 19702 4219 12351 29859
31149 2407 32093 23709 19345 10313 7275 30905 4779 22971 7908 14404 25706 12544 24039 13689 12452 22032
13948 11445 21741 26014 19174 19506 19076 8112 942 22609 18885 32719 19751 24402 153 7263 19813 31313
13961 26466 3552 21930 31645 11747 21959 32297 15656 29105 12491 11810 23711 31033 23898 5883 9583 12648
8219 25366 15413 15959 14019 27498 25788 21945 26555 24070 14890 16284 27120 20622 13598 6630 8384 31439
7368 14654 26658 5619 15653 17648 27945 7024 183 26845 20192 24791 18252 14625 790 19278 6169 9472
15317 6082 2386 4893 18579 29430 31298 1160 12332 24081 31712 22989 32458 7011 806 5700 1040 8009
16929 15817 32186 16783 17121 10349 27177 10948 8447 26817 32671 14859 32049 8206 817 24330 1777 23815
31879 9306 14581 24738 349 26005 9003 25889 5551 28299 24493 17276 23512 32248 3408 4885 4401 26813
27896 8038 4738 22929 32010 20532 25945 26762 11884 24573 259 1811 4378 31845 21558 31845 4650 11601
17073 28123 10114 7610 5934 12189 1874 9042 9668 22964 17502 8145 6732 23866 27963 6457 12076 5624
2512 9098 18432 5104 4794 31052 11648 6508 16218 24130 25710 2401 17864 10280 23897 16788 26977 2484
30959 7620 29468 31792 7159 7732 28833 25344 20422 28471 21866 17760 11052 19627 23000 15003 32587 32138
13608 25704 1259 25581 3341 4999 1486 23914 14319 29326 16025 28533 11578 21223 29883 31770 16366 30883
31896 31508 32663 32650 11329 29413 23423 14161 30188 11880 25501 4461 9989 27274 17569 32212 1910 30769
22966 20770 21801 3780 28794 4578 22442 18999 7031 18277 2104 4608 11978 10011 2575 25659 17108 15491
28325 16511 22905 26256 658 12250 386 18440 7876 9246 5150 1538 14677 11293 26830 28706 13096 14267
7012 28619 7620 26769 16552 22796 30009 10916 9383 31255 2663 4421 28589 1222 6509 13373 19805 11900
18531 2505 29206 8786 2665 30607 6815 8549 8903 6458 25026 28015 17539 30300 2226 22952 2575 9527
3391 7667 16739 5429 10886 18445 18421 32226 8098 26465 29566 11888 22802 20139 17042 14567 22477 2119
20874 13833 29453 22656 20471 7506 20505 27138 29173 27922 11340 244 6610 7920 21938 20475 13936 9455
27981 19318 4319 27110 20531 5939 1920 4909 17048 27260 28731 32234 14618 1508 8168 13528 23671 6077
20775 23074 9030 10972 26665 16859 7746 31544 20045 14445 21096 19745 25108 12548 15875 8883 14177 22769
25305 27469 9257 19126 29664 2423 21695 23950 119 19225 25919 19729 14772 12197 14982 13661 11951 6382
6123 7987 6759 16848 11433 6247 8189 5992 5641 5301 4509 20570 4559 4807 7418 24212 23603 16712
31478 5899 30538 8307 31831 11227 21838 23558 4564 21674 9315 22735 10742 16702 13812 13084 211 12861
15902 10637 16076 21680 26642 12091 270 15062 31270 8978 10280 4107 1629 26383 2489 25275 25338 21382
24367 8241 26553 17133 4042 7989 10988 12783 12393 21666 15084 12251 21865 3584 4064 6803 4943 20227
12764 25547 18755 11416 20185 22961 4547 17068 15698 12381 30240 8172 10009 18250 16247 17404 22606 26351
663 3033 28235 29391 16793 10273 25489 19388 16440 31377 13120 24126 26134 29789 4395 6547 19264 21551
29179 18986 19279 23914 24533 5461 14914 26158 22264 4246 6081 22363 9915 12619 23854 31486 4798 4331
16627 13529 12440 16611 3364 351 15710 11090 25470 22185 26528 15323 3096 17398 18899 19541 10841 27451
4259 4657 29689 12520 2475 2080 18024 15904 5822 3911 13936 12564 16517 17939 30192 6037 26313 19846
11309 4064 18301 31858 7164 11238 23299 14801 13472 29314 16534 31710 26685 6937 13916 10033 25930 24470
23166 19071 3569 86 12283 29197 18790 22190 9176 4068 3080 4435 3781 13285 12611 30607 28363 4186
1068 19970 21772 1720 4561 14894 17532 14448 8803 16387 31688 22662 29741 13750 26788 14477 5322 18916
15925 20176 29972 30752 27867 12335 4787 1825 30042 14917 21610 28143 21630 27079 29781 15113 888 6579
5304 22915 18370 9710 23153 20703 20384 11878 10910 23213 22344 30464 25978 27353 20790 7908 15462 1528
20452 11439 32106 473 11047 10938 29076 3188 7651 20331 10532 5358 22524 28194 21050 29441 16519 11230
30147 26811 25763 13585 13953 23047 19879 28299 28275 22304 15509 24407 18008 21684 1317 20239 9129 11899
1282 21411 2239 20616 29733 19465 17129 8601 2106 760 846 3351 10544 30225 15822 18048 12661 31930
27106 9014 30487 19411 542 9907 6192 4489 24026 7346 18612 9482 16624 24100 7049 1817 15820 7087
1147 11838 17953 19211 3594 23476 1278 4659 32715 29772 24597 19753 28894 6555 15024 2482 673 32699
22271 5500 16277 14999 29163 31365 23260 86 29852 1442 19328 7024 22741 13154 22 2268 6993 7995
9995 32621 22578 20697 18095 23082 28177 945 8605 9193 17127 17649 9131 16076 1953 912 21160 25541
5512 28311 32750 30399 16941 15858 13724 27333 17852 16660 7222 12952 3822 20512 21770 31066 8678 31620
1011 8050 23851 5388 1596 14308 16505 28782 4406 472 4702 29906 13565 6728 32669 23913 22 25057
4402 17432 16022 21355 5244 21048 4635 17965 20839 13247 23991 22714 11043 10376 16903 32726 1772 20542
9653 30135 5493 2979 1720 1435 22972 4418 3687 28491 2851 3950 10110 24440 11549 30980 3878 14207
31002 22609 7932 8777 30528 17399 19133 12487 24766 21147 3792 31508 10440 10295 19097 422 18346 31237
17211 19121 9258 9416 19082 30757 14110 12579 18017 20816 17740 25017 5130 32080 19323 10447 1019 27040
30958 7905 27105 6316 21453 22549 31958 21736 25651 13261 933 1002 310 770 2568 5626 7217 8058
6437 19954 9848 21227 12538 23815 27992 10019 32236 3847 1964 32051 1638 756 13022 1621 19686 11187
14648 31586 8720 5376 16043 11834 9110 10406 4084 21031 8796 28693 20530 5444 28138 3581 8238 26954
16265 27754 7310 5696 16790 23264 19850 29416 28523 6403 26012 24667 18784 2317 27123 25338 6378 1826
8599 30294 16666 8233 26103 30433 22376 9663 12988 15887 160 22897 3920 19662 20016 11560 11925 8201
6058 21275 24859 2942 3148 6760 13712 14063 31022 21486 25373 6513 32649 15077 23173 3853 14079 7844
6437 25756 30818 18339 6709 30178 19698 21896 687 14798 15681 4343 25286 22886 31984 28138 10848 11355
11828 14848 11057 14327 14842 13201 17789 3372 30748 1060 6887 8041 9171 23626 25464 29413 22662 10891
16679 15524 4761 11126 11593 20713 28917 19853 23723 31595 12836 9591 13634 7905 10855 28274 13057 13693
11640 21278 22053 4256 10472 31371 30755 29261 27267 5465 8940 23845 20238 26404 17916 13925 21851 2178
26156 5720 20834 23731 9131 25344 15340 30737 12737 4269 23054 29299 7537 9588 14685 25065 32250 23113
15395 31191 27586 30409 12705 2555 22906 17120 14120 23087 11046 11026 23774 7636 10310 29400 19175 31765
9037 4383 25362 26593 29650 4905 6762 17583 7934 8664 1900 4887 18962 1196 24559 8631 21319 16328
25587 32392 11540 10108 28696 9317 22322 1690 13535 8372 4752 12986 19877 11620 11021 10941 13375 31520
29554 7125 19639 10235 20508 26769 1349 7667 27469 3627 18085 21992 28701 1085 12335 15137 26547 29311
23824 10871 5249 22792 11549 19027 26614 1660 19920 13921 28237 30929 39 15388 19614 1062 22061 8978
11580 23461 25813 15758 13990 22878 9823 15915 26537 7985 2319 3074 30552 28515 25940 5403 4508 22087
22871 22494 3975 669 17334 8384 1171 26717 23467 14572 16181 2422 8183 128 5875 271 7059 12635
9500 11407 14710 17939 17293 3990 9533 16725 28137 19876 29698 20757 24823 22106 4374 2708 5153 8075
11141 14918 26971 2639 8025 986 12112 19820 5988 20257 20901 692 25442 15468 21401 12881 15881 7563
28946 30799 32652 12125 372 8361 30825 3857 30980 21783 28746 10169 9417 14793 1388 5275 31767 5028
26613 13093 9409 21873 11662 24989 1464 11933 14824 9703 815 31006 30302 14378 16858 8307 22179 11874
3044 24545 26041 17347 13379 29353 22155 30841 5246 4557 21926 1396 56 23881 5668 24804 19373 2780
22474 20159 16312 30408 24819 14623 6335 29555 10395 19892 27457 29419 11583 6808 2862 26364 13092 10226
20781 29410 26548 18952 23089 19451 9343 9872 7496 25683 20168 11134 29668 15186 3899 28973 28705 28952
24080 17759 7498 30641 7938 22996 1738 32436 18949 21537 8544 29991 23524 14429 29240 15814 2902 28068
4310 28907 32269 21936 24235 18844 31351 13577 4470 6194 20772 26539 27489 22418 31522 7604 15814 16479
10196 7264 4587 30404 14280 16193 5196 11808 24391 13733 7637 24400 27959 14474 30558 27897 29355 13437
13284 21027 17915 9162 15444 14079 7870 5362 27131 2086 17858 6507 19236 27643 5435 6382 28191 12801
17715 17440 19982 6447 16481 9339 15981 1913 32027 986 28887 4280 5746 10436 28778 26346 8697 8688
12395 4393 32059 8090 2125 1243 4030 5065 14963 31983 15742 5951 24799 11133 1281 20238 23691 8664
1675 19894 8885 2617 28323 11526 1069 4240 432 23581 19389 5342 17221 23997 19916 1079 30167 29317
18167 29598 28362 27639 9361 22965 31425 8988 5024 572 19948 20547 29122 6026 15584 15868 31970 24442
14739 5381 23640 1264 20625 15448 24902 3324 8829 2410 6236 20861 5566 15453 2633 7779 15515 1311
18051 19673 11094 3112 5065 30977 15016 15349 25518 11742 29361 17927 25475 9023 6565 8498 18519 27231
9045 31536 12415 9274 31842 23325 14356 7842 28221 28613 6886 29480 5870 18063 311 1202 12626 26162
21235 30451 10729 2633 11319 31785 15139 31380 20757 5511 3727 15035 15123 8531 7725 3663 7408 21394
20912 3364 30957 29946 5241 17308 9492 1007 24409 7033 22973 5079 29446 2260 9854 1773 15981 14221
26981 32245 11646 13397 9232 6706 23565 20176 19336 28225 26971 12139 28154 14337 26400 23977 19181 16916
8627 12927 14708 1690 15301 29451 30964 28849 23217 4061 18422 22540 24298 17374 23838 4781 25837 4089
7922 14695 2519 20153 13499 31129 12553 23637 20267 4727 17763 3818 16879 22363 13099 31520 19560 21811
5594 16530 11225 30136 22146 23310 21690 15638 13861 13218 28024 32220 172 28242 26650 7916 25501 12198
21911 20458 9588 22180 20462 18410 14639 26401 5647 27206 27141 8271 13924 28077 6974 31541 25448 24930
22679 3579 20050 11560 12994 3815 9307 26356 9205 29704 2587 6860 30994 27345 12561 24983 31446 9242
25521 24924 21318 12424 9003 5209 27529 26806 13317 29173 15807 7732 13470 22062 22351 4210 6706 17216
1928 25083 12209 22873 30204 2512 29533 8446 7678 32111 28237 789 26986 3717 25102 3012 26721 14660
26949 21254 24805 24325 26009 10256 13053 10432 22639 23184 19669 3619 468 15926 11033 15612 24965 17568
8705 23645 30305 18822 27157 26807 22514 27895 11622 9087 1629 6150 4393 21418 3139 1978 30565 21007
20382 31224 29903 7704 11212 22778 14165 30426 12971 273 22603 13379 12227 31793 22331 23681 18851 20553
14605 12770 23873 15260 1794 13509 28700 31550 10847 21982 21575 30715 24612 21622 23210 30106 16597 1394
12215 8184 6417 32316 15922 4808 3511 24549 13417 14210 18650 16094 1925 5453 10904 25143 4352 28544
14965 22578 8904 20032 21703 6684 11552 19777 20587 15604 21273 19704 6361 27134 2337 25076 30788 7176
6635 7772 3623 23626 11642 4629 11795 31791 11920 7299 8821 1750 10821 27948 4084 26456 1497 19984
29952 32411 9939 5378 367 9789 26985 22024 17024 23303 263 13653 24358 3047 7998 29373 24673 18818
31966 2901 16942 20775 8516 3549 18518 12549 1027 32002 21436 32757 25807 23483 13260 26005 30037 16552
12397 28439 12817 2732 18316 27569 1118 5296 23526 19889 2974 735 20227 19412 10382 1735 17490 16018
9731 13662 2060 30206 7476 19317 22015 965 28433 31774 32249 13641 28855 9662 7819 14892 9616 2309
30137 13116 9238 24174 189 9482 166 26039 26842 2920 23169 19415 30661 2325 26468 770 4370 28404
6335 26903 27393 6282 14372 22586 1052 22497 5332 32184 4377 28239 8285 4846 24243 19683 5438 21785
25580 6559 933 22103 131 13462 24759 1551 9142 14705 29626 2740 22369 14623 15792 19026 27378 10219
14212 15627 15102 15261 422 26111 20808 13851 25311 3692 22603 22484 12456 7938 8099 30521 32300 13206
11470 30582 11559 17604 4977 7251 15754 1140 4762 30128 30448 18336 12793 24487 18576 7052 23389 21185
31532 24600 11338 72 4514 1392 31747 30553 29562 18126 21017 19855 15779 139 18536 2130 21962 31663
5647 17021 7001 19511 15971 18919 21380 7554 8300 12657 10955 2210 25056 4968 26966 20868 29529 32677
13595 9708 10191 21152 32402 15071 7576 28750 29593 25614 29191 8030 5258 503 32465 173 18328 25070
6815 24316 1627 27734 6778 21276 465 15688 3929 30676 22579 930 31645 10961 14776 16862 32095 5335
5863 19877 10292 30516 13674 10528 3190 30927 18290 4943 9469 28556 24774 27040 10969 25125 26223 14498
2134 15937 21731 5779 26727 32343 30630 9220 7788 15503 28671 20304 25150 27959 9587 13732 7254 15874
31914 16081 15952 21723 28787 20244 25516 27603 26947 11073 14050 1189 28347 27382 22071 12436 3989 5478
13769 10512 7079 17434 14572 13210 3163 26654 80 3872 14136 3411 10255 25703 9911 14325 29282 30665
13687 14543 6727 5715 18324 4799 19042 31646 15928 20392 29791 11241 354 24239 1079 32304 15427 22866
11357 21160 10073 19015 17726 12693 32034 21281 32161 19993 29970 19374 22379 10686 24725 14302 11237 21413
17984 12314 13597 86 6106 5954 22241 30198 23989 15223 9327 2055 30033 15655 24053 8314 15692 22481
25275 4048 19501 27024 21328 8911 3394 21714 24580 14070 24485 6113 32711 19589 5028 14152 2759 20488
25229 22059 30248 6232 15368 6325 11036 21693 1757 11546 14057 26530 11982 5798 20113 26935 7510 5926
25404 20043 30885 21089 17155 28605 17583 2088 277 28099 16984 76 8998 11239 10581 1265 20061 24792
6122 1875 28946 30356 21726 19107 9319 14084 16452 12484 16969 230 3469 1599 27560 67 9421 26457
31496 10282 17835 7242 7970 26624 18616 1795 6624 22821 6963 32770 24488 24879 20657 15452 4835 941
26453 6948 6077 24925 6702 29735 15310 7702 24014 17765 12006 11356 25374 23212 18143 14475 15500 19351
19728 12284 330 27513 20137 8452 2845 1993 11848 28425 10730 4295 29031 5727 27175 2098 1575 32049
18692 21182 31954 3053 29455 18172 29445 2673 26919 5967 10550 32018 10065 29105 546 32365 10889 29106
25927 20664 28674 16602 17018 9240 19204 376 12619 19664 11606 24376 26793 25959 15695 25219 2819 6590
22096 24977 588 5667 20527 11345 26825 22016 10211 19968 14730 20495 26336 400 17762 14705 25811 13206
10359 24140 16264 12146 15172 18756 9433 20904 15542 14508 19289 23915 12296 6846 13435 20365 11012 3861
5606 19595 4183 10105 1103 1034 29309 26000 15566 9985 6862 12423 10389 19583 28776 16157 30421 24484
15356 12764 26793 29959 891 22935 11194 8565 31159 26144 24216 12160 16204 31014 7089 20231 28280 22989
9870 6942 12361 17326 5828 4637 21800 3844 7749 23552 11935 11352 17520 31524 9296 12515 13501 17087
16914 28443 31470 12435 14777 22294 18821 962 5493 7175 9974 11957 5650 22817 7280 32469 31240 13105
17229 5834 10296 12864 19648 5803 31546 20420 24521 3787 10447 29846 26887 6238 451 25530 14681 12497
1472 19677 3679 13040 1941 872 24906 2716 24008 5559 6168 32422 23304 16568 29897 11522 2994 31584
24347 5344 29310 5889 25689 19340 16964 12070 2435 14140 20442 26186 19341 27662 14224 10921 27139 1870
29694 32506 22541 9622 24631 965 28534 19971 25215 15627 16832 28856 15170 20396 9290 21282 13477 13263
20926 1678 11632 5823 15911 17652 15727 27021 31204 20538 27872 22468 15730 12168 15595 8818 31945 26288
31799 7029 7278 1125 9103 15574 9381 8688 13995 6240 3900 12776 26070 7164 2863 14494 27417 26020
21251 19178 24532 9240 28918 28516 1885 16201 3486 15868 18561 17827 9444 22763 21642 22817 15635 7486
13707 6352 31732 9367 16817 17040 14058 30118 11864 2331 22610 32435 16310 23058 14310 13963 20522 4287
16677 32654 11475 20614 902 10524 277 1071 2555 11056 20419 15586 4938 30732 13213 28091 2594 175
25582 16292 22089 18135 14946 30974 25742 6619 13375 13881 240 22885 11212 28199 24297 23197 18133 32432
27685 19326 21691 15831 18760 12414 6333 19195 1288 22611 15605 7260 30121 25130 26940 1197 19548 12790
14915 11603 16229 28424 5456 16468 26101 26846 5062 16144 8899 32387 834 16627 14437 25465 13760 5697
25715 24511 7709 2977 7261 25969 29915 18763 18678 6401 24891 2814 7182 10100 25090 11219 23607 1831
29599 17038 17157 32394 11626 19005 18725 3404 21439 4758 32073 5007 6738 30016 16608 21486 4755 2830
1826 10993 658 23896 29323 6440 8105 20409 27748 31689 27135 15917 4771 3888 9220 2878 6159 6076
8688 6742 29330 19669 28172 29367 29641 25160 31918 1667 10256 19492 27904 22908 5991 6208 4413 1325
17633 31394 15420 21543 2122 26486 3676 29235 7685 22583 16131 27776 2314 5645 7813 32282 9071 10022
19418 25792 30939 14863 23335 14770 18300 11054 26601 2851 17169 235 20497 12683 30316 31057 4786 7548
24257 1783 3924 6538 7640 22293 8585 15507 24059 16102 21622 2101 17493 10816 10980 28602 3447 26971
14272 17046 12440 30746 539 14397 9273 7232 29264 5932 8616 30016 17092 13551 702 23214 12591 18924
5519 9416 27681 21936 698 15281 30931 3971 8579 2052 3309 7913 22163 8854 6348 6368 22756 24036
32339 31985 30896 1514 12084 11964 17678 29290 12327 10170 11067 18205 15379 23816 27849 32341 939 5652
1891 6646 17670 11922 27547 5769 14223 397 7467 31822 2192 30798 6588 11126 25419 31106 8833 15686
16870 13556 17160 6329 646 1794 13090 5312 31792 28847 28334 17581 4266 24561 8163 19264 30226 17448
14104 20403 13477 10969 20016 28935 5433 24719 12475 21446 31663 21049 10165 9672 27064 10915 25120 13352
9646 26653 6524 28694 16863 26243 19232 31939 35 6534 9258 9443 19816 29456 31850 20844 20940 12810
31387 24342 20715 5479 16215 28129 22079 12098 12817 1778 27088 21608 19651 13505 18754 25638 317 27012
24895 25668 5428 20374 632 11525 4147 24680 4108 8685 6146 24018 8391 12877 22382 2314 20992 7800
19176 13479 17837 15557 4032 3130 2405 15099 4462 11885 24861 6264 12647 30096 12951 21412 17564 2571
3248 2212 1020 6984 1873 31596 19047 23228 30551 19168 15765 5452 12952 18330 15614 1817 24765 11012
12952 17671 5038 11054 8857 22806 9426 9774 5336 27831 4616 25190 13510 7482 22353 7835 17269 22268
129 28271 14334 21043 28451 7949 10790 3685 4344 8302 25359 26674 536 11849 12460 9452 22513 13724
22200 4299 4145 12941 15001 2912 24535 578 9500 7680 24343 25895 13972 30961 19619 11642 26953 29226
26093 22003 15833 25287 3917 31920 28286 32497 18564 32441 17385 853 10588 12041 26699 21894 25303 26303
21927 29199 63 26851 14640 17768 25823 22145 26979 19116 16665 12141 19128 3205 32112 6864 15857 25826
21467 29723 29946 5700 5807 22661 18999 7099 24348 12329 30145 19219 8338 28689 15601 9523 23423 4098
30795 28764 27920 28895 3014 31128 14077 12017 11466 5988 7001 7389 4917 19248 2256 25197 28610 7452
4940 31732 17833 3473 21643 5557 397 14769 4380 32690 27492 3411 24004 13663 19992 8169 16574 13945
29121 5935 2990 10938 17407 11432 26990 3924 19095 12339 23663 26447 15463 9856 10524 11585 23591 23655
26811 111 29243 3360 16421 19149 16 30416 30534 23233 2539 30952 27764 11643 4926 6409 8253 25999
10441 2634 21848 10598 5443 4691 233 26237 7253 26977 1767 13460 22432 28555 32514 21764 4665 21866
32099 2722 15840 4665 7228 17853 24405 17502 16628 24625 3135 22646 23020 26134 22423 4669 4315 9819
18421 21531 11374 1976 13584 16556 8008 24119 9776 4758 32380 15411 4089 18064 23699 31867 3022 29690
17631 46 26052 28486 21212 23752 7373 4854 8713 30483 12518 19075 4522 17753 23513 15360 6467 14004
4110 11121 10498 31321 22954 29935 21101 8879 32248 14462 13680 24959 29899 5269 28017 22438 6325 2742
31505 13695 10430 27138 26030 10044 31022 23829 4471 18853 28106 29804 1424 9005 6844 19614 7887 23845
10275 10774 27163 14633 21176 10030 9121 32474 10220 20587 5651 24056 22416 19296 22068 138 14375 25385
5677 18753 22762 6113 3597 31352 16053 3037 13230 16598 9892 27420 16243 24302 27503 10633 14506 29803
26763 12953 1781 7641 30706 26641 17186 26842 26072 2669 17654 22544 30435 26574 10402 29657 23694 27890
18689 8948 13229 29903 27051 18276 26931 29180 3460 23522 8610 20151 13656 3356 32275 7856 782 2997
23552 32759 31922 4608 27398 17616 27667 23153 13587 17757 5721 455 29848 29218 18479 4713 21914 1455
29148 12945 31724 28717 20439 13344 27824 22801 23398 32779 13751 21378 32692 6544 28431 8318 20243 14119
29332 7040 13392 10676 26235 11633 23688 4566 30078 24958 21822 7172 20850 30980 6768 16918 23591 6293
4385 19465 4746 27678 10746 3525 5637 23798 10401 7365 28663 13886 19045 31224 27637 21352 19020 27719
9027 13647 31843 1677 6072 6399 32238 5894 30786 27974 13730 31145 27519 16962 8205 3008 32044 3920
9321 15146 2389 27383 28031 28265 16862 4503 768 16449 10911 21907 7885 19489 10040 22178 31520 1738
30649 6803 5103 24229 16105 25818 6553 8458 28510 26652 3940 24432 14998 11800 20942 20700 24105 20888
517 27584 27541 26375 4342 13219 26123 12021 26281 30650 21119 28357 25093 32055 5640 3119 11519 21003
15979 17995 8358 17380 4417 10547 13759 14190 31916 6142 15728 23475 18161 2239 24070 30219 6191 20259
4248 16877 14782 4212 6747 8480 10481 16196 15913 6283 22271 14308 8909 21630 13252 23568 10496 12787
24213 18544 11788 2005 6516 106 30342 11321 23107 11378 15644 29301 5763 17961 8739 7358 9511 20250
30409 32419 21130 28028 8428 19332 819 2961 4898 19771 32743 21651 5319 32505 18669 11448 22226 18681
2792 32470 4164 22347 4736 31899 7952 19007 22951 11453 27078 14805 2985 25551 31906 19049 6998 779
8042 19669 18186 6453 24473 10078 10173 16986 19010 682 9621 24865 21207 30461 28402 3784 8659 13714
19991 23868 18322 27291 30854 18251 4022 21250 13533 27546 28812 17079 29484 27968 21228 5950 13073 5835
11783 21048 21604 7128 13231 22709 11813 5270 2274 4634 1950 4020 18044 25554 20373 22065 15956 17607
11811 15957 16427 26085 19513 10112 23386 10690 28191 32170 22693 26986 15275 24125 26646 16645 21178 15239
16187 24802 17 6674 9114 7838 15062 17664 7561 17052 15725 5041 20253 19960 22866 7745 11081 13365
24857 31829 2473 17849 17437 27067 20935 17941 14679 28051 15239 27376 5027 24521 24346 16090 7368 26762
4537 9368 4753 22072 18969 30416 8719 25959 2457 32615 32065 22418 1406 17340 26375 29487 3139 24812
20769 19190 25496 29699 26758 26309 6658 19246 11311 11074 2453 23132 27091 6902 1537 12397 15574 20166
29542 26909 27635 16271 16788 22093 16593 16056 1758 24105 13681 14586 14301 18796 5403 7868 14136 32225
27083 4038 14663 24833 21868 9282 14553 24337 12434 28758 30485 21055 2952 7730 17580 17978 28064 14834
3749 21467 28383 3132 27542 4390 2027 7843 9525 20882 13341 18077 31211 12903 16765 21146 4890 12197
27695 13662 27433 15558 7831 19351 8131 7748 29880 6100 27947 32469 23931 4247 19609 32075 30350 23694
29676 11901 32216 6450 12518 20354 30175 2045 23795 9292 22550 15651 25908 15929 29050 11501 8869 10026
17732 13235 32440 11446 4670 29523 8198 18367 22033 9081 6961 23520 27329 12300 25640 19426 6821 16800
31684 7558 18086 3176 5503 10828 31273 353 12591 6161 2631 15748 26015 5625 6676 21420 22202 6617
8752 19460 5263 6544 21947 30365 24079 31955 624 27474 1129 17155 17886 21728 27275 6605 13878 24900
23751 24354 22567 30032 15586 19547 32652 32154 15935 17641 30351 31341 11889 1492 1649 8557 1525 12556
16138 12759 15606 28979 6277 22223 8441 12715 19188 13282 9698 9873 30889 30740 28664 8575 1646 4830
4599 28229 15941 26503 15044 13224 6170 6893 20628 5346 17654 22282 13135 3840 22650 8520 9120 20083
11273 7922 2566 31097 22879 25517 6796 10760 26086 9808 4205 5153 32148 30754 32289 5399 22379 23035
27996 9727 8254 19500 19432 28495 2012 13376 24589 30717 19577 13507 16831 11693 24572 21559 5056 16447
1178 3366 31026 3682 31197 9575 830 7616 6666 26345 4895 23549 32748 5956 27740 9116 5224 18739
29457 16686 7419 25740 21319 29917 10601 90 2831 11288 31582 27414 5748 28583 17418 32092 13982 16870
21668 4823 4532 26882 7209 17735 9908 25148 4297 17895 20948 30785 24078 28892 23794 15060 30283 30592
22595 21068 25066 15359 14153 27375 26885 15358 28229 13681 29506 9527 2939 14014 14850 28704 2285 25802
10392 7459 21125 19202 1780 28735 15376 13218 19127 17965 25612 4217 10706 24688 15895 8438 19555 17329
16930 3948 14327 908 31612 834 20910 6581 29842 25394 4630 8862 14906 17309 18352 7305 29771 15749
891 1259 19787 10588 3018 28693 10033 31293 29051 30447 22565 13729 9023 5963 27481 17103 6965 25091
8781 3821 708 5064 12916 16741 26826 29669 31445 31824 26105 5482 11721 25839 19237 22112 11194 28999
14019 14747 2338 13434 11087 30320 32148 10513 1284 23263 13976 12858 27043 23549 19181 21013 3588 28795
18952 20387 28205 4462 9190 18833 21475 32182 25777 28853 18209 6921 409 26401 17693 4519 12426 32586
22818 32328 2449 22493 29741 22105 27539 3827 7770 23016 24983 2674 24284 12454 1015 4132 30229 3236
4787 10785 17890 28521 17103 5064 1104 27990 32016 10879 5190 2875 2078 7929 8465 4655 23402 25299
22317 30142 5671 3637 22583 10299 22133 14792 17599 31066 27888 2316 30861 23296 10339 24747 21622 10373
13757 1417 13203 19417 20573 7993 26068 23883 16026 23479 19726 6504 22088 11951 30840 18694 1503 26939
23105 30588 7632 9687 29503 5003 21925 17564 4473 22015 18996 29693 31765 2795 28476 277 10761 6380
12755 27892 24359 25296 18108 446 19195 24455 24937 25632 1675 1046 20122 23854 2904 23566 12252 22586
455 27680 21214 20774 246 15114 24947 11964 7484 7337 25863 17855 24723 6930 23433 32627 2478 6852
22337 24893 11510 5113 26624 28629 5079 32502 18409 11081 30351 20080 2246 7864 27584 5163 15690 16565
10970 11189 23356 8101 31841 1956 20700 5788 29744 31951 3005 1638 21237 10276 27333 20081 10452 18993
22858 664 5849 13710 3499 6352 19145 11051 10447 2840 4273 16545 12721 10646 5935 11622 10446 6511
16872 6630 12399 15121 9694 19610 1205 30094 3190 20953 16431 8604 6297 31151 10377 4378 27160 18417
32633 28405 23312 12961 5184 29435 13326 19034 4271 9739 29148 10649 16236 13009 31324 17754 17773 32321
23145 31967 3227 1182 27532 734 23037 14048 31284 32231 19672 21526 19453 31234 16674 31469 7769 2369
21296 28702 32079 11891 32539 21581 2816 28102 6216 18053 5686 8201 5535 12117 6938 25619 28075 12111
2499 19007 32539 28305 28600 5726 16770 18476 24310 13243 14919 3566 12167 14247 29165 24640 30695 3534
25996 22127 22112 11089 12443 29509 27121 25554 27307 8588 5289 15545 30231 13641 25759 23254 14872 11464
16149 26238 1474 11836 10625 284 5800 32065 19891 10815 170 25881 4950 11641 28889 21205 27671 30680
2455 7117 11765 28363 21084 11323 6182 9549 30767 6765 23938 3010 22999 23013 21022 30150 7370 2785
5665 4639 17939 8709 23493 12641 5027 25694 8989 30294 4515 29601 2057 19647 10350 26316 32470 17112
7771 10868 6790 8247 18963 9802 14848 22489 28914 25093 14077 12183 3535 9953 29507 15024 31782 22910
24754 431 17150 1984 24217 30038 31919 26390 2613 1899 5744 16113 23787 1502 25724 31610 13499 5106
17919 25772 9074 24082 22050 13664 8064 25510 25610 3821 29554 29385 12435 1255 1904 13198 11020 15623
24923 23440 10924 24422 30369 27001 24771 21258 11449 515 32325 652 9160 19203 18998 9535 10079 24958
9251 18475 25027 17683 11973 5056 11521 22118 7986 2426 7930 17262 27629 13793 10958 32219 22617 4817
30000 6225 6314 5568 14014 9494 2457 9959 18590 29666 14561 31683 14137 18686 14750 4774 30633 27542
282 18950 6787 9612 18349 20583 6741 4547 10742 26629 7793 21839 1651 15220 20960 7529 21319 15829
10093 315 26645 21429 10287 8442 30781 16373 10361 8089 14709 4357 32553 21143 29281 2713 6787 17414
28079 18144 4198 25395 3376 3374 946 32473 31141 6057 31930 26159 10733 17915 3903 19514 16261 30778
27506 18629 29320 3461 13484 5184 2620 17305 14911 22920 7604 29198 28493 14856 6394 24113 15402 24588
16908 8969 1559 15201 15023 27018 2441 17456 14785 27888 25258 24615 31124 1943 24447 17860 5626 17445
31012 31209 22192 11888 3812 17389 8792 24869 16243 13158 5441 2951 31891 5319 30882 27495 13579 28657
5690 30566 12419 27861 9227 13668 31268 15095 17419 31018 29972 22117 21711 1951 30574 18342 3475 23000
1802 14644 9096 31897 5490 24 29246 18455 21684 29177 25906 27628 1043 9585 7456 2929 19828 31136
3568 26128 4657 32409 4246 18445 16744 7451 9507 16305 5379 6206 24980 21013 20673 17619 18557 11560
24481 5167 948 4380 27508 19448 16359 28247 19098 2287 9203 29657 24669 26619 8377 2471 19268 28935
5332 29568 32076 8313 325 6118 7003 10956 18808 10048 15857 22100 15457 8068 28829 1931 24907 26574
3003 23355 17670 97 17435 27474 17291 737 3394 6511 2447 28400 10681 31814 19116 32451 1474 19171
26477 27 14310 25149 32744 28071 17527 16655 11905 17506 32471 5661 26317 20828 9369 15440 13525 29622
4116 16782 22664 3773 7187 21345 31167 10401 5679 11836 28598 28921 23481 27344 22990 11268 31785 17809
928 15739 32386 15522 20998 20618 9390 8184 13276 22301 18677 28596 21346 24079 12798 9393 947 29082
30915 16212 9836 3419 23839 14584 1475 21877 9274 12992 24240 4937 23951 32693 5985 13054 10726 25709
24103 15519 24752 10499 11333 1579 12244 22992 26884 6467 4419 20888 10677 2499 13141 27332 18637 14332
12004 29270 21102 15190 10304 14618 41 29110 13724 24495 16860 28252 10391 14303 3621 17753 5462 22843
30633 28594 13343 17176 16885 17124 31075 10578 29526 14693 32689 18222 7724 1816 8194 21592 24446 13801
21667 30829 19591 18180 16822 22617 19915 5071 162 6798 8506 27530 2328 31891 465 10507 21736 22545
11870 15545 6631 12492 19759 26301 13781 10741 26555 7546 10488 31998 31418 23646 14969 20262 22040 22239
9067 215 18905 19350 23537 21457 23188 29656 26201 772 31344 19298 13574 10534 637 11398 1579 4361
26656 31738 20933 19617 27319 25044 9781 11841 13751 18927 3763 32690 13020 10500 24608 5119 2249 16859
2171 3897 365 26352 15270 145 21833 29678 7057 10961 5777 31723 13754 5863 14541 26464 29551 19616
28740 32484 22585 19990 26180 7624 10813 12451 32079 2350 24938 28891 8539 9962 30779 23603 24831 4515
31609 11560 18944 17391 29542 13718 18130 22707 1023 13168 30706 6937 24270 11128 17822 25439 25458 26219
9749 31540 2591 27749 21348 1787 29843 6748 28218 12009 16694 11841 18561 1173 31811 25790 21599 24720
19348 1507 29545 13454 12420 31642 8763 3439 31705 20110 15375 16886 20571 9539 21224 2392 20296 8542
22409 30265 19260 14191 3628 4631 7503 23756 2848 5259 30834 10054 13331 29456 22275 15416 156 17711
24231 10349 30822 14480 22141 32629 10446 4461 2930 23696 3688 29566 16043 8736 12241 28331 31434 4904
25559 3249 27262 9044 67 23076 3720 6356 27855 10401 27818 23814 22166 1106 5626 5827 32582 6830
7873 27518 25858 3186 25904 585 15964 26823 16725 9490 1678 19464 31929 7276 5621 24296 10979 8518
734 12862 16649 340 18016 12925 1939 20672 24990 12229 16857 18346 32633 13838 10411 9289 19950 12743
4626 12397 3180 7312 25644 17597 2539 11761 11902 26159 3932 19694 1092 23104 29271 15746 30288 19620
19560 17884 18070 25574 4586 18710 12768 24592 1440 4318 27646 7997 17601 17426 10856 9467 26204 17879
22583 32649 27698 30755 20887 10099 32404 7944 16554 13705 12774 24716 30965 2772 20137 7170 27843 18171
23459 5666 6511 10475 25255 13640 1273 13763 11967 18984 10971 16851 32229 8213 29267 14328 25459 21087
2931 15151 22147 8559 19985 32444 10397 17472 30547 28636 24799 29211 24853 3683 14092 8323 4094 3906
11037 12710 13158 9589 29968 3747 29649 3327 18616 27234 11154 13426 10768 10343 26004 8284 19902 9301
15997 25916 16858 21826 1009 21419 23230 2394 11903 12945 8286 13837 4366 9204 14290 6180 23352 4012
1277 8263 18874 12401 137 26597 8421 8054 32292 10715 19822 31209 24338 31727 18372 31880 27844 17473
5451 12860 22512 9991 1012 4124 6094 26725 31756 7185 9581 32490 1155 31207 20399 20935 21793 31274
8983 24568 4911 1940 8698 19083 5234 3788 18735 122 17407 15386 7325 1539 1497 11145 14403 5195
13422 26453 8603 3407 5250 20619 21683 63 23340 19881 19068 14847 8815 23571 29203 7616 26510 24364
23493 16923 28708 18959 3794 3625 12568 32612 18582 21309 5128 914 8043 7779 14046 23768 17904 15989
455 15954 27232 14927 12079 22628 28282 13175 8726 27690 29520 28793 9960 31920 30126 3131 31221 14992
30373 1340 12551 1510 27615 10403 25170 8773 29981 5766 9811 30995 4363 22936 20344 1629 20254 20337
29832 19333 14566 23798 10394 25709 28770 11105 32287 6829 15887 26824 12129 4962 2925 18905 2510 29470
1471 18159 30516 5005 25865 20980 16810 10352 4906 120 27901 28088 12193 26034 17206 15516 11003 6455
28286 8912 30483 9628 15956 22413 1793 23396 29151 11132 7143 17484 9552 20075 6511 13011 15656 1923
24294 10718 27630 15226 24702 6330 11723 23876 31918 10089 22283 9496 18955 3838 4141 10569 22807 14969
23649 13770 9918 11214 1759 32197 15033 24784 4501 861 11806 13596 676 20989 5756 31617 11271 26244
4418 19493 18789 25085 27381 17086 4149 25189 7978 10476 3600 7635 11291 18736 29001 7133 30614 26019
6126 10550 16046 3979 144 24938 20216 23145 31259 27418 888 10249 11511 16945 16814 2150 23350 11494
29497 27113 29325 13822 14236 5570 19642 19039 18935 13539 14851 21571 22447 22724 12902 28881 16994 17588
18496 7162 2889 29563 14858 28326 24973 5302 15796 19186 4597 32576 25280 4847 21039 21289 9743 17761
9374 18500 5259 7418 20561 25814 6016 3436 10555 6352 18381 15239 9396 30861 25238 19086 30285 5392
15588 7348 12425 10948 20792 24872 9819 9833 17266 3341 2179 14517 30389 6659 31588 30485 4621 10112
8406 17486 3784 23001 21115 32129 11687 5197 2119 10092 28038 26789 10023 6101 24873 22832 13315 22376
32386 18789 9997 14227 17608 14406 23293 22735 21624 8549 21790 7425 21937 8176 24898 16992 18634 12277
15781 8856 7524 10798 21458 20810 11028 21929 14624 6281 26942 11292 29645 3044 124 11273 16443 12410
4662 21886 21058 30093 21321 11514 20250 30898 21488 24659 31583 21107 4736 27205 22768 26551 13421 20492
12817 31377 299 21788 19308 30688 31676 16752 15265 15686 13853 5533 8764 21205 15166 18895 15130 21845
11045 29230 2695 3291 25914 26251 7374 27556 23763 18239 5790 28847 29775 31986 4527 11100 31189 3709
315 23201 8961 26899 6950 25856 8811 30352 290 9304 13137 7679 9785 16956 14349 2685 11419 8271
17941 21658 14153 2342 15568 26948 27867 9523 17012 19388 9590 28638 17150 3374 459 10607 19862 5912
26138 42 27720 9040 5432 28355 20983 32547 26710 2691 31211 29559 24177 15794 5872 28807 163 10821
27499 22259 21989 12532 26717 31606 25624 22670 11931 16567 30815 4365 19932 25438 13365 4092 24276 21642
6850 16333 21119 15930 6701 109 5312 3704 19832 13239 23624 9268 29300 21022 17816 31409 20467 938
4992 28439 2130 31049 12956 31875 5148 572 23134 2539 24876 6582 26855 9844 20975 26923 21655 20533
6254 31280 20598 8457 10946 5412 32407 32145 19079 2060 19519 8940 23870 20761 21846 11679 4291 27270
26885 30753 2113 12694 3472 27306 3272 9869 7540 6558 32477 144 23427 19959 973 20977 6434 21643
11139 14515 19022 11982 2699 22297 9325 553 1020 4330 9033 25069 16451 18538 4062 20234 3080 6123
26085 2480 6827 17327 13178 4748 27110 24507 20193 29860 16673 26099 32416 13961 2338 14594 28637 3475
30783 20124 5917 12000 20058 32471 22245 23323 7560 13091 2313 143 23208 29171 17882 3804 12951 622
1544 22946 24372 9310 31263 9478 30963 6274 13553 14468 161 29934 973 5148 7507 473 4406 9078
19106 6821 11672 3077 29484 20217 23161 28745 13157 16479 29696 17954 16457 30697 5113 7013 12036 12346
3242 25649 6177 20405 5143 12256 21321 3850 32408 24624 18313 2021 9154 16007 2811 10241 18650 2997
20479 17437 11834 26018 22863 18415 6798 8075 29538 15717 83 26710 11662 10497 6650 23318 20299 30175
6124 22044 18025 28206 15528 13270 2179 31771 940 17007 9657 11936 11824 5394 1722 16075 21050 3095
5070 4428 18472 12044 16317 28691 4615 13525 13050 30838 6563 22188 4923 31015 24718 18608 8980 15612
32379 29990 13854 32154 2539 21937 13563 31292 18176 1825 11786 28468 14450 29479 11778 26937 28483 11402
23800 12593 13332 22886 7072 19514 26367 18416 7328 19398 12761 2326 13980 27191 26762 11753 27119 12199
13185 697 22264 6816 24771 25802 8363 2463 30428 3652 30500 24682 26211 29723 18134 9717 30063 4748
18320 5649 16782 17357 26677 25599 29655 31941 21051 10382 835 3120 459 14703 8540 14335 11766 25434
11507 21790 32095 17964 18277 13541 17025 19360 26597 1433 15625 30610 2314 170 6951 3001 19655 839
13992 15337 12911 27956 19218 28368 15154 25065 8012 17967 6271 18463 24622 27730 16659 8964 9937 24863
2071 8829 26408 17284 4689 1299 17225 21315 17901 10316 32394 9958 4136 25429 3251 20975 7599 2009
31324 30610 24763 9508 10297 1310 461 26979 6098 4396 5775 15742 17331 6861 15073 30356 16505 9445
26643 14967 8537 27213 9968 29153 24045 9541 30493 25832 13097 10287 2427 24107 15720 16814 10336 28595
17991 10626 27234 13916 776 29082 2796 14193 16080 14133 1457 13456 11656 4189 20412 4550 25324 29134
19252 10716 10637 2208 20783 11522 13989 17628 28125 26031 30051 4030 10907 32690 26445 27261 784 11646
21544 29006 24465 18407 18131 32428 12940 17394 4526 27330 5030 6888 22447 8976 30109 171 21945 5792
20946 1184 26592 12865 26288 30681 1917 26766 25565 14076 15562 846 8421 12599 16720 14352 14857 18896
20100 15733 12133 28724 21520 23735 25179 2512 4969 15177 3369 2796 23165 22805 4214 22680 23453 32376
13324 21005 23799 5846 13479 7071 15508 13113 15563 2054 1230 12687 9139 15400 3200 17338 3643 26818
24558 21228 20044 13984 28095 31661 7353 16633 13364 7579 2201 14857 27288 15316 14811 5589 25346 10556
24941 22402 8304 15719 29650 23655 23760 3472 2597 16873 31631 26041 1274 16676 9332 32308 19969 7459
641 10615 21342 32584 25344 30204 6571 24018 12658 130 13 18604 2782 29323 4761 14506 26117 26906
1755 15575 2946 16310 16054 8714 23152 31635 28073 28870 5360 21293 15325 23918 12637 3552 1031 1643
27444 14302 1839 7416 4358 26289 12961 21503 18877 2421 21684 12545 20235 388 23269 7095 22318 32713
30459 18295 11212 25010 17970 21281 10389 2730 22109 15196 7671 30234 9637 31416 21738 32014 30865 29816
11757 3249 8611 1354 6367 18599 6200 22162 24892 21987 30955 20378 2558 18813 19547 16691 13930 30756
12443 10169 23175 8532 16378 7926 12331 13157 21327 25787 11371 9020 31057 1330 28895 5284 16619 3578
30066 20202 12699 25414 26183 14697 3547 4829 29246 23689 15456 16951 1271 9001 29375 4608 10748 22504
32564 5185 5013 6891 19417 12532 489 19471 30954 5183 1707 9417 10375 938 24752 32498 22847 13597
27655 847 27328 1042 25109 15531 10348 8572 26159 19197 30400 6499 6727 13060 32370 19236 14335 1532
29255 12224 27044 23900 19129 2681 24574 26465 5209 24489 24519 32624 11196 19972 17418 3792 1141 9635
12219 12676 22025 23028 27843 23518 19059 10593 12954 31631 3137 6038 20755 20935 19865 5544 31686 211
9833 29933 12674 2712 25715 32662 31769 15130 10617 21503 1052 15139 29721 24076 13672 18146 28326 2712
28537 17919 8162 4475 32286 15905 23300 29079 22153 24427 2236 31522 21652 9229 10066 1164 29718 16557
7354 9404 17071 24759 14060 4355 1524 27504 30341 30658 20844 19589 32681 30306 2301 32134 19712 1308
3101 19322 335 29976 1068 5183 29367 23731 5180 30952 19692 3641 25658 16332 25904 29881 17619 25333
7311 29442 26437 1803 27835 8511 26060 22033 31388 1099 6149 31440 19403 7125 28593 14402 31089 25112
22950 22898 32356 6857 24317 29964 31410 2830 727 16951 2488 30959 6079 30869 1764 3070 2508 31009
23475 27897 22762 15184 13580 16200 16221 14840 14896 20717 16443 23888 8719 7309 6829 7227 17116 31175
23825 21064 30754 6135 5264 1583 31350 7903 21665 7227 1610 4580 4931 12516 27746 20839 5384 6096
26715 22098 26024 15160 23081 1037 6352 22350 15736 11373 20214 19904 31503 8765 15021 3618 28823 30185
8730 19937 19265 14334 6333 3250 3946 24232 27995 8587 27595 10506 2106 19327 12786 7271 13727 745
4543 30860 6333 1770 29256 15791 16961 25431 1505 8357 10253 27254 29631 2509 30774 24448 13321 31173
1349 19624 31372 28780 17871 16980 19155 12878 9400 31232 4968 2169 7686 6410 27337 22006 25391 4335
19169 8259 1100 22060 26209 25966 22866 27918 29918 23741 10136 1362 4323 32181 16248 8931 1075 26857
3662 3719 7812 4024 24803 2817 29222 13683 20889 2575 4963 10184 8036 24062 13761 18484 26824 9068
17273 17680 1748 24435 19342 7065 1262 3452 25016 16698 28805 6648 19688 3663 31912 1347 8130 18349
14031 10839 6050 25191 18166 26112 23926 23902 30864 6871 1368 19825 1883 19569 26663 30736 27831 20349
13110 5986 10518 19011 19065 9673 17830 200 22806 19044 2696 10683 11169 17593 9400 18306 12630 29252
14582 16682 16109 19018 7664 14401 28722 27637 15315 22099 17261 6851 19251 3804 19281 17682 28816 4578
4911 28895 28674 27125 4409 11059 30096 832 17157 21827 11491 5740 20668 27625 9773 13251 20944 9715
17079 27348 4272 944 9710 19011 26660 11712 26263 13129 5979 15753 31799 16006 10186 19457 9465 11325
16820 25306 16275 7407 2792 11227 21880 3769 27454 31359 20843 23059 21527 3041 7713 11138 25951 6303
10581 13723 3442 5499 1791 5737 32458 15837 12476 11898 6199 17562 7601 25176 6941 18200 11851 1583
19522 24287 10426 27692 23168 27862 16746 21558 10164 31610 27492 14028 20642 21181 28104 10604 3625 6766
30906 22043 19739 9968 14044 17366 6264 19477 5969 27397 12769 20999 19303 21005 29715 26843 13549 11903
23478 13811 16604 18024 21154 22594 27064 3444 6403 32251 24303 15114 26955 26882 3039 21494 12715 32216
31559 25849 124 14344 21285 26853 32377 8595 25749 6072 4942 10285 3130 6491 4236 27857 24176 22764
32445 27061 23636 29760 26868 2635 11423 929 16859 4542 5324 13766 16409 27500 11957 31737 19553 16853
5719 17088 23904 30642 2979 29324 24291 24422 17602 13450 32364 19543 27890 14330 31302 23354 2674 29665
20201 2992 19061 8304 24245 2327 27554 25902 28624 15540 17899 30498 7140 1785 10794 9054 3832 14950
5680 426 12247 13562 30962 19364 3790 13214 756 5064 14062 15455 16200 22805 15710 14900 28720 12978
10992 10110 27806 4095 7234 25254 31117 18596 13107 2288 23515 31057 14294 29608 7693 26705 798 13134
18142 28293 3876 9609 31582 8331 19144 144 18960 13448 2752 29101 6554 24480 13705 10606 30716 10197
1240 29242 18020 26294 31253 11575 31875 30577 24694 20833 223 19894 31150 18686 20652 28873 12526 18694
29899 5760 28607 32580 32253 23304 29076 12839 1594 20560 12623 12135 29168 25214 19753 9321 27918 19353
31909 15664 24965 5226 29991 9622 24679 23845 22658 18531 15570 27205 2464 26915 20993 12765 999 29677
12885 25892 4186 8073 14859 12844 30055 15830 17069 14762 31898 22047 29297 30075 27338 26217 25592 2814
18075 26167 8797 17850 2178 26618 13637 13973 4777 29889 14763 13023 2321 32272 16962 12226 26999 489
31905 13891 31911 15676 22129 27409 32431 2160 7966 26271 6295 14949 24865 22990 2306 11590 28791 15039
5825 16958 26735 30092 10647 32495 5769 23981 9542 8479 3318 23426 25441 17703 22950 4591 26137 31236
7550 30818 8905 24634 32726 9519 32215 11887 14906 17319 21780 14507 14435 29534 13351 21934 2151 2749
4054 16024 5969 31370 8871 17562 30130 19750 18591 31036 8435 32345 29881 9397 3077 10107 7281 9848
25951 15219 14001 7201 21627 20277 10014 27240 11246 10954 13744 1218 19323 7678 27343 3750 11956 21933
28412 13286 25546 11609 18344 21020 26149 14513 3938 20913 6707 490 822 18485 25697 14225 753 16622
6422 18232 24510 18545 16579 8284 5198 5600 27607 6918 17429 28218 5004 16220 7234 7817 16965 26836
29427 10194 273 572 16690 31128 17483 21859 21092 22091 21908 11201 18102 15947 30028 14955 17241 31953
12441 5937 27907 13205 10161 12668 2327 42 16467 2995 24689 6135 125 12379 16628 30298 3401 8234
14604 30919 2684 13262 27015 1487 21937 11862 2526 6561 23111 31610 31314 21869 31010 22145 189 27732
16730 21807 2880 2942 29698 4867 5516 6066 4492 30897 3105 23951 27297 23480 18916 3998 28940 29381
3097 12201 17793 22889 30824 15508 15692 8481 4416 17472 23602 10642 13436 12930 32475 15816 28 31518
12573 12656 14731 31006 27853 31326 4848 8553 15553 531 27323 25292 36 11249 24979 20689 18861 19270
25164 29807 6026 1569 30865 24377 24428 24449 4403 23750 10902 26363 274 24081 15980 18243 28254 31689
3415 12860 30692 10756 27511 25726 13969 31402 17423 15634 30049 2639 19181 9750 15240 29378 26176 18702
1222 24669 19580 19378 17367 9552 4780 4229 2973 26434 9918 14518 31235 17183 29314 24855 16745 828
8812 22570 27723 17323 19687 18409 14090 8448 30199 4130 7194 19698 10914 19688 28232 9641 12585 17727
7535 10976 2405 15901 315 28096 14517 28142 18029 22164 8043 2965 23044 23816 20811 13912 28399 3659
12037 12860 31231 32240 15237 13219 16354 31890 27109 14382 20880 12550 24385 10074 4834 28601 25835 14209
10085 27747 1806 21290 24979 8622 7012 31305 4131 2917 11243 23610 17775 3849 641 9643 30143 11792
20569 16057 1765 24310 11598 30112 12061 10354 27726 20807 15667 23158 32643 2159 10124 567 26761 22697
32124 29650 29062 14876 5693 1629 10727 11020 6856 24161 25535 4088 17836 25188 11550 25514 29984 13749
510 13308 27498 21985 12845 9796 22860 13700 14167 131 3885 29234 30670 29348 28680 138 12564 7092
717 27090 1799 2051 15851 30908 29388 8899 26967 28624 3729 22709 12938 9801 31050 26107 20189 10062
20096 3460 18474 12109 28334 13203 20415 9040 5025 6469 13122 24389 28007 13258 20550 30149 17153 23632
8665 16026 21485 21497 17452 20302 30069 22530 2830 14866 10326 16980 1536 11967 8977 29241 3800 23119
2993 31052 16056 8317 24245 18644 25887 2930 15745 23317 23865 3622 8577 5432 23932 29813 12122 23841
7600 7655 9836 8151 28339 24213 10331 17336 8517 8729 21873 17319 22075 11547 30888 28003 5517 6344
16323 378 18308 25771 15550 11857 27637 15096 10835 9204 11227 17083 12638 15382 8513 7303 10808 29281
29039 25938 5791 10483 5433 23390 20373 29933 27470 526 9145 28570 29124 24316 24960 18305 16523 11842
2632 3628 8977 10280 10538 32161 27624 13811 2583 12916 24180 12335 19857 5609 19251 927 5192 29867
14871 22650 16138 32091 16147 6068 32547 9103 21706 27198 12968 8964 23055 4024 18792 8043 3321 9657
11692 7068 8339 15997 28095 17911 18609 25021 8498 21664 22524 21282 18073 28065 19606 15220 5523 22564
26225 4200 297 28936 9237 21875 26098 8297 16918 5268 8504 19137 6192 10142 2980 31497 28896 12545
5289 16490 14188 24151 31194 31906 6079 20787 22213 7814 27933 19007 2279 1153 6768 29353 9195 976
10534 24471 29209 20415 19097 11333 15625 15585 5917 17858 23233 7462 10179 17859 15087 12143 26148 30407
28717 24661 11901 24407 29192 22047 8214 28371 4808 1435 14323 10506 26053 19343 4456 27559 4558 17743
27013 10818 19474 26256 16451 15419 30404 1817 13364 6482 8395 25812 29774 8226 24822 21976 25627 17179
18836 9988 19978 14114 28894 25298 16389 487 18639 31744 28255 140 17361 6483 14559 17914 369 31864
11798 27363 32602 16951 10543 11303 2708 30268 25964 29537 27873 14174 9369 9648 4778 26644 17244 21798
9445 10020 22423 12231 21317 3288 13701 18754 19156 26614 30358 6906 5249 30542 24342 21952 22597 23459
15769 25265 16472 15729 8425 11607 30886 25387 12 5338 1663 13287 12450 7903 29852 25078 18337 18722
3961 14796 16452 5325 11657 20842 1183 10408 16483 5083 13740 9436 10548 25762 19587 1395 3694 22553
29264 12082 11529 15218 10804 501 25153 26962 10803 3647 27065 9834 32051 18531 2942 663 19475 22046
14019 31246 26882 21115 17500 21199 30815 9219 24040 29289 21714 16604 17669 10222 2298 32187 30390 9840
31546 17008 26418 10990 10400 16701 20960 3017 2323 3093 22939 10999 31356 9268 29984 2554 19874 24592
25495 30930 20894 17235 9745 7710 31127 9574 14420 21190 30833 16906 1644 3665 28412 4043 23181 24474
2133 31201 16125 11575 8290 22174 4133 15001 20717 14836 15188 11627 132 31909 25943 3763 20454 5815
30054 1299 429 10130 16516 16940 14394 18688 20694 24922 9605 1931 1403 12781 2490 7667 1669 10746
7169 20101 18728 32067 14549 30307 8228 5267 29588 14295 5329 24879 26008 22043 934 18535 22561 8142
14818 9209 9142 932 3774 4548 25270 11028 13646 4283 20855 14236 16997 9548 30970 32302 8941 673
32709 23672 32327 29632 15586 1297 16694 237 26979 23946 19604 3456 3038 19088 1192 27099 31337 1764
15572 5560 3722 24556 15126 11926 26590 29913 20520 18008 22598 21544 16302 7795 22305 4913 29830 791
5717 15313 15819 17056 5497 11503 4037 32095 20459 18532 1277 18818 24519 3024 7113 26499 13583 28540
27712 592 14693 10107 20930 14432 32453 8924 17831 26721 21614 25976 25972 32460 24048 6046 25026 16141
2201 26699 20748 17750 31522 7586 8993 15533 23373 28466 12396 1348 1591 1859 8662 18067 5787 17809
11449 10892 21891 8397 24325 15424 28928 16975 30682 10031 5528 14286 2125 21226 17663 22420 22557 5788
2199 13010 19259 289 22637 12849 17244 28987 21988 14529 14627 31279 13282 26888 2766 20521 26988 26727
14863 14760 2687 15526 5763 16480 25417 8182 4269 7918 12628 26303 12445 9826 5947 21617 28086 6280
9898 31145 24923 12728 7202 31077 4963 24535 10691 20443 22982 24688 27520 30762 2266 17520 25172 2949
28688 4773 4365 14200 24067 1990 6124 9672 10868 11755 27140 13046 32398 18583 31069 3738 23313 20695
29924 8878 5565 32283 29857 23571 19292 5768 12476 12935 474 1080 7658 2509 30531 27179 3270 18897
22460 13885 10029 18608 22837 27238 26596 25287 30262 6902 26666 24069 17750 23773 8224 29205 10619 8162
29975 5003 21801 12731 12814 24059 24343 25784 18105 13971 25282 5950 26753 1680 26840 5886 29145 10051
5259 7436 7146 23682 20649 23940 28272 30934 30936 26616 465 2296 15324 21457 28531 8284 12538 29997
3189 9474 24294 5559 19016 13484 11607 28156 23081 275 178 23241 28201 15799 30799 2844 13555 31874
3640 8683 27558 5137 4662 2148 8683 27889 15853 27810 3149 20592 23710 10268 222 5645 17226 2795
31236 19244 5562 18089 15290 12506 4716 30281 30370 11222 25649 32199 1536 821 13088 15830 9029 2202
29256 22621 11362 1892 9493 269 22545 5557 6570 5588 29770 9114 21182 31752 2930 25861 7837 32125
2849 29022 5448 8793 18893 13748 31709 16973 1549 5413 18342 19197 15569 21363 15792 30241 28992 9680
27255 27593 17209 1563 28128 3440 28602 9245 22369 25782 6132 4395 3774 29368 27244 534 1146 23415
2564 17203 9985 10705 20494 15052 22507 10030 17335 5538 23862 984 25716 31153 2894 19344 8763 23473
8955 25144 8211 20995 8031 1223 7450 652 28876 2683 8065 1663 24385 25233 15848 24678 4467 2479
8960 24740 29742 29709 10096 5129 32134 10182 7673 6261 2261 790 11657 29803 18090 27483 22099 19412
31987 24546 31817 4157 5003 11542 5211 1545 10453 15416 20427 15664 10982 15092 25044 22299 12459 5975
15221 14257 3926 3099 22955 31658 26688 14622 413 21048 10939 1060 1920 5135 18018 15814 31492 13583
2466 18105 22267 27693 26724 12618 3634 11645 9972 6903 5011 21165 9607 15044 14135 3448 18277 24342
30625 166 12987 22617 7938 6932 25804 3006 19567 4383 21973 10807 17090 4133 10709 18336 6470 2154
10541 20053 11172 10596 32119 2792 25366 27597 28442 19470 13898 18038 7795 21231 31700 26877 30111 3965
27162 6395 20135 25949 25162 3449 2447 29905 24810 25673 3807 9207 12621 3626 31331 25648 16010 19662
27167 28677 8039 7937 11654 31982 14339 14236 20775 7640 3623 23064 16898 20792 11114 14819 1536 30774
10725 14227 17347 12641 18192 6304 5999 21503 6398 5375 28487 1934 16736 22440 27800 13177 15231 19630
1304 17185 8177 22996 24640 31236 31393 23919 11561 21585 3936 4034 27787 12166 10298 8684 27308 14228
19101 14331 26183 21479 28229 6209 7950 4377 4757 11778 18593 17019 20063 14689 7672 22609 13693 18968
4225 9658 12606 24710 20569 4998 9854 20615 10235 31391 1620 17162 26751 8991 9480 29032 25111 9208
29475 30598 9450 7564 29867 22471 1533 3656 4836 3447 9285 14900 9259 18795 27282 25397 17889 13519
18626 19835 25909 22084 8729 19581 4372 30030 11121 21475 29657 6104 13721 18524 3478 30268 8228 3509
3617 239 28736 3123 26661 21886 18543 10908 31592 15548 15149 30868 28819 4023 14227 1273 9201 7891
2193 7328 14734 30523 9669 27998 14440 8786 20352 18761 18324 15298 13260 1589 26969 31079 5963 13632
20739 492 15978 12072 11955 11532 4882 12320 3411 2760 16890 174 8000 19522 19741 26110 5275 27455
19888 22376 22608 11201 25233 13060 20230 21415 1872 28616 29915 13636 20169 1746 29830 26416 16061 4512
5504 18256 18166 22550 7188 9070 4441 19276 30613 9344 9585 10242 23363 22498 7507 15781 7389 29456
25973 5566 30196 11625 17851 30513 798 19551 11881 527 7578 15811 1389 24497 27471 23673 28563 17061
16558 15147 21161 13215 12628 4487 2894 26062 27264 10129 4874 4077 13240 23362 4845 1464 12887 7280
7768 3353 19095 31425 4597 11311 15168 8755 21165 27397 20371 24960 27027 17929 17223 5981 14175 19537
13603 8513 15460 9867 17216 10437 12535 469 11846 27499 27059 6930 7718 22599 17518 26169 26035 8292
6412 3686 24671 5333 27328 18806 17848 28531 21956 15472 4034 25003 29843 27679 20304 1474 14972 30098
2697 3581 32085 2860 495 20034 11388 29209 30540 31822 28440 31572 21267 16698 10100 13813 17410 31279
5626 21666 13640 17179 6348 1063 13839 10086 17281 11706 12378 5346 19235 25086 2388 28073 612 26529
2113 21258 25074 11013 8138 2070 22926 2348 29935 1338 25831 13326 16676 6845 8307 10833 27065 15769
23424 32593 27196 23041 24943 28646 27845 18616 30781 32538 11395 16951 20046 5879 32432 27790 21736 27131
7578 24327 17210 4198 4602 14415 15639 7682 22191 8961 23129 11319 4732 25576 2655 5159 1069 20250
3971 21838 32016 16174 3976 25619 1315 27194 29525 23773 1708 12746 5130 22331 6827 18584 28444 21924
21644 19093 24512 3298 10139 9053 6158 -15 17175 24285 22090 11503 32742 16389 4858 17589 15743 14893
8848 11301 18452 10264 1969 16633 9647 24002 29186 7962 25858 28745 9339 25047 19234 20452 16555 7667
31468 4180 12713 3963 29407 31625 13321 14299 32090 19025 13589 26826 28370 8133 1827 30344 20088 8780
9624 3884 17714 20319 1440 29092 28303 25996 11920 395 26681 62 5988 29295 15246 17000 879 2116
32112 10971 23602 10025 16515 28526 17151 12365 13645 31197 22271 26240 5408 25420 27460 22283 12973 2473
10627 818 19780 7127 23709 17786 581 14243 24511 12189 30849 30195 28035 23576 8757 466 19334 28922
12620 5332 3573 19945 6533 30349 28630 9003 15649 22938 31458 27737 8095 13199 31862 3059 15149 27314
471 638 21441 30212 22910 32420 25772 19338 21570 16592 1188 14704 17094 3999 23493 1025 27454 14440
2017 26526 29534 22479 2892 22431 31431 26314 8558 6156 24871 18438 5686 3461 30059 20786 31528 24399
2126 3247 22302 18333 8144 12292 11334 11908 18081 335 28624 27220 13305 10868 20709 17181 18269 13222
26802 5082 5390 8744 12710 9749 32357 30668 24651 9160 4763 3658 31465 15239 13282 2846 19137 21164
15447 26474 1142 25141 8148 18478 16752 22898 17766 8915 10503 8979 5490 27112 25180 10441 30692 15903
11697 28833 16056 24411 16243 12544 14487 23188 14708 30369 26608 12042 24213 14623 6693 26831 23738 31074
23318 27257 18596 18080 194 25653 10407 17758 19305 12742 10522 5341 21931 7773 22285 11960 20753 18184
32165 7315 19102 6827 358 8348 29759 12724 21908 11126 11628 31201 26759 15623 18720 29320 8534 2937
19270 30022 19568 3068 6906 18070 4608 14991 25731 27308 21296 15152 10230 31471 2271 12818 12278 30566
273 28007 27765 20578 5811 15895 28245 9287 16209 6697 32416 28270 2945 25948 3619 8398 29865 31995
31184 26450 5638 24665 24232 3745 11169 5405 31294 19288 29440 8398 21429 23914 19201 13575 10332 19489
11486 27040 22834 13794 23737 8613 21588 28775 27443 30179 13978 30075 26082 16942 8617 22388 21028 12463
580 14897 19893 24437 17042 3194 29213 31851 9507 32117 21915 29537 17312 27218 18209 2664 28205 16443
8195 2188 26366 3766 18485 17000 13794 17937 18572 10672 4168 24084 1858 14863 4520 24795 2844 24869
16320 5773 24604 15425 6017 19524 31592 18547 7673 29729 14414 24826 12672 6443 19645 10182 5965 25497
20148 13431 281 10555 10523 9575 1873 18006 6750 28389 21234 14961 6407 1320 29793 17852 15105 15323
8682 637 31456 30797 23325 14011 30615 4548 11102 23132 2634 31825 2549 3388 20087 6526 4517 31155
30743 19258 3198 24471 5247 9651 4207 17067 4388 23170 10059 31321 9393 15008 16342 7412 30322 27324
25308 874 8145 9533 26629 24974 25668 10030 10172 11730 15262 8940 25757 22083 2526 21841 27046 32005
8842 6399 6218 14649 28885 5140 25369 6278 25404 23580 28742 23622 29859 11224 24783 12134 28653 2022
30642 20583 18970 27968 7495 27557 11785 26179 31554 8597 5889 8563 11359 30159 5497 26401 15559 8677
6552 2292 30358 2179 24715 10172 13936 17716 24550 27526 17587 5072 19196 2607 28284 3258 3891 14236
23396 28886 25009 23814 23248 583 15357 12729 9836 9527 25163 4778 21522 17481 20709 13312 29808 13957
10903 2291 6560 8315 1691 32213 16989 3576 14296 24720 25808 16418 27401 4912 5809 27573 13982 25756
3185 25425 31020 11265 28026 27246 8708 509 14448 11312 16430 13377 13161 4813 29540 20289 9483 31448
7003 23206 20822 32540 24982 9094 30405 22656 31009 12499 18428 3696 12475 16000 7545 29491 13076 23131
23390 10408 4491 32692 18439 10578 29943 19618 20023 4481 4307 11806 26614 9459 13460 7680 11642 19523
5921 20346 17562 1879 14584 26017 11259 3906 30726 4136 7937 9395 12850 10935 3511 18217 4556 14883
25891 20320 24751 25629 9088 10991 31980 15609 30058 13192 19634 1999 22137 24292 19307 17672 29315 17023
3560 10886 17240 10307 22649 25367 9809 11928 8952 12035 26181 12577 10211 17377 30192 30237 22716 1452
22051 23357 21933 30539 25823 32601 16960 31776 4088 9210 5501 18568 10422 17345 16269 7313 21203 6122
16896 9404 19614 2947 5604 7490 2749 21957 31911 4928 25757 14647 5823 24656 19639 8873 23805 15514
20816 9489 22435 724 25043 3328 12339 624 4980 2217 31052 31883 25380 8250 18586 9878 12061 31294
32615 20327 25818 10334 23843 718 8051 30824 14370 18170 12786 1395 30946 20572 23087 1404 13163 18411
6057 3843 31394 32589 25336 21262 19098 12193 16651 1926 9279 7698 28426 32120 14347 17261 8789 8208
14913 20757 6310 22377 15946 12450 29855 3017 13134 23042 8840 17721 24559 7002 16693 9015 30656 12170
19310 10399 9976 16020 32044 6128 12534 9389 12708 23539 31788 6990 13546 14382 10508 8297 18024 15855
3769 14393 18290 16871 14898 25853 20897 19731 19401 28964 12851 18142 20058 26529 1298 21271 26071 22151
27728 8137 28313 14318 8201 8272 27722 7420 21046 28606 25183 30549 8956 22474 29420 7358 8467 14333
24482 24782 4780 18877 18783 24892 594 31546 18869 24592 19479 24600 17079 18525 10027 28978 302 14644
26517 6505 3309 12914 29710 18980 17232 16474 11407 5251 6230 16682 15441 592 6511 8432 5360 11237
3876 10118 3421 17790 22660 13641 24771 8569 23817 2332 2677 25205 12475 28170 14691 23004 18045 27044
22580 20111 19663 18908 25961 10219 4205 11383 6108 14608 428 23757 2984 10325 14241 9242 29436 11997
3552 26548 1858 11494 14412 12734 14061 19912 26912 32730 19135 14446 25980 29831 61 2097 9163 18011
21405 2512 20655 2456 30308 30849 22078 12276 11764 14247 16706 23272 5855 17550 8375 23525 2002 23583
15339 32542 4403 4437 14949 31785 21726 20435 6747 10539 12798 1607 4410 19549 393 30148 12952 10117
24222 24785 31023 6598 14111 5824 3700 29650 8413 6101 27656 23114 11951 19654 13163 21067 16927 3941
22658 21596 5343 32445 31121 367 30481 23552 528 22095 32092 27539 29580 31033 7002 5671 28791 32188
26203 17971 26072 15076 31883 15831 28351 3930 19458 24751 20038 12358 13896 11809 7020 24067 19477 26596
31654 7009 7501 8348 1906 17058 22857 12025 13592 5540 15147 16600 26106 9067 32474 2755 29104 8209
22964 20444 19431 2955 13334 15751 8162 16873 7808 22477 32535 21122 16303 29195 31994 14543 13926 28513
22046 21447 11144 18334 31920 14293 4333 3344 10181 13867 18395 27953 16549 14169 11283 27412 19025 17238
16144 19694 8134 21579 28529 31388 9077 20327 14563 18400 15889 16334 6136 26456 18218 12367 3661 332
13252 16038 13120 11009 10175 17790 3220 14880 17662 14503 11102 12467 21814 3898 18742 15552 10604 22612
25060 2244 19584 22042 1273 22559 25449 14959 23509 11230 22391 25254 8150 27563 10194 11553 31982 20190
31730 17633 7234 604 21860 32758 21318 17925 31577 11162 12977 32419 31813 25347 29306 30846 25165 19454
29975 21902 30061 22140 24490 25657 10277 22852 609 23165 2641 10802 3245 12548 24132 3026 18987 6814
11307 3399 25470 21542 28601 14606 24522 18518 15312 11601 25079 17415 28852 31429 24181 14032 24734 26108
17729 15242 32273 26267 23581 25984 28855 229 17688 3454 11452 21935 27992 7050 26597 1165 24522 2147
2391 15350 14516 5003 28530 5148 13594 27026 10173 4011 6738 13972 30063 24295 29234 24831 16944 16682
22338 26707 21628 8234 19731 9375 26946 16907 24874 25068 2807 11694 4049 5099 17208 7365 10666 7670
686 6262 13450 27485 23379 7250 1512 21433 26719 23381 4175 2021 384 872 8715 709 4903 6875
3895 15001 14827 21576 1227 3702 31706 29887 32628 11265 15423 10248 8916 26963 17676 24399 27913 20354
881 5652 604 20690 20974 6426 3408 26467 27898 11213 28328 6280 28182 10256 14930 6048 26757 29686
15220 1494 1304 27053 32322 2495 14180 3632 6267 15207 27117 12724 12120 8308 15386 22143 29963 13494
11893 31288 6872 15042 22931 7383 29531 20820 2752 8906 16626 2026 25387 27774 27747 28880 21782 16496
8188 27271 7096 25526 728 7649 2270 31870 4118 27698 17710 6913 18187 18933 24196 1176 11958 16695
16472 7410 27239 6355 29383 2551 23042 23483 15307 28002 709 15382 32338 20733 15460 3948 29724 8444
24080 24171 7501 20658 26646 17687 710 1301 26010 8037 9866 25146 663 15855 15889 22169 4587 7907
4986 126 30 26433 10315 2553 28131 6246 30530 5968 28457 15812 28543 8872 10857 3790 1695 25406
21507 16719 31951 6705 16901 1980 12041 24873 5162 30764 5093 22602 11306 22289 15958 19798 29183 675
707 14824 8410 31340 6759 13140 6156 16051 24823 10494 27675 1212 2156 3387 13465 31501 24359 17353
20847 6574 1128 29521 9535 15132 9911 5246 32605 31021 10466 23443 12909 2633 18706 22670 4864 6897
9779 26896 23224 24433 16243 22685 11101 23024 18960 19314 11908 4238 31206 20320 3340 12269 5942 11948
15222 22017 32642 24993 21951 234 27793 14882 2066 24133 7473 9588 16247 30373 15648 8296 7909 29004
9673 14818 29794 27679 22308 16133 10891 9222 16642 28257 29226 26933 15309 19747 8343 7191 19262 31278
32130 11769 1747 7140 32152 25296 17718 17403 9599 20014 25999 25993 4190 18785 21277 14688 22380 23818
7938 11468 21847 23478 19550 13900 501 10314 10956 11454 25173 25716 23277 31906 18655 1053 22830 22519
25055 46 11010 15277 18517 9832 2598 26675 7888 16622 10847 10110 26791 4691 29987 32213 8110 25048
22521 8343 16803 5074 140 20335 21086 2695 9071 27519 3594 19212 10503 26932 18303 8849 23675 30704
12078 18417 31028 31851 32234 13629 12916 14512 16471 13764 4376 16140 15947 25754 17369 2760 14957 5771
15756 23351 1678 27996 15830 11564 10048 3704 8165 28321 1332 14912 2999 18507 25913 16269 25921 6707
9583 1900 5728 1396 31407 13597 3648 8557 10701 5677 5097 13883 31117 24362 17996 6652 22613 28727
26388 3120 29381 7694 19271 11058 13773 15189 3737 24645 31154 24042 25808 23931 20752 7367 9499 2637
14300 16893 27683 31217 7944 11487 28714 18542 4148 24693 25410 31177 26038 31327 6 14057 21172 3496
7302 1507 14299 7718 24353 22324 32731 14276 29253 1604 143 24182 20888 10136 7210 21044 3640 16776
7854 25303 9351 19187 5035 20758 16598 3211 4166 30450 3524 16378 11610 13538 26933 2478 11824 24279
6998 10399 3814 9688 27682 30852 30622 14798 13010 8687 20419 8034 15328 5431 28001 30293 8442 11058
7447 11218 28570 2102 32179 21826 14652 7597 27900 12161 27332 25990 32646 32153 1320 13313 16907 17615
5336 15391 15869 8170 969 8622 32480 10074 8368 13809 5110 10626 31122 14998 18872 12098 25585 18124
6108 2176 20334 10906 32698 23859 16045 27749 22163 32466 619 15579 14459 30075 4852 32046 8004 1546
9060 13143 22988 11188 19469 2222 24354 17067 26147 11946 15051 24126 30296 17994 3155 2003 16705 9503
22470 25018 26214 5424 8695 27268 7503 27269 5494 23688 28890 2957 11093 25954 5292 18275 5271 12869
12661 5723 24458 3068 17088 8407 5503 32633 25405 10395 19687 20095 9139 12236 27490 9405 18279 31482
5255 19715 940 18580 49 25249 7422 23368 13783 15153 32403 12873 26530 1214 10357 3067 27119 21424
3938 3745 789 7592 19271 13242 3907 23492 12214 20743 13533 21007 11061 23728 9463 13951 1914 18038
9192 13436 27097 1101 22142 2224 11279 11403 3853 12498 27744 14986 5900 27660 28648 22916 12479 1914
12974 20903 19745 13002 17000 29537 12891 22873 16171 7510 3561 15143 7875 14248 12240 17140 3567 17040
26889 21267 3089 21139 19239 2099 7369 5886 17307 11055 11355 18148 20393 20394 537 4173 17476 23253
23690 25921 26120 28231 5317 17352 20022 29533 25457 21406 22283 17057 9152 30225 3357 9105 12709 9431
24571 8352 15643 14916 4167 27485 12473 69 5415 19718 1507 8610 30285 24345 9019 22804 22061 2211
8611 31512 10380 31521 4988 13769 20754 11323 10683 8911 9869 1906 21416 2011 5621 21460 13515 24920
25048 2766 3319 4899 14943 6690 28313 23480 10501 20175 24416 25962 3311 25633 16165 4679 9088 29393
4320 23977 22747 15508 573 28847 23804 4044 19752 17421 14643 16259 20326 27969 24832 27580 29949 28915
31887 5588 20641 14445 26148 15666 32240 1197 6308 115 10916 31779 2547 32400 24985 11964 11703 29771
29664 11193 7221 20982 7439 1529 6632 17775 15428 25323 31340 29784 16599 28459 7393 25277 9350 21961
31589 16756 4082 5443 2940 8530 1483 20423 27286 18078 12171 28788 4826 6172 10527 17364 5116 26398
26210 24055 3161 2882 3838 27469 24300 3830 27764 18244 24737 26535 18098 30117 31334 30400 19031 22970
31639 20104 22016 18446 6171 30518 18629 20036 20362 12487 12381 19720 14278 27760 28694 16540 26796 31415
16117 21334 814 10651 6094 5808 4349 20293 30618 32290 14614 31859 1556 30877 842 21419 1169 17443
10556 16528 7986 22455 12010 2817 31771 32587 16276 828 9493 1603 2878 16769 10158 3086 8141 13991
1751 24295 31541 2122 23486 31015 20719 30108 16415 31808 16560 16514 24375 18132 30890 22226 18640 44
48 14212 25288 13968 9983 20644 5218 27514 21539 20837 2200 10870 12718 11332 8594 1398 28781 17766
31642 5292 8151 2451 6523 21299 22046 26851 5962 30487 9504 29261 32667 7971 5805 2813 7913 29398
11703 32239 28934 4280 10135 24607 1322 26463 31083 1194 29655 21430 17906 32109 17316 8865 18269 25462
22289 20446 27065 25696 16962 8178 4428 20282 8575 28699 18819 7728 20202 22531 22406 14410 4579 31362
28125 26444 9428 8169 31687 15899 11736 30527 21739 27392 1093 6413 11593 12944 25067 10433 9667 3769
22936 12394 25611 11705 12418 4744 29682 19924 30033 11818 27679 12534 29154 4389 4914 9407 21300 21757
386 23243 9045 370 31387 3302 29187 4572 31621 10781 18150 30796 14451 1966 15056 15198 2038 21010
21140 2524 30010 14995 30862 24863 30519 7458 12326 8501 1980 6686 24493 11149 5959 24791 19571 26577
6213 9659 9555 19211 8050 321 14091 15623 21487 13045 10055 30667 11200 1145 20902 15774 12422 18750
8980 253 18559 13848 3965 23342 16334 3382 32162 27800 3536 23200 17676 969 4875 15442 6838 9873
19201 29511 1892 22875 11922 14405 17561 16568 16955 4391 7102 31025 3344 8824 9061 16818 29638 14580
30459 21373 13183 1962 17561 1302 31191 22085 19747 4828 21549 7007 12947 10864 29664 16219 12478 5069
620 848 7208 5380 515 18518 17100 27675 30236 13056 3052 31527 20647 26367 29065 679 24353 22328
12309 1535 13335 26120 18595 13954 18654 20888 12643 143 21445 10426 20549 5825 3542 17365 7019 6073
26075 32321 31936 10716 23254 11154 21309 10608 31461 1400 11817 17686 17127 3492 8064 9280 22845 8220
16276 29743 25201 12708 16315 30444 26713 30346 9925 28870 4850 28042 5078 4046 11403 2839 9130 10712
11894 219 21418 27755 21067 23945 32730 23366 25340 151 22105 14567 18964 7878 24040 13662 5626 21086
27133 32640 29548 29744 6472 5187 22531 14372 15106 26688 22702 19214 13684 18325 26680 27546 19412 2073
31362 15467 23930 27056 18325 18893 31767 16594 11076 40 29604 18311 23744 3687 8351 12357 31401 28837
12488 22459 10065 8034 10809 12275 12558 7789 21510 17026 849 26770 24060 25719 23351 29528 25094 30923
31999 18178 7222 23829 25991 26240 29851 23576 13305 1129 14342 17216 18381 16209 6718 30113 20208 25340
24329 6644 16488 26971 17784 15897 32513 14441 4316 3446 8236 22422 19604 29982 4973 6630 9761 21136
9630 30744 30975 2188 7391 5954 26827 5700 26758 14179 9874 3189 8496 1685 15100 32044 21858 5148
29609 16861 24191 24551 20147 13070 14624 16969 32769 12047 7946 10293 28002 2633 23617 24336 15491 18050
7352 28043 20317 11109 11925 13321 19152 7839 29752 21004 874 21675 728 2782 27807 14650 10468 10155
26125 10558 22976 4284 843 23306 14363 7079 10595 4406 15889 18873 8019 29483 15522 29183 27703 10409
12213 5258 8156 4754 8796 20729 25054 16190 8008 15837 25158 29609 27035 7304 2428 26615 31174 9223
362 4524 31442 25086 30118 6209 17369 27173 9559 20536 2530 21350 9155 22500 17811 15379 25293 13037
2491 21274 25537 3 17812 8554 10902 9379 12216 3887 20307 2869 21738 24966 18770 20302 1894 11482
20887 29820 10840 30396 30350 780 5552 1139 16014 10004 3565 4562 29820 11776 3215 27697 31387 32241
21615 11667 16298 25517 3710 5188 12824 21235 27372 12894 19971 29818 524 29206 8370 7884 29258 10647
24277 5398 30023 15302 26869 10334 27270 274 23025 5716 4379 29677 31708 17382 28298 24227 16199 11313
7469 1179 4169 8987 32653 978 9843 17805 4880 27464 10873 13352 24646 16630 20028 29669 16848 29777
13183 4464 254 30968 15377 25181 405 1545 8444 222 31397 13522 27507 23967 30449 31962 11347 937
6742 18179 3487 27428 26253 5688 6737 30098 32021 32525 22722 28904 6298 27777 4782 15481 15120 27854
26603 27797 19498 570 1912 2034 9060 13413 10815 15232 15120 24010 11446 8361 1841 29005 25192 29085
11482 13476 32713 18429 5503 10780 13896 16771 6866 10052 24303 10079 18079 21448 20087 29554 25378 3142
12482 20471 22421 25985 1424 27965 3236 19462 7149 18944 21949 31697 10213 18824 6668 19506 20041 13411
14887 3154 17104 32582 28067 27458 21681 29734 5414 10527 1198 6526 15539 3021 603 29689 18923 21601
11109 32357 4867 12375 26722 29611 22972 25537 1264 18240 26230 9911 23885 26555 16327 29670 32367 10148
14928 17204 5253 26806 23683 27658 17247 25871 21255 11432 17839 13024 28949 4420 28074 24162 31069 14223
25756 13725 10986 10851 17569 9042 20041 20937 26705 13046 16186 13073 3309 7190 11799 32196 8886 28446
5744 8108 26548 16565 9312 24163 10300 28598 2022 12380 16988 24729 28390 21051 18189 19415 9451 21743
21966 31269 4538 7969 3790 2847 5369 8222 13910 8713 31287 11703 26616 5408 136 19289 29324 31456
13040 21724 15222 12641
