11190 29516 420 29913 27362 14242 23503 4690 19828 10427 17815 28764 26016 23287 27067 12156 15960 27455
31782 8889 21047 25955 11785 9207 25337 7560 14207 29257 11434 14981 5050 30525 12707 27863 19225 3458
6723 3214 26697 9906 25991 7409 29315 27275 25873 28514 2881 11536 17006 25364 2376 22175 1904 31902
11815 6663 26637 20993 21085 5524 18274 1772 9043 14750 13745 21793 20376 4486 25159 23906 15813 19382
15783 15411 10544 6701 18495 7965 16602 19340 18630 22143 9526 13383 26525 7880 24422 18295 27090 7905
12094 31058 2197 22040 19290 18436 8484 30431 28566 1754 14481 26939 21872 18346 4122 29216 29461 32317
17847 14950 7274 14935 15520 12849 25188 5062 19055 3370 19629 9400 25725 20961 18826 11890 18691 14970
28644 17405 24862 24768 28562 6006 22241 29544 19497 17736 6920 28313 15805 14773 22587 5448 21487 3306
3360 9973 14152 28931 19374 3304 9491 3658 22596 31927 224 27138 9575 18958 6354 13072 26372 25984
30709 4451 15076 17160 25326 21227 8391 9522 23184 5003 16022 2100 16705 15049 11663 10607 32344 27647
19188 26443 15221 17557 18805 29974 6293 1238 32351 8002 29221 32410 10204 7141 5455 26226 9832 9063
32424 25347 26468 19900 32517 30382 31595 28473 25230 8040 5416 29285 30224 18603 27675 26997 1746 27680
16412 21703 14379 31754 30901 22590 19410 29729 7405 24220 14348 11454 7941 25540 10349 19486 14647 25576
17573 29226 21890 10910 22948 31268 16138 32397 16612 28419 5815 25805 8748 3417 18583 31067 27430 28805
32045 5923 6627 17690 17266 19521 13462 7715 28321 22339 3353 18590 25714 10081 10453 14561 22402 7845
27788 28326 10884 3717 25938 27389 30373 11849 19565 5319 29457 1202 8445 10052 14449 584 29733 1780
7346 18391 17277 6320 8899 21795 32171 30474 15154 7158 3355 8671 20527 13165 1340 1087 23240 10017
19922 27804 31612 8013 26773 21205 21431 23658 11536 2362 6959 17369 5813 13112 11733 30654 303 7763
3401 14500 28456 22997 5069 2392 14067 10257 21065 21829 12720 9853 22285 4383 18639 18370 22793 5377
32157 31735 727 10829 18163 9060 23103 2554 24960 10059 9 18163 28196 21763 17369 24797 31355 22380
18570 31539 20410 27242 13422 29782 9168 9422 10890 22825 2262 29805 1790 28845 13945 10408 7326 23562
2574 9902 28223 1801 22660 9390 8348 25599 28374 1721 8227 12597 23708 14938 14175 16709 25850 11252
4460 1258 12715 12966 25716 20470 9288 3762 16652 6007 25116 21870 16698 9065 30175 26657 5093 28958
9125 20696 8372 16828 19388 8574 16371 4294 30352 12558 17111 28488 26676 21394 18422 32548 21805 26508
6158 2609 5551 22122 1799 29330 29590 25266 5373 30220 28120 24765 19454 648 3832 13636 5523 5836
12603 14119 1263 27340 19771 19972 20714 23804 11993 27705 31414 24391 11341 16115 23693 24776 15232 12186
7286 28508 447 5362 16389 3502 14716 11592 23339 31101 2656 16240 6255 24039 12265 32205 5334 11914
2467 1960 19441 9726 29271 9491 4218 9596 30980 6206 19740 28728 22570 8744 2375 32475 18338 5285
28299 26644 1082 3830 18992 6174 10719 16590 18054 21971 15423 20310 22881 20265 30904 14463 8723 10792
20531 20689 13294 22034 8527 14072 2301 6477 4653 23082 6410 5750 9267 28225 20712 18144 23944 27288
26046 9395 9587 28360 16646 335 11921 10683 95 17388 2947 7924 17824 3354 18902 26258 21452 31047
12049 17049 13162 191 29692 10107 23429 12096 6764 4667 6956 12259 14571 18754 16027 26999 22779 25321
11566 9969 17264 12028 31574 2069 22247 23976 11437 13969 17613 338 8910 6964 20574 18075 29592 3916
27679 32289 9334 18051 20800 21780 1440 27846 28112 22487 10607 13463 17546 6825 13362 20871 7009 9481
31 6853 5107 31444 20890 21080 2681 24577 6057 19490 22308 12910 29889 29082 19692 30230 2962 23912
5033 28478 19583 2884 14252 26447 16126 22623 3080 30569 835 20434 15031 30173 2147 32575 8056 24860
12922 20485 18545 25999 27926 8258 14687 22931 26132 6275 19714 19286 27788 31039 20646 32058 12284 23843
13831 27827 23544 10997 30575 16076 19376 13428 2577 12150 20987 15543 31382 24287 20895 25448 4114 6394
8656 12250 4334 29559 31447 14494 1714 24003 26387 9013 6943 32632 29775 30718 27723 239 8476 1690
29380 6681 17045 22063 21979 962 24181 24167 18991 9892 13606 1076 22222 9532 30857 5905 7149 7061
27188 19114 30879 12648 24306 26740 10769 23141 25012 13720 16882 24828 29470 18806 3556 5863 8508 20423
20072 18626 29608 29592 22341 20184 26486 28200 30259 22864 30713 30246 15413 20843 28531 2929 1300 28216
31706 23109 22660 22159 17499 13249 627 28099 31405 21977 31965 9892 9431 32738 2156 30817 6968 3936
3784 21001 30351 8419 11180 10260 27361 29022 30688 30827 18878 31627 29348 24623 10620 3550 9566 8284
27778 21528 23879 11361 9363 4585 6053 7887 3745 2360 31805 12442 8920 18698 444 3746 29909 24626
6331 10434 24562 12508 30927 22547 15430 24545 27598 30528 6040 7271 13221 18508 11876 15445 26084 17833
8564 26600 23090 14548 9158 21152 1623 13191 7262 15319 25881 18197 30819 13263 17107 5626 10733 24806
3316 7133 3689 16623 32506 18261 14831 9024 19009 17116 25139 22076 5070 1707 26140 17924 25720 4656
11669 1694 26415 26358 23913 1770 4539 8668 7034 26476 4971 20217 24442 12715 9810 21293 2861 27545
7849 2199 18469 17262 21552 26749 25640 20352 17011 24655 11079 7815 31342 11364 31035 5145 17224 21733
32693 19857 1209 10606 31832 2754 22510 22149 23367 22371 23268 29081 501 28827 8513 5831 15868 8787
24706 30127 5239 6611 12618 26536 28044 26512 1042 27867 22507 11696 8967 11092 24836 14065 24323 19539
15667 29071 16890 21454 15412 2645 25755 20096 17891 9341 16726 29186 23335 26883 8712 2778 22381 27379
982 21887 28083 7026 3414 7455 7898 18975 29439 15432 8962 28237 25997 23794 1089 13162 26333 4508
25835 1700 8563 9571 11817 8230 7499 15902 9052 17618 28606 11391 5414 15505 16766 1800 12429 14405
17986 27268 10062 9258 926 32157 11121 8935 333 4539 31668 11318 16421 32505 31746 3232 4965 5567
5637 16426 14244 17196 24179 26353 17610 17174 14821 19581 21957 32000 32437 16465 704 26282
