3969 30538 2535 26377 29198 30931 31762 8013 6767 15717 22591 29319 24459 10372 13327 1631 9472 6868
6236 17463 10723 9845 12697 28797 14937 22542 18587 7706 7765 13190 32659 14856 25492 15927 3926 11121
23893 13122 187 17417 30372 16135 7812 31817 12904 23402 6920 14431 30282 11258 9974 4357 31590 29490
29512 23747 359 32282 23610 30103 8187 8946 14423 30328 21095 11555 1961 28025 6489 21492 32541 15837
20227 5982 11337 11955 2426 8017 11665 24994 10085 30947 14869 11694 25295 19953 30328 6829 1552 29490
20860 30870 8085 26591 25852 20312 20239 9379 5912 8905 2432 21421 30680 18155 28543 20472 5859 16502
4407 1588 19758 27995 15689 5108 14303 29200 13721 16864 24048 9854 26220 12980 16299 32718 31631 26160
18729 12736 28776 26894 26069 1309 30039 20353 12221 7560 18468 22099 30565 11333 23061 17926 8148 19144
24801 29662 2708 31161 11591 32211 4190 119 25671 7220 16866 10214 30307 9728 27806 3851 29051 8942
8200 4663 2114 2130 12155 983 27844 31715 27439 12506 22664 14529 3860 27946 24366 29409 8296 9379
26455 21700 14477 11445 26060 29470 30592 20907 13982 21284 6933 23603 12599 24246 30226 2987 20944 25388
17327 16426 5505 30223 4956 20730 25878 23636 18619 19346 10529 20372 27556 5692 25906 15806 17691 13201
29881 24314 923 8666 18073 15790 25668 4786 12965 3292 7181 30564 17751 26886 32054 7322 7749 24164
5426 21335 15406 21187 15956 24932 21429 11362 25194 13930 3158 21416 26823 8501 16179 27430 3448 263
5338 22908 7129 12196 7333 497 19003 7925 14955 18118 12483 26487 1788 12880 6633 17060 32312 25087
9693 11710 6120 4035 32502 12501 9782 21887 6740 1482 5925 1837 16454 7192 29681 16030 22951 13373
14909 30280 15559 4124 27777 19827 30466 29418 29605 21323 20141 28053 12233 29703 30932 13294 21154 25641
16270 30011 24658 9803 5242 30118 29324 1652 19286 25501 6692 10511 31051 9653 31331 1665 13293 7347
31473 29180 11434 5416 11325 1730 25797 26350 14677 5833 29976 31519 1254 30779 9828 14159 19481 19684
21981 2282 27473 8333 25026 3183 8717 30894 6794 3429 28686 13017 29674 23093 26993 19810 29307 10353
7350 30289 4445 1372 26441 31818 7239 3708 21432 32293 14755 28356 24326 29773 8508 23503 16262 28892
15062 3888 2594 12673 8459 30811 21044 24579 17662 8844 8001 7320 11564 2829 21790 12116 3511 25506
27163 31359 13343 32080 2049 3219 918 22372 29350 27537 32094 3738 20746 30439 4548 10402 13516 31628
13485 30691 31692 22095 29529 4962 26606 16542 1392 7964 2373 9019 5898 24684 22079 2899 18008 23250
3767 7666 4709 28884 17491 9623 13548 17784 9693 5658 9657 22913 26775 8882 16643 8485 27623 16975
20271 3689 29432 15977 26625 19169 4396 10119 28289 7793 9292 19652 8379 15916 30942 4275 30803 32480
30092 14683 22198 10410 26606 5619 14846 26220 20465 5873 30172 3438 17746 13431 11466 14672 21461 16108
1436 30857 26869 30144 22880 1158 12437 209 21735 17061 31576 10071 19347 2337 3029 25047 13658 25695
25922 8682 5567 22585 31043 27717 18148 23011 20263 8505 25656 32237 479 3860 21232 5723 12395 11100
8404 15674 15257 3435 14507 1895 28472 2120 9823 23402 28821 32252 26513 10458 4066 18797 1093 31625
22303 23207 27579 10184 29774 24842 20969 2506 22719 8175 2241 5765 11150 18868 4643 14181 27106 31902
26020 12229 20829 15875 9966 1398 29022 4295 18470 10819 32156 8 21687 24876 16376 15881 24638 7254
17339 12384 21991 20197 6090 1646 9141 28474 17004 13920 32386 9642 17368 31796 14751 25306 17112 14115
28534 23274 16266 16688 30143 8414 26750 7455 23125 24012 28216 5746 25633 24768 28787 12220 21633 684
25215 31623 25759 6855 219 15048 15139 32459 13819 24135 22099 19417 2195 17899 9782 29580 28836 23082
21266 18660 11924 23601 27713 2595 92 1982 31503 8766 20843 25493 13807 7939 16474 23590 20512 5966
5886 1131 8514 32117 4288 6358 8561 6682 2949 8432 30046 11016 32290 19132 1774 25235 20919 23741
26077 17120 30942 23038 27836 4610 24991 13403 26210 24986 7368 10589 12013 26400 22687 9403 3605 8308
2210 17867 17582 202 22701 25242 2856 8471 17770 9679 31718 12797 30678 8762 9793 10427 15931 31002
17658 25938 16371 28311 22042 19491 18250 2066 3543 4184 15820 4406 25310 10878 13848 8984 11718 14086
8438 2423 6606 14713 2070 8796 24811 32647 27406 5140 4265 8340 6883 29984 21365 21859 12147 17075
31037 9295 29547 16700 15747 7484 25223 9042 1217 8755 5513 4802 3698 30767 14696 30697 22406 7146
27517 7010 10342 5970 6475 32199 3165 21225 15700 492 11210 8044 5899 17703 18458 29665 14480 16857
21163 7170 1720 6279 23806 21090 1943 6842 23679 861 6893 29835 32394 13331 31019 4039 2394 18851
5229 3788 1136 11414 14340 30602 9689 1167 447 28247 16082 2192 4641 6885 9732 7913 3673 4679
22753 18869 20628 25843 20844 7127 25226 10645 19730 12728 7822 8874 32342 27306 4753 23213 26710 24123
364 20971 23857 18987 7816 6901 23978 29722 24503 324 21588 15390 360 5649 27006 23274 6398 16253
27455 2263 20779 9642 1365 2187 11559 6882 17954 21150 28052 22730 11037 23719 29683 12544 12732 14676
16447 2885 10464 3116 25784 19972 15937 3552 3042 3438 1063 7358 27985 7218 27488 5513 19398 23375
28030 28749 23138 25445 25457 23990 9091 25765 17404 24719 20022 22732 18181 8032 24071 25552 10407 27259
18569 32285 2194 12891 32180 17834 8729 27108 15897 4373 22460 4400 23414 8427 20454 25770 16321 2901
7412 27702 22065 15799 11831 26276 12937 12623 1250 19824 4801 11526 26928 27863 5818 12922 7161 19415
19168 28767 16487 24844 24477 22566 31231 20220 11515 12535 31404 9557 23220 17764 32090 25159 19393 1905
26892 12180 10111 18032 5886 6344 7526 21371 31417 13523 16080 12319 9522 144 2895 8952 24707 25843
2699 20305 24543 9762 4469 10723 16392 13858 3269 26826 21385 10286 28186 18767 30620 16433 5999 18470
27913 23203 24810 10116 29049 10316 5172 24556 5347 31411 31480 22266 1906 7269 23366 30862 23310 29171
32204 3628 30265 24248 6990 28761 12821 10766 19235 28362 24887 24863 20735 2687 15056 28716 25688 23985
26022 28900 20045 20222 8161 26736 31213 27094 15987 29195 21037 31211 333 4495 2815 17474 30576 10940
12245 31510 28586 22575 5366 18274 12561 7964 1664 1355 30697 15007 21146 3688 29562 31814 2214 11819
16084 31761 3087 7412 4823 5246 21479 7502 11339 26671 30213 5809 8674 27133 22503 19452 10009 9942
8551 1670 30276 19156 20095 21679 24626 8006 31390 13865 15152 31830 17082 21123 11889 27579 22882 5616
5568 30385 10439 20645 31176 23831 8149 13291 22506 12340 1242 18940 14092 3614 27274 17308 17448 30995
9058 14472 29529 1844 20340 13681 24826 26287 24584 13547 28529 29107 11718 24092 23673 20268 32078 9720
19316 23413 3436 11877 32666 21794 3138 11 16965 2645 3652 31299 12781 650 25532 5331 29959 24521
26619 20659 3356 29956 10220 29291 18064 19506 31068 25351 40 6337 25096 21306 18195 21122 26553 31885
813 29782 10127 7483 12160 7084 20136 2517 23257 1007 20970 29060 27897 6691 32587 12383 27575 9485
17894 19448 15483 15723 20475 30246 7700 4652 19262 12898 22105 13696 31673 30958 20727 28075 29721 29802
10607 18012 4490 13780 24078 24055 5222 31394 9980 11132 29753 24839 11556 14493 18816 9855 7690 2962
27032 19687 22370 15877 4509 16755 9973 31633 14941 25058 23300 25808 29577 31878 7860 4746 24825 9656
24260 13652 13750 25 12966 3366 18900 21256 1401 13649 9761 2823 31703 232 8796 201 20819 25375
29080 8779 10919 8184 14488 23051 6056 16762 2887 20657 16936 3214 27368 25851 1094 29403 9291 30183
25546 15407 9988 23256 11526 25832 13130 9847 10908 27549 31241 3922 13609 3116 2938 6910 5918 8705
12162 26553 284 12141 1209 12214 2677 17541 341 25358 31170 17188 12968 29691 21005 14836 22236 12556
24562 21782 11363 18902 17182 7684 5293 22997 12312 2022 25564 5494 26144 1227 31739 30078 5528 7762
3426 31906 12885 20166 6696 29554 28269 5876 5950 13911 22839 2957 18468 29187 24193 22430 12541 27157
8724 28188 14899 9710 29503 26877 25391 8107 21868 20376 7928 20943 22346 16868 14015 15988 14468 17255
20312 19870 5501 8950 27763 7404 6385 14940 3595 7744 27872 565 17539 8236 26654 13910 22173 7428
13312 1578 22005 27557 26255 3490 15732 12045 19572 4576 30281 8223 24490 16053 24321 3328 9782 24579
12504 11181 29955 21360 24420 6698 21337 11914 20075 10536 31248 21701 31208 19598 11138 31289 27792 20293
24430 19983 8295 9182 32577 18941 9587 28819 11907 24803 10992 12570 23482 2736 18140 2724 5406 26652
5942 11868 24071 31332 6681 26067 150 11192 22528 9749 5875 9157 15251 17552 18856 9271 13525 10883
32248 27127 430 8902 28647 19996 14648 7525 30042 9165 29929 1476 25853 3465 13426 1848 23878 18280
22343 23371 26738 8538 18673 32504 14216 9603 15207 27008 29462 10039 2975 8597 23235 13693 11393 19907
12905 11961 13242 6471 13884 28686 26012 3312 5193 23780 23070 13598 9538 15186 6444 12925 25157 8167
18584 4292 21125 26207 18560 32749 27963 29265 22997 19331 11230 13378 11097 11357 18632 11989 26769 20552
26025 30746 10055 13371 5832 29570 20254 11442 3623 16361 22349 14437 25319 5527 30465 30950 12583 4313
9059 28149 3583 9415 30827 20182 2966 12822 26542 7614 18893 32423 18835 20959 20169 2217 11376 13205
9264 29317 32377 18005 29741 738 27961 24040 8943 29867 6165 14546 8342 5054 28789 15762 28416 25007
25657 13793 6151 16026 12028 9397 4128 21116 27846 4496 16606 12943 19351 26338 14392 32576 30487 16002
14223 30188 6743 14362 7971 13124 5099 13845 29213 8651 14398 7332 28154 20600 15983 28495 29555 11666
12999 26709 14965 25202 3103 26299 3873 19050 16168 20018 4748 17094 27655 13738 15497 20157 541 32739
6231 19374 30294 14857 31446 12717 26420 23853 11438 7194 19420 19818 17417 5815 2160 13180 11153 27349
1423 3301 4274 26884 9630 3449 14091 27230 13350 12393 27487 1810 11267 4659 4879 15394 28506 29254
5149 32291 19916 29992 4303 29684 30080 1726 13336 21935 10619 30023 2595 11230 23341 9079 8433 27395
373 27821 27982 10061 19083 5878 12335 23715 925 28702 22579 1728 21232 28707 6938 1504 8321 32402
17427 2875 18509 13758 29134 2628 29535 16519 16610 27062 12996 11781 7921 28973 14625 22458 16636 11972
19991 13817 31547 20775 22571 15995 29781 12769 6421 10538 28938 2976 30661 14160 13358 6442 30046 22765
12117 6193 10136 19537 32414 27812 22120 5105 28158 24627 5917 24238 478 14826 456 15851 16595 10848
23897 18019 14397 18346 24005 30430 31490 5664 20496 365 4832 22759 20852 21168 8937 10014 27543 29565
13795 212 13341 8379 30021 24779 18912 13680 17359 1557 19606 17196 30973 29173 10885 29870 14506 22112
24811 5793 8804 28678 2542 25305 21978 2492 21930 27033 1743 8905 18640 13598 7583 30344 23992 1005
8217 24507 25576 13308 24153 21608 14709 15938 8231 30121 15155 23144 20049 28687 1655 10747 21605 10271
27061 1417 14047 28377 7926 18435 6453 15076 11460 13360 12383 8677 2372 20677 23951 3503 23448 22099
27970 27160 30566 2975 13930 18234 28376 11395 5589 11057 22145 13906 557 4376 6143 14206 13215 20336
28233 31865 7259 25410 26857 14234 11497 23376 4290 32493 8436 24413 2941 15454 20541 4209 22877 27594
16382 15417 2270 17398 28664 8653 31969 9533 8444 16815 8480 27303 3529 30421 10402 31079 22134 21380
12996 10841 5620 32445 29209 27111 24949 3453 12805 10778 11041 5269 22102 806 17693 28322 12499 7608
420 29250 18849 17428 10747 5264 30115 13565 19246 13318 22268 5453 4522 1889 9135 6995 12855 27806
20288 20741 6742 5334 29100 1933 25970 18378 2371 23100 21008 15345 29215 23242 13126 16024 12477 17504
6782 10365 27157 20607 13683 23186 9773 2720 7258 16022 14647 15783 3180 2314 28221 22489 19140 13836
20726 24740 11018 32587 12564 23928 30465 17919 15425 16410 12746 11572 18976 15236 29605 24632 14034 6942
23116 16728 26475 30686 18586 31968 21702 26690 29531 15449 14594 1466 30202 30190 14920 25932 27550 5188
12497 23898 18457 29286 25270 13995 28089 26670 20931 8989 15032 25182 30805 5858 2948 17352 3938 24449
27819 2538 15345 5636 31123 29338 15749 18003 9021 7442 31767 27019 23256 25579 3957 3665 23980 27399
7393 19293 7156 7629 10156 22654 30954 6582 12063 27033 24263 16642 14167 10231 25288 29057 6171 26106
30203 7208 11716 26870 23971 14404 18673 25941 28811 20357 30684 2263 21488 7549 1613 12097 13599 70
20414 7487 15213 13570 16283 23906 11713 7231 7178 7089 2336 838 30378 6932 807 11554 24505 8480
13441 6220 14145 29863 26699 15432 14625 18807 19195 15240 7800 14158 30211 17885 29184 5828 4989 9964
29262 24634 5700 15561 7828 26941 16900 21244 18747 7238 32737 7637 19781 1622 15116 20947 16758 22386
16884 4957 17951 12419 26406 15063 18627 23666 24388 10423 23132 20096 5720 9779 29612 1009 31217 3528
17360 8966 29582 14428 25899 29832 3800 27244 5238 5127 2178 15750 17947 29102 16681 16912 13796 665
20649 21802 19645 15259 13742 26403 30948 12805 23842 11654 21547 32438 32398 32368 13519 16254 2060 20251
1020 21217 5855 4898 30524 10673 14339 30768 1940 19297 28063 14727 17242 26658 13231 2118 21950 5590
490 17193 24939 4780 1322 31655 2120 10826 3541 517 15987 6444 28073 30450 17199 2616 17025 7212
23452 2771 26844 25208 11376 4195 4889 28435 19837 28042 16497 5574 29551 20500 4264 827 19462 9738
12189 4939 26740 1219 21881 4045 20950 28284 5793 21397 9255 4504 155 3536 19320 24248 15935 8474
16146 4305 16718 23511 22329 864 11054 898 6441 29510 29365 29052 5298 1396 449 15142 12600 12318
18216 8932 976 25071 31028 19664 3187 992 967 29744 29910 12559 24418 7386 11784 16530 19436 32004
1965 32273 11291 6941 7779 11371 31933 23565 15179 11907 9390 32245 745 29243 6311 14976 3430 31232
3978 3637 17786 8229 17121 24462 10664 28976 30583 616 19370 14228 19123 21475 10660 5646 32624 27215
16014 19586 18304 5459 25568 681 17846 10860 25125 13602 17321 23024 19335 8460 22502 1954 31928 18767
30831 25631 24568 29353 13758 17025 20109 12763 6497 26029 11312 26584 25943 17114 6459 18545 12209 29525
22107 18262 5656 21320 14153 1744 1512 2141 16181 9643 21625 27829 17323 1616 9046 6703 12723 27870
19836 4551 20758 3939 22435 15248 8777 29670 8738 14949 12750 14660 22028 20588 32435 9716 19189 20284
20189 6446 24869 20746 3432 14912 2938 13624 4032 553 1597 7646 23738 31580 30151 26896 20937 21532
26927 25288 17108 7861 32252 10927 28617 23515 7993 2749 27900 11291 7578 14598 22874 16973 6909 17185
32529 30042 1850 7381 14971 3015 10228 3935 17185 7550 27128 1285 13084 10248 30154 27793 26839 12459
17695 12688 7842 4424 13308 1167 21756 19237 19230 28511 27437 31739 15681 29157 309 20816 21958 9038
326 5683 21263 4878 27350 14039 26943 26220 15247 22279 26928 28191 4929 22093 18360 12444 28109 24177
280 9234 3808 22696 5344 5347 31941 25689 5541 29827 9387 11455 2414 3158 1458 14424 5706 20742
32214 3798 14024 20955 5509 20794 29437 165 25890 8220 23038 19865 28862 27739 14131 21388 5761 3593
16382 4213 27316 15684 13784 26170 7826 18945 14461 24486 19737 11568 17538 30077 18956 20719 6609 20523
20358 10860 1793 16733 9561 625 21569 29228 7930 2029 19217 280 3037 2224 5558 3243 30054 27851
29593 26188 18398 20380 32016 26868 16645 21431 29758 12458 16771 3222 23956 11784 23546 6845 23778 20867
16096 21995 4775 19481 21507 8748 30050 7945 13032 19005 25435 30814 16717 31957 26776 6117 7523 18438
30043 14329 12009 12015 76 14056 31267 13651 20804 31788 4469 32237 28786 22108 16559 22245 30072 19752
20256 20490 13024 9095 29607 14343 31213 1576 22250 6994 29338 8769 16437 8640 17313 8316 18507 26033
1886 16449 11764 8848 18466 3912 10851 21563 340 30986 24018 9706 24791 10999 13312 19069 17472 2267
23037 7051 11981 11472 8881 6734 13133 12425 30038 12077 3628 14870 8817 17186 27710 2321 15071 4038
6493 43 17696 16757 4942 26315 27939 18282 15623 24415 2551 28300 11848 19745 5624 8786 23350 9980
29983 28612 4193 29200 9648 9932 32525 24730 14104 13838 21923 20856 8937 7284 8242 11112 25677 3483
28165 20702 27064 9174 30275 10225 15515 15646 14755 29365 31627 24007 23627 29571 679 13720 13226 6652
24116 8994 17575 13233 25482 20876 11815 23988 3065 19476 15330 12751 28238 9372 7480 27765 29305 1969
31920 1656 6980 23350 29457 32679 671 17271 4956 21774 25528 10707 2765 24444 20459 8870 4355 5912
26960 19572 9369 30200 16400 1565 20368 30738 11678 5754 28854 29367 19033 9063 17567 16553 22916 4550
11070 32342 18230 11434 25993 21057 5339 11859 18303 32233 20413 1979 6787 12939 28130 474 11179 26262
11563 5612 17023 9978 20650 5941 31765 8452 22613 2936 17983 24647 3784 19910 30440 31971 2380 22275
15365 13807 30327 18740 24450 13409 22187 6385 6994 29110 31403 28855 31277 32684 25926 11041 32752 11042
27131 32433 5921 14453 10096 14436 32186 13059 13949 8249 11975 3468 11493 25580 1066 3787 19747 9298
3211 17950 415 160 20890 1135 32055 15345 2706 5485 7744 22815 30476 13657 28684 18677 23951 32335
26262 1694 27485 19083 12340 15865 28563 18044 14797 22747 12043 12159 16692 3513 19522 31327 4535 19824
32675 24120 18169 10895 7145 30 12835 5981 6928 14926 15686 5627 12040 15299 26807 13971 4946 31896
16205 34 6673 16905 23580 8004 12802 12001 24362 30555 24697 7250 27574 29104 27549 14072 3413 10108
12478 7170 7922 16743 25394 29359 4123 10673 12132 15896 9448 27841 32221 25331 2894 25496 21218 7770
25563 1202 1582 26495 6024 30500 20188 31545 6331 17383 24511 2652 27107 16831 4031 18752 1670 5779
19122 23371 2837 27656 17987 22117 13828 12705 14124 23373 8119 2399 719 32146 17632 14996 10446 30772
16065 18185 24866 27202 17843 32406 10824 6162 23033 11325 17340 27678 12030 14966 20669 13514 13492 26892
8028 23037 23295 29108 20347 1876 27620 13929 22145 1549 5939 22090 6941 17323 3414 17694 9475 16570
17296 16420 7530 25568 16164 15867 7013 27839 562 13433 30872 987 30543 20656 10862 8721 30459 32102
23301 19662 17248 21401 16068 25067 5835 20857 25161 28816 8102 29511 27697 22990 1874 2844 3933 13678
24270 29183 10598 14190 3620 28701 18811 4425 8556 30432 6957 3041 4295 2355 29167 21865 23978 28168
28741 16237 9120 2420 1952 27061 30279 30601 19573 5293 10718 17882 23134 6278 25218 26390 17534 15450
1242 15564 20108 27079 26014 21401 26972 30885 21348 11659 12427 3801 22065 13987 25529 20687 16809 16317
6208 23995 30108 7109 8058 21666 26701 15083 23707 23757 22447 24686 1922 28597 15419 19973 5907 24076
23105 741 20649 19844 3535 26360 14082 10982 11357 595 21972 19521 6362 6610 9593 16243 26134 19980
768 187 9096 6342 30809 5632 12243 17616 20727 18896 11822 15183 13882 730 31181 17555 20685 29632
13079 5588 10648 7996 17342 18984 18266 27644 30002 8487 17517 17772 29769 8257 22701 1113 24699 29153
5077 7149 16471 8003 17331 18115 30946 27 17228 12489 8903 31955 11651 22673 23036 32448 12407 9619
25548 11019 31997 28219 18084 17206 3679 27278 12451 18536 18002 20149 18469 15537 6442 2605 17083 7873
18031 26333 24095 31699 22908 1196 6040 13154 28285 27961 15784 18966 30687 15273 14323 26110 32641 5441
8485 20854 8333 28012 3980 8307 13740 21226 10121 21419 30391 16511 21627 5727 992 11851 17387 29166
6129 24379 32445 5226 24445 9942 15615 1115 12298 9007 20385 24548 7044 10028 15541 353 7199 20695
27019 9817 21562 2119 28561 30035 7818 25257 30470 31971 27310 9549 13366 2562 8696 25891 25261 28606
4133 32441 23292 7676 3361 25062 7784 8657 25043 28228 30030 27755 9829 23406 31509 31788 5108 27133
13625 17430 1790 22627 4071 28006 11685 22539 23821 20312 7858 32541 12774 14700 21590 29200 16024 27520
18284 16777 31671 22699 10009 14533 19161 4101 26735 6143 25763 26550 10864 30535 12669 18031 10803 19782
26746 9944 17262 22219 4171 12705 14705 23034 16106 2407 17298 532 12992 9553 6938 20414 8963 21870
1058 22746 24926 19896 4009 21819 10921 21272 4475 13140 16727 26326 1638 12597 11852 3108 26320 13765
17421 1048 8542 26188 16411 7078 14792 13310 9856 26617 18555 24139 13237 3354 21899 9411 198 27369
19748 9678 13731 19513 1718 9574 26039 29635 7643 14289 29392 9312 5766 3374 4658 32366 2498 22738
20472 20513 22157 4355 11467 13257 5023 734 12638 6291 15395 30400 5390 4399 22048 24710 21002 1297
3058 22694 17301 8117 30407 22734 11129 6757 5432 31041 14516 15351 10675 10868 27914 10968 32164 9833
31874 28005 17619 5960 868 13539 7317 11504 11855 19931 25564 8207 12374 21404 26313 23659 9210 277
7010 20462 12739 15670 27043 6725 6532 15413 15484 6040 31151 21411 22203 1351 28856 23870 10320 14606
30024 17142 8098 10666 73 4737 13193 17193 25845 12737 8465 17352 29638 4708 6617 7406 17190 32729
24188 5180 15027 25242 345 8501 15459 5792 19866 17152 2132 12209 3668 18971 13966 18399 12804 21250
25367 13447 1643 27774 26722 15743 2169 9736 17396 12832 1129 882 284 31030 630 3982 17953 30383
15236 3051 24494 25535 4598 30880 26206 30022 19199 28686 23189 27753 1115 4961 21158 28030 8619 712
5929 14565 11944 7792 18842 8893 29004 2890 28949 25672 10335 14439 2505 9158 12850 24707 29185 20204
6006 17280 20947 8824 14001 5294 22759 32180 2950 22743 28416 23232 20111 12485 12720 2512 26990 19487
23938 2726 31423 29 31894 8191 26345 16134 30650 31112 12441 27542 26063 4124 5601 17611 13697 4023
11635 26024 3313 27811 29 5544 31733 32207 23097 25904 23662 14923 21106 21078 31943 29787 16114 29093
28938 12123 6328 22432 9685 27485 1518 15873 4498 852 2291 8634 8330 31122 3995 21676 13872 20015
24268 16387 24993 15413 5645 21189 8144 30788 18293 22607 18525 20061 24613 13214 32756 14689 23705 14948
19973 20642 1385 11365 12237 10373 12377 901 17884 100 16738 6022 30744 23395 26750 21051 11246 24400
22295 28712 26737 5555 27175 2361 1308 27436 1151 23996 16062 2293 5432 9087 20077 25843 1608 20355
24299 9146 4041 6002 31844 10412 10988 10212 23080 28958 8636 19053 2791 5280 30360 30752 1709 2199
8264 5224 7213 289 22108 19396 9966 3348 26959 21327 10475 18364 25544 1035 8541 15565 28421 3744
16169 23284 14464 17285 18396 4199 21341 10967 21069 28076 20949 26981 12033 27356 5000 11505 6753 10952
963 7513 5623 22716 17317 3565 868 31841 32005 27316 23986 24513 22973 7762 11548 25506 23140 27653
4258 24105 2567 31157 31325 24542 18937 1705 31215 31362 12726 2590 12485 26258 16149 13896 19791 8939
21202 7068 10222 27246 13656 26700 24159 7307 8115 32709 2339 29479 1201 26432 26596 9067 5758 16709
7916 17580 17481 22189 25573 6539 11369 26404 13384 5890 15987 15934 29299 18050 2472 18584 1143 23908
29688 9576 20922 10043 21658 28725 14934 7685 12201 16086 25909 19743 3426 4015 32767 22939 10734 9251
19797 19924 31075 826 7661 641 15387 8431 3805 17033 7901 25871 11007 1190 9217 3795 19039 22446
20523 12496 19364 23751 22418 16527 1035 27707 18311 30521 356 16408 26674 32180 31432 16734 21107 8604
2719 21397 30276 3604 4075 14835 3361 17709 20850 29617 13509 21826 16058 10716 11800 1728 27648 3026
31893 32281 9171 13766 24994 3605 11096 32153 28725 13871 5289 16947 13624 2429 15188 6321 12079 31086
18243 29632 4914 16708 20942 8715 6506 28028 2373 15834 20001 15202 28245 27546 8952 19766 2045 655
15450 28284 10673 31651 14156 25674 10100 16968 25453 1558 5386 17478 11530 6834 27184 23271 13247 13699
10763 27421 18740 4126 26749 22389 21485 7115 18865 8350 21210 18324 22546 20412 31852 13990 19541 1941
13981 25269 9124 22391 25295 26271 8380 11472 14856 28061 4674 32341 13703 566 31764 3679 16213 14836
32450 24262 10064 31041 6403 13137 6268 19173 8066 15920 2719 2247 1867 21256 27487 20521 23990 15335
32029 32346 2913 3276 9332 12754 15600 4363 9025 2923 3576 12123 31484 11188 21157 24505 29672 10486
6975 4146 1082 30964 19923 4842 5014 2847 29317 29529 22221 3935 3601 19823 16375 9328 9718 689
15990 27426 19368 27125 19369 14710 18849 21870 32631 27153 20135 2644 10631 1077 13147 1969 10786 14199
13918 14023 2059 26600 18961 25101 32289 18192 20793 3594 32051 13351 25957 4340 24152 24878 1012 1059
16758 30841 15629 27677 21506 15818 16664 12917 31682 26658
