1264 13391 9078 12905 5278 13636 31869 8344 18641 27000 30409 15881 23339 4980 2859 22691 22575 10277
19212 27640 27068 19932 13770 21569 577 32294 19123 25248 29080 5961 1340 16000 12808 26832 11638 16417
30832 1828 10869 12475 21334 29400 16828 7065 26013 24228 28661 7251 2143 8560 18053 22212 24501 7829
31551 979 12122 12862 5238 16255 31223 27794 24233 1168 14324 10344 6039 280 12748 18635 31306 12382
18647 10848 6308 26123 15467 4948 11778 14010 13591 12095 22271 26986 9256 25014 23222 24203 16809 31845
29044 6215 13852 9325 13277 20386 15123 29406 8295 17250 16265 7293 24846 11238 23252 11482 16145 113
7014 8382 28516 31070 31911 27481 9450 31714 4066 13198 4892 23325 9354 21377 20262 6683 31705 26683
14590 6960 21432 31769 23183 26900 21619 6294 26593 1043 11876 19262 19585 25068 29289 27198 29242 2518
29021 9121 11490 31310 12211 9332 30624 17410 14141 25172 28482 1525 21780 21837 13840 14071 3620 11247
11420 26691 22372 18272 11215 28005 23833 2638 11434 5514 25924 18231 2198 25028 6560 23038 16290 25802
17538 14528 28492 14313 19766 1996 26453 12562 32667 31993 1864 18037 27326 7735 20773 19206 25408 10057
24060 28795 29734 8927 7968 14948 19433 756 6307 20151 28600 17455 423 20324 17179 26838 30019 10589
11714 22203 8457 1149 27971 25759 7342 16718 24045 8900 22227 12170 18135 10902 17290 27109 29944 462
14190 926 12806 23763 7262 29264 25100 19492 27544 25163 21614 8447 6292 24299 5177 5615 23006 32063
17382 1427 31297 29464 20476 15740 8228 18387 1279 14254 13690 2641 21755 18427 23853 14394 22444 2103
8694 16932 21231 3984 18939 22910 21795 16796 31847 29512 12272 16464 9072 11404 23914 19768 14413 31583
7490 9760 25542 23028 21648 10462 8431 22107 32059 19013 19456 13160 12423 11358 19301 1990 6314 24681
15742 1310 22080 7927 22467 21758 9276 1176 25449 14168 18332 7373 702 19914 5653 18596 11333 16401
8308 19602 1788 9826 19289 4451 4990 25647 25727 25792 20199 24796 32173 17540 15002 18751 7326 384
30162 18083 2167 17864 21336 22250 17471 18882 6584 12773 32475 17612 22594 26703 1892 25856 31935 10027
4264 23118 5935 19891 20310 16548 30323 16115 16449 30118 2587 7684 8421 9592 13715 24264 26630 6809
187 22567 18773 7511 20835 17242 4054 28279 6735 21664 23630 10394 11070 22878 4695 5563 3789 1797
267 17240 8249 26519 4808 25043 18529 3966 4125 15181 2608 2076 16957 19959 19788 7248 164 21771
4550 29090 30061 19838 30975 6970 9729 16817 20415 4467 2534 26802 1462 15167 15711 25675 15938 29821
7049 10924 26140 15816 19204 26433 31417 285 2668 24237 28309 6238 18420 8719 22275 119 20477 7604
20212 26153 8032 20127 15144 30732 9350 11237 23481 10603 31783 3769 22192 21296 29926 9764 10217 23784
26240 16825 8781 23662 10228 32660 28198 21895 12591 10701 12585 1889 13261 20205 19122 29595 14128 25029
21149 2491 946 27700 17491 9411 26948 8721 918 17721 11589 24089 9813 13589 11101 22277 12278 175
30236 6024 10679 28868 544 1434 17499 29174 10564 1297 28408 5513 4182 342 3917 5935 15541 27268
18229 5192 25744 29100 29451 24643 18156 4195 19966 8788 5768 10121 26343 10345 17482 16738 21190 6975
13483 17115 18594 32719 11426 6120 4657 12829 429 10191 32308 17637 22756 7075 16341 29439 470 17619
26419 3552 14386 11980 24447 5304 22719 10133 7708 25158 21975 19448 28397 6685 30374 25280 2593 17554
11884 4953 24340 17252 5645 17288 16514 2938 21908 10342 24033 20526 2305 22250 13846 2956 27512 24371
28519 4220 22258 16255 16563 4297 25092 14877 22462 17998 10730 23237 26857 10180 4816 14135 21556 22400
3126 14010 2887 14240 9262 28077 9445 20166 30168 22334 18898 27424 16149 31599 26207 11651 10723 19358
19928 27287 5200 17080 15074 3357 25674 5188 22809 25882 12849 30534 17433 4241 22309 22493 10124 27066
10752 31807 27783 9715 30767 26933 8318 4605 1372 4439 239 6137 7800 7251 22674 31300 3065 20598
6630 28532 28575 27777 25290 3048 22781 31610 21885 9361 7566 28986 29297 5785 16478 6413 24663 8390
29677 9233 19511 14802 1196 25278 20393 4113 13701 30196 2041 7787 23641 629 19039 643 18889 13533
8728 -10 18276 8080 708 23980 14965 16680 23835 1719 13462 15576 32737 7771 234 4928 29461 28710
30548 26011 14137 27081 9178 4308 5919 2465 3281 11109 30197 28507 9354 12977 18184 30983 12760 29577
6834 6659 15492 31253 27795 22187 18463 5272 7898 4548 27374 13833 20258 5815 2990 17305 28712 3384
21084 6474 21796 17028 6325 21004 6705 29459 26058 8025 5572 624 16567 15132 16341 19363 26285 16944
14845 30492 12336 236 25796 533 12779 32730 11904 25322 25631 23209 1824 30339 24026 12199 9521 9122
28507 12652 2212 24274 10076 10274 26188 31715 4167 28207 26806 30870 12216 13299 29270 11407 5688 5863
19768 2680 2466 22508 29513 24175 5861 15519 23705 13747 5951 26714 32322 23455 29717 14403 26366 6042
14131 28262 9434 6381 12527 14466 24572 15118 17046 23963 22244 4012 6025 8025 10197 23042 23033 6578
5020 26338 11890 12108 9540 28405 831 19382 27519 27912 32330 2402 11974 5769 5886 1922 20843 24880
9975 31231 17470 16658 32250 16814 15516 3335 17771 5881 6198 13240 16061 5260 6529 11742 10507 11429
27070 23100 23247 22010 3061 11897 22853 31678 11682 26829 31920 31958 53 12359 27332 18061 2054 19650
29924 22093 3224 25909 9551 11954 5607 28347 1989 2992 8988 14581 31032 25173 1683 17370 2750 30609
4805 19067 17507 6674 1308 12125 21010 19364 22822 13759 26801 26098 29191 13362 28180 1526 17406 11467
12419 19291 27787 30246 14575 13959 25216 25018 1274 12897 11343 3008 13292 5340 18178 16325 29436 9026
10949 8052 13567 25943 6271 30005 253 21506 7352 24960 25714 12025 29664 19566 21600 1489 15277 18707
2593 16490 7614 21954 9957 12923 24485 9716 11038 1566 975 24800 3172 2585 26691 516 30542 12104
3637 17984 2083 16543 30404 21175 1725 9100 16728 158 29239 10980 30449 31379 26387 18610 12023 5814
11590 11395 30995 6833 31039 6061 14386 21607 11258 30117 23347 13374 7913 706 7807 21623 18021 4001
17093 6655 14304 10813 25977 23067 24423 15207 26087 12745 28604 25268 1105 31266 23158 7784 9544 1538
23338 2572 26454 5355 24858 16486 29995 10029 26000 11552 16732 8066 30752 22741 5963 23915 3768 32073
11603 15697 25928 27707 9275 10692 30687 5574 8131 10658 25809 14832 25811 6153 16798 4457 10317 28936
12058 31103 31667 24576 14637 28606 747 31461 19874 26649 24292 22279 22025 19206 31253 25332 16680 9782
8546 12694 1890 23883 6013 8904 30380 25848 3136 5321 20862 22031 9739 2900 3389 25520 2146 30643
15244 32755 844 3643 27466 15697 22613 21746 3252 13773 16569 22417 9320 1591 8466 11374 23053 10369
5503 14139 11853 14668 17458 21604 25533 29828 8168 23144 26354 30125 2289 7010 17043 1814 30356 21782
27013 3144 5637 14678 26019 21497 2683 31678 13411 23826 15069 4431 24522 23270 22540 3194 7717 1238
2368 17147 1280 32012 26825 10453 7045 23172 16091 3124 22526 8841 9431 7977 21655 15568 32406 31274
18324 12267 29788 1053 2671 12188 23121 27475 15470 19385 12578 7227 19587 18783 11256 24751 30279 29679
26608 5448 32347 28923 16300 7991 14774 25482 27188 4077 11471 27357 19634 8614 19816 18402 12153 31035
13268 13994 16132 22942 18363 17991 1734 13296 13233 15569 20755 16758 11366 20893 6208 4663 22202 19418
29999 15742 22941 20370 14024 7952 26261 26146 3816 19914 17917 3665 230 14266 12812 24344 31907 3892
3492 2575 21293 30041 16935 18673 28942 3444 20502 607 2321 26204 24590 12815 7376 25664 23936 24534
3720 6169 27214 12941 10181 12463 13339 27018 16830 28712 31307 18880 31399 21322 19963 19009 9317 22010
23065 2980 22656 219 15972 26266 23877 11336 18840 7775 18492 9327 7993 466 2486 6834 5161 2031
19954 4235 20140 13263 24351 10027 30193 19315 29892 224 31885 11856 7304 8046 20988 22196 10250 27560
2036 21138 19468 21115 14025 16301 23804 9002 11430 5831 21582 6758 13459 21043 3065 18256 130 15245
23067 13646 636 27920 31364 1815 16703 20876 29096 28489 29718 12291 21567 12790 29115 3762 8315 7092
16101 30945 5279 6551 18318 29718 11903 24268 4073 12556 16507 17192 26736 17184 18359 18216 28945 27511
28541 26878 30691 17214 28146 14106 32446 20840 9647 19422 29838 22347 14751 7784 27988 24740 31952 21699
26062 25356 27723 912 24189 30841 7698 1581 22868 212 20794 23901 1829 14191 2912 15811 12357 1747
28499 15510 9308 10431 14603 17799 15672 23733 2731 17726 16728 16881 30513 13781 12635 8478 30173 30751
19642 12342 11090 9852 23040 7946 13206 19580 32252 30160 22936 12376 11866 5021 26635 6467 2880 22485
32460 16131 11424 17217 6817 20171 11867 7079 14666 12755 2017 24441 18247 63 31446 5151 17094 19995
9560 15374 16349 15640 773 32642 14828 32762 27102 21737 24104 15035 19890 13472 15259 27732 22422 9044
1192 19880 7105 8324 19626 20953 31565 17285 28824 13177 32076 5138 4878 15147 10777 27218 23375 11230
14214 24899 24545 32688 3761 10777 27579 25230 31277 18632 2077 5541 1781 2353 30650 10351 25794 14197
3838 13063 20867 26291 5607 32079 23633 21498 7901 16330 2882 12282 32475 26956 12511 23563 21241 5789
31921 26252 16086 9816 4841 21073 20690 5890 14225 30038 14090 6584 22738 31559 12758 1653 1103 22084
28512 7549 5211 11148 15535 16900 8089 1934 14269 6673 30843 25765 28389 16337 18342 20879 6568 28599
3659 17125 22113 24724 6728 23551 6575 12314 15150 15070 15045 4401 16754 4986 18696 10115 5543 9907
5914 15343 29153 24405 9968 14012 2950 9185 25392 2653 14229 9853 21041 31826 22189 16522 11610 30327
5104 9600 2743 19999 17215 30963 868 11353 27392 5093 769 765 17579 1347 11451 15292 16661 6566
400 3030 23410 30372 13192 6498 18466 5285 21152 23974 19053 9462 15961 28843 15704 11841 2370 10883
7267 27779 14676 17668 5788 16575 4449 27527 31150 15126 20532 25450 32760 3287 4298 14864 19871 28078
14201 9203 10562 16243 6386 31043 15297 32286 17897 31588 25443 18055 10336 20407 26076 87 24091 23630
3628 30551 31792 28860 263 28684 10257 26906 21851 861 12698 13816 15177 19962 6801 30009 16050 15917
14165 2272 28977 3534 21687 22159 1768 13000 3894 7260 13091 21317 18278 1857 20353 2297 24484 30238
6926 32740 12006 5855 7221 15208 21793 18449 29163 4164 23657 27698 8296 7224 21463 6670 9452 18908
20297 22134 23726 11071 30920 17195 2929 14383 7866 28419 3200 15162 27586 13169 31781 31372 13158 19156
25407 26466 144 3348 12996 24947 20654 31746 6704 22758 10380 3669 1384 23561 28226 25357 19896 23630
13380 19088 27183 13780 25023 20658 11009 18230 25760 13333 19603 9171 22548 30501 28003 11680 19673 30104
13115 8787 7898 11203 11227 26499 926 7003 13539 8798 15931 30846 30385 26196 9397 3384 16041 1829
25099 32086 17625 23132 8800 22483 10432 29587 4988 8652 12655 10366 26420 17937 7316 26566 17051 5777
2381 12160 18194 19112 18915 11921 8126 9957 10381 23961 16681 14780 27717 6899 17708 23048 10203 5629
4372 21036 8457 5543 12376 25832 23102 26192 4247 5942 3119 31394 2953 27519 6749 3108 26890 31199
20096 18052 18306 4677 26642 19077 5325 21169 19023 5140 1218 24549 21988 3949 12496 10940 14768 27111
19729 28317 18091 26990 7727 21915 4989 22453 7456 28056 31445 19645 29595 23217 16692 25615 15869 29388
28184 10602 16043 11944 9247 18787 28254 7186 1230 20509 5577 15640 27413 1063 23661 248 2440 10274
31020 16849 14272 12279 28467 29703 31388 13516 1252 29325 5211 13559 24538 5254 10111 27295 29160 30790
14615 17843 9114 12177 7791 21834 26591 14555 8592 11334 9453 29202 27066 3308 7806 28786 29259 26647
19729 27105 7560 31607 20198 6933 11861 6953 23967 22406 13611 29311 30096 11805 15497 18397 6672 20354
16539 4187 25430 8606 15744 24081 16692 11264 25092 30206 8000 18975 12410 6396 22150 20021 7013 19511
6100 498 26967 11399 15364 12266 27627 6492 9411 8893 21973 17082 7010 17665 15653 26278 22592 20215
4923 18792 8141 11512 8534 13758 8350 2917 21423 3978 32538 13352 24610 18014 14778 10409 5076 13020
21376 9686 21621 11149 28307 31944 8264 23848 17688 27931 6640 12658 10934 27773
