2664 21002 1737 11556 15411 14583 21726 18682 28524 27784 20891 17162 23303 4307 32267 1830 6298 11013
8845 9973 10205 30153 11689 1070 19322 29700 14807 26187 10939 27815 18014 18197 25820 15177 28625 25303
365 8812 13197 22430 27141 2872 2664 24533 22802 23963 26326 29695 27207 24254 25144 24534 14291 16330
9584 5747 12471 19095 22679 21010 5523 22290 9695 19109 17703 30366 7298 4107 18128 32700 32112 21327
15970 26583 16570 10986 13532 5545 23914 8017 25322 6484 8379 2335 26625 30120 8422 4062 6942 26166
5782 21396 24801 20300 10813 3421 12886 17073 52 13221 16870 17928 4195 27973 26746 17910 5382 24643
18647 25366 7325 10103 21382 902 2919 31668 6225 22169 6093 23506 4355 13469 3621 16556 20798 2392
26643 10131 18334 12815 548 107 31826 32334 32306 19204 30871 15663 7058 28577 17331 991 4942 7888
8495 6608 17301 17499 31807 13714 13837 22955 11352 30609 19921 9024 32571 19827 10323 9628 13304 11100
32215 23861 21418 17851 3281 1484 4788 14608 23745 31972 10237 19008 25693 2987 17676 11456 24199 9216
7016 31164 23404 23748 6965 17504 22441 14625 22386 30629 26573 2013 15004 26918 17025 25843 31102 19825
13815 11011 28385 31036 21741 24541 19538 7230 26242 26727 19488 24839 26049 3968 20822 7723 7112 11358
8148 1219 8756 29741 6785 30714 22379 17070 12931 31244 4998 26204 29560 23156 10131 15343 22870 4418
29800 9314 23357 29693 9403 9051 22428 12080 22125 12192 19890 12802 16152 1002 4128 30288 6078 31281
23794 21145 23546 15955 1750 16542 10292 25702 6942 17884 17267 11768 12821 26811 8069 2649 21348 24449
24002 7880 7298 25552 8707 24898 5124 22596 16649 4804 22091 10921 5773 9465 1905 8087 3654 22321
13967 29563 11273 5606 7681 31948 8040 27245 27955 15184 11954 1428 1881 248 1177 12592 25593 8070
11735 13627 31728 18456 20865 31784 28782 1878 28951 663 22158 2825 15158 23978 21749 7485 15917 26002
32219 81 1378 20141 4821 6285 28196 15844 7610 3696 16365 9415 2835 22256 21296 28769 12561 19624
21609 22419 28811 17918 28063 21669 23258 21763 25506 5623 2313 7277 29193 29283 4133 25996 29479 11262
16122 25594 7776 3863 4394 20975 27298 14328 738 21148 24424 2971 13034 17639 24951 12349 31951 29724
18060 4363 30975 20899 15451 14493 3561 9145 20223 3886 32388 21916 6793 18384 8678 21821 29596 2346
12317 10683 5014 7449 20621 12064 5094 13219 21811 9222 17572 1427 20311 29563 10787 25003 27006 26891
11836 29131 12964 14746 20582 17085 18058 3466 24941 23413 32645 30721 5676 28639 7481 1984 32153 31355
3354 23840 9709 18790 16228 28931 32177 19154 13860 31094 15049 9309 14582 5947 22044 25085 23128 14542
25991 18415 14808 24177 25000 5176 12307 11199 8834 15105 20280 29229 8068 27252 26042 8482 16141 25030
27950 18196 16524 26482 4948 4046 3814 27381 18437 27743 1231 7522 31765 20432 29125 3487 32255 11621
26882 4994 8069 9234 10461 5754 4231 787 9282 31597 7009 5067 31821 17793 11799 21822 29944 14013
23830 5134 12459 31558 19272 3211 16181 11387 8956 332 19573 13987 3223 29585 31101 28320 19971 26794
11686 25129 32727 26744 27268 12202 844 8632 28470 29059 9666 24241 14051 2046 7541 14301 7814 20270
19271 12243 15907 2938 28190 9167 16611 6602 13109 15863 18623 12010 20395 21761 10536 12742 4018 25768
1357 32149 1661 2925 7441 5790 19398 14934 22030 7836 29303 179 19151 5269 9377 8784 28273 10966
4261 25062 3726 16910 4986 11710 16583 20932 19607 6332 2008 19788 1725 19837 15194 20345 8715 26016
32577 6561 27564 21363 22099 12796 3651 18512 7142 11555 2034 17421 28920 28377 20877 14910 26788 28185
8957 30703 32598 18542 216 14234 10728 12417 32631 3374 1942 937 26398 6349 799 4980 9510 10522
28572 27999 14071 15413 27663 11996 31188 2365 6801 12261 3066 32608 30341 4317 11085 26043 22091 30803
15488 2285 25540 2872 26780 8668 6332 27789 31424 24976 2561 20705 27572 20042 3512 28707 18079 24043
2479 25497 21203 31219 29701 14901 12055 22515 21414 20776 18940 21538 19324 15052 25530 14456 32195 16719
1198 7572 20931 20599 5643 20618 26911 21185 1779 27168 20598 19880 11099 793 14124 18702 16280 12856
14928 20032 15840 16001 3898 2534 28861 13374 6347 23853 28286 17874 13377 27300 27200 9832 18804 27069
1566 19029 27128 19966 4744 14265 2996 3382 26431 21869 10942 4394 16545 25121 24096 8278 20358 425
11440 18895 25878 2876 11259 8396 26881 1139 14216 21259 1012 30322 19120 26302 11273 1929 18903 11086
32276 1608 18277 10800 4192 21105 3771 8656 10909 19923 1128 22740 3839 17423 9046 21461 16536 29218
9977 15106 29521 7195 11253 31320 4194 23514 21550 27090 31979 5293 14882 1969 3354 14535 16171 5106
20715 19365 437 5325 9767 19801 1531 5110 15240 31781 24200 7873 28918 5624 24466 21789 16774 2121
10722 5238 8734 14493 6392 2352 465 21096 24585 13290 22309 18011 25348 11724 26333 26291 5566 14323
12228 19696 28584 25156 10272 29866 15762 21875 14260 14336 24478 3213 7104 6309 15797 2334 8134 742
32710 20308 22490 30037 21791 13513 18412 14875 22211 20253 9304 7481 20822 3365 6174 19576 590 18404
15334 19505 5102 22196 10842 11561 25867 29324 24067 28857 26530 29758 17391 17608 9082 14990 12323 1545
9863 17218 7914 13063 29231 17201 28518 15563 11975 18983 956 24621 12995 15690 29175 29998 10443 13700
12946 24237 24958 3214 30836 2089 7217 9640 7470 7261 21221 15676 20417 24844 21944 19465 28619 25680
16703 18803 16964 26353 7294 22749 27453 12330 10723 11978 22878 13919 14234 14490 3594 18841 31479 21471
28466 10893 17312 8489 3618 15290 4335 15790 4048 14086 22526 28700 8746 5395 930 5417 10986 4451
31921 22320 6975 30831 17525 31939 5449 10830 28585 23238 20026 32486 2901 13775 23112 30572 14897 7860
19802 26870 5205 5687 23895 3218 5804 1066 29072 8278 11612 19887 19309 1449 9679 5856 13399 2352
4979 31605 23740 16289 29778 19179 22723 9177 8280 5072 26059 25192 20574 2573 25962 32314 18435 5428
14710 14932 28448 4388 28069 30006 26153 3679 23048 24904 25122 7633 11038 18029 23444 29531 31442 14552
23786 27635 26441 29042 31714 17166 20977 13087 19063 786 13567 27007 19164 32002 14680 27830 12990 21487
31224 5839 2543 26271 8368 5628 28694 9689 18457 10310 5572 8366 20148 11423 13518 21664 1863 13518
5066 3337 29353 1321 24780 23944 28323 11506 28564 1011 1528 9325 9922 15665 19986 7218 10355 22952
32131 26943 483 7368 10239 15065 28363 13257 19304 1403 31587 20435 6767 20229 4580 12040 12332 18451
16325 8551 6376 24218 15652 21604 23679 13863 1184 29177 30129 12426 1431 24307 25263 29886 15873 9354
15197 7753 18328 20764 30744 541 9188 23648 22101 13627 21538 23147 1662 16254 1951 2679 3706 10422
28245 3236 3603 19032 31137 19203 20551 4826 6458 25024 22063 9718 16063 4818 18106 1658 13550 4335
28593 13576 5569 11557 17548 28793 27686 13431 1472 765 19648 2191 32219 18731 29174 16153 32663 23974
10028 21805 4477 5698 3911 16748 29240 16024 4712 29100 25284 15285 32686 32670 24960 1246 11329 10480
17070 7629 8182 22178 20998 32295 6033 16265 27049 4667 27394 29202 10853 16553 8844 20819 16628 8665
18259 20834 25797 21566 15212 32450 31742 6674 9371 7539 4221 11314 14014 27290 595 28256 26970 20013
9061 28824 25692 1854 10372 27111 12340 8161 7007 6138 29949 13381 14887 12467 21877 22745 28674 20587
12300 11276 21285 4502 21679 24266 21466 14756 30874 16643 2315 10061 30259 7292 17913 28150 9069 27523
25851 19012 19549 14048 29643 23595 7182 9956 11465 20978 372 4936 27133 28879 23206 8009 31906 9818
29870 11293 5771 4030 10539 12039 12424 8610 10311 14035 6635 24001 14637 11309 7617 16756 32356 6526
26779 23000 2303 1533 7273 10415 18199 12275 15567 18149 6556 12887 24868 28801 7555 24978 22461 25885
29656 27510 9778 19071 5500 1700 4906 31636 32234 15640 9526 29081 14628 7682 17144 12697 8488 25185
24738 27628 22098 21052 26251 14431 16193 29470 15694 7196 7146 20378 10894 17521 30684 24864 27595 8936
1964 26942 14840 22278 15876 17963 8733 4281 9082 3760 24570 22539 15839 267 9470 26326 4838 4465
31073 32471 4578 9066 8614 26944 28877 14986 13832 3116 18575 12012 22250 16403 31906 12277 10838 21463
14793 8997 3863 26862 6184 10742 12466 5572 11386 23226 26924 30856 5314 30970 7000 10169 19422 14602
29384 11284 20730 23230 13641 28411 27997 10149 4355 19209 9796 8221 5202 10594 9624 25582 14988 22611
9744 8753 14919 1862 11854 7235 182 5120 10140 2074 1672 5339 7069 24043 26950 19607 9552 23714
30581 29550 24985 21045 6114 215 27229 29460 15404 25449 10703 19544 18251 20747 4108 7598 5569 7508
30899 9856 4932 16487 19306 12869 2293 31664 9054 28643 4567 18174 2735 24660 24461 29745 5268 26986
15599 12962 25306 22066 31189 24943 25266 21555 11205 22817 19706 14017 28749 7264 13596 3669 7246 6389
13298 24253 1255 26059 31112 165 19698 11090 20962 31327 25781 8119 27047 23571 9700 17811 23927 27347
14710 22288 24755 10082 12955 2734 1952 31696 2781 7449 193 7314 27522 19587 18727 26840 28740 12501
10354 22059 20287 7582 32703 13064 4616 30902 14391 19725 19516 12966 23579 17998 31526 19432 10258 9678
31357 5066 7924 28466 15029 3077 27909 19974 9334 7765 9915 8196 21827 3690 11879 27213 8519 22029
19752 1708 1690 21954 19336 4926 32185 1792 5276 29181 21240 7059 12600 25380 30178 13967 9643 1829
26835 10706 32579 21403 16068 25966 7330 18299 20985 1047 32208 27355 8101 8370 9980 26016 30078 24937
25341 14702 23486 25514 28892 27437 26894 30121 26758 10075 27497 18712 25273 11818 4684 2820 12492 4635
1529 3315 11947 5811 6254 27510 31989 14780 31498 23968 11773 13371 9690 6733 12793 32371 23558 32202
3754 9015 31094 23994 11816 28230 30135 13688 20717 17025 18492 6206 28427 8802 6592 5095 5287 14567
28364 29214 1612 27824 14315 263 14098 19161 29366 21241 24503 21815 18458 7801 16343 32630 21578 11096
22177 26558 867 31185 7954 5746 12232 3595 6955 20810 28053 3479 14968 19855 12066 6556 26618 19866
12027 4817 19201 30148 19252 12807 1955 25726 15781 8900 2624 22854 23966 2621 10802 30616 22260 10284
12299 28793 516 32022 2739 8106 18727 8410 16381 26596 18310 14247 25731 23114 3270 12095 9900 30064
12910 12848 14613 1826 11828 31702 10173 32254 3486 31181 25932 13731 1817 26280 6843 2780 3065 18917
1748 16987 18441 2286 30969 3916 14866 30144 12844 17578 20962 1627 15116 32290 16236 8669 30566 19473
24411 11960 1586 12019 28745 19909 14380 28101 32345 28516 10727 5102 11985 11547 19743 8758 22992 5347
27984 16181 7388 20861 31581 29318 21226 23605 11467 14382 7531 9157 14821 30220 27300 21620 18280 8578
9673 11696 18227 8158 31573 4190 23665 11792 24476 13144 3774 23567 16928 10184 22741 26288 6663 7289
24172 32187 14460 2278 21713 16375 2894 11888 27631 31732 15818 6734 16703 32507 25120 5424 10941 32674
4246 11237 25899 28566 10091 15632 28940 16577 6265 14533 11112 26998 28579 31835 28041 13348 32546 30880
16377 9682 23629 3196 27865 2221 6718 16692 32143 25790 28023 21455 28453 29958 9414 14282 10995 25301
9065 32526 3441 21795 18560 21222 2276 7841 28623 27309 12084 6013 30591 11105 12060 28172 30599 23682
4110 31468 5562 7760 14869 25637 9193 3380 5312 7133 29310 15970 18602 1580 1176 462 28970 21000
4550 5444 18698 20881 145 13570 7624 24004 17965 13618 5891 4378 22519 4372 7358 26025 6616 6845
26843 633 30093 14571 4055 17408 2113 23970 3342 19441 4139 8662 7608 9291 2052 13035 30677 16815
7185 32002 10126 28848 25522 15975 8351 31540 3286 28878 20082 4018 25605 13177 12181 14628 26220 8854
18652 28999 18626 18342 31496 6778 7952 4075 2142 27851 4773 29466 21756 8765 20567 14384 11999 28234
7372 731 10423 3262 14624 5713 21581 29666 1531 31182 26674 30069 3765 27071 7170 23429 27263 17040
18801 19493 7810 20609 6742 87 27992 12484 21610 6808 16278 12353 2580 10282 4569 21181 16420 6668
5112 28704 20951 16638 25930 4767 8293 6335 6770 519 22994 28303 30752 10371 25372 12085 3993 15413
12599 26573 10158 23317 7655 17969 8135 687 902 9299 14263 4634 11205 27522 26762 16614 24149 23034
15254 14119 6698 30815 18867 13066 18050 19015 20537 26468 26333 1573 1881 32687 7714 24578 9546 29987
3431 13367 15139 8490 22924 7321 22203 14633 25693 15741 5587 7991 1293 21919 5732 13427 19275 23991
28822 6243 6781 17037 9573 382 10150 1844 12010 7029 9866 22999 7608 5616 12976 26659 28588 20785
16000 32459 2983 21468 5873 16439 3819 30116 17784 32466 22360 27540 23962 1551 30530 8591 517 24354
32308 3295 11306 23735 17243 25648 976 31252 7319 26788 20875 22854 12156 11390 22723 27828 18187 616
9266 6189 23287 700 4820 21592 13323 20893 12039 8905 22970 4677 7548 23523 13642 13211 12110 9500
5576 619 25374 6541 368 11364 25066 29417 173 8319 17027 15433 19833 30930 8438 23944 5391 22846
21636 2322 13825 28622 20824 22843 10279 531 334 10430 31029 13247 8188 29349 2894 29378 26110 17735
32766 13365 4001 5249 32088 28405 2649 30539 14217 32567 22066 7375 27711 24479 26084 977 15088 25370
2645 17073 1674 23685 13737 26992 19606 24442 8423 19378 7415 1484 8632 15837 8117 26423 14959 4408
21392 11614 12912 23462 29144 29118 16553 22085 9133 20607 5688 24461 29785 23704 21509 27804 11560 24902
14088 30173 1531 7363 2324 10911 22491 24613 8083 30790 15418 16493 30296 12442 17781 17745 12583 23328
15604 16493 4402 32316 4698 14973 10485 27370 26592 8552 23564 22584 26591 9191 30126 23006 20470 26058
25397 32189 23856 31336 23804 7529 1318 20262 2812 11742 10529 29823 28893 7072 11655 28505 11443 32027
9092 34 21855 10468 28444 2726 1107 31477 5874 3058 22023 21826 10557 18610 28229 10099 25069 8475
19266 2548 32275 13881 29800 14436 26780 19557 20459 30447 11286 5804 11255 12081 22054 22541 18135 20555
14248 1390 25285 15910 11878 21794 12393 23538 25678 26488 7416 32256 12076 29923 20429 20183 32414 11504
25181 29573 529 12966 8370 31461 30021 25206 23512 25812 15715 19677 7347 19437 17157 4805 16687 32521
13910 3810 20766 5558 10166 30775 5697 19408 8740 27229 17357 12541 12870 32329 14515 30369 1917 24796
10598 26980 6568 4809 15673 25191 68 15655 27217 15029 26338 18395 7531 3866 19172 7400 30841 24162
28216 17690 13558 20291 11206 18978 29891 10526 6337 2386 3896 19705 7962 25756 9346 14407 32217 31675
1259 24620 23031 23429 14072 28532 19688 19893 10565 13224 7187 14016 23269 17893 1607 11311 2004 14993
20806 12481 9212 25633 1413 16701 12749 30205 747 8050 16465 4447 23152 1389 7095 2713 6525 11905
32278 28909 29299 24956 19091 9725 28174 26636 8368 4108 4736 8073 20934 13338 11174 3791 1734 17127
8282 11558 8286 25857 273 18199 7987 21122 15348 11269 7818 508 8711 4295 12004 31256 10573 21558
6969 4987 6364 4193 26152 13478 2443 9554 2491 22103 26651 10467 18049 23084 25778 26614 3747 337
31642 25859 22382 3464 800 32631 24112 23192 27289 12513 11477 31167 5905 2823 26913 7538 2223 25425
15310 24472 13816 22409 23123 12153 18329 6043 125 29420 8753 8447 25735 9796 26805 22241 29549 2132
25704 9199 24468 7392 32344 4450 20280 4798 13620 32497 13815 22856 15748 26744 9676 28844 13909 25683
8852 16872 8023 18336 17946 2520 31856 6971 15845 9026 21076 20028 29060 15535 26758 20872 23420 17689
31827 2297 24939 7140 20840 15679 14272 20543 19333 31598 7290 31682 32064 3525 30041 1032 22618 31087
7345 20447 27391 11720 27265 15256 22196 20653 17408 22649 27644 21594 16057 17307 6054 16941 8890 8211
3403 26317 22585 32714 23234 19398 3169 18612 20825 10733 6485 24599 28607 16807 32150 10711 14726 17323
28222 9888 10202 14294 20812 15757 8028 3195 10808 31963 5992 15258 18051 24071 24153 12507 13622 22838
10065 23848 21924 21340 19764 8964 2449 13439 30369 2275 22036 12435 1935 23583 245 4023 3033 12608
29614 448 1869 28154 29369 18705 22193 18391 29732 18629 3638 25717 8351 16841 339 1810 19635 19335
24423 30468 29857 21405 4627 3020 1945 12537 18617 2598 3719 5687 23771 16025 31112 28383 31854 251
8497 29853 17560 3449 18153 1804 14991 24232 8265 4856 19669 30000 14827 5403 19079 14352 15772 964
31537 23255 26489 11224 17557 29911 14016 19822 2282 13676 9498 723 11069 24974 29281 16353 25658 1817
20024 29611 21718 4253 28162 6667 504 10000 22938 18405 9528 3120 31545 32566 32548 23223 16138 22016
5827 22355 19830 15531 4642 16190 11499 28518 5216 16340 22329 24360 19620 855 3424 7566 8903 32623
30634 6232 11468 28755 23576 12227 23022 11655 30824 29792 32462 17400 19355 6233 11971 175 23168 24413
3753 22991 15151 6785 3183 24539 29804 31445 10498 9416 31672 18322 15847 17437 24344 17215 28018 30861
26032 19589 10110 27206 13289 1433 28564 9014 16026 4012 20575 21507 6603 9416 10354 22165 28233 7658
15373 6582 8945 12088 14417 25078 1180 26731 5068 3038 31274 17437 30729 15187 3804 21015 8274 9316
24735 18749 23112 22792 15699 3274 4869 18537 31512 28767 7608 23363 22678 18315 8116 22937 28551 3240
19901 1421 1896 11019 26137 6065 21161 14395 5250 2115 25566 10274 11020 20993 25964 18855 23596 6661
24836 5296 25174 26859 8778 6493 16508 24928 101 6436 2089 8069 6951 6018 20575 11810 22384 28246
19044 15535 9855 12526 7959 747 25870 27324 582 32058 23811 1292 9801 28359 14115 24588 32246 21684
26410 27440 30442 13950 24584 18589 6613 32658 6797 18469 15167 20027 15370 17683 10801 25629 26490 13224
2033 8942 1729 27034 13472 17433 5742 28154 32186 13275 16641 23501 31088 16088 21926 9500 15141 31813
26081 16342 19833 8665 5781 2773 7556 11390 28797 30228 17206 2750 15205 14762 21230 13280 12638 10398
9378 22744 5210 27276 15240 6641 29690 10448 15455 28271 11659 31364 6935 10312 29765 7317 28547 17011
27691 16376 6719 25478 9276 31800 9989 16889 31805 12365 6238 21840 16674 24470 2283 356 3529 21836
19713 9621 14687 7116 603 16004 25268 4792 14585 1050 24999 12466 8370 12676 11291 15340 26759 25062
31383 1620 15129 11955 14253 30960 1084 31466 1678 31328 27666 6128 28000 31874 13041 12124 28295 15811
23296 7743 7422 2347 19165 11604 30764 544 21894 21270 6963 18171 21366 27189 2787 30540 14628 2602
12204 26881 22192 27702 17882 6352 11446 2701 21033 8834 671 25577 25812 19317 10721 4259 14373 27927
6878 5528 30284 19096 22183 8003 12873 7561 14882 4879 24709 26107 11973 8531 23055 18861 25545 17613
14175 3782 32111 23385 3804 32172 25879 17325 24983 13752 9894 11498 17441 16853 1807 622 3677 30718
16535 8748 7768 28640 4014 18178 31429 7438 32137 21851 24733 22612 5015 29770 1934 25619 25808 8278
10848 14419 6008 9077 7720 8562 23746 7686 1224 32472 391 3456 26283 11303 1027 31708 16394 25178
23326 17582 19709 7056 23288 6999 8499 18028 25148 15942 22183 21660 15721 960 24456 28871 27339 11194
18410 26476 11247 9004 29153 3939 4189 9300 6557 15597 25973 24694 11346 3426 14233 7858 16014 5191
20669 31853 11709 14633 24532 14945 14586 20524 13794 17298 7462 14703 17459 22817 29 5256 18369 3941
14147 21181 19892 2181 13697 13366 32142 6149 11266 32069 21566 15269 10955 28165 15467 5534 19452 18952
12396 21538 14079 31386 20662 12788 1563 6288 7369 31779 23581 27052 14264 18899 13519 7258 26519 20410
15534 20428 14568 32432 15346 12882 29717 22019 24834 17316 20413 6151 30167 1612 3106 19251 19701 11194
25780 13546 28980 2201 414 14738 25950 23440 22419 19854 32374 13202 8239 25469 9601 384 22550 1159
3312 8418 28229 31878 9363 25613 4096 18630 22808 28483 16133 13075 27460 28522 7251 18085 26979 30677
5078 2522 6437 4898 22215 10634 23514 21419 19828 371 23125 28464 28577 11690 1005 12632 11718 4544
11483 20987 22272 245 22442 31327 10568 29552 30257 1430 30216 29995 11609 18588 2177 14741 26825 27957
14592 282 18675 11274 22945 15138 14722 29369 26697 4635 14768 16404 12754 19520 9524 17523 21069 11668
1875 4319 16096 18392 17943 25080 17571 25241 12306 20804 10421 27003 14744 31379 21958 2863 30114 24588
17079 30260 5457 6639 32392 24076 31497 7509 3436 13962 11495 9729 896 20452 12803 4134 2048 16373
10095 11386 11941 17682 6228 23611 20871 3578 25863 43 22719 4853 17841 1790 6875 27685 13348 9906
17129 20872 18660 3442 26551 12127 22352 5567 16419 31964 21868 18838 8369 16194 23144 16621 11941 26266
16635 10164 29725 28606 14416 30412 16773 30577 20727 11310 2076 10939 20568 3784 6696 16552 22537 18646
31710 26953 11223 26229 12771 23974 9081 627 14602 32108 4966 12060 4922 9554 14556 26139 5504 11118
29917 2887 25499 11205 25418 20241 17576 4953 6212 31765 15563 5005 4440 31712 6357 27341 9663 7933
22085 12108 530 29723 5426 1537 31443 15103 32512 29541 17102 15811 20191 12671 20484 7810 26290 14077
31888 25323 7784 23486 11840 19567 14170 17981 4529 18133 8641 3746 13426 31260 32493 17143 2803 19443
3381 14479 11502 23636 26765 22207 21923 18713 19751 18084 29465 17731 18003 13395 20643 20239 30629 3458
10382 4540 27280 26842 10709 15888 3516 837 15168 26296 20856 32173 3088 11090 3366 18638 14884 16124
6790 27048 7250 5724 20888 880 31601 18537 21011 21184 18236 28392 18014 1567 4522 4534 2798 8066
24222 27117 26601 19287 4474 1968 18277 22672 1827 10104 5420 15931 9913 17097 13172 23060 30084 10215
12601 21607 31342 9439 11690 21856 31813 4545 5300 30532 26586 17998 8453 8781 26867 18115 20306 15730
641 13257 11873 24758 12826 18897 14680 29822 27408 31649 9709 27190 29749 29729 21803 31303 30035 2914
20610 4947 16285 31472 179 26247 7545 23896 2435 15684 13751 17642 30469 1071 19879 30182 10250 14137
30413 4016 8630 6949 29574 12621 14482 28693 24382 25938 14962 2436 26002 24785 1613 30640 5397 25044
15490 11648 6370 14501 29941 20625 26030 18623 9780 7716 9803 3311 10727 4401 29446 27256 2676 13765
8287 24485 1510 21969 12640 23000 29242 27356 14449 15904 28323 384 13444 29127 3630 31154 13399 28165
26607 20535 19890 10893 14314 24044 13266 27544 32149 14263 30891 16239 17306 7171 17934 13965 31925 6518
6524 9237 8615 23230 20319 28645 32015 17387 2509 18973 20436 19667 15936 18275 15123 17505 30362 13999
6960 27158 4461 14548 16564 2008 3472 26613 12619 31086 11493 6623 24409 19742 31344 2622 423 27093
32658 30524 31043 26142 13508 32292 28563 31846 30982 17052 6893 18719 7497 11666 21319 15675 20108 20346
25796 29369 27528 12632 19346 19868 4386 8545 17543 5879 27404 18130 24445 31934 4732 2289 32431 8957
2349 5441 28530 12820 6891 4455 2076 3718 12945 17277 30489 9737 28318 15956 12169 32105 102 23802
7829 27691 9019 6388 5859 12537 13866 2067 7204 19471 17766 3515 32010 18885 3839 2766 26011 27490
20031 6574 22331 22713 23367 8371 12762 18177 26841 18505 14949 16644 28180 8261 19043 31923 1906 127
5357 26979 23206 28781 11455 25692 18888 8834 14298 15749 514 20007 31764 31227 12670 30045 12504 32711
28735 25009 17060 5831 10384 25640 29447 27306 2649 9332 793 31419 22079 3011 20818 8739 2902 5672
6768 9779 17606 6174 18133 30028 20991 17033 28939 878 22238 29234 4503 28627 32352 5819 31862 24558
3374 15555 6960 15209 24340 1773 4304 13805 7114 8854 12938 20837 12053 926 571 17985 20445 29560
5489 31815 8934 16229 5759 327 17612 4609 18952 10468 18035 17471 18037 16634 27154 12543 18491 2133
10801 22787 20366 20959 22683 24805 29516 332 24742 14121 5441 19723 30808 27986 25431 29040 19598 4112
21143 16699 30087 2745 32452 16150 15707 25197 7109 11425 1657 21422 25566 15000 23884 8199 12165 17966
228 5753 8753 20454 28430 9005 6308 5943 16268 29319 17436 2045 23236 29661 8038 25806 22404 17960
10349 23176 3036 23993 2927 26994 7641 27560 11177 20274 7810 21865 13498 24175 32031 18231 8634 28482
23804 11751 25943 21833 6881 9221 8022 1780 3424 7705 2835 24971 19714 25121 5006 14170 3809 5758
14484 4614 24439 29645 12600 22354 18305 26218 30543 14902 10625 10973 10390 9594 24929 12732 26785 3062
29595 22149 12444 18813 22596 13876 14229 304 11366 12429 24766 9613 22343 24836 23106 5352 28330 6894
23072 30717 26166 13426 9048 19730 22144 11632 16706 19632 26356 31998 9104 5062 10019 4849 1927 16029
25403 22385 23341 24893 16407 14115 1181 2375 10714 1457 15269 13505 25297 17376 24558 27217 15472 5305
30956 24221 18536 28309 19062 21242 3246 21027 11041 6478 1734 5662 1978 26989 2601 4403 16336 29503
17991 12244 18362 23196 32631 16600 15291 2086 18248 1402 20577 31595 16382 20684 19498 2691 14235 16964
30391 14943 9576 26467 10370 7474 22491 20702 26817 24853 23775 26318 17324 31973 29039 2168 18114 9640
1266 17100 19901 31151 7022 10893 3300 3181 6868 9702 1321 16454 20553 12365 19611 6428 14307 26393
22737 29690 21451 26632 13874 20647 7990 20391 22732 6080 26594 25313 29237 2707 6949 12254 30861 18398
21108 12814 19240 4692 10922 17741 8188 17300 13057 29836 9920 6435 32507 28595 3337 17987 10209 13452
20403 30514 18689 14082 1360 12640 17382 5346 3765 15692 22243 8321 22393 1384 21464 20155 5315 5708
360 21613 11448 11260 29685 32468 13251 30892 27033 4996 10863 4282 30060 17182 26805 10203 1576 31814
25426 2922 5094 10336 13539 1557 283 8440 6533 6366 31464 26489 18232 13667 25836 27803 20349 25854
7059 29432 30257 2468 6793 22710 10721 9185 20950 21686 2311 18854 13949 29377 8419 15209 23083 23340
20813 16607 5758 12704 460 15581 5887 5905 5179 8375 20214 6969 16471 11861 9767 10457 17574 12876
26786 14804 6307 9280 18030 24089 3108 22472 28104 25024 26 10993 3345 7965 9330 24031 18428 18127
26439 32733 27502 11373 342 7520 28035 24977 19317 7040 1032 11333 18887 27825 24251 9516 6081 2713
20628 2082 8617 24896 29683 1224 22290 6049 5900 6657 17171 24866 31337 18652 13635 17563 12179 10847
26656 1142 8761 13564 20691 5161 6544 15660 1045 18149 15290 32014 23637 9057 24965 12196 19749 2358
17615 2820 4066 4898 22090 9678 5562 25302 18094 5162 27320 16799 3769 18363 30256 17163 823 32473
17564 21468 16163 20294 17976 25340 29290 6095 12144 3904 24246 25986 26166 1714 4137 6098 10404 764
7484 20538 22785 3810 31102 30980 6853 396 10313 28499 11561 23102 23048 7292 12003 27180 16635 2687
14025 30488 10667 16348 28213 17104 8570 28313 6266 9438 14838 17056 13176 8394 12838 23348 7545 9607
5084 15296 27781 25309 3969 16399 25255 24356 9378 24389 11191 15066 24469 19116 20554 19787 15422 13174
2474 1700 30499 17333 25476 17092 23037 5821 22102 31243 20347 15489 18366 31451 19056 5330 6912 6220
19436 3251 16430 31442 5373 3189 27445 32070 20280 8100 24936 17339 14615 9473 1796 30543 8452 4525
6893 21391 15375 4952 19337 28805 9080 7696 4193 30431 1602 12378 30054 10335 22713 23605 17254 27244
4287 23939 12690 15658 14388 19764 3270 19560 25356 15043 32564 1396 21636 14665 26187 24126 24600 11288
24830 14771 20611 23968 1024 5558 25600 12015 24254 28095 9537 26963 15814 32496 12763 32686 22212 23052
14065 19265 18653 28029 12509 3882 8048 30124 15092 20368 16692 32225 31165 18470 30956 24370 27894 3362
821 26499 13470 9414 20000 5859 5353 8940 21792 7581 17977 5223 18145 1942 23481 17830 24663 16643
19836 12420 10451 24691 29090 7489 31570 25023 28950 17097 2391 16040 824 29284 17060 4172 31978 6722
20153 9861 32500 11221 736 16238 20360 12519 522 19786 10987 7210 29127 29987 6066 8494 28772 12934
2564 7980 14362 19665 25054 27521 7246 2455 4482 1845 19152 18497 30151 2993 32648 29482 12009 23283
5285 29035 947 24218 7263 1749 7391 25277 28621 19429 8804 22389 24368 11368 2363 1574 28489 5675
7158 1421 20477 17831 2619 31093 30800 23404 3063 26997 5034 10093 25569 15108 11280 21731 19611 6872
15851 25542 7657 24868 8442 7022 13396 15802 29283 25268 26835 14111 27733 10480 9000 18502 22123 19543
21415 10999 31679 10717 24690 6106 21056 16884 20842 2817 16055 7876 18458 22259 8907 26545 3687 4926
8180 19918 18546 12896 15136 15885 5656 19152 20217 1073 12115 24344 30141 19292 18501 12693 22989 10160
18421 28489 5721 5442 7869 15790 5681 6186 18426 30788 6960 27174 17063 10465 23336 24855 3466 1968
24177 31484 29270 3622 2740 15115 11352 26943 2079 17479 13906 22317 27385 23829 19277 15376 20247 18426
26421 31209 20502 7748 21012 22555 2815 5853 787 1505 5468 26492 26227 1014 5467 10783 21214 505
26401 29844 14857 31279 31611 3249 24619 6555 23517 26100 10098 16000 32652 21674 14903 6780 24053 8721
8259 17382 27255 27999 3062 16932 25892 1787 27150 24998 11542 12309 301 23309 32736 27621 11311 6446
21002 19995 31777 10909 11545 29314 19769 11001 16081 2560 6941 11866 1410 10408 8288 31973 17821 16695
3490 10608 13564 31151 25383 20243 1713 17768 14964 603 17541 28681 2739 16779 8665 1594 13463 28718
13123 18142 24934 10716 14329 2689 290 30785 24618 19253 29763 14461 15508 14843 11390 15273 17304 3508
20641 28286 5941 30403 12319 5275 30906 25652 4460 25262 5378 1679 10211 1039 5863 15131 15577 22379
10793 19663 22457 28438 23460 14007 29126 8214 884 21343 227 11427 9085 9505 25935 22097 26567 9386
1917 25280 13297 16243 12336 24549 27034 29921 26725 13348 21687 15183 27759 17435 26726 7023 32298 15789
14728 11369 8897 20709 25156 23765 5892 25662 15171 13844 2051 4318 5503 945 23017 29064 25035 3285
2772 4260 29116 19080 31849 558 15666 18307 12546 29733 23003 5391 18400 17129 3937 311 17668 23640
13630 31260 28525 32320 17810 19107 21405 7306 20859 7306 13507 31200 16896 27503 31022 16428 4991 21818
24127 9250 29936 29671 32602 24579 31117 11341 31790 4500 18127 7775 19057 18369 27737 8885 32346 19089
20737 226 5878 27549 24759 19389 6484 26774 26635 3686 1825 11730 18677 13970 31825 968 29859 26756
93 29661 22183 10138 22122 28811 7520 235 22743 3176 3003 8754 11298 19719 16393 2792 21726 25715
7259 16869 31995 24195 15247 15560 29824 3295 8264 25640 14576 16122 2263 24944 4324 4159 5170 8627
1504 23207 9396 14831 18967 6080 11141 6206 21804 15729 18809 11989 17455 24938 29076 926 18707 12419
30752 20909 13581 1243 15235 10121 27253 10131 21003 11980 16825 2399 26958 2355 11761 32440 16999 28293
11266 19230 30639 30829 18878 1969 30653 18090 20424 12501 24927 26999 23288 26459 11612 15424 28870 12538
20667 7770 23338 17262 17658 13501 22476 10146 8469 8344 26103 16294 12300 22475 16493 31707 12420 2632
20029 19354 10610 16533 5762 5397 229 8191 1013 16389 16080 32633 890 8351 10755 14894 18826 19546
10793 27462 19426 10081 6809 32395 14659 13369 31545 17105 32067 29499 10712 26996 6908 23819 4402 7875
27433 17515 31028 10223 2414 11069 25634 12939 31957 22287 9611 16542 26565 12340 7717 24182 19158 14571
18672 3469 10041 10064 1421 4274 3148 28325 19451 1414 23630 17351 13749 30487 21659 26932 1891 21952
9393 19949 10452 126 8432 19386 13652 19262 23624 4315 4525 11898 13702 166 13124 3145 8991 6080
1181 13960 19294 8046 4860 8729 12948 15301 29005 29647 3506 8678 31892 21013 791 235 27804 10367
26496 27121 24452 18335 16754 17439 18746 3952 8384 5847 29840 3433 5221 14448 497 15721 19542 10984
3819 22212 12858 13499 29416 21237 1360 187 15817 6553 17916 20717 25342 32129 31829 4364 15921 30585
9607 21449 23904 18764 21854 2026 15367 30567 22096 28712 23355 16995 21774 10862 25557 3865 25442 21148
15586 26267 24121 3102 17455 31932 713 32506 5011 26314 16223 5223 32605 28732 2805 32205 15058 14413
20547 21560 19621 1246 14394 22976 16916 30377 24417 11108 18902 2741 17037 27955 9705 5362 28495 15960
7397 8241 17077 32732 23035 24403 17510 15181 25917 7065 26616 13299 8724 19580 16963 28656 32162 17533
32133 17427 15337 8008 6415 12052 3352 23858 16402 4204 22660 22526 17252 1470 26855 31897 826 31837
26043 30259 21318 16666 17899 14097 9978 7201 10166 2535 4137 17316 14853 6330 23933 12794 8836 5437
25623 10974 3494 28194 16435 31750 21361 15832 6479 17599 23909 24164 13702 20833 14985 20112 26592 21803
2915 21596 9813 4123 13431 2231 21212 11138 221 14416 902 23116 9064 17862 22077 2063 16271 31010
7002 9176 26886 26785 25599 20896 17271 26185 16144 4028 12256 8051 12799 6882 13265 22786 14441 7625
1213 29945 22325 30715 25943 11695 3823 10215 16431 12769 14662 9243 11014 3532 7644 12231 16420 3686
18993 30399 30739 2275 31022 31815 29042 13329 5504 10635 20814 32393 9069 1776 10556 3781 7673 27994
3707 22428 4886 14749 20079 28331 2859 20529 27665 4011 2062 31655 21306 31046 9943 29298 27770 3781
12593 4054 32465 27489 10803 3181 2534 21169 8661 16765 1672 10818 23573 17401 14173 26769 5953 25150
30642 9539 32170 20931 12994 13935 3646 5976 28902 1877 2200 30484 9659 5246 10345 30541 11134 14468
15353 17159 6077 14067 25077 30539 21821 12158 31318 10280 12079 26418 5866 10424 14766 4804 30392 25123
17212 3475 22744 18089 15291 10927 12930 11000 15581 2722 5191 4976 7984 8864 19130 16526 18644 24812
1564 1560 8685 6779 5526 14923 22787 11794 331 18376 26108 2102 4121 11959 30096 29896 1071 372
10854 26991 6998 10363 24308 13790 7689 31029 21856 17607 2605 27751 32614 23079 9398 32719 19755 31600
32437 3775 11215 27591 14805 11876 8711 27331 6048 22714 13782 8076 8345 29582 1902 23957 28141 32240
19788 11967 25378 29013 7611 19970 25152 8689 12655 103 18421 10821 2965 30324 14973 11734 12992 8957
6090 32584 26503 13183 3886 30100 1069 5519 12892 31954 29037 13665 2343 11693 23745 25047 29891 30906
7126 370 28359 12412 26914 1311 28251 32591 26059 17288 466 5087 3318 10787 26240 4440 1060 28532
11423 3751 29866 12903 12789 12570 23288 13027 32711 11802 30345 4035 22637 16428 18236 13889 32661 23399
17531 28140 2607 11465 14437 11979 16763 12609 28052 11251 25945 28526 6488 16335 22976 8513 12133 9636
2962 22585 2725 11276 6321 26999 6047 19744 1879 11409 27558 22379 6269 23039 30102 5230 462 5263
13287 6265 6761 27196 7044 9976 18355 22626 7369 22949 13426 7861 28788 29404 8098 28179 6958 2841
20173 15920 20809 629 28405 22208 10382 25626 29030 22435 17056 9799 12142 19555 23791 29802 24930 5964
29207 28125 13544 16137 22542 1518 3720 27738 2033 29090 17033 8808 31480 19989 20696 32407 18552 27770
28814 2960 29073 28510 30239 29613 1425 9469 24986 7740 3107 19182 8003 1182 24639 10009 18489 19001
26810 8684 28123 25483 23033 19873 15490 22822 27828 1823 450 28933 13913 7082 24949 19420 3663 8267
18058 16744 11440 26151 23178 2008 28177 14330 4315 29355 26900 19803 4371 21700 16481 7827 3136 20921
24210 1627 18944 10784 1786 23614 30804 20418 26620 29861 2843 19578 6745 12803 13929 18485 14814 4963
20636 15129 862 27577 10010 5566 9160 12090 4815 28058 9389 287 22425 30735 8675 28546 6979 24874
13412 1943 32617 18765 15985 12289 10942 30269 1347 29604 19884 890 17233 10823 28208 7646 8323 10813
1735 5698 15198 28479 17590 22397 12066 25241 29113 3080 17400 12435 21695 32291 13178 22352 5589 32713
12010 23132 29118 26102 4788 18494 18454 25209 29477 31856 20884 18939 28224 19368 2225 4205 28398 1042
4645 2385 19830 28672 12405 14059 30992 17722 3759 13521 5872 11623 28289 2495 16993 21588 1403 27793
23088 9943 5527 18586 1896 12156 3368 3402 26895 15364 14784 5292 4505 14410 23164 11749 16662 27292
7584 5655 2325 32011 21876 27941 17740 3 28723 29033 5635 21100 32574 3793 18284 6802 23032 3372
21043 15597 10047 27023 24986 31590 23245 10072 2670 10867 28942 9242 8120 10078 30501 15084 20528 31631
10619 17126 31025 22842 13772 13611 23267 23885 27754 1450 6628 17065 27917 31623 14765 29298 6708 5305
31850 7659 24742 16583 21644 19765 7466 32441 21234 3961 11980 10913 15989 14455 32513 1519 16663 22306
3603 18261 22027 20875 20067 15825 25916 20994 23218 21255 14279 29085 21606 30876 12832 19375 29725 19786
32536 26385 6716 1205 6225 8167 27247 24244 22533 32573 15975 14879 32693 11215 31730 3651 24746 24511
6755 22590 4367 4049 25293 18153 23224 12282 14366 13064 20310 16594 29221 11587 11537 4792 6031 12480
377 27089 991 17499 13544 28557 17400 5956 27555 7515 13897 25678 26570 3196 14804 10669 22759 22317
31001 32451 17566 30513 7105 5604 29845 19801 27508 13558 5524 16059 14463 12755 29672 4688 2318 15647
327 32006 24630 2357 3944 1509 10203 6104 27779 12381 2570 15123 19556 5915 17807 5560 11146 25800
18828 9971 5768 21870 9460 11478 965 11687 5210 27317 10592 21123 15289 7733 32066 28464 22351 12256
18868 21379 28553 27428 997 30721 23658 18731 20259 21190 9197 6961 22915 27239 -8 8221 32193 20763
6017 20774 22189 30222 13953 29255 12124 30580 4541 12515 31937 25005 24990 24321 19721 2124 24619 5273
22297 25589 30260 17636 6335 8510 9235 4743 11438 19865 29023 28465 18132 19592 28661 21083 370 684
7758 4952 26482 25144 13567 12964 26641 17416 11162 7805 8193 14930 152 16010 9016 18632 4303 21263
13506 11681 2537 29462 5930 10233 17409 13836 25180 26536 3861 21655 2858 4608 16156 19649 1863 2049
856 21706 15164 23008 21888 10801 7482 5034 2997 1859 14670 20274 22931 19575 722 14080 19741 10272
7930 26425 4669 19082 5363 22210 2518 28789 3816 13980 60 20838 6243 29127 3714 15521 1612 15063
29609 29168 29528 21125 28730 326 32379 29619 29160 15871 13948 4222 6588 4361 24143 19654 27248 13947
30518 25047 10482 12837 15303 22307 15600 2071 30846 15536 7286 900 28002 21102 3701 6533 9433 18648
20769 12996 27592 1760 28408 26756 22358 8486 20351 317 816 28250 20196 14264 30118 25846 26950 6655
21717 11810 17592 2976 22805 6624 9978 14047 10392 24665 8758 30938 2131 23768 1327 5647 3684 11622
23105 16607 16646 25622 572 16387 20415 13683 13834 16408 20726 20564 31686 7263 12597 19019 23263 10988
16326 20058 23551 22485 1024 30754 8021 7101 18561 2188 5948 6554 1875 24517 12566 28634 8989 26714
31213 2219 6671 24525 2608 30068 7593 10223 17695 8613 15363 3611 14013 26845 1573 13116 7483 23553
24501 355 27159 16898 25575 23062 17978 8117 3004 27299 25798 21084 303 20769 12848 2714 19501 32479
10661 12717 17502 990 24148 1580 29775 12329 904 31778 22990 13732 136 11413 12249 14247 23246 24485
11557 29574 1237 32429 25777 28313 23205 31023 13013 21887 23306 26924 25671 30799 26313 658 441 4180
5156 6708 27947 15147 24788 20407 15455 22193 20428 9956 31863 10902 15847 7244 19140 2803 31229 228
28478 24644 27679 10547 25513 16511 22591 15264 29799 1445 2028 10749 26186 3402 26477 8746 19903 3483
25042 605 865 11115 2279 7264 24989 15803 21432 21479 14174 27256 149 25793 7309 2066 26232 23358
4946 28980 16826 3438 8875 13451 18293 7619 22171 20204 3324 22107 20760 23057 3545 26364 22642 23786
23982 21075 3960 10443 20610 5714 16794 28730 10078 23662 29110 737 2840 15399 5452 23248 25402 24025
10538 26262 21419 1976 2901 15692 28070 25398 17993 10046 24676 1132 14653 10326 13296 530 18968 30515
23734 10086 3070 3651 12604 3690 1991 16658 3910 11479 4402 1096 15532 8250 22012 20828 20207 17868
4351 21627 9836 26849 4210 20389 18588 5500 30531 24247 9603 22769 27032 2234 5294 32476 3372 19108
5384 5389 3032 1884 7271 16895 705 2263 469 15346 2857 32357 20374 27064 18516 9377 2052 31745
9900 496 10746 2318 14385 25906 81 30798 23052 4300 2218 18619 4021 16262 32160 32402 16127 28240
20431 17561 14684 6015 6831 3156 16088 19313 24576 14703 26054 20925 5962 9387 5144 16544 23490 496
30077 13524 17948 30091 7050 5913 15637 25786 12874 6898 18895 19832 30309 25201 15068 12665 22735 29538
8937 24753 31534 27123 32379 11940 29195 5121 3356 24396 30645 25177 10574 22268 31973 23224 11455 23022
16960 30517 10804 26293 26467 7939 3171 30704 6929 9317 25303 14712 22665 29587 27241 31866 24115 24460
7526 30562 18857 14193 22076 7235 1207 4544 21005 4873 28634 30716 7697 8929 30237 24766 15469 5776
30108 8678 3152 26727 10779 18632 16671 16715 1068 818 29975 5866 6661 1501 8981 30045 7477 7232
5027 16360 545 19788 2366 29940 17432 16818 14339 16811 29522 22335 21548 28701 30622 3483 17507 32067
13474 14388 17164 25084 31581 8514 31410 23410 29872 2668 27106 15987 29000 13928 6686 8829 19209 26544
30281 28570 17191 229 19540 7094 2546 12888 17830 9016 23545 24646 25456 2248 24513 12081 18946 26694
12711 24814 26407 26965 18514 28406 16413 7296 7824 3602 29289 4216 20123 1918 13438 10690 2716 4821
24807 2642 7726 7579 22843 5040 25925 11238 19543 20802 25743 15972 11086 21775 28339 26963 23112 21487
775 2273 26666 3418 20875 16210 22932 18962 4068 10058 21299 32342 3102 26732 12166 23230 10221 6310
19274 22876 10770 5830 5598 4390 4136 19058 12357 23838 19974 30068 10219 8850 9968 492 6232 17113
2770 31285 16446 976 9722 5536 21955 31774 3361 1750 9748 20092 13168 30477 19498 16419 5380 23243
2794 30393 17275 3037 5706 26969 16206 21627 22500 20660 18957 22430 31491 8911 7957 738 19290 26077
15353 30009 13194 26111 10086 1866 26214 6862 24762 24688 67 18391 25776 17956 10839 9312 29659 3900
3737 5779 1527 26994 9742 19844 5769 23447 11909 18219 14029 12655 21455 3234 4339 15526 22465 13007
18560 5782 18020 26885 25578 20578 32711 9281 11168 15081 9983 12397 10818 13634 16047 13729 14801 11133
585 31875 19066 13152 17715 32172 20138 29172 26192 2187 30729 13908 8711 3406 12786 30229 20423 22155
1305 5741 22316 15682 20620 12086 26518 9522 976 12904 16339 19293 17985 9645 4191 13549 14313 22697
17768 18486 14131 17541 17355 24012 22606 280 25964 21632 31068 31417 16519 29876 8283 22086 1735 11967
3570 11537 1834 263 12673 3921 8026 4268 27409 30489 10284 16943 17672 6394 10618 23705 5403 15671
24867 1231 11488 3922 26979 6940 2139 3519 2664 18634 9670 1904 751 18566 29289 21148 21621 13898
30888 10393 24228 29268 15277 21223 21913 25458 27602 5597 24507 9403 24798 1069 26406 27115 1209 10178
26971 10250 7297 11290 21319 19507 6532 30084 13298 3697 24728 20983 21077 11098 12843 11982 29433 4410
8129 24 22620 19540 14961 17672 19096 15969 26392 21872 12956 28041 808 25844 5236 30230 18289 26353
29942 27723 5015 16433 30248 14425 3849 28979 14233 14973 19256 9877 17874 16935 21234 23019 9320 9204
21252 28672 16442 31593 18546 287 21605 25556 24336 13695 3648 13349 28346 25440 32085 2647 16417 23271
6638 12805 2146 2667 28465 12828 17631 26760 13421 3585 25779 20286 24971 1466 27533 13410 2887 25016
31068 27489 4458 5450 25518 23534 28151 17667 19437 23159 11839 31683 24369 3417 25515 7015 11066 2985
6099 21634 13349 8495 4117 12696 14535 25428 27569 269 20016 978 27072 11033 17061 3122 25210 15933
28682 28398 16121 16264 27825 6478 32131 2521 17662 29464 2963 18492 10758 30489 1141 22547 16969 20781
7748 7620 1697 11573 21137 6467 22797 9165 3637 17774 16579 28616 29787 3834 30520 22798 165 28309
12953 245 5373 29162 22893 31687 15907 16497 2957 25300 15327 26390 11345 19731 6203 30564 23035 22525
23067 17824 32297 11789 7923 21120 25689 13851 10231 11239 89 22757 9809 20750 21310 1713 21122 25950
6332 27374 7067 16353 10834 30930 30948 8187 17242 15745 11096 5968 4677 8911 31260 29067 17324 4104
13900 10289 29168 4954 4644 11606 9849 270 5941 6565 22571 13163 18410 2457 4855 22565 14435 13913
13543 30541 10865 5390 27739 7942 30966 2648 25403 24754 24166 31838 17326 2915 25235 20569 567 20383
31678 8088 6338 14363 12001 12099 7940 9273 15128 30680 27703 12048 7377 18341 11783 12380 29515 19616
8349 16968 5749 4442 21609 30918 26339 14685 11323 13746 9785 2250 441 18155 24984 775 6722 14514
15479 11469 22884 2636 9691 15747 23702 12094 17700 19385 27669 2561 10831 16654 27937 19410 3344 8487
16730 26143 10074 28668 16235 30896 30571 17265 12553 26987 29829 19468 517 4444 898 24856 3287 10943
13841 23534 12325 27732 8670 20060 6611 32347 23140 24744 29440 13379 23100 25243 22964 14291 26543 23433
21341 4539 16548 9749 9421 15156 6494 25335 15165 9391 15143 20205 4874 24198 19836 18530 18177 19929
5947 3941 13753 7049 16965 3564 26446 18476 28479 12944 8470 4363 9152 11086 21045 4760 24629 2689
17821 21591 26882 9203 17655 10587 3808 11578 6522 4833 536 27720 5454 3949 32139 686 4733 933
21738 7928 4904 10276 12679 8682 28424 10434 2899 684 14848 24783 10353 32410 20459 24812 12370 24494
12855 10713 7678 26320 8661 18643 7575 9474 8978 16547 8503 20502 22181 27835 14609 24135 21422 18650
31321 30051 28461 18987 589 30984 7367 13816 24495 17475 21637 8460 28692 23100 10808 1236 31702 6769
415 5499 7652 17362 3180 17688 17068 21361 31958 8433 18843 2603 6627 29386 5898 9708 8466 21596
8308 6567 8364 8099 16466 20800 14310 26839 23845 19470 26611 27869 12223 6919 25223 8668 13543 3616
374 21606 5653 7318 21394 32345 5473 21747 27379 17050 18685 24661 22612 14931 12720 25584 32724 32623
30884 20345 12978 8281 24669 24950 15006 26760 13590 28521 16923 11051 18537 15668 17986 31272 17379 28503
32127 30471 24379 25883 24552 10447 17800 1391 15507 831 13791 19247 2119 2819 11001 7358 20859 17342
5771 15049 1317 21131 31530 21115 29159 638 29238 32367 13024 5614 26728 17295 28979 4364 7680 21707
9703 27170 13828 10775 18788 18992 24776 14021 7210 19422 28099 19171 29888 25351 20640 27771 16088 22877
25950 13056 6030 3289 44 29471 13189 23371 5121 17695 31054 26269 31883 12926 32262 7957 14277 5944
20051 15937 6733 503 12684 8108 19267 8145 20806 8793 4956 32440 29347 32656 19204 13281 11442 17259
29747 12471 18480 20963 19198 21474 13411 9655 22969 112 15687 13376 23590 18816 28422 8846 32333 31797
21124 14343 16859 5450 28560 14779 6046 28153 16301 7121 30581 11241 32476 13112 1048 16514 1278 21836
1464 928 5368 4228 18510 13566 19683 27214 10364 29167 8965 20006 23683 26835 7480 6752 17374 22844
11320 30046 19008 10889 22803 22727 10759 9709 12199 32099 6570 8135 4629 5399 12440 7210 25044 32004
3903 15010 10707 21935 5666 30031 13820 11314 14570 32550 17320 8313 14244 19826 14279 13645 19492 6330
1510 13523 5654 24786 13478 22264 21196 16364 11119 5346 11240 6508 13663 21855 10552 28562 25929 24355
4722 27777 18290 15272 19260 27264 3087 30688 30606 1979 5873 28059 29194 4349 8519 707 25338 20331
22393 2350 349 1614 8510 11337 19450 11071 32319 6072 17730 9763 9299 17209 32446 9270 19215 4035
32627 18996 20567 8734 20962 20999 8764 9838 17622 24453 6719 26912 11267 6291 13763 28926 11047 19514
22425 1744 22829 13670 32520 22024 17946 9416 8200 4725 12378 7548 2151 20352 30030 12718 32440 29931
2320 10782 1596 31706 374 17620 29678 25199 144 5916 16632 32633 2564 24340 18066 9262 4059 20445
20074 13957 17056 9671 9599 12663 28849 3323 6904 13851 166 10281 6471 6584 21328 16852 17297 7657
6304 29973 17769 15712 25592 23009 16098 14812 3026 36 31271 22490 8288 18011 22252 29494 1448 22383
5580 22769 32008 23477 29312 4743 10583 10531 13843 3630 23321 32526 11993 20679 12092 6331 14824 7289
19862 9156 18674 14623 21088 25803 4778 18825 12032 6329 22300 23100 3610 23605 26130 5491 1729 9832
21121 18419 11076 9187 32561 9203 16054 31644 28839 27775 7705 19491 4156 30310 10429 27521 19658 10858
13200 13930 17410 29897 21545 31470 24989 19886 3755 19027 8034 18283 13095 15862 21145 19804 30259 31648
12998 138 4222 1363 1418 23847 29226 8093 7105 5547 21702 23560 3078 20174 14647 4677 22104 10534
7212 21682 23826 17308 28244 11315 24279 9114 7076 10032 24160 11771 11776 2025 8937 7577 22217 7707
15905 8934 27685 6019 17262 6383 9489 21548 7225 31601 8490 2498 9676 2622 1880 16865 1014 17957
18379 40 21894 12947 19849 6890 13686 2268 10888 5127 13733 18597 3056 31671 16132 20923 220 11292
613 29368 24811 26299 26376 6479 23881 8754 8795 4026 2570 4712 25867 29538 27160 14469 18575 20702
18995 1567 27482 4374 30632 24361 25884 9060 7771 2061 208 4581 22874 18900 26556 27053 17324 23212
10744 9613 4957 21754 20544 1302 3251 18928 25271 32100 22514 15270 4344 12068 1765 2423 26551 3498
21807 7394 16238 9051 28736 24812 20510 8020 21072 20734 5760 6254 31914 10923 30381 12629 7487 3946
18313 2554 27522 8354 13229 10822 18483 25580 7140 20984 27919 31193 26148 23001 14074 29789 26274 4639
22546 22586 19820 18988 31892 5619 17884 28027 12102 1456 12994 25000 2268 13002 13369 4607 30439 524
25239 21542 9671 32676 27245 4595 23030 24619 30276 25754 17625 268 4313 3402 8224 29630 28034 30361
7452 24829
