	学号		语文	数学	英语	物理	化学	总分
	00000001	76	78	81	75	68	378
	00000002	76	73	78	75	76	378
	00000003	75	77	76	85	78	391
	00000004	75	78	82	85	80	400
	00000005	76	79	85	80	67	387
	00000006	77	76	77	78	79	387
	00000007	77	79	77	73	76	382
	00000008	78	79	73	73	84	387
	00000009	79	79	84	75	79	396
	00000010	77	73	71	78	74	373
	00000011	76	70	79	74	77	376
	00000012	75	80	79	78	73	385
	00000013	79	76	77	74	74	380
	00000014	74	73	72	76	75	370
	00000015	75	83	69	74	77	378
	00000016	74	76	81	78	79	388
	00000017	84	76	80	80	78	398
	00000018	80	79	79	77	74	389
	00000019	70	77	77	86	76	386
	00000020	78	80	83	75	77	393
	00000021	71	75	78	74	83	381
	00000022	73	74	76	80	83	386
	00000023	77	74	79	70	71	371
	00000024	68	75	77	78	76	374
	00000025	75	85	72	75	81	388
	00000026	79	84	77	77	80	397
	00000027	83	72	82	78	81	396
	00000028	73	83	75	83	79	393
	00000029	75	78	73	78	77	381
	00000030	77	77	82	80	77	393
	00000031	77	78	78	79	76	388
	00000032	70	82	74	66	77	369
	00000033	74	95	68	71	75	383
	00000034	76	77	79	79	72	383
	00000035	78	75	82	80	74	389
	00000036	74	76	75	80	77	382
	00000037	79	80	77	78	74	388
	00000038	77	77	78	74	75	381
	00000039	97	72	82	80	75	406
	00000040	76	77	73	74	74	374
	00000041	72	76	78	76	86	388
	00000042	76	88	75	77	82	398
	00000043	81	78	77	83	72	391
	00000044	69	72	75	75	75	366
	00000045	77	74	82	75	83	391
	00000046	79	73	78	76	80	386
	00000047	76	70	81	78	77	382
	00000048	69	77	80	79	82	387
	00000049	79	77	70	75	69	370
	00000050	80	81	75	74	77	387
	00000051	70	77	77	77	76	377
	00000052	74	79	77	76	81	387
	00000053	75	73	68	78	74	368
	00000054	80	78	82	68	76	384
	00000055	80	71	72	74	76	373
	00000056	77	80	89	74	75	395
	00000057	81	66	78	82	80	387
	00000058	79	80	70	67	80	376
	00000059	73	67	78	82	74	374
	00000060	77	73	77	77	69	373
	00000061	79	76	74	74	79	382
	00000062	77	78	73	73	69	370
	00000063	79	79	70	80	81	389
	00000064	78	76	72	75	77	378
	00000065	82	80	74	73	76	385
	00000066	72	73	69	76	85	375
	00000067	71	81	75	77	76	380
	00000068	81	79	75	81	68	384
	00000069	75	78	77	78	85	393
	00000070	75	80	67	75	78	375
	00000071	76	79	75	79	79	388
	00000072	74	71	75	73	75	368
	00000073	81	74	65	74	77	371
	00000074	74	76	78	73	77	378
	00000075	72	76	74	83	80	385
	00000076	84	77	78	76	72	387
	00000077	85	77	73	77	78	390
	00000078	78	71	77	69	76	371
	00000079	76	77	78	80	77	388
	00000080	80	79	76	68	73	376
	00000081	76	81	84	78	78	397
	00000082	78	76	76	77	76	383
	00000083	76	84	79	77	74	390
	00000084	74	72	75	79	71	371
	00000085	78	75	71	77	69	370
	00000086	86	78	74	79	78	395
	00000087	68	82	76	78	66	370
	00000088	77	79	74	83	75	388
	00000089	76	74	77	76	76	379
	00000090	77	78	76	83	76	390
	00000091	76	82	63	74	77	372
	00000092	76	81	79	75	77	388
	00000093	77	77	76	76	69	375
	00000094	77	76	71	78	76	378
	00000095	83	76	72	84	77	392
	00000096	78	74	79	78	75	384
	00000097	76	80	77	85	75	393
	00000098	71	84	79	75	74	383
	00000099	76	77	79	84	81	397
	00000100	73	73	73	77	77	373
	00000101	75	75	84	73	79	386
	00000102	70	74	77	78	88	387
	00000103	76	75	73	73	80	377
	00000104	70	77	79	78	79	383
	00000105	82	75	75	76	79	387
	00000106	79	77	76	74	77	383
	00000107	75	76	74	80	74	379
	00000108	76	69	76	76	78	375
	00000109	78	79	78	79	72	386
	00000110	85	75	70	75	83	388
	00000111	75	70	80	72	75	372
	00000112	76	76	76	83	80	391
	00000113	78	78	72	84	79	391
	00000114	79	80	80	70	77	386
	00000115	78	76	81	76	73	384
	00000116	84	78	77	77	67	383
	00000117	79	74	72	76	75	376
	00000118	77	73	85	70	76	381
	00000119	76	79	78	80	80	393
	00000120	86	75	77	72	78	388
	00000121	79	79	78	84	72	392
	00000122	83	77	74	72	76	382
	00000123	78	70	79	83	72	382
	00000124	84	77	73	73	85	392
	00000125	81	74	84	84	77	400
	00000126	72	74	73	76	76	371
	00000127	76	74	74	71	77	372
	00000128	80	80	78	77	75	390
	00000129	76	80	77	68	79	380
	00000130	77	83	81	75	62	378
	00000131	76	77	76	77	77	383
	00000132	79	72	75	76	80	382
	00000133	80	76	78	69	72	375
	00000134	78	73	72	75	74	372
	00000135	82	75	78	69	75	379
	00000136	83	76	73	72	84	388
	00000137	72	81	77	78	77	385
	00000138	83	82	79	74	74	392
	00000139	75	67	76	76	85	379
	00000140	74	77	80	76	74	381
	00000141	79	75	76	79	81	390
	00000142	76	75	77	83	77	388
	00000143	79	77	72	71	73	372
	00000144	72	81	79	73	72	377
	00000145	70	77	74	75	78	374
	00000146	81	78	74	79	72	384
	00000147	77	77	73	78	76	381
	00000148	75	80	82	84	75	396
	00000149	75	79	78	74	74	380
	00000150	76	78	77	79	83	393
	00000151	76	77	73	80	76	382
	00000152	78	75	75	85	72	385
	00000153	81	82	74	85	85	407
	00000154	77	82	80	77	78	394
	00000155	75	73	75	79	75	377
	00000156	75	78	78	71	79	381
	00000157	80	80	84	75	83	402
	00000158	71	72	65	73	71	352
	00000159	79	72	76	76	73	376
	00000160	72	79	78	77	80	386
	00000161	74	77	76	79	70	376
	00000162	82	78	75	74	83	392
	00000163	71	90	77	77	78	393
	00000164	76	81	82	82	79	400
	00000165	81	80	82	70	74	387
	00000166	80	70	75	76	75	376
	00000167	78	80	78	74	78	388
	00000168	75	74	79	78	66	372
	00000169	78	77	75	75	78	383
	00000170	75	78	78	76	75	382
	00000171	76	82	72	75	77	382
	00000172	75	74	75	73	71	368
	00000173	79	79	76	74	73	381
	00000174	73	87	77	70	78	385
	00000175	78	72	63	77	78	368
	00000176	72	67	78	83	76	376
	00000177	77	74	73	73	77	374
	00000178	78	79	71	69	72	369
	00000179	79	81	74	78	85	397
	00000180	71	79	73	77	73	373
	00000181	70	76	81	74	74	375
	00000182	77	79	68	73	68	365
	00000183	71	80	80	72	77	380
	00000184	77	68	75	83	74	377
	00000185	76	68	77	69	81	371
	00000186	69	75	77	76	75	372
	00000187	80	73	80	73	74	380
	00000188	70	79	77	80	80	386
	00000189	73	67	78	73	77	368
	00000190	79	77	74	75	75	380
	00000191	78	83	81	77	77	396
	00000192	76	74	77	75	78	380
	00000193	79	77	77	77	76	386
	00000194	78	78	81	80	81	398
	00000195	74	73	78	77	81	383
	00000196	76	76	79	74	70	375
	00000197	79	74	73	80	81	387
	00000198	75	77	75	76	72	375
	00000199	73	79	70	81	75	378
	00000200	77	77	77	77	74	382
	00000201	78	73	88	75	77	391
	00000202	77	74	77	76	77	381
	00000203	80	77	71	73	78	379
	00000204	74	72	77	84	81	388
	00000205	73	77	75	69	67	361
	00000206	75	74	71	78	76	374
	00000207	75	74	77	77	83	386
	00000208	73	69	78	85	77	382
	00000209	83	73	77	73	82	388
	00000210	82	74	77	80	77	390
	00000211	74	78	79	86	85	402
	00000212	73	77	76	75	77	378
	00000213	71	79	78	79	85	392
	00000214	69	81	77	76	77	380
	00000215	77	77	79	78	77	388
	00000216	78	75	74	76	78	381
	00000217	82	71	77	73	78	381
	00000218	71	78	82	81	79	391
	00000219	83	74	78	78	74	387
	00000220	77	81	80	77	77	392
	00000221	76	77	75	75	70	373
	00000222	73	87	79	72	72	383
	00000223	77	79	79	80	79	394
	00000224	78	76	73	78	78	383
	00000225	78	73	74	75	74	374
	00000226	81	85	79	82	77	404
	00000227	79	76	75	76	81	387
	00000228	77	75	77	78	70	377
	00000229	82	85	72	77	79	395
	00000230	77	72	77	79	70	375
	00000231	80	69	75	74	75	373
	00000232	73	80	79	80	74	386
	00000233	76	81	78	87	80	402
	00000234	72	80	77	75	83	387
	00000235	77	81	78	69	79	384
	00000236	69	82	79	75	73	378
	00000237	74	74	86	83	76	393
	00000238	78	68	74	73	77	370
	00000239	75	75	77	79	72	378
	00000240	77	71	79	76	79	382
	00000241	77	78	76	76	71	378
	00000242	74	72	72	84	82	384
	00000243	77	75	88	75	80	395
	00000244	77	75	85	74	79	390
	00000245	76	79	77	77	75	384
	00000246	77	74	76	76	76	379
	00000247	62	74	81	73	78	368
	00000248	72	78	78	74	75	377
	00000249	76	74	84	72	75	381
	00000250	78	81	78	78	80	395
	00000251	78	75	80	74	79	386
	00000252	77	74	79	79	82	391
	00000253	84	84	82	85	75	410
	00000254	78	75	80	73	84	390
	00000255	80	74	77	75	77	383
	00000256	63	76	73	75	73	360
	00000257	76	75	81	77	79	388
	00000258	82	72	85	75	75	389
	00000259	81	77	78	81	79	396
	00000260	79	74	77	77	73	380
	00000261	86	68	73	77	80	384
	00000262	76	76	78	76	78	384
	00000263	74	78	76	78	76	382
	00000264	77	73	83	75	77	385
	00000265	73	78	76	72	77	376
	00000266	82	76	74	83	76	391
	00000267	76	76	79	70	75	376
	00000268	76	78	78	71	73	376
	00000269	73	80	78	84	77	392
	00000270	76	78	77	77	78	386
	00000271	76	76	72	71	77	372
	00000272	79	80	70	80	75	384
	00000273	73	67	73	76	76	365
	00000274	75	78	71	81	72	377
	00000275	75	75	80	80	85	395
	00000276	73	83	72	72	74	374
	00000277	79	76	81	80	72	388
	00000278	84	84	74	80	79	401
	00000279	77	77	76	75	83	388
	00000280	76	75	77	69	74	371
	00000281	87	80	76	85	75	403
	00000282	78	73	71	79	74	375
	00000283	80	86	73	72	78	389
	00000284	79	74	78	77	76	384
	00000285	77	76	72	82	76	383
	00000286	72	77	76	78	67	370
	00000287	75	76	77	79	76	383
	00000288	77	79	74	79	77	386
	00000289	71	74	75	77	69	366
	00000290	80	79	80	83	75	397
	00000291	76	80	76	81	76	389
	00000292	70	75	71	76	78	370
	00000293	73	70	73	82	74	372
	00000294	78	76	83	75	86	398
	00000295	77	77	75	76	77	382
	00000296	78	83	79	80	82	402
	00000297	77	76	75	82	83	393
	00000298	74	75	78	75	79	381
	00000299	75	81	75	72	74	377
	00000300	78	78	77	66	76	375
	00000301	76	77	78	75	69	375
	00000302	81	78	83	84	75	401
	00000303	75	76	76	84	70	381
	00000304	74	79	77	75	76	381
	00000305	76	76	78	78	80	388
	00000306	73	82	73	79	79	386
	00000307	74	78	73	75	80	380
	00000308	80	79	72	71	75	377
	00000309	84	74	75	74	82	389
	00000310	76	76	70	74	84	380
	00000311	79	80	75	77	75	386
	00000312	75	78	73	80	74	380
	00000313	78	85	76	76	72	387
	00000314	76	74	76	79	86	391
	00000315	77	75	82	81	79	394
	00000316	76	78	77	75	79	385
	00000317	79	76	76	70	77	378
	00000318	69	76	78	69	70	362
	00000319	76	77	77	81	78	389
	00000320	79	76	78	74	80	387
	00000321	69	78	78	78	73	376
	00000322	78	77	78	69	71	373
	00000323	71	76	65	79	81	372
	00000324	77	77	77	74	75	380
	00000325	74	74	76	77	75	376
	00000326	73	82	79	76	82	392
	00000327	77	77	78	76	78	386
	00000328	76	77	79	81	76	389
	00000329	75	76	70	75	78	374
	00000330	83	73	76	76	75	383
	00000331	77	82	81	77	78	395
	00000332	79	68	76	70	80	373
	00000333	76	84	75	82	76	393
	00000334	76	74	76	76	83	385
	00000335	74	77	74	69	74	368
	00000336	79	78	75	82	78	392
	00000337	79	82	77	76	73	387
	00000338	78	74	83	74	79	388
	00000339	77	76	77	73	77	380
	00000340	78	75	76	76	80	385
	00000341	78	66	79	78	75	376
	00000342	78	74	76	74	79	381
	00000343	78	77	75	76	77	383
	00000344	75	77	74	77	78	381
	00000345	79	76	77	67	76	375
	00000346	75	77	77	80	77	386
	00000347	75	77	70	64	78	364
	00000348	76	80	81	79	77	393
	00000349	78	75	74	83	71	381
	00000350	76	80	76	77	75	384
	00000351	75	73	85	79	76	388
	00000352	75	70	78	65	77	365
	00000353	85	81	70	83	80	399
	00000354	82	75	76	70	78	381
	00000355	77	77	81	77	75	387
	00000356	76	78	82	74	74	384
	00000357	74	85	78	75	67	379
	00000358	75	79	71	83	78	386
	00000359	76	65	76	73	76	366
	00000360	77	77	81	78	71	384
	00000361	79	76	82	77	77	391
	00000362	74	75	79	82	82	392
	00000363	67	70	83	77	72	369
	00000364	75	77	76	88	78	394
	00000365	79	74	73	80	77	383
	00000366	84	86	75	77	74	396
	00000367	75	80	81	71	78	385
	00000368	79	76	77	81	80	393
	00000369	71	78	75	80	79	383
	00000370	74	84	83	85	81	407
	00000371	72	78	77	71	73	371
	00000372	74	70	73	77	78	372
	00000373	80	77	80	78	79	394
	00000374	76	79	78	76	80	389
	00000375	78	75	81	73	75	382
	00000376	76	70	74	76	78	374
	00000377	70	70	74	70	76	360
	00000378	79	87	76	85	78	405
	00000379	76	71	78	78	76	379
	00000380	76	73	77	83	71	380
	00000381	80	67	84	76	68	375
	00000382	79	75	75	83	77	389
	00000383	76	78	73	76	79	382
	00000384	77	76	80	77	71	381
	00000385	73	75	74	75	83	380
	00000386	70	83	78	78	78	387
	00000387	81	77	73	73	76	380
	00000388	77	76	76	74	80	383
	00000389	78	73	80	76	76	383
	00000390	80	78	83	78	78	397
	00000391	75	76	74	78	76	379
	00000392	78	74	76	75	73	376
	00000393	77	79	75	82	78	391
	00000394	69	76	81	78	74	378
	00000395	78	78	79	77	75	387
	00000396	78	78	75	73	78	382
	00000397	82	75	74	77	75	383
	00000398	76	81	82	79	77	395
	00000399	78	70	73	78	72	371
	00000400	77	76	82	77	72	384
	00000401	72	76	76	73	74	371
	00000402	80	72	71	76	74	373
	00000403	74	80	93	77	85	409
	00000404	78	76	83	74	78	389
	00000405	72	76	76	74	87	385
	00000406	76	84	78	84	74	396
	00000407	80	84	77	71	74	386
	00000408	76	74	75	77	74	376
	00000409	87	71	75	82	76	391
	00000410	77	76	75	72	77	377
	00000411	69	77	77	76	68	367
	00000412	74	76	76	78	76	380
	00000413	76	76	75	79	76	382
	00000414	82	75	77	76	77	387
	00000415	74	68	85	66	80	373
	00000416	71	79	81	79	75	385
	00000417	71	76	76	70	76	369
	00000418	77	78	72	74	71	372
	00000419	72	66	73	77	78	366
	00000420	76	82	81	76	75	390
	00000421	79	72	72	76	76	375
	00000422	74	77	77	73	70	371
	00000423	83	73	76	79	76	387
	00000424	79	82	75	73	77	386
	00000425	80	72	77	77	79	385
	00000426	80	73	77	77	74	381
	00000427	80	79	73	78	79	389
	00000428	81	76	72	77	79	385
	00000429	83	78	77	83	81	402
	00000430	80	77	76	76	71	380
	00000431	80	81	75	78	80	394
	00000432	76	78	73	74	75	376
	00000433	75	74	83	75	75	382
	00000434	79	77	73	85	78	392
	00000435	80	77	74	78	85	394
	00000436	78	81	73	74	78	384
	00000437	74	76	76	73	79	378
	00000438	72	77	75	76	87	387
	00000439	79	78	77	81	77	392
	00000440	78	78	76	76	83	391
	00000441	78	80	75	83	78	394
	00000442	78	83	78	84	74	397
	00000443	68	75	77	72	82	374
	00000444	75	74	70	70	75	364
	00000445	70	76	73	79	69	367
	00000446	75	77	80	71	78	381
	00000447	80	75	79	74	77	385
	00000448	81	77	77	70	83	388
	00000449	81	81	75	79	78	394
	00000450	78	74	76	70	71	369
	00000451	78	70	75	80	69	372
	00000452	85	76	81	76	72	390
	00000453	75	79	77	78	78	387
	00000454	77	74	73	78	76	378
	00000455	71	66	77	76	73	363
	00000456	79	79	77	77	79	391
	00000457	79	74	81	79	79	392
	00000458	74	66	78	74	75	367
	00000459	79	78	72	69	76	374
	00000460	73	73	84	75	75	380
	00000461	79	82	79	78	80	398
	00000462	80	77	69	77	78	381
	00000463	81	76	79	78	71	385
	00000464	78	78	74	75	75	380
	00000465	78	76	77	78	81	390
	00000466	76	78	77	74	82	387
	00000467	83	69	73	76	77	378
	00000468	78	81	77	84	83	403
	00000469	82	74	74	78	68	376
	00000470	72	75	85	73	79	384
	00000471	82	81	72	75	76	386
	00000472	79	71	85	74	71	380
	00000473	84	77	77	75	81	394
	00000474	75	76	78	75	76	380
	00000475	71	78	77	77	76	379
	00000476	84	81	83	70	73	391
	00000477	80	81	79	72	79	391
	00000478	82	76	81	75	82	396
	00000479	77	78	81	75	79	390
	00000480	73	75	75	82	69	374
	00000481	80	80	75	82	80	397
	00000482	76	70	87	79	75	387
	00000483	78	71	73	79	74	375
	00000484	81	75	71	75	77	379
	00000485	80	76	79	71	88	394
	00000486	81	75	77	77	76	386
	00000487	79	83	75	76	80	393
	00000488	76	78	80	72	73	379
	00000489	76	73	82	69	78	378
	00000490	69	75	77	77	76	374
	00000491	76	75	77	74	70	372
	00000492	76	80	75	79	80	390
	00000493	75	72	80	73	78	378
	00000494	77	77	74	72	81	381
	00000495	70	75	77	69	76	367
	00000496	83	72	78	73	81	387
	00000497	75	71	77	77	81	381
	00000498	73	76	77	76	81	383
	00000499	78	81	76	80	82	397
	00000500	74	79	75	78	77	383
	00000501	78	77	84	80	77	396
	00000502	70	81	74	81	78	384
	00000503	76	78	77	76	83	390
	00000504	75	77	75	73	78	378
	00000505	83	75	75	82	81	396
	00000506	76	78	79	78	78	389
	00000507	78	81	72	71	84	386
	00000508	76	81	77	72	78	384
	00000509	77	75	70	80	72	374
	00000510	77	77	80	69	75	378
	00000511	76	76	74	68	78	372
	00000512	71	77	69	76	70	363
	00000513	71	73	74	78	85	381
	00000514	77	78	77	79	81	392
	00000515	74	76	70	80	77	377
	00000516	73	77	84	85	71	390
	00000517	77	74	78	76	77	382
	00000518	77	76	79	83	76	391
	00000519	78	78	76	68	79	379
	00000520	79	75	78	79	76	387
	00000521	75	76	79	74	79	383
	00000522	77	73	71	79	78	378
	00000523	76	77	74	77	76	380
	00000524	76	78	78	80	74	386
	00000525	76	76	76	73	75	376
	00000526	77	67	72	74	77	367
	00000527	65	76	77	75	76	369
	00000528	87	74	81	80	77	399
	00000529	76	72	78	79	79	384
	00000530	80	76	78	75	80	389
	00000531	68	76	80	82	81	387
	00000532	76	80	79	76	80	391
	00000533	77	75	73	78	75	378
	00000534	77	74	81	69	77	378
	00000535	78	82	76	79	80	395
	00000536	75	80	74	69	80	378
	00000537	75	75	77	85	76	388
	00000538	77	77	78	71	74	377
	00000539	76	78	82	75	75	386
	00000540	71	81	71	82	75	380
	00000541	81	86	80	82	69	398
	00000542	78	73	79	73	79	382
	00000543	75	76	71	77	77	376
	00000544	70	78	66	77	75	366
	00000545	78	79	76	80	75	388
	00000546	78	79	64	69	81	371
	00000547	75	78	72	71	76	372
	00000548	80	78	86	84	75	403
	00000549	67	80	75	80	77	379
	00000550	76	73	79	73	80	381
	00000551	85	79	76	71	74	385
	00000552	82	76	67	76	72	373
	00000553	78	75	81	75	76	385
	00000554	77	68	81	77	77	380
	00000555	72	85	77	72	78	384
	00000556	85	75	77	76	74	387
	00000557	72	77	76	72	73	370
	00000558	66	81	73	75	77	372
	00000559	80	78	66	77	77	378
	00000560	76	77	63	79	77	372
	00000561	74	75	80	74	71	374
	00000562	80	69	74	79	79	381
	00000563	88	75	79	77	76	395
	00000564	72	77	73	78	80	380
	00000565	76	80	78	73	81	388
	00000566	76	78	86	69	82	391
	00000567	87	74	80	76	71	388
	00000568	75	81	67	82	82	387
	00000569	76	78	81	75	75	385
	00000570	77	78	75	75	73	378
	00000571	77	76	71	68	65	357
	00000572	74	74	73	76	77	374
	00000573	75	77	75	74	73	374
	00000574	78	71	74	78	80	381
	00000575	77	78	79	77	78	389
	00000576	70	77	73	76	78	374
	00000577	80	76	74	72	79	381
	00000578	78	78	78	80	80	394
	00000579	74	81	76	75	77	383
	00000580	76	76	73	77	74	376
	00000581	89	74	73	75	78	389
	00000582	75	77	77	72	77	378
	00000583	72	74	77	78	68	369
	00000584	75	76	81	75	80	387
	00000585	75	74	68	75	79	371
	00000586	77	77	82	74	71	381
	00000587	69	75	76	80	66	366
	00000588	80	70	68	75	78	371
	00000589	80	78	78	75	78	389
	00000590	76	69	82	74	75	376
	00000591	82	74	78	80	80	394
	00000592	76	73	79	76	77	381
	00000593	78	78	76	76	73	381
	00000594	75	76	72	83	76	382
	00000595	78	79	69	79	81	386
	00000596	75	79	72	77	73	376
	00000597	75	71	76	76	73	371
	00000598	75	79	77	77	76	384
	00000599	79	78	79	80	71	387
	00000600	76	85	78	71	77	387
	00000601	77	76	70	67	74	364
	00000602	88	77	73	73	72	383
	00000603	78	77	78	83	77	393
	00000604	80	77	75	78	72	382
	00000605	75	78	79	75	75	382
	00000606	77	79	74	77	77	384
	00000607	76	75	75	74	75	375
	00000608	76	78	83	80	77	394
	00000609	78	74	75	77	75	379
	00000610	77	69	77	73	83	379
	00000611	76	76	74	74	76	376
	00000612	79	84	70	78	80	391
	00000613	78	76	74	77	72	377
	00000614	75	79	77	83	75	389
	00000615	78	77	80	78	75	388
	00000616	83	77	81	75	83	399
	00000617	74	76	65	76	76	367
	00000618	75	77	77	72	87	388
	00000619	78	77	81	79	76	391
	00000620	75	85	69	78	72	379
	00000621	79	77	75	88	82	401
	00000622	76	78	77	80	71	382
	00000623	79	88	75	67	79	388
	00000624	73	73	75	78	76	375
	00000625	76	76	79	84	70	385
	00000626	78	75	76	74	72	375
	00000627	75	85	76	77	84	397
	00000628	73	77	77	77	74	378
	00000629	79	78	76	81	76	390
	00000630	64	76	74	83	76	373
	00000631	74	75	79	69	79	376
	00000632	80	76	76	79	74	385
	00000633	75	77	78	76	65	371
	00000634	85	73	74	82	80	394
	00000635	79	82	68	82	81	392
	00000636	75	77	72	73	76	373
	00000637	81	79	75	77	73	385
	00000638	73	79	83	87	72	394
	00000639	82	75	81	88	82	408
	00000640	80	80	77	72	76	385
	00000641	75	70	77	80	74	376
	00000642	77	75	78	73	73	376
	00000643	78	82	73	75	73	381
	00000644	78	79	72	74	79	382
	00000645	74	73	71	76	76	370
	00000646	80	75	78	76	76	385
	00000647	75	83	76	82	74	390
	00000648	75	67	76	81	72	371
	00000649	73	79	78	82	69	381
	00000650	73	76	67	73	75	364
	00000651	77	75	77	75	78	382
	00000652	75	80	75	80	80	390
	00000653	76	80	77	77	76	386
	00000654	72	76	79	72	78	377
	00000655	73	70	84	75	75	377
	00000656	76	78	75	71	75	375
	00000657	75	82	73	68	89	387
	00000658	78	75	74	62	76	365
	00000659	79	75	76	78	75	383
	00000660	77	75	79	79	74	384
	00000661	70	74	78	83	67	372
	00000662	79	70	72	73	75	369
	00000663	81	85	76	78	80	400
	00000664	76	75	79	73	82	385
	00000665	77	76	79	76	71	379
	00000666	72	74	72	78	77	373
	00000667	73	73	75	76	76	373
	00000668	78	75	71	70	78	372
	00000669	69	81	73	77	80	380
	00000670	79	75	72	71	76	373
	00000671	76	76	79	74	82	387
	00000672	82	76	75	73	82	388
	00000673	75	77	81	75	81	389
	00000674	76	79	76	78	75	384
	00000675	73	81	70	77	76	377
	00000676	74	80	75	79	80	388
	00000677	73	84	74	73	82	386
	00000678	80	75	77	71	79	382
	00000679	72	74	82	66	80	374
	00000680	74	72	78	78	69	371
	00000681	79	75	70	77	71	372
	00000682	77	81	78	74	88	398
	00000683	80	78	71	78	72	379
	00000684	81	77	77	76	74	385
	00000685	77	91	82	83	82	415
	00000686	78	78	81	77	81	395
	00000687	74	79	74	67	80	374
	00000688	88	71	69	76	74	378
	00000689	72	88	78	74	78	390
	00000690	75	78	76	77	80	386
	00000691	81	79	80	82	83	405
	00000692	75	77	73	77	75	377
	00000693	78	83	82	75	76	394
	00000694	83	69	77	74	73	376
	00000695	76	76	76	75	72	375
	00000696	77	76	89	77	82	401
	00000697	74	74	75	78	72	373
	00000698	78	80	74	75	77	384
	00000699	75	81	75	73	77	381
	00000700	75	76	74	78	71	374
	00000701	75	76	75	78	74	378
	00000702	79	82	80	72	73	386
	00000703	70	80	73	78	74	375
	00000704	69	79	78	79	76	381
	00000705	78	75	82	78	68	381
	00000706	80	82	77	78	70	387
	00000707	82	79	89	82	67	399
	00000708	76	79	77	72	74	378
	00000709	74	80	75	80	81	390
	00000710	76	77	70	73	73	369
	00000711	77	75	75	78	76	381
	00000712	83	78	74	80	80	395
	00000713	80	74	77	74	69	374
	00000714	75	76	75	83	74	383
	00000715	76	77	76	75	79	383
	00000716	83	73	77	77	76	386
	00000717	85	71	75	75	81	387
	00000718	77	77	81	72	74	381
	00000719	77	78	68	70	78	371
	00000720	75	75	77	71	71	369
	00000721	76	75	82	82	78	393
	00000722	81	80	70	78	80	389
	00000723	73	74	70	87	78	382
	00000724	79	79	76	67	82	383
	00000725	83	77	76	71	78	385
	00000726	78	77	74	77	79	385
	00000727	82	72	81	78	73	386
	00000728	79	79	65	72	76	371
	00000729	76	82	76	77	79	390
	00000730	69	70	82	78	78	377
	00000731	79	78	80	76	76	389
	00000732	76	71	80	75	76	378
	00000733	83	83	76	77	84	403
	00000734	77	76	71	81	81	386
	00000735	80	75	80	80	71	386
	00000736	76	81	76	82	77	392
	00000737	77	76	75	76	74	378
	00000738	71	74	71	75	77	368
	00000739	70	69	76	74	78	367
	00000740	80	75	76	75	74	380
	00000741	76	79	74	78	80	387
	00000742	68	74	75	72	78	367
	00000743	77	78	77	86	79	397
	00000744	78	87	77	73	68	383
	00000745	80	80	78	75	74	387
	00000746	77	73	74	73	80	377
	00000747	81	77	76	71	78	383
	00000748	70	78	71	80	82	381
	00000749	77	73	72	71	76	369
	00000750	77	75	77	76	83	388
	00000751	77	79	74	70	81	381
	00000752	73	70	67	78	74	362
	00000753	76	76	79	78	75	384
	00000754	77	76	79	77	77	386
	00000755	73	77	78	75	72	375
	00000756	80	79	78	76	79	392
	00000757	76	82	76	77	77	388
	00000758	73	75	77	79	75	379
	00000759	76	74	75	76	77	378
	00000760	76	80	91	71	72	390
	00000761	78	79	77	82	76	392
	00000762	77	78	78	79	76	388
	00000763	67	77	78	84	73	379
	00000764	77	75	72	78	80	382
	00000765	71	78	77	76	76	378
	00000766	74	75	83	79	76	387
	00000767	84	81	78	74	75	392
	00000768	75	78	76	80	77	386
	00000769	77	76	79	78	83	393
	00000770	77	75	72	78	83	385
	00000771	79	76	80	74	80	389
	00000772	74	68	75	66	73	356
	00000773	84	80	71	77	82	394
	00000774	74	74	82	78	79	387
	00000775	74	70	81	70	68	363
	00000776	73	79	75	67	75	369
	00000777	75	76	76	78	75	380
	00000778	77	72	79	79	79	386
	00000779	77	76	78	76	77	384
	00000780	77	78	83	76	76	390
	00000781	76	74	75	86	79	390
	00000782	79	79	78	77	74	387
	00000783	77	78	75	78	79	387
	00000784	77	77	76	75	80	385
	00000785	81	79	81	80	79	400
	00000786	72	74	70	78	78	372
	00000787	73	81	73	82	65	374
	00000788	78	78	74	70	82	382
	00000789	77	74	77	70	79	377
	00000790	77	77	74	77	81	386
	00000791	77	75	70	71	71	364
	00000792	76	83	72	73	78	382
	00000793	85	71	75	79	79	389
	00000794	72	73	81	81	77	384
	00000795	76	77	79	73	71	376
	00000796	73	77	83	73	80	386
	00000797	78	82	84	76	76	396
	00000798	88	81	79	78	67	393
	00000799	77	81	81	68	75	382
	00000800	70	73	73	74	74	364
	00000801	77	76	73	77	75	378
	00000802	81	79	80	84	84	408
	00000803	72	78	79	77	78	384
	00000804	81	79	79	78	76	393
	00000805	69	80	71	84	79	383
	00000806	76	71	80	75	72	374
	00000807	75	78	65	78	79	375
	00000808	77	78	68	62	77	362
	00000809	73	74	75	72	75	369
	00000810	78	77	79	81	74	389
	00000811	77	77	76	77	72	379
	00000812	78	79	65	78	79	379
	00000813	75	82	75	80	83	395
	00000814	77	75	73	78	70	373
	00000815	80	77	79	69	78	383
	00000816	75	75	78	74	74	376
	00000817	72	67	79	73	79	370
	00000818	75	83	74	73	83	388
	00000819	75	79	75	75	73	377
	00000820	76	74	80	78	79	387
	00000821	80	76	80	69	68	373
	00000822	76	73	70	76	74	369
	00000823	78	80	80	77	83	398
	00000824	73	80	83	70	77	383
	00000825	78	77	72	77	82	386
	00000826	71	79	74	85	76	385
	00000827	76	77	76	73	73	375
	00000828	77	79	75	72	75	378
	00000829	74	73	72	83	78	380
	00000830	77	77	75	74	76	379
	00000831	74	78	78	73	77	380
	00000832	76	81	77	78	84	396
	00000833	75	73	76	79	80	383
	00000834	72	78	72	80	75	377
	00000835	79	72	76	74	86	387
	00000836	78	67	77	77	78	377
	00000837	70	79	73	77	72	371
	00000838	85	79	79	74	72	389
	00000839	75	89	77	73	74	388
	00000840	76	70	73	74	75	368
	00000841	75	80	75	72	76	378
	00000842	78	72	74	76	80	380
	00000843	68	78	79	75	78	378
	00000844	75	73	76	76	72	372
	00000845	74	76	76	79	77	382
	00000846	79	79	78	76	74	386
	00000847	76	71	74	77	81	379
	00000848	76	79	68	80	74	377
	00000849	80	83	73	76	72	384
	00000850	70	75	76	78	72	371
	00000851	82	79	84	80	78	403
	00000852	74	76	85	76	75	386
	00000853	74	65	76	75	77	367
	00000854	83	73	79	76	76	387
	00000855	68	82	78	82	76	386
	00000856	74	64	76	68	71	353
	00000857	78	82	76	77	74	387
	00000858	82	78	77	77	76	390
	00000859	75	83	78	79	74	389
	00000860	73	69	80	78	71	371
	00000861	73	78	78	77	82	388
	00000862	77	69	64	77	79	366
	00000863	81	74	77	78	76	386
	00000864	73	75	76	75	75	374
	00000865	73	76	74	76	72	371
	00000866	76	82	75	76	78	387
	00000867	73	69	76	79	82	379
	00000868	79	78	74	81	75	387
	00000869	73	68	77	74	77	369
	00000870	73	85	73	78	76	385
	00000871	76	76	78	74	70	374
	00000872	76	70	76	76	75	373
	00000873	76	76	78	75	80	385
	00000874	72	76	76	80	78	382
	00000875	78	83	75	77	79	392
	00000876	71	73	76	77	76	373
	00000877	76	75	78	69	76	374
	00000878	78	78	73	75	77	381
	00000879	75	79	72	78	82	386
	00000880	77	69	77	75	74	372
	00000881	84	74	77	76	77	388
	00000882	73	69	79	72	86	379
	00000883	73	69	79	72	76	369
	00000884	85	78	72	72	81	388
	00000885	78	82	78	78	76	392
	00000886	76	81	76	76	69	378
	00000887	73	75	78	77	79	382
	00000888	76	78	77	71	82	384
	00000889	76	73	79	78	75	381
	00000890	72	73	70	72	72	359
	00000891	84	79	83	76	73	395
	00000892	83	72	74	78	80	387
	00000893	77	75	74	77	74	377
	00000894	75	74	77	75	82	383
	00000895	79	73	75	72	74	373
	00000896	79	75	79	80	80	393
	00000897	73	64	75	70	71	353
	00000898	68	88	79	77	76	388
	00000899	76	76	73	81	70	376
	00000900	81	79	79	75	78	392
	00000901	77	78	74	64	75	368
	00000902	74	78	83	78	80	393
	00000903	77	86	75	80	87	405
	00000904	79	72	77	77	76	381
	00000905	77	76	79	75	69	376
	00000906	76	71	72	75	75	369
	00000907	84	83	75	73	77	392
	00000908	79	72	71	76	74	372
	00000909	82	73	77	83	64	379
	00000910	75	78	77	76	81	387
	00000911	75	75	83	82	76	391
	00000912	68	79	80	81	78	386
	00000913	81	76	76	77	75	385
	00000914	78	84	80	77	79	398
	00000915	77	64	76	85	77	379
	00000916	73	76	77	72	79	377
	00000917	74	79	78	79	83	393
	00000918	78	75	72	79	79	383
	00000919	79	80	81	80	73	393
	00000920	76	75	82	68	71	372
	00000921	73	84	70	79	83	389
	00000922	77	86	75	80	85	403
	00000923	79	80	73	75	79	386
	00000924	81	78	81	77	75	392
	00000925	73	78	78	75	73	377
	00000926	73	72	77	84	77	383
	00000927	75	75	72	80	71	373
	00000928	77	76	76	76	77	382
	00000929	80	73	78	74	80	385
	00000930	78	74	78	82	76	388
	00000931	75	78	78	80	71	382
	00000932	80	76	73	69	78	376
	00000933	75	75	77	81	67	375
	00000934	75	83	82	84	77	401
	00000935	74	80	67	75	70	366
	00000936	74	80	70	76	72	372
	00000937	81	79	69	77	78	384
	00000938	75	82	69	84	78	388
	00000939	76	77	74	73	73	373
	00000940	78	78	78	80	77	391
	00000941	73	76	75	77	65	366
	00000942	78	83	75	85	80	401
	00000943	77	74	74	69	75	369
	00000944	76	78	74	70	75	373
	00000945	71	73	76	76	80	376
	00000946	76	73	88	77	81	395
	00000947	72	78	75	78	74	377
	00000948	71	74	73	80	80	378
	00000949	72	73	75	77	76	373
	00000950	76	67	77	74	70	364
	00000951	75	79	80	78	76	388
	00000952	75	74	77	76	75	377
	00000953	75	80	81	82	73	391
	00000954	71	81	69	81	85	387
	00000955	71	76	75	76	75	373
	00000956	79	77	78	78	75	387
	00000957	75	76	73	73	74	371
	00000958	75	73	79	81	72	380
	00000959	80	76	76	78	80	390
	00000960	79	74	77	77	77	384
	00000961	77	79	75	77	77	385
	00000962	78	75	75	80	75	383
	00000963	67	76	75	79	74	371
	00000964	81	75	73	76	79	384
	00000965	79	77	78	67	80	381
	00000966	74	76	78	79	82	389
	00000967	83	74	79	75	86	397
	00000968	87	71	81	74	73	386
	00000969	79	78	83	77	81	398
	00000970	79	82	72	70	76	379
	00000971	76	74	77	72	74	373
	00000972	78	77	75	79	72	381
	00000973	76	68	73	72	73	362
	00000974	83	84	76	77	79	399
	00000975	72	81	73	74	77	377
	00000976	81	75	77	78	81	392
	00000977	77	72	73	72	77	371
	00000978	75	73	72	75	74	369
	00000979	73	77	76	76	77	379
	00000980	73	76	67	74	77	367
	00000981	76	76	75	78	74	379
	00000982	75	76	74	75	77	377
	00000983	68	74	72	78	76	368
	00000984	77	80	77	77	73	384
	00000985	73	76	77	83	73	382
	00000986	73	70	76	80	73	372
	00000987	76	75	76	72	78	377
	00000988	67	85	72	76	80	380
	00000989	87	78	82	75	77	399
	00000990	80	72	77	78	78	385
	00000991	75	76	76	69	79	375
	00000992	77	75	80	75	74	381
	00000993	75	82	76	83	77	393
	00000994	73	83	78	70	73	377
	00000995	71	75	74	81	76	377
	00000996	73	76	88	73	73	383
	00000997	79	79	77	80	75	390
	00000998	78	81	76	71	74	380
	00000999	83	85	78	74	80	400
	00001000	85	76	76	78	78	393
	00001001	70	76	74	82	82	384
	00001002	75	77	68	81	79	380
	00001003	68	76	68	84	74	370
	00001004	75	81	74	77	76	383
	00001005	77	75	75	76	76	379
	00001006	74	82	80	76	84	396
	00001007	74	73	84	71	75	377
	00001008	88	77	77	73	74	389
	00001009	80	69	73	77	76	375
	00001010	79	85	76	73	78	391
	00001011	76	72	84	75	69	376
	00001012	81	77	76	83	78	395
	00001013	80	72	75	76	74	377
	00001014	77	79	80	76	86	398
	00001015	77	76	79	79	73	384
	00001016	80	80	81	85	82	408
	00001017	80	82	72	78	73	385
	00001018	79	81	76	90	68	394
	00001019	76	76	74	76	71	373
	00001020	82	74	76	70	76	378
	00001021	79	75	75	84	79	392
	00001022	82	65	75	80	80	382
	00001023	78	82	76	80	79	395
	00001024	83	78	83	72	75	391
	00001025	74	80	80	79	78	391
	00001026	79	77	79	75	72	382
	00001027	74	83	73	70	68	368
	00001028	75	72	79	77	76	379
	00001029	75	69	82	80	73	379
	00001030	83	74	73	71	74	375
	00001031	77	73	76	75	77	378
	00001032	70	78	78	71	77	374
	00001033	72	84	82	75	71	384
	00001034	73	79	80	86	79	397
	00001035	75	78	79	77	82	391
	00001036	78	77	80	77	77	389
	00001037	73	72	80	71	80	376
	00001038	74	80	70	82	74	380
	00001039	75	81	80	80	75	391
	00001040	77	74	80	77	72	380
	00001041	77	68	75	79	72	371
	00001042	75	77	75	76	77	380
	00001043	88	78	79	69	76	390
	00001044	78	80	78	80	74	390
	00001045	77	78	78	78	76	387
	00001046	81	76	77	70	79	383
	00001047	78	78	69	73	78	376
	00001048	72	74	77	76	75	374
	00001049	83	77	81	76	79	396
	00001050	75	68	79	75	80	377
	00001051	87	80	72	76	78	393
	00001052	76	66	71	76	77	366
	00001053	79	77	77	73	78	384
	00001054	78	75	72	79	78	382
	00001055	68	84	68	80	76	376
	00001056	79	69	79	65	62	354
	00001057	83	77	78	68	76	382
	00001058	80	71	79	76	78	384
	00001059	78	81	74	75	67	375
	00001060	78	75	75	76	80	384
	00001061	74	73	76	78	74	375
	00001062	76	69	79	74	83	381
	00001063	75	79	78	73	75	380
	00001064	78	75	77	71	80	381
	00001065	80	78	75	73	77	383
	00001066	70	77	74	70	77	368
	00001067	73	72	76	74	86	381
	00001068	77	83	79	79	79	397
	00001069	80	76	90	79	74	399
	00001070	82	78	80	79	76	395
	00001071	70	77	77	78	77	379
	00001072	80	82	73	76	79	390
	00001073	84	74	78	73	75	384
	00001074	86	82	76	78	76	398
	00001075	69	79	76	80	80	384
	00001076	75	77	80	71	77	380
	00001077	78	72	76	74	73	373
	00001078	76	80	75	75	78	384
	00001079	79	74	69	68	78	368
	00001080	72	79	74	78	75	378
	00001081	71	82	79	79	76	387
	00001082	75	71	75	83	76	380
	00001083	76	76	75	78	70	375
	00001084	71	81	80	78	84	394
	00001085	73	78	80	75	69	375
	00001086	70	77	76	76	75	374
	00001087	82	78	76	72	68	376
	00001088	80	80	84	77	85	406
	00001089	65	84	80	77	74	380
	00001090	78	78	80	77	76	389
	00001091	82	77	82	73	72	386
	00001092	81	68	70	80	72	371
	00001093	81	77	77	78	73	386
	00001094	78	80	78	80	79	395
	00001095	73	77	80	75	81	386
	00001096	75	78	79	82	76	390
	00001097	77	75	77	74	78	381
	00001098	75	74	76	75	76	376
	00001099	78	79	78	79	71	385
	00001100	74	80	82	77	79	392
	00001101	75	77	72	77	74	375
	00001102	83	76	75	68	76	378
	00001103	78	74	77	75	74	378
	00001104	78	80	76	73	82	389
	00001105	77	79	76	77	75	384
	00001106	77	80	77	77	73	384
	00001107	70	74	73	70	79	366
	00001108	76	80	77	75	71	379
	00001109	76	74	74	73	77	374
	00001110	78	69	75	70	78	370
	00001111	78	79	73	68	82	380
	00001112	81	80	81	77	75	394
	00001113	83	79	73	81	75	391
	00001114	74	82	70	78	72	376
	00001115	78	78	74	75	80	385
	00001116	84	73	74	80	76	387
	00001117	82	76	80	74	75	387
	00001118	76	78	78	77	73	382
	00001119	72	73	72	72	76	365
	00001120	81	77	75	82	77	392
	00001121	77	83	65	71	70	366
	00001122	87	78	76	76	77	394
	00001123	79	88	76	73	83	399
	00001124	76	79	74	77	75	381
	00001125	76	78	77	74	72	377
	00001126	82	75	75	77	77	386
	00001127	74	76	86	74	81	391
	00001128	79	80	75	78	75	387
	00001129	82	77	77	77	73	386
	00001130	80	75	81	74	80	390
	00001131	78	72	76	79	84	389
	00001132	80	80	69	78	75	382
	00001133	79	72	84	78	64	377
	00001134	78	77	78	75	73	381
	00001135	78	75	80	75	74	382
	00001136	77	82	78	76	79	392
	00001137	84	78	72	72	79	385
	00001138	66	78	70	83	76	373
	00001139	72	76	83	78	75	384
	00001140	73	72	74	79	79	377
	00001141	77	78	72	75	80	382
	00001142	74	80	74	73	77	378
	00001143	76	71	73	71	85	376
	00001144	78	75	79	73	71	376
	00001145	75	84	82	83	76	400
	00001146	80	79	80	76	73	388
	00001147	73	81	79	73	72	378
	00001148	74	78	82	83	76	393
	00001149	79	71	81	82	77	390
	00001150	79	73	79	80	83	394
	00001151	84	75	83	66	80	388
	00001152	75	77	78	71	79	380
	00001153	72	73	82	78	74	379
	00001154	75	77	77	70	90	389
	00001155	74	70	78	74	75	371
	00001156	77	73	81	69	77	377
	00001157	72	73	69	77	79	370
	00001158	77	69	72	75	77	370
	00001159	71	84	76	73	75	379
	00001160	73	73	76	72	77	371
	00001161	76	74	72	81	74	377
	00001162	75	77	71	77	78	378
	00001163	75	74	80	64	75	368
	00001164	77	80	74	70	82	383
	00001165	77	76	81	76	80	390
	00001166	76	72	80	65	72	365
	00001167	79	72	78	78	81	388
	00001168	83	77	71	76	78	385
	00001169	74	78	79	69	75	375
	00001170	82	76	74	79	69	380
	00001171	85	77	78	75	77	392
	00001172	76	73	73	79	72	373
	00001173	83	76	68	74	76	377
	00001174	74	74	77	76	74	375
	00001175	74	83	82	77	77	393
	00001176	77	77	77	74	76	381
	00001177	82	75	72	72	71	372
	00001178	76	74	76	75	76	377
	00001179	86	74	71	71	78	380
	00001180	70	78	79	80	77	384
	00001181	77	74	76	71	73	371
	00001182	73	77	74	77	76	377
	00001183	76	76	75	74	81	382
	00001184	76	78	77	78	80	389
	00001185	78	84	73	78	76	389
	00001186	74	86	81	81	73	395
	00001187	75	74	71	78	79	377
	00001188	76	68	77	74	67	362
	00001189	72	72	76	84	80	384
	00001190	77	76	77	75	77	382
	00001191	78	80	76	79	76	389
	00001192	77	78	78	76	77	386
	00001193	74	76	79	78	80	387
	00001194	87	78	74	80	77	396
	00001195	83	73	79	66	77	378
	00001196	83	73	77	76	87	396
	00001197	77	77	80	81	71	386
	00001198	80	79	83	78	79	399
	00001199	82	81	75	86	78	402
	00001200	75	73	84	78	76	386
	00001201	69	73	77	74	75	368
	00001202	75	81	69	82	77	384
	00001203	78	78	77	77	78	388
	00001204	79	77	80	78	79	393
	00001205	74	75	76	77	83	385
	00001206	76	80	75	71	75	377
	00001207	82	75	63	70	83	373
	00001208	77	73	78	78	69	375
	00001209	79	79	71	78	81	388
	00001210	73	82	74	79	84	392
	00001211	80	71	76	69	80	376
	00001212	74	80	71	74	70	369
	00001213	81	75	75	83	77	391
	00001214	80	78	77	71	77	383
	00001215	64	78	79	74	75	370
	00001216	73	80	79	75	73	380
	00001217	78	79	77	78	74	386
	00001218	82	71	80	75	76	384
	00001219	77	78	77	82	83	397
	00001220	74	77	77	75	72	375
	00001221	76	81	74	76	75	382
	00001222	72	76	80	74	78	380
	00001223	83	71	63	79	79	375
	00001224	74	77	69	65	73	358
	00001225	75	81	77	74	70	377
	00001226	77	76	78	76	80	387
	00001227	75	80	82	67	76	380
	00001228	82	74	78	74	71	379
	00001229	75	76	78	75	86	390
	00001230	77	79	78	80	73	387
	00001231	75	80	80	79	66	380
	00001232	76	69	75	80	86	386
	00001233	73	77	74	74	71	369
	00001234	72	71	76	80	74	373
	00001235	74	81	76	81	83	395
	00001236	77	77	77	78	87	396
	00001237	78	74	73	82	83	390
	00001238	75	79	68	70	77	369
	00001239	77	78	77	72	82	386
	00001240	80	82	75	75	77	389
	00001241	79	68	75	71	77	370
	00001242	77	79	69	75	71	371
	00001243	72	78	73	77	69	369
	00001244	76	70	76	73	69	364
	00001245	79	78	78	75	77	387
	00001246	69	62	75	78	81	365
	00001247	89	74	76	71	69	379
	00001248	83	78	75	71	68	375
	00001249	79	79	75	86	77	396
	00001250	77	72	79	75	79	382
	00001251	74	76	75	79	78	382
	00001252	73	75	76	77	79	380
	00001253	75	82	77	82	75	391
	00001254	70	73	70	76	77	366
	00001255	77	71	77	82	77	384
	00001256	77	76	75	79	76	383
	00001257	78	75	73	86	80	392
	00001258	81	80	75	77	72	385
	00001259	81	76	80	76	79	392
	00001260	77	79	81	78	81	396
	00001261	76	74	78	72	70	370
	00001262	82	80	78	74	82	396
	00001263	79	69	68	77	72	365
	00001264	78	72	76	75	70	371
	00001265	73	75	77	78	76	379
	00001266	79	74	72	78	77	380
	00001267	80	76	77	77	79	389
	00001268	76	72	77	76	77	378
	00001269	79	75	79	74	77	384
	00001270	76	82	77	77	78	390
	00001271	83	72	74	76	77	382
	00001272	73	75	70	79	75	372
	00001273	79	80	81	77	78	395
	00001274	79	77	68	77	75	376
	00001275	78	75	76	75	79	383
	00001276	75	72	79	76	77	379
	00001277	73	78	78	75	77	381
	00001278	71	80	74	75	77	377
	00001279	77	77	79	77	69	379
	00001280	77	72	77	73	78	377
	00001281	76	77	66	77	74	370
	00001282	76	74	75	71	64	360
	00001283	75	75	76	75	74	375
	00001284	73	79	73	67	78	370
	00001285	76	75	77	70	71	369
	00001286	78	79	76	75	76	384
	00001287	75	72	73	84	73	377
	00001288	73	75	69	73	72	362
	00001289	78	76	80	75	75	384
	00001290	78	76	76	77	76	383
	00001291	78	72	81	75	76	382
	00001292	77	72	83	77	75	384
	00001293	66	81	69	78	76	370
	00001294	76	72	74	80	78	380
	00001295	79	78	80	77	72	386
	00001296	75	84	77	72	77	385
	00001297	76	69	80	67	65	357
	00001298	78	78	66	82	82	386
	00001299	71	73	75	77	76	372
	00001300	76	80	71	80	76	383
	00001301	77	73	72	78	81	381
	00001302	80	78	73	79	73	383
	00001303	88	71	77	87	74	397
	00001304	72	73	79	81	79	384
	00001305	83	73	76	76	69	377
	00001306	72	77	79	69	73	370
	00001307	74	74	77	75	73	373
	00001308	69	78	75	77	71	370
	00001309	68	72	72	75	80	367
	00001310	80	70	79	76	81	386
	00001311	81	78	77	77	72	385
	00001312	78	79	84	80	73	394
	00001313	73	81	75	78	75	382
	00001314	81	76	77	76	75	385
	00001315	76	71	71	83	81	382
	00001316	76	75	77	77	78	383
	00001317	81	79	81	77	75	393
	00001318	75	76	76	75	86	388
	00001319	78	74	82	71	76	381
	00001320	84	77	81	74	80	396
	00001321	76	80	76	71	78	381
	00001322	75	86	77	79	66	383
	00001323	78	77	75	74	84	388
	00001324	74	78	81	72	81	386
	00001325	77	82	66	71	76	372
	00001326	76	77	75	77	75	380
	00001327	73	78	77	66	76	370
	00001328	79	77	79	84	84	403
	00001329	72	80	88	77	75	392
	00001330	73	77	72	75	74	371
	00001331	76	80	79	76	70	381
	00001332	80	69	79	77	78	383
	00001333	79	71	72	76	84	382
	00001334	76	77	80	77	85	395
	00001335	80	78	77	74	77	386
	00001336	81	77	76	69	79	382
	00001337	76	78	81	70	83	388
	00001338	76	78	74	76	71	375
	00001339	76	73	75	75	80	379
	00001340	78	81	80	80	80	399
	00001341	83	72	68	79	78	380
	00001342	80	77	76	74	78	385
	00001343	78	77	75	71	71	372
	00001344	76	77	80	77	86	396
	00001345	74	83	79	69	84	389
	00001346	70	81	79	82	75	387
	00001347	77	76	80	78	89	400
	00001348	75	81	77	77	72	382
	00001349	75	73	76	74	74	372
	00001350	71	77	75	79	73	375
	00001351	78	77	69	75	80	379
	00001352	73	83	79	75	79	389
	00001353	76	70	80	75	82	383
	00001354	68	82	79	72	75	376
	00001355	75	83	77	74	72	381
	00001356	80	73	74	78	76	381
	00001357	84	78	74	78	76	390
	00001358	77	77	77	80	76	387
	00001359	76	76	78	78	73	381
	00001360	84	83	71	75	73	386
	00001361	75	78	76	81	77	387
	00001362	79	82	77	82	75	395
	00001363	75	73	77	82	83	390
	00001364	84	84	74	78	76	396
	00001365	77	73	72	85	72	379
	00001366	75	75	78	74	78	380
	00001367	78	83	76	76	83	396
	00001368	78	80	81	79	71	389
	00001369	75	76	77	79	74	381
	00001370	83	78	83	70	82	396
	00001371	75	76	73	83	77	384
	00001372	72	76	76	74	84	382
	00001373	86	83	74	76	79	398
	00001374	69	75	77	77	76	374
	00001375	72	75	79	76	77	379
	00001376	83	70	72	74	80	379
	00001377	80	75	61	70	86	372
	00001378	78	75	78	72	79	382
	00001379	75	86	77	77	78	393
	00001380	77	79	79	78	72	385
	00001381	78	76	72	77	77	380
	00001382	79	80	75	78	81	393
	00001383	75	72	74	77	84	382
	00001384	76	75	74	87	82	394
	00001385	82	75	74	78	83	392
	00001386	80	76	76	77	82	391
	00001387	81	75	72	79	67	374
	00001388	84	78	72	78	79	391
	00001389	76	77	77	76	73	379
	00001390	79	74	78	76	77	384
	00001391	74	76	75	79	79	383
	00001392	81	77	84	75	73	390
	00001393	77	84	78	79	76	394
	00001394	76	70	73	74	72	365
	00001395	80	71	79	79	84	393
	00001396	81	76	77	79	76	389
	00001397	84	77	73	76	73	383
	00001398	79	70	77	76	90	392
	00001399	79	82	67	73	75	376
	00001400	80	80	75	77	75	387
	00001401	74	79	85	77	81	396
	00001402	76	80	74	78	84	392
	00001403	78	82	82	77	86	405
	00001404	76	78	80	77	68	379
	00001405	75	79	73	80	72	379
	00001406	75	80	73	72	76	376
	00001407	76	79	78	73	75	381
	00001408	70	76	73	73	75	367
	00001409	76	80	78	79	84	397
	00001410	81	75	75	72	70	373
	00001411	85	77	81	79	75	397
	00001412	79	76	73	75	76	379
	00001413	83	73	80	71	74	381
	00001414	74	75	74	78	73	374
	00001415	74	73	73	80	68	368
	00001416	75	75	75	78	74	377
	00001417	81	75	74	74	77	381
	00001418	72	76	78	77	80	383
	00001419	75	72	77	78	76	378
	00001420	70	72	76	81	78	377
	00001421	78	94	77	79	81	409
	00001422	77	76	77	77	78	385
	00001423	84	80	77	74	75	390
	00001424	74	81	76	77	78	386
	00001425	75	69	78	77	77	376
	00001426	75	77	75	73	80	380
	00001427	72	74	76	78	84	384
	00001428	81	76	71	77	80	385
	00001429	75	78	74	76	74	377
	00001430	79	70	73	82	75	379
	00001431	74	75	82	81	77	389
	00001432	78	80	74	78	78	388
	00001433	81	69	74	75	82	381
	00001434	78	75	77	75	79	384
	00001435	82	82	78	75	75	392
	00001436	81	72	69	76	78	376
	00001437	75	78	78	77	76	384
	00001438	80	72	73	84	81	390
	00001439	76	73	71	74	74	368
	00001440	71	77	74	72	74	368
	00001441	77	81	76	72	80	386
	00001442	73	83	76	75	72	379
	00001443	76	77	72	84	66	375
	00001444	79	82	82	78	75	396
	00001445	76	80	75	65	70	366
	00001446	76	79	76	75	71	377
	00001447	81	77	76	81	81	396
	00001448	82	74	77	75	76	384
	00001449	77	77	71	78	69	372
	00001450	73	80	82	76	77	388
	00001451	77	72	80	78	80	387
	00001452	76	77	77	75	79	384
	00001453	81	75	76	85	79	396
	00001454	69	78	76	72	74	369
	00001455	73	78	74	77	76	378
	00001456	81	74	79	78	75	387
	00001457	77	79	73	72	73	374
	00001458	76	74	75	73	75	373
	00001459	79	75	74	75	70	373
	00001460	79	78	70	85	82	394
	00001461	75	80	78	73	75	381
	00001462	78	77	75	78	80	388
	00001463	71	78	78	83	74	384
	00001464	83	74	84	69	77	387
	00001465	77	78	68	81	83	387
	00001466	75	76	86	75	78	390
	00001467	75	79	77	75	78	384
	00001468	79	81	74	76	81	391
	00001469	75	82	76	79	76	388
	00001470	77	78	80	74	86	395
	00001471	83	73	80	73	79	388
	00001472	78	79	77	80	64	378
	00001473	76	72	74	70	79	371
	00001474	74	74	82	78	76	384
	00001475	82	76	75	77	77	387
	00001476	79	74	79	78	75	385
	00001477	78	82	68	69	74	371
	00001478	78	71	75	76	78	378
	00001479	78	73	84	76	76	387
	00001480	75	79	75	79	78	386
	00001481	77	74	80	80	77	388
	00001482	72	76	70	76	85	379
	00001483	81	75	80	66	78	380
	00001484	75	75	77	78	78	383
	00001485	76	76	75	82	82	391
	00001486	77	75	76	75	74	377
	00001487	75	84	80	77	76	392
	00001488	73	85	74	73	71	376
	00001489	78	74	79	78	79	388
	00001490	76	75	77	76	75	379
	00001491	74	79	75	78	80	386
	00001492	77	75	81	73	70	376
	00001493	66	77	75	76	85	379
	00001494	77	76	80	78	80	391
	00001495	76	77	84	77	79	393
	00001496	71	74	75	71	71	362
	00001497	83	82	75	72	75	387
	00001498	74	87	78	76	75	390
	00001499	75	79	81	80	80	395
	00001500	69	70	78	76	76	369
	00001501	84	78	86	71	76	395
	00001502	75	79	73	76	79	382
	00001503	77	78	79	80	75	389
	00001504	75	76	70	84	79	384
	00001505	75	77	81	76	77	386
	00001506	71	75	69	75	74	364
	00001507	75	76	79	71	72	373
	00001508	76	74	75	72	79	376
	00001509	79	77	71	80	77	384
	00001510	73	73	77	73	73	369
	00001511	78	82	76	76	76	388
	00001512	74	75	76	78	78	381
	00001513	79	81	73	74	81	388
	00001514	80	79	85	71	74	389
	00001515	70	77	74	78	80	379
	00001516	77	73	72	90	74	386
	00001517	76	75	78	82	76	387
	00001518	80	78	81	75	77	391
	00001519	77	73	70	80	73	373
	00001520	77	78	77	77	77	386
	00001521	77	75	74	80	75	381
	00001522	76	75	84	69	77	381
	00001523	78	86	80	70	89	403
	00001524	77	74	75	67	77	370
	00001525	74	81	74	78	79	386
	00001526	79	79	78	70	70	376
	00001527	73	76	76	74	81	380
	00001528	73	80	73	80	77	383
	00001529	77	76	81	77	70	381
	00001530	69	73	77	76	75	370
	00001531	87	81	75	71	77	391
	00001532	76	67	80	78	73	374
	00001533	71	68	66	75	76	356
	00001534	76	74	78	73	75	376
	00001535	70	75	84	80	73	382
	00001536	76	79	75	72	72	374
	00001537	72	71	80	85	79	387
	00001538	77	78	76	78	78	387
	00001539	78	69	77	76	77	377
	00001540	82	79	72	74	73	380
	00001541	85	78	73	76	78	390
	00001542	84	67	78	77	77	383
	00001543	82	82	74	71	76	385
	00001544	77	81	75	78	78	389
	00001545	66	79	73	85	75	378
	00001546	65	81	73	79	74	372
	00001547	77	77	75	76	76	381
	00001548	78	66	78	81	77	380
	00001549	80	78	78	77	76	389
	00001550	75	67	77	79	77	375
	00001551	72	74	78	81	73	378
	00001552	82	70	72	74	78	376
	00001553	78	78	73	75	70	374
	00001554	78	73	75	77	79	382
	00001555	80	76	76	80	75	387
	00001556	79	80	80	72	79	390
	00001557	76	74	77	74	73	374
	00001558	76	73	76	77	73	375
	00001559	76	81	72	76	76	381
	00001560	79	79	74	75	74	381
	00001561	74	76	60	76	78	364
	00001562	73	78	72	74	72	369
	00001563	79	80	77	67	76	379
	00001564	70	77	85	67	71	370
	00001565	79	76	75	79	78	387
	00001566	78	79	79	76	80	392
	00001567	74	86	80	76	75	391
	00001568	83	85	73	77	81	399
	00001569	82	72	77	78	76	385
	00001570	77	84	76	69	76	382
	00001571	79	78	77	83	80	397
	00001572	76	74	72	67	78	367
	00001573	85	64	80	76	76	381
	00001574	78	73	76	71	74	372
	00001575	77	76	66	77	79	375
	00001576	68	74	75	74	74	365
	00001577	77	78	83	79	75	392
	00001578	79	77	77	78	76	387
	00001579	86	80	82	81	78	407
	00001580	78	76	82	80	76	392
	00001581	77	79	80	77	81	394
	00001582	75	68	81	71	77	372
	00001583	83	72	75	78	79	387
	00001584	71	73	77	83	78	382
	00001585	78	77	71	81	82	389
	00001586	81	77	77	76	75	386
	00001587	80	74	78	72	77	381
	00001588	80	78	77	79	77	391
	00001589	86	75	79	81	78	399
	00001590	75	71	80	75	82	383
	00001591	77	76	76	76	80	385
	00001592	81	76	78	78	76	389
	00001593	77	77	77	73	74	378
	00001594	71	79	76	77	83	386
	00001595	70	77	75	83	77	382
	00001596	72	77	76	76	77	378
	00001597	86	78	76	76	73	389
	00001598	74	76	75	85	76	386
	00001599	75	75	74	75	79	378
	00001600	79	80	73	75	79	386
	00001601	76	80	73	70	75	374
	00001602	83	77	73	76	79	388
	00001603	75	77	76	78	76	382
	00001604	75	77	74	79	76	381
	00001605	74	77	85	81	73	390
	00001606	77	69	81	76	70	373
	00001607	82	77	75	75	76	385
	00001608	79	76	79	74	74	382
	00001609	75	82	79	81	77	394
	00001610	84	79	83	77	84	407
	00001611	79	81	80	73	74	387
	00001612	77	79	73	80	75	384
	00001613	77	82	77	81	81	398
	00001614	82	76	78	87	78	401
	00001615	73	77	72	77	73	372
	00001616	75	73	73	80	78	379
	00001617	75	75	77	79	78	384
	00001618	73	71	71	83	84	382
	00001619	63	84	76	75	73	371
	00001620	76	77	79	74	79	385
	00001621	78	75	78	70	79	380
	00001622	91	78	82	68	76	395
	00001623	73	74	80	75	74	376
	00001624	80	76	78	79	69	382
	00001625	72	78	84	78	76	388
	00001626	81	79	83	76	76	395
	00001627	71	73	74	75	76	369
	00001628	76	77	82	77	74	386
	00001629	76	75	79	72	78	380
	00001630	76	73	76	78	75	378
	00001631	78	75	78	78	68	377
	00001632	76	80	85	73	72	386
	00001633	76	74	75	76	74	375
	00001634	77	75	80	72	70	374
	00001635	83	76	74	80	78	391
	00001636	77	74	75	80	76	382
	00001637	72	76	79	73	75	375
	00001638	79	86	80	72	77	394
	00001639	80	84	75	80	78	397
	00001640	81	76	77	78	79	391
	00001641	75	77	72	74	80	378
	00001642	78	76	77	75	72	378
	00001643	75	76	79	76	77	383
	00001644	74	68	80	73	78	373
	00001645	75	77	72	78	82	384
	00001646	77	76	81	72	75	381
	00001647	70	79	72	76	77	374
	00001648	82	78	77	82	76	395
	00001649	80	84	76	75	79	394
	00001650	79	78	74	72	77	380
	00001651	78	69	77	77	75	376
	00001652	76	67	75	88	64	370
	00001653	79	73	76	77	87	392
	00001654	76	76	73	78	78	381
	00001655	77	76	77	72	79	381
	00001656	79	72	75	76	76	378
	00001657	80	65	78	74	81	378
	00001658	75	79	79	77	79	389
	00001659	67	78	74	77	75	371
	00001660	82	81	66	75	75	379
	00001661	80	87	76	77	76	396
	00001662	76	77	77	72	85	387
	00001663	76	73	76	76	76	377
	00001664	75	77	75	75	77	379
	00001665	80	77	78	80	76	391
	00001666	78	72	78	77	76	381
	00001667	77	74	79	84	76	390
	00001668	78	79	80	75	74	386
	00001669	81	80	76	68	75	380
	00001670	84	75	78	80	79	396
	00001671	80	77	79	84	72	392
	00001672	71	76	73	80	79	379
	00001673	76	77	77	72	78	380
	00001674	78	78	80	76	73	385
	00001675	79	77	78	64	77	375
	00001676	75	77	76	74	72	374
	00001677	79	74	80	79	72	384
	00001678	71	84	72	75	80	382
	00001679	63	77	78	79	69	366
	00001680	77	75	72	79	74	377
	00001681	76	73	77	77	79	382
	00001682	76	77	78	76	69	376
	00001683	73	74	74	80	77	378
	00001684	78	79	69	73	76	375
	00001685	75	72	90	78	76	391
	00001686	85	72	81	77	80	395
	00001687	78	75	74	78	78	383
	00001688	81	77	74	72	76	380
	00001689	85	77	76	81	75	394
	00001690	74	72	77	72	77	372
	00001691	74	72	72	87	76	381
	00001692	69	75	76	74	77	371
	00001693	79	82	78	77	75	391
	00001694	81	81	74	72	67	375
	00001695	79	75	81	78	69	382
	00001696	78	78	80	74	66	376
	00001697	83	79	77	71	75	385
	00001698	75	80	84	77	81	397
	00001699	80	80	80	74	76	390
	00001700	76	77	73	81	73	380
	00001701	76	66	71	69	80	362
	00001702	77	81	83	78	74	393
	00001703	83	73	70	84	79	389
	00001704	78	76	76	73	82	385
	00001705	83	79	71	78	81	392
	00001706	76	75	74	80	77	382
	00001707	78	75	74	74	72	373
	00001708	78	76	78	76	85	393
	00001709	82	75	77	74	77	385
	00001710	74	78	77	73	81	383
	00001711	78	74	76	81	76	385
	00001712	75	75	74	74	77	375
	00001713	72	75	77	78	81	383
	00001714	81	74	76	81	70	382
	00001715	80	76	74	75	75	380
	00001716	76	79	80	79	75	389
	00001717	73	73	73	76	73	368
	00001718	74	80	77	72	73	376
	00001719	81	77	78	73	72	381
	00001720	71	83	79	75	73	381
	00001721	74	82	80	76	79	391
	00001722	77	76	70	79	76	378
	00001723	80	77	78	76	84	395
	00001724	77	75	82	78	73	385
	00001725	80	74	75	75	79	383
	00001726	67	75	75	76	78	371
	00001727	75	83	72	78	70	378
	00001728	77	69	86	71	73	376
	00001729	82	74	74	70	82	382
	00001730	70	74	81	83	80	388
	00001731	77	76	74	84	76	387
	00001732	82	74	78	79	72	385
	00001733	72	74	81	77	81	385
	00001734	74	78	79	78	75	384
	00001735	72	72	75	77	74	370
	00001736	78	83	75	78	77	391
	00001737	77	78	77	77	78	387
	00001738	77	74	86	75	77	389
	00001739	77	74	79	74	80	384
	00001740	79	74	72	76	81	382
	00001741	75	71	87	83	75	391
	00001742	77	76	80	77	71	381
	00001743	77	77	70	78	78	380
	00001744	75	74	75	74	74	372
	00001745	69	64	77	85	72	367
	00001746	71	74	77	81	84	387
	00001747	70	73	80	77	74	374
	00001748	75	76	78	84	72	385
	00001749	76	72	78	76	81	383
	00001750	76	82	78	75	78	389
	00001751	72	68	77	78	69	364
	00001752	79	82	76	77	82	396
	00001753	74	77	79	80	80	390
	00001754	74	76	79	80	66	375
	00001755	77	83	72	68	79	379
	00001756	72	73	74	70	78	367
	00001757	82	77	77	80	75	391
	00001758	67	73	79	70	76	365
	00001759	77	82	78	75	77	389
	00001760	74	77	71	78	74	374
	00001761	76	82	87	77	78	400
	00001762	71	80	77	70	76	374
	00001763	75	75	73	73	77	373
	00001764	76	76	78	75	83	388
	00001765	76	88	77	75	75	391
	00001766	74	75	76	68	77	370
	00001767	74	77	76	73	76	376
	00001768	77	83	78	77	66	381
	00001769	71	78	74	78	80	381
	00001770	69	76	85	69	80	379
	00001771	84	78	76	75	71	384
	00001772	76	77	77	72	77	379
	00001773	74	75	75	72	69	365
	00001774	78	72	74	74	75	373
	00001775	73	79	75	65	76	368
	00001776	81	82	73	85	76	397
	00001777	72	78	79	75	81	385
	00001778	77	79	73	74	80	383
	00001779	75	77	78	76	73	379
	00001780	73	73	90	80	77	393
	00001781	77	80	78	80	82	397
	00001782	75	76	79	74	75	379
	00001783	78	74	76	73	78	379
	00001784	73	72	63	73	75	356
	00001785	77	68	74	81	79	379
	00001786	66	79	78	75	76	374
	00001787	78	79	70	83	74	384
	00001788	83	75	77	82	72	389
	00001789	78	74	76	77	70	375
	00001790	75	81	79	77	67	379
	00001791	77	76	75	79	75	382
	00001792	79	75	80	84	78	396
	00001793	72	83	77	77	77	386
	00001794	69	81	78	88	77	393
	00001795	84	73	73	76	73	379
	00001796	95	73	77	76	77	398
	00001797	78	69	73	86	74	380
	00001798	70	83	78	79	75	385
	00001799	77	78	78	70	73	376
	00001800	74	75	74	79	71	373
	00001801	77	74	82	74	76	383
	00001802	74	78	77	71	71	371
	00001803	74	85	85	69	70	383
	00001804	73	74	76	78	69	370
	00001805	74	77	78	75	78	382
	00001806	74	74	78	78	77	381
	00001807	75	72	76	76	78	377
	00001808	71	77	78	74	74	374
	00001809	75	75	71	75	70	366
	00001810	78	78	79	76	72	383
	00001811	76	78	72	82	74	382
	00001812	78	80	70	74	80	382
	00001813	82	75	79	80	70	386
	00001814	76	78	82	83	79	398
	00001815	74	85	76	76	71	382
	00001816	77	76	75	72	77	377
	00001817	83	77	75	74	71	380
	00001818	72	78	79	76	75	380
	00001819	68	78	71	79	77	373
	00001820	80	74	76	79	73	382
	00001821	82	77	78	77	79	393
	00001822	83	82	68	78	81	392
	00001823	77	82	81	75	75	390
	00001824	67	70	73	78	71	359
	00001825	71	67	77	81	71	367
	00001826	73	71	77	73	71	365
	00001827	75	82	78	88	77	400
	00001828	82	72	86	92	86	418
	00001829	79	73	76	75	75	378
	00001830	76	75	75	77	79	382
	00001831	76	79	76	73	78	382
	00001832	70	76	79	81	68	374
	00001833	79	73	74	76	68	370
	00001834	79	78	70	78	76	381
	00001835	81	76	77	86	74	394
	00001836	73	77	80	78	76	384
	00001837	81	75	72	79	76	383
	00001838	84	78	73	80	76	391
	00001839	81	76	77	78	81	393
	00001840	74	76	75	77	77	379
	00001841	80	72	84	69	73	378
	00001842	76	74	83	83	79	395
	00001843	78	81	76	75	75	385
	00001844	81	80	77	72	81	391
	00001845	76	81	76	71	76	380
	00001846	80	72	76	75	69	372
	00001847	87	74	78	71	75	385
	00001848	75	82	85	74	75	391
	00001849	75	77	80	72	82	386
	00001850	75	72	74	72	77	370
	00001851	82	74	76	76	76	384
	00001852	76	76	75	77	72	376
	00001853	77	74	84	70	83	388
	00001854	73	75	76	76	80	380
	00001855	74	72	74	76	81	377
	00001856	80	73	78	72	79	382
	00001857	74	77	76	76	71	374
	00001858	71	80	76	86	76	389
	00001859	71	71	65	79	77	363
	00001860	73	78	72	75	77	375
	00001861	74	80	76	78	75	383
	00001862	76	77	76	78	69	376
	00001863	75	78	76	81	78	388
	00001864	77	78	71	78	77	381
	00001865	70	79	75	77	81	382
	00001866	77	82	76	71	72	378
	00001867	76	74	67	75	76	368
	00001868	76	78	71	78	79	382
	00001869	78	76	77	72	80	383
	00001870	72	75	80	78	72	377
	00001871	78	74	77	64	75	368
	00001872	79	81	77	74	80	391
	00001873	79	75	78	79	76	387
	00001874	79	78	72	73	74	376
	00001875	76	75	78	81	79	389
	00001876	79	75	75	78	77	384
	00001877	82	77	83	76	77	395
	00001878	80	76	70	77	65	368
	00001879	65	82	76	73	84	380
	00001880	79	74	72	77	68	370
	00001881	81	72	81	72	76	382
	00001882	76	72	75	75	80	378
	00001883	81	78	77	81	72	389
	00001884	78	67	74	75	76	370
	00001885	81	68	80	71	77	377
	00001886	74	74	79	76	79	382
	00001887	75	82	74	80	80	391
	00001888	79	75	80	78	71	383
	00001889	69	85	73	80	76	383
	00001890	76	80	68	78	76	378
	00001891	78	81	75	77	75	386
	00001892	80	76	84	76	80	396
	00001893	77	78	78	76	76	385
	00001894	68	77	76	75	66	362
	00001895	79	75	77	77	77	385
	00001896	73	76	78	87	78	392
	00001897	74	88	77	73	74	386
	00001898	81	75	72	73	72	373
	00001899	76	66	77	76	78	373
	00001900	79	76	66	78	70	369
	00001901	80	74	73	72	75	374
	00001902	77	83	72	75	81	388
	00001903	71	67	75	75	72	360
	00001904	74	69	75	84	81	383
	00001905	80	82	79	77	74	392
	00001906	88	72	78	78	83	399
	00001907	80	81	81	73	80	395
	00001908	77	76	72	77	76	378
	00001909	70	76	76	74	80	376
	00001910	73	76	74	84	73	380
	00001911	74	71	75	80	78	378
	00001912	77	76	92	74	78	397
	00001913	76	76	72	78	78	380
	00001914	77	78	73	77	74	379
	00001915	80	85	77	80	74	396
	00001916	70	81	81	75	76	383
	00001917	73	78	76	73	76	376
	00001918	82	80	77	76	75	390
	00001919	76	77	81	85	85	404
	00001920	77	75	77	80	79	388
	00001921	71	76	77	77	77	378
	00001922	80	74	74	78	81	387
	00001923	79	77	87	72	79	394
	00001924	83	76	74	79	74	386
	00001925	79	79	77	78	77	390
	00001926	79	74	73	74	81	381
	00001927	75	72	75	78	83	383
	00001928	75	77	76	82	79	389
	00001929	74	79	74	70	71	368
	00001930	75	73	79	72	75	374
	00001931	80	70	75	73	83	381
	00001932	78	72	71	74	79	374
	00001933	77	75	71	80	78	381
	00001934	76	79	77	85	75	392
	00001935	81	77	76	80	71	385
	00001936	82	83	76	74	83	398
	00001937	73	74	79	74	76	376
	00001938	68	76	69	85	80	378
	00001939	78	76	78	80	85	397
	00001940	83	84	74	78	73	392
	00001941	73	74	82	77	78	384
	00001942	87	76	72	75	83	393
	00001943	74	81	86	72	77	390
	00001944	83	73	76	71	76	379
	00001945	67	78	73	71	71	360
	00001946	78	77	76	82	77	390
	00001947	72	78	77	75	77	379
	00001948	77	80	75	66	74	372
	00001949	75	82	74	77	77	385
	00001950	78	78	72	73	74	375
	00001951	78	80	76	78	78	390
	00001952	88	79	75	72	79	393
	00001953	73	74	73	76	79	375
	00001954	76	72	70	75	73	366
	00001955	75	78	78	77	76	384
	00001956	73	76	82	79	76	386
	00001957	81	75	80	76	75	387
	00001958	74	77	74	76	73	374
	00001959	78	74	72	75	77	376
	00001960	77	76	75	78	75	381
	00001961	79	80	78	78	74	389
	00001962	84	72	85	83	78	402
	00001963	76	77	80	79	76	388
	00001964	71	78	73	80	78	380
	00001965	80	78	78	69	77	382
	00001966	77	74	70	75	80	376
	00001967	78	79	74	72	76	379
	00001968	80	68	78	72	72	370
	00001969	72	75	72	78	80	377
	00001970	79	73	73	79	77	381
	00001971	76	79	79	77	74	385
	00001972	81	73	77	70	78	379
	00001973	75	70	73	74	78	370
	00001974	73	77	70	75	74	369
	00001975	76	76	72	77	80	381
	00001976	76	73	72	73	76	370
	00001977	74	75	77	78	83	387
	00001978	81	75	77	76	72	381
	00001979	77	76	79	79	76	387
	00001980	73	82	78	83	78	394
	00001981	75	76	75	82	78	386
	00001982	72	69	79	75	75	370
	00001983	71	73	70	75	77	366
	00001984	76	79	76	77	74	382
	00001985	77	67	72	82	75	373
	00001986	79	72	76	80	76	383
	00001987	78	78	73	69	83	381
	00001988	77	77	79	71	76	380
	00001989	75	74	76	73	76	374
	00001990	77	79	84	76	80	396
	00001991	74	81	80	77	85	397
	00001992	79	74	70	69	76	368
	00001993	77	75	70	78	79	379
	00001994	80	81	76	76	74	387
	00001995	77	76	77	71	79	380
	00001996	78	79	79	75	79	390
	00001997	77	74	80	80	76	387
	00001998	79	76	77	78	77	387
	00001999	76	75	76	77	79	383
	00002000	76	75	75	84	79	389
	00002001	79	79	77	74	69	378
	00002002	72	63	75	75	87	372
	00002003	78	75	79	80	79	391
	00002004	73	87	77	76	72	385
	00002005	72	74	72	71	78	367
	00002006	73	79	77	73	79	381
	00002007	74	62	76	78	79	369
	00002008	76	81	82	76	78	393
	00002009	78	72	83	80	84	397
	00002010	77	74	72	79	77	379
	00002011	76	80	77	77	75	385
	00002012	77	81	75	80	74	387
	00002013	78	77	78	70	77	380
	00002014	79	77	82	79	73	390
	00002015	84	84	78	79	76	401
	00002016	72	79	76	79	78	384
	00002017	76	75	76	75	79	381
	00002018	79	72	79	79	76	385
	00002019	76	70	77	74	75	372
	00002020	68	76	75	78	72	369
	00002021	84	76	76	77	73	386
	00002022	80	81	76	78	76	391
	00002023	72	77	77	75	70	371
	00002024	70	79	81	77	75	382
	00002025	75	73	73	75	75	371
	00002026	83	74	79	75	80	391
	00002027	75	76	79	75	75	380
	00002028	72	80	72	72	70	366
	00002029	75	81	76	78	78	388
	00002030	75	78	78	76	70	377
	00002031	80	76	76	77	86	395
	00002032	73	79	74	78	78	382
	00002033	73	78	78	74	77	380
	00002034	75	67	79	77	69	367
	00002035	74	69	78	79	77	377
	00002036	70	74	74	79	83	380
	00002037	72	76	77	76	70	371
	00002038	76	76	74	86	75	387
	00002039	90	76	68	75	73	382
	00002040	74	78	77	75	80	384
	00002041	73	77	82	77	74	383
	00002042	71	76	76	71	75	369
	00002043	75	81	82	73	76	387
	00002044	79	69	62	69	81	360
	00002045	77	76	77	85	75	390
	00002046	74	78	76	79	71	378
	00002047	74	75	81	75	78	383
	00002048	71	78	73	77	71	370
