-2776 -2777 -2784 -2789 -2793 -2800 -2810 -2813 -2814 -2815 -2816 -2820 -2822 -2826 -2828 -2836 -2841 -2850
-2852 -2855 -2858 -2864 -2874 -2879 -2888 -2897 -2902 -2903 -2909 -2917 -2921 -2930 -2935 -2937 -2945 -2953
-2963 -2973 -2980 -2985 -2987 -2990 -2993 -3000 -3004 -3011 -3018 -3023 -3025 -3030 -3037 -3044 -3051 -3057
-3065 -3073 -3074 -3076 -3080 -3090 -3099 -3106 -3114 -3121 -3130 -3135 -3143 -3149 -3156 -3164 -3168 -3172
-3180 -3190 -3193 -3202 -3212 -3214 -3220 -3227 -3228 -3236 -3245 -3255 -3265 -3275 -3284 -3290 -3291 -3300
-3307 -3310 -3315 -3325 -3328 -3333 -3336 -3341 -3347 -3356 -3364 -3365 -3368 -3372 -3376 -3382 -3385 -3393
-3400 -3401 -3408 -3414 -3421 -3430 -3437 -3440 -3450 -3460 -3461 -3467 -3472 -3478 -3486 -3492 -3502 -3510
-3513 -3514 -3519 -3527 -3534 -3536 -3544 -3551 -3559 -3566 -3571 -3578 -3586 -3590 -3593 -3602 -3608 -3610
-3618 -3623 -3633 -3643 -3649 -3651 -3654 -3659 -3669 -3674 -3681 -3691 -3697 -3702 -3704 -3710 -3718 -3721
-3727 -3733 -3735 -3737 -3742 -3750 -3757 -3765 -3769 -3779 -3780 -3785 -3788 -3794 -3797 -3799 -3804 -3813
-3821 -3824 -3831 -3834 -3842 -3844 -3849 -3856 -3860 -3866 -3871 -3879 -3882 -3885 -3889 -3894 -3897 -3901
-3911 -3916 -3926 -3934 -3937 -3946 -3952 -3959 -3966 -3969 -3973 -3978 -3979 -3980 -3983 -3985 -3987 -3991
-3994 -3997 -4001 -4002 -4012 -4018 -4024 -4033 -4041 -4045 -4048 -4051 -4053 -4061 -4063 -4071 -4080 -4087
-4088 -4092 -4101 -4102 -4105 -4112 -4120 -4125 -4133 -4136 -4143 -4147 -4151 -4156 -4159 -4165 -4169 -4174
-4177 -4182 -4188 -4192 -4202 -4203 -4211 -4215 -4217 -4222 -4231 -4239 -4243 -4251 -4253 -4260 -4263 -4273
-4278 -4284 -4290 -4300 -4309 -4312 -4317 -4318 -4328 -4336 -4338 -4345 -4348 -4357 -4367 -4375 -4379 -4382
-4383 -4392 -4393 -4403 -4404 -4408 -4415 -4419 -4425 -4431 -4439 -4444 -4446 -4454 -4462 -4468 -4473 -4481
-4487 -4490 -4494 -4497 -4503 -4512 -4515 -4521 -4528 -4530 -4535 -4542 -4552 -4560 -4570 -4576 -4579 -4586
-4596 -4597 -4599 -4607 -4609 -4614 -4619 -4629 -4632 -4633 -4641 -4644 -4646 -4652 -4657 -4658 -4664 -4668
-4670 -4677 -4684 -4689 -4692 -4702 -4708 -4713 -4721 -4727 -4734 -4738 -4748 -4757 -4763 -4765 -4769 -4771
-4776 -4778 -4786 -4790 -4794 -4801 -4808 -4814 -4824 -4827 -4829 -4835 -4841 -4845 -4851 -4861 -4867 -4873
-4883 -4892 -4895 -4902 -4906 -4910 -4919 -4929 -4932 -4934 -4940 -4942 -4947 -4955 -4963 -4969 -4973 -4981
-4989 -4992 -4993 -4995 -5003 -5007 -5012 -5022 -5024 -5027 -5029 -5038 -5045 -5046 -5048 -5050 -5052 -5053
-5055 -5063 -5066 -5071 -5074 -5076 -5083 -5085 -5094 -5102 -5112 -5121 -5126 -5128 -5137 -5146 -5149 -5156
-5162 -5164 -5170 -5173 -5180 -5188 -5191 -5195 -5197 -5203 -5213 -5214 -5224 -5234 -5243 -5249 -5253 -5257
-5261 -5264 -5270 -5277 -5283 -5293 -5299 -5306 -5308 -5318 -5322 -5330 -5339 -5340 -5341 -5348 -5353 -5359
-5360 -5364 -5368 -5369 -5376 -5386 -5394 -5401 -5407 -5415 -5421 -5429 -5438 -5444 -5453 -5455 -5461 -5466
-5474 -5476 -5480 -5483 -5488 -5492 -5502 -5507 -5517 -5523 -5533 -5536 -5540 -5549 -5554 -5558 -5559 -5564
-5571 -5579 -5581 -5587 -5589 -5593 -5596 -5604 -5614 -5623 -5629 -5631 -5641 -5642 -5650 -5655 -5656 -5666
-5668 -5675 -5685 -5686 -5692 -5693 -5703 -5712 -5722 -5725 -5729 -5737 -5738 -5742 -5743 -5745 -5755 -5761
-5766 -5771 -5774 -5778 -5780 -5789 -5791 -5796 -5800 -5808 -5812 -5814 -5820 -5829 -5832 -5842 -5851 -5855
-5857 -5862 -5868 -5876 -5883 -5885 -5890 -5897 -5905 -5915 -5916 -5919 -5929 -5933 -5938 -5945 -5955 -5963
-5966 -5967 -5974 -5979 -5982 -5984 -5994 -6000 -6008 -6011 -6013 -6020 -6029 -6031 -6041 -6045 -6054 -6060
-6064 -6072 -6079 -6081 -6089 -6091 -6095 -6103 -6108 -6110 -6116 -6119 -6127 -6132 -6142 -6146 -6154 -6155
-6160 -6164 -6170 -6173 -6181 -6183 -6185 -6189 -6192 -6201 -6203 -6209 -6217 -6225 -6233 -6243 -6248 -6249
-6256 -6261 -6269 -6272 -6275 -6279 -6289 -6293 -6298 -6306 -6315 -6321 -6325 -6332 -6338 -6346 -6352 -6355
-6362 -6370 -6377 -6380 -6387 -6394 -6402 -6405 -6406 -6413 -6414 -6418 -6428 -6434 -6443 -6450 -6453 -6458
-6459 -6462 -6467 -6477 -6484 -6486 -6487 -6497 -6502 -6507 -6512 -6522 -6528 -6533 -6537 -6545 -6551 -6558
-6567 -6575 -6577 -6583 -6584 -6589 -6596 -6599 -6609 -6615 -6625 -6629 -6631 -6639 -6640 -6647 -6651 -6655
-6663 -6664 -6669 -6674 -6681 -6689 -6692 -6697 -6707 -6717 -6723 -6730 -6736 -6737 -6747 -6754 -6759 -6769
-6775 -6776 -6785 -6794 -6800 -6806 -6813 -6817 -6819 -6820 -6826 -6830 -6831 -6836 -6845 -6855 -6864 -6869
-6876 -6878 -6880 -6881 -6882 -6891 -6894 -6903 -6910 -6911 -6916 -6919 -6926 -6932 -6942 -6950 -6958 -6964
-6971 -6977 -6985 -6990 -6994 -6999 -7005 -7010 -7019 -7020 -7030 -7035 -7041 -7042 -7049 -7058 -7061 -7065
-7070 -7079 -7087 -7094 -7097 -7098 -7104 -7111 -7115 -7122 -7128 -7132 -7142 -7149 -7155 -7160 -7166 -7172
-7179 -7185 -7192 -7194 -7203 -7210 -7218 -7220 -7226 -7227 -7237 -7247 -7255 -7263 -7267 -7270 -7277 -7285
-7289 -7298 -7307 -7310 -7311 -7319 -7328 -7338 -7342 -7352 -7354 -7360 -7362 -7364 -7373 -7380 -7390 -7392
-7393 -7398 -7408 -7412 -7420 -7422 -7428 -7435 -7437 -7447 -7449 -7451 -7457 -7463 -7471 -7479 -7482 -7492
-7496 -7498 -7507 -7513 -7521 -7526 -7530 -7537 -7547 -7554 -7564 -7567 -7571 -7572 -7581 -7587 -7591 -7594
-7598 -7605 -7609 -7616 -7625 -7626 -7629 -7636 -7644 -7654 -7664 -7668 -7670 -7672 -7677 -7685 -7689 -7698
-7706 -7715 -7716 -7723 -7727 -7730 -7737 -7741 -7748 -7751 -7756 -7765 -7773 -7782 -7789 -7795 -7805 -7815
-7825 -7835 -7838 -7847 -7851 -7852 -7856 -7861 -7866 -7872 -7880 -7889 -7896 -7902 -7904 -7910 -7917 -7922
-7926 -7934 -7938 -7941 -7947 -7954 -7955 -7965 -7968 -7972 -7980 -7982 -7992 -8000 -8008 -8011 -8021 -8031
-8041 -8050 -8055 -8061 -8069 -8076 -8080 -8081 -8089 -8098 -8108 -8112 -8113 -8122 -8128 -8129 -8131 -8141
-8146 -8147 -8151 -8155 -8157 -8160 -8170 -8180 -8185 -8187 -8189 -8199 -8201 -8205 -8214 -8216 -8217 -8224
-8227 -8228 -8235 -8241 -8243 -8252 -8254 -8262 -8267 -8271 -8280 -8281 -8289 -8291 -8297 -8305 -8314 -8316
-8317 -8320 -8330 -8336 -8345 -8355 -8358 -8368 -8371 -8374 -8381 -8386 -8393 -8394 -8403 -8404 -8411 -8415
-8422 -8430 -8433 -8434 -8441 -8444 -8453 -8457 -8466 -8468 -8477 -8485 -8487 -8491 -8496 -8498 -8500 -8502
-8509 -8514 -8523 -8525 -8527 -8535 -8536 -8539 -8544 -8553 -8558 -8567 -8568 -8572 -8573 -8582 -8589 -8592
-8598 -8604 -8608 -8612 -8620 -8624 -8630 -8639 -8645 -8649 -8657 -8667 -8674 -8684 -8685 -8686 -8693 -8695
-8700 -8705 -8706 -8713 -8714 -8722 -8723 -8725 -8730 -8739 -8742 -8751 -8760 -8770 -8777 -8779 -8780 -8787
-8794 -8803 -8806 -8816 -8821 -8826 -8828 -8831 -8840 -8846 -8852 -8858 -8863 -8864 -8870 -8874 -8882 -8888
-8890 -8896 -8901 -8910 -8919 -8926 -8932 -8933 -8941 -8951 -8961 -8968 -8976 -8984 -8987 -8990 -8992 -8999
-9002 -9006 -9013 -9015 -9023 -9033 -9041 -9046 -9053 -9055 -9058 -9060 -9065 -9071 -9081 -9090 -9092 -9094
-9099 -9103 -9111 -9112 -9116 -9125 -9130 -9135 -9136 -9141 -9151 -9154 -9157 -9167 -9173 -9179 -9184 -9188
-9193 -9197 -9202 -9212 -9220 -9223 -9229 -9231 -9232 -9235 -9243 -9244 -9254 -9262 -9267 -9273 -9274 -9277
-9282 -9285 -9286 -9296 -9304 -9308 -9311 -9315 -9322 -9328 -9338 -9346 -9356 -9357 -9358 -9368 -9369 -9370
-9375 -9382 -9383 -9391 -9396 -9398 -9404 -9413 -9415 -9417 -9420 -9430 -9436 -9444 -9449 -9451 -9461 -9468
-9470 -9474 -9478 -9483 -9489 -9498 -9500 -9506 -9510 -9519 -9520 -9528 -9532 -9538 -9545 -9552 -9556 -9564
-9571 -9579 -9582 -9584 -9589 -9595 -9600 -9606 -9615 -9618 -9624 -9631 -9636 -9642 -9647 -9655 -9663 -9671
-9681 -9686 -9688 -9690 -9699 -9701 -9705 -9711 -9714 -9718 -9727 -9734 -9740 -9741 -9743 -9748 -9755 -9756
-9764 -9767 -9769 -9777 -9778 -9785 -9794 -9795 -9800 -9803 -9804 -9814 -9822 -9829 -9838 -9841 -9844 -9849
-9857 -9865 -9873 -9883 -9893 -9895 -9896 -9906 -9909 -9916 -9923 -9929 -9939 -9943 -9949 -9959 -9967 -9972
-9981 -9983 -9987 -9994 -9999 -10000 -10007 -10009 -10011 -10013 -10020 -10027 -10035 -10045 -10048 -10056 -10061 -10063
-10065 -10069 -10070 -10076 -10085 -10095 -10102 -10106 -10110 -10120 -10128 -10133 -10140 -10146 -10150 -10153 -10158 -10161
-10171 -10180 -10187 -10195 -10202 -10203 -10205 -10209 -10216 -10221 -10229 -10230 -10234 -10235 -10242 -10244 -10246 -10256
-10262 -10272 -10278 -10283 -10292 -10299 -10304 -10312 -10319 -10320 -10327 -10332 -10338 -10348 -10349 -10358 -10363 -10365
-10372 -10380 -10382 -10392 -10394 -10403 -10404 -10407 -10412 -10414 -10424 -10425 -10435 -10444 -10446 -10452 -10462 -10466
-10470 -10479 -10488 -10496 -10502 -10508 -10518 -10520 -10527 -10533 -10540 -10546 -10551 -10555 -10556 -10564 -10570 -10579
-10588 -10591 -10599 -10609 -10614 -10620 -10625 -10634 -10638 -10643 -10648 -10657 -10666 -10676 -10679 -10688 -10693 -10701
-10707 -10709 -10711 -10715 -10719 -10720 -10723 -10726 -10729 -10735 -10738 -10740 -10744 -10752 -10756 -10763 -10770 -10779
-10780 -10789 -10799 -10809 -10818 -10827 -10828 -10835 -10840 -10849 -10859 -10860 -10862 -10863 -10870 -10877 -10878 -10888
-10893 -10899 -10906 -10908 -10910 -10914 -10920 -10929 -10930 -10937 -10947 -10951 -10955 -10965 -10971 -10976 -10978 -10987
-10988 -10997 -11001 -11005 -11006 -11009 -11019 -11024 -11029 -11038 -11043 -11048 -11054 -11059 -11065 -11068 -11070 -11078
-11083 -11085 -11088 -11093 -11094 -11103 -11111 -11118 -11128 -11133 -11134 -11137 -11138 -11148 -11150 -11154 -11164 -11166
-11169 -11174 -11179 -11184 -11185 -11193 -11196 -11206 -11213 -11217 -11222 -11224 -11234 -11236 -11246 -11252 -11257 -11266
-11273 -11279 -11285 -11289 -11292 -11297 -11301 -11311 -11319 -11324 -11333 -11336 -11342 -11346 -11348 -11358 -11368 -11378
-11383 -11391 -11398 -11405 -11410 -11417 -11427 -11432 -11433 -11437 -11443 -11452 -11455 -11460 -11462 -11472 -11477 -11480
-11487 -11495 -11499 -11501 -11506 -11509 -11513 -11518 -11526 -11528 -11534 -11541 -11547 -11554 -11562 -11569 -11573 -11578
-11587 -11593 -11601 -11604 -11614 -11618 -11621 -11631 -11640 -11641 -11649 -11653 -11654 -11655 -11661 -11664 -11670 -11674
-11683 -11690 -11698 -11702 -11704 -11706 -11707 -11716 -11723 -11731 -11739 -11742 -11751 -11757 -11765 -11774 -11777 -11786
-11790 -11799 -11808 -11811 -11819 -11822 -11824 -11826 -11832 -11833 -11837 -11845 -11854 -11861 -11865 -11869 -11871 -11881
-11887 -11890 -11892 -11902 -11906 -11911 -11921 -11923 -11929 -11931 -11934 -11942 -11947 -11952 -11961 -11963 -11973 -11981
-11991 -11997 -11999 -12009 -12019 -12021 -12030 -12033 -12038 -12045 -12051 -12059 -12066 -12074 -12078 -12084 -12094 -12102
-12107 -12111 -12121 -12123 -12128 -12131 -12141 -12148 -12156 -12161 -12167 -12171 -12181 -12187 -12191 -12195 -12197 -12206
-12209 -12216 -12225 -12230 -12232 -12239 -12246 -12255 -12265 -12268 -12270 -12279 -12288 -12298 -12305 -12313 -12319 -12328
-12333 -12343 -12345 -12355 -12365 -12374 -12377 -12383 -12386 -12389 -12393 -12394 -12403 -12406 -12414 -12420 -12424 -12430
-12440 -12446 -12453 -12458 -12468 -12472 -12480 -12484 -12485 -12488 -12494 -12496 -12503 -12510 -12513 -12522 -12532 -12535
-12543 -12547 -12557 -12561 -12571 -12576 -12579 -12589 -12598 -12608 -12617 -12626 -12632 -12638 -12641 -12651 -12658 -12662
-12664 -12665 -12672 -12680 -12683 -12684 -12689 -12699 -12701 -12703 -12712 -12722 -12725 -12727 -12732 -12742 -12750 -12756
-12761 -12770 -12772 -12780 -12788 -12789 -12796 -12801 -12811 -12815 -12819 -12827 -12837 -12842 -12847 -12856 -12859 -12862
-12863 -12866 -12871 -12879 -12884 -12892 -12900 -12908 -12918 -12920 -12921 -12924 -12934 -12935 -12938 -12945 -12951 -12960
-12970 -12974 -12981 -12988 -12996 -13006 -13016 -13025 -13029 -13037 -13042 -13047 -13051 -13060 -13070 -13080 -13087 -13089
-13095 -13103 -13107 -13109 -13119 -13127 -13128 -13135 -13138 -13142 -13147 -13150 -13154 -13160 -13165 -13169 -13174 -13183
-13192 -13200 -13207 -13216 -13220 -13223 -13226 -13235 -13239 -13249 -13254 -13262 -13268 -13273 -13283 -13284 -13291 -13293
-13299 -13304 -13313 -13319 -13327 -13328 -13333 -13343 -13347 -13351 -13357 -13362 -13369 -13371 -13379 -13384 -13388 -13389
-13397 -13403 -13406 -13409 -13418 -13419 -13426 -13436 -13438 -13445 -13454 -13458 -13459 -13465 -13472 -13477 -13480 -13487
-13488 -13489 -13496 -13500 -13509 -13512 -13516 -13523 -13526 -13531 -13537 -13545 -13554 -13561 -13569 -13579 -13588 -13592
-13595 -13604 -13605 -13615 -13625 -13627 -13633 -13642 -13644 -13648 -13654 -13664 -13673 -13676 -13686 -13693 -13702 -13706
-13712 -13717 -13718 -13721 -13722 -13724 -13728 -13731 -13733 -13740 -13744 -13750 -13758 -13767 -13771 -13775 -13785 -13794
-13804 -13811 -13818 -13820 -13826 -13830 -13839 -13844 -13845 -13854 -13864 -13865 -13866 -13868 -13872 -13875 -13885 -13888
-13896 -13904 -13908 -13916 -13919 -13928 -13936 -13938 -13945 -13954 -13958 -13968 -13969 -13973 -13975 -13985 -13995 -13997
-14001 -14007 -14014 -14017 -14022 -14025 -14034 -14036 -14046 -14052 -14054 -14064 -14069 -14079 -14088 -14094 -14095 -14096
-14097 -14103 -14112 -14114 -14116 -14124 -14133 -14142 -14148 -14157 -14167 -14171 -14179 -14189 -14191 -14195 -14198 -14199
-14209 -14210 -14216 -14226 -14234 -14241 -14248 -14251 -14253 -14259 -14261 -14267 -14277 -14285 -14293 -14295 -14304 -14310
-14311 -14315 -14321 -14323 -14327 -14328 -14334 -14336 -14344 -14352 -14355 -14357 -14363 -14369 -14373 -14381 -14391 -14401
-14410 -14415 -14417 -14420 -14427 -14432 -14440 -14444 -14453 -14460 -14461 -14470 -14477 -14482 -14485 -14490 -14497 -14499
-14501 -14502 -14510 -14511 -14513 -14516 -14518 -14524 -14533 -14535 -14543 -14553 -14561 -14564 -14573 -14575 -14581 -14583
-14593 -14601 -14602 -14609 -14616 -14624 -14630 -14634 -14636 -14637 -14643 -14647 -14653 -14659 -14664 -14667 -14669 -14676
-14680 -14686 -14687 -14691 -14700 -14703 -14710 -14717 -14720 -14725 -14727 -14736 -14746 -14752 -14754 -14757 -14762 -14766
-14770 -14771 -14781 -14783 -14789 -14795 -14798 -14803 -14804 -14809 -14813 -14815 -14825 -14835 -14838 -14845 -14853 -14861
-14866 -14874 -14875 -14879 -14886 -14887 -14895 -14900 -14908 -14910 -14915 -14921 -14930 -14934 -14936 -14938 -14946 -14947
-14948 -14953 -14962 -14968 -14972 -14976 -14984 -14991 -14997 -15007 -15014 -15015 -15024 -15026 -15030 -15036 -15046 -15047
-15054 -15062 -15067 -15072 -15073 -15078 -15088 -15096 -15100 -15108 -15114 -15117 -15122 -15132 -15133 -15141 -15150 -15151
-15160 -15168 -15176 -15180 -15189 -15193 -15198 -15205 -15211 -15218 -15224 -15227 -15237 -15241 -15242 -15246 -15249 -15250
-15252 -15256 -15263 -15264 -15266 -15274 -15280 -15281 -15285 -15293 -15295 -15303 -15309 -15318 -15322 -15324 -15334 -15336
-15341 -15342 -15350 -15355 -15361 -15363 -15373 -15374 -15383 -15393 -15403 -15410 -15416 -15419 -15429 -15430 -15439 -15448
-15456 -15460 -15465 -15472 -15478 -15485 -15486 -15496 -15497 -15499 -15507 -15514 -15515 -15524 -15530 -15534 -15537 -15545
-15550 -15556 -15560 -15563 -15571 -15573 -15581 -15584 -15592 -15597 -15601 -15603 -15611 -15618 -15628 -15631 -15638 -15641
-15647 -15655 -15660 -15669 -15676 -15678 -15685 -15690 -15691 -15693 -15697 -15698 -15703 -15706 -15712 -15717 -15719 -15728
-15729 -15733 -15735 -15740 -15746 -15755 -15758 -15761 -15769 -15772 -15778 -15788 -15791 -15800 -15802 -15807 -15813 -15820
-15824 -15831 -15838 -15844 -15853 -15857 -15858 -15859 -15864 -15872 -15875 -15884 -15891 -15896 -15903 -15913 -15918 -15919
-15923 -15933 -15937 -15941 -15949 -15955 -15958 -15965 -15970 -15974 -15979 -15982 -15989 -15997 -16006 -16016 -16024 -16026
-16033 -16040 -16043 -16051 -16055 -16060 -16065 -16070 -16078 -16083 -16089 -16095 -16097 -16100 -16104 -16108 -16111 -16118
-16121 -16131 -16133 -16140 -16147 -16157 -16158 -16163 -16173 -16183 -16186 -16194 -16200 -16202 -16204 -16206 -16210 -16220
-16228 -16237 -16247 -16250 -16259 -16263 -16272 -16277 -16281 -16287 -16289 -16298 -16307 -16310 -16315 -16320 -16330 -16337
-16346 -16347 -16349 -16352 -16359 -16362 -16363 -16364 -16371 -16380 -16381 -16384 -16391 -16393 -16403 -16410 -16418 -16421
-16426 -16429 -16431 -16436 -16443 -16447 -16451 -16456 -16457 -16464 -16469 -16471 -16479 -16482 -16485 -16492 -16493 -16499
-16501 -16510 -16520 -16524 -16533 -16538 -16542 -16551 -16555 -16557 -16562 -16572 -16574 -16576 -16586 -16592 -16600 -16606
-16612 -16614 -16617 -16620 -16626 -16636 -16639 -16644 -16654 -16664 -16666 -16675 -16680 -16681 -16686 -16692 -16699 -16701
-16709 -16711 -16721 -16722 -16723 -16729 -16737 -16747 -16751 -16752 -16761 -16765 -16768 -16777 -16783 -16790 -16792 -16800
-16807 -16815 -16822 -16825 -16829 -16838 -16843 -16845 -16847 -16853 -16856 -16863 -16866 -16871 -16873 -16877 -16886 -16887
-16897 -16899 -16907 -16911 -16920 -16922 -16924 -16932 -16938 -16946 -16950 -16959 -16968 -16975 -16978 -16987 -16996 -17006
-17009 -17019 -17027 -17033 -17043 -17052 -17062 -17065 -17070 -17074 -17078 -17088 -17092 -17100 -17103 -17108 -17114 -17123
-17127 -17132 -17134 -17136 -17139 -17149 -17158 -17159 -17162 -17167 -17174 -17184 -17185 -17193 -17198 -17201 -17209 -17218
-17226 -17234 -17239 -17241 -17247 -17248 -17254 -17263 -17272 -17277 -17285 -17293 -17302 -17311 -17318 -17326 -17330 -17333
-17334 -17337 -17345 -17355 -17357 -17366 -17376 -17384 -17391 -17393 -17402 -17411 -17412 -17421 -17425 -17429 -17436 -17440
-17446 -17453 -17463 -17472 -17473 -17483 -17484 -17487 -17496 -17501 -17508 -17513 -17519 -17520 -17528 -17529 -17535 -17538
-17546 -17550 -17559 -17563 -17564 -17568 -17578 -17583 -17584 -17585 -17588 -17595 -17603 -17605 -17611 -17612 -17616 -17624
-17631 -17635 -17637 -17643 -17648 -17655 -17662 -17667 -17674 -17675 -17677 -17680 -17688 -17690 -17693 -17696 -17698 -17699
-17704 -17714 -17721 -17731 -17739 -17741 -17743 -17752 -17762 -17768 -17773 -17778 -17782 -17788 -17798 -17804 -17806 -17813
-17822 -17826 -17836 -17839 -17848 -17852 -17857 -17866 -17867 -17870 -17873 -17882 -17888 -17895 -17897 -17906 -17907 -17910
-17918 -17922 -17924 -17931 -17936 -17942 -17946 -17954 -17956 -17959 -17966 -17970 -17979 -17982 -17987 -17994 -17999 -18006
-18013 -18017 -18024 -18026 -18033 -18034 -18036 -18042 -18052 -18060 -18064 -18065 -18069 -18079 -18081 -18082 -18092 -18095
-18096 -18099 -18107 -18110 -18120 -18128 -18130 -18133 -18143 -18152 -18158 -18162 -18166 -18169 -18178 -18184 -18188 -18196
-18203 -18212 -18221 -18223 -18226 -18235 -18240 -18246 -18249 -18258 -18268 -18269 -18274 -18278 -18283 -18286 -18295 -18301
-18304 -18306 -18310 -18317 -18325 -18332 -18337 -18338 -18342 -18344 -18350 -18351 -18361 -18366 -18372 -18378 -18380 -18384
-18392 -18395 -18400 -18401 -18405 -18412 -18419 -18424 -18426 -18433 -18437 -18439 -18447 -18456 -18459 -18462 -18468 -18477
-18478 -18483 -18488 -18491 -18492 -18500 -18505 -18514 -18518 -18520 -18521 -18531 -18535 -18537 -18545 -18551 -18553 -18555
-18560 -18569 -18577 -18580 -18589 -18599 -18609 -18616 -18617 -18618 -18626 -18631 -18638 -18642 -18651 -18660 -18665 -18666
-18671 -18672 -18677 -18681 -18683 -18684 -18689 -18696 -18700 -18710 -18716 -18719 -18729 -18733 -18734 -18741 -18748 -18757
-18766 -18768 -18774 -18776 -18781 -18783 -18787 -18794 -18801 -18803 -18812 -18822 -18831 -18833 -18835 -18843 -18844 -18849
-18855 -18863 -18868 -18871 -18879 -18882 -18888 -18891 -18898 -18901 -18910 -18914 -18920 -18930 -18934 -18938 -18940 -18942
-18944 -18954 -18959 -18968 -18974 -18979 -18989 -18999 -19000 -19005 -19007 -19010 -19020 -19023 -19031 -19037 -19045 -19051
-19061 -19064 -19065 -19067 -19073 -19078 -19088 -19097 -19106 -19116 -19126 -19135 -19141 -19150 -19153 -19158 -19163 -19170
-19180 -19188 -19190 -19191 -19198 -19202 -19205 -19213 -19220 -19221 -19231 -19234 -19236 -19246 -19255 -19260 -19269 -19271
-19276 -19283 -19292 -19294 -19296 -19304 -19312 -19319 -19321 -19326 -19327 -19331 -19335 -19343 -19348 -19349 -19351 -19361
-19367 -19372 -19373 -19383 -19389 -19391 -19397 -19400 -19402 -19409 -19419 -19426 -19428 -19430 -19437 -19442 -19448 -19454
-19459 -19461 -19468 -19470 -19480 -19487 -19492 -19501 -19511 -19519 -19527 -19535 -19537 -19544 -19545 -19548 -19550 -19553
-19561 -19569 -19575 -19584 -19588 -19595 -19600 -19609 -19612 -19621 -19627 -19631 -19634 -19642 -19646 -19656 -19657 -19662
-19670 -19671 -19677 -19678 -19684 -19691 -19694 -19695 -19699 -19706 -19707 -19708 -19718 -19726 -19734 -19741 -19745 -19747
-19751 -19759 -19766 -19774 -19779 -19785 -19794 -19802 -19803 -19811 -19815 -19820 -19822 -19825 -19826 -19828 -19830 -19831
-19833 -19835 -19840 -19847 -19849 -19857 -19858 -19860 -19866 -19875 -19878 -19884 -19887 -19893 -19894 -19897 -19905 -19915
-19923 -19929 -19933 -19942 -19950 -19953 -19954 -19955 -19962 -19963 -19970 -19978 -19980 -19985 -19986 -19996 -20002 -20007
-20011 -20019 -20022 -20024 -20032 -20036 -20044 -20046 -20055 -20062 -20072 -20073 -20075 -20077 -20087 -20088 -20098 -20104
-20105 -20114 -20119 -20120 -20126 -20131 -20134 -20141 -20151 -20157 -20159 -20168 -20176 -20183 -20187 -20193 -20200 -20201
-20209 -20211 -20219 -20224 -20225 -20228 -20229 -20238 -20243 -20249 -20253 -20260 -20263 -20264 -20265 -20266 -20272 -20273
-20281 -20282 -20286 -20288 -20291 -20292 -20301 -20302 -20312 -20315 -20317 -20327 -20337 -20340 -20346 -20347 -20351 -20359
-20367 -20369 -20373 -20380 -20385 -20389 -20393 -20396 -20406 -20414 -20415 -20425 -20429 -20430 -20438 -20445 -20455 -20462
-20467 -20473 -20477 -20481 -20488 -20497 -20498 -20505 -20515 -20523 -20525 -20531 -20533 -20539 -20548 -20550 -20560 -20569
-20573 -20582 -20591 -20601 -20604 -20612 -20620 -20630 -20637 -20645 -20646 -20647 -20652 -20654 -20657 -20661 -20663 -20668
-20671 -20679 -20686 -20687 -20697 -20705 -20712 -20715 -20722 -20727 -20736 -20745 -20752 -20760 -20770 -20771 -20777 -20787
-20796 -20799 -20805 -20809 -20816 -20824 -20834 -20837 -20841 -20844 -20850 -20854 -20864 -20870 -20878 -20886 -20896 -20902
-20905 -20907 -20915 -20919 -20926 -20936 -20946 -20950 -20960 -20967 -20972 -20976 -20984 -20988 -20990 -20997 -21005 -21007
-21010 -21015 -21023 -21025 -21031 -21034 -21044 -21052 -21060 -21069 -21078 -21085 -21095 -21100 -21104 -21109 -21112 -21122
-21130 -21134 -21143 -21145 -21154 -21156 -21162 -21170 -21180 -21187 -21189 -21194 -21200 -21209 -21210 -21212 -21216 -21221
-21230 -21233 -21237 -21238 -21239 -21248 -21254 -21258 -21265 -21273 -21277 -21287 -21288 -21291 -21298 -21301 -21310 -21316
-21326 -21334 -21341 -21351 -21358 -21363 -21372 -21377 -21381 -21383 -21393 -21397 -21399 -21402 -21406 -21407 -21413 -21421
-21430 -21432 -21440 -21442 -21449 -21453 -21457 -21466 -21476 -21477 -21482 -21488 -21492 -21494 -21497 -21503 -21508 -21517
-21525 -21528 -21531 -21537 -21538 -21539 -21544 -21548 -21557 -21565 -21566 -21575 -21584 -21587 -21591 -21596 -21600 -21601
-21611 -21616 -21621 -21631 -21637 -21640 -21646 -21653 -21654 -21655 -21661 -21664 -21673 -21678 -21687 -21695 -21704 -21708
-21716 -21719 -21723 -21732 -21738 -21745 -21751 -21754 -21763 -21773 -21775 -21777 -21782 -21785 -21786 -21787 -21792 -21794
-21803 -21810 -21816 -21817 -21821 -21826 -21836 -21841 -21850 -21854 -21859 -21869 -21879 -21884 -21894 -21903 -21908 -21912
-21920 -21928 -21929 -21935 -21940 -21946 -21955 -21958 -21962 -21967 -21974 -21979 -21984 -21994 -22001 -22004 -22006 -22011
-22014 -22024 -22030 -22040 -22049 -22057 -22067 -22073 -22075 -22079 -22081 -22082 -22087 -22097 -22101 -22107 -22113 -22118
-22120 -22128 -22137 -22140 -22144 -22145 -22151 -22158 -22168 -22173 -22177 -22185 -22189 -22190 -22196 -22205 -22214 -22219
-22229 -22233 -22234 -22243 -22247 -22248 -22252 -22262 -22269 -22277 -22286 -22288 -22293 -22299 -22304 -22313 -22321 -22331
-22335 -22338 -22341 -22342 -22347 -22357 -22361 -22365 -22374 -22376 -22382 -22386 -22391 -22398 -22406 -22411 -22417 -22418
-22422 -22429 -22435 -22444 -22449 -22450 -22458 -22466 -22476 -22481 -22482 -22491 -22494 -22503 -22509 -22514 -22520 -22529
-22530 -22531 -22541 -22543 -22550 -22556 -22561 -22564 -22569 -22576 -22586 -22595 -22596 -22598 -22602 -22610 -22611 -22617
-22625 -22626 -22632 -22633 -22635 -22643 -22645 -22653 -22659 -22663 -22670 -22672 -22675 -22685 -22692 -22696 -22704 -22706
-22716 -22726 -22734 -22744 -22750 -22753 -22755 -22761 -22765 -22766 -22772 -22776 -22781 -22783 -22791 -22795 -22801 -22806
-22811 -22821 -22830 -22836 -22844 -22849 -22853 -22858 -22866 -22867 -22877 -22883 -22891 -22893 -22898 -22907 -22908 -22914
-22919 -22927 -22934 -22936 -22944 -22945 -22951 -22961 -22970 -22979 -22986 -22996 -23004 -23011 -23013 -23014 -23021 -23022
-23026 -23033 -23039 -23043 -23052 -23056 -23058 -23064 -23072 -23079 -23086 -23092 -23093 -23095 -23104 -23110 -23113 -23123
-23130 -23137 -23141 -23149 -23157 -23161 -23166 -23172 -23177 -23183 -23193 -23200 -23205 -23210 -23220 -23226 -23234 -23235
-23238 -23241 -23245 -23247 -23249 -23254 -23262 -23269 -23277 -23279 -23285 -23287 -23293 -23301 -23305 -23312 -23315 -23317
-23318 -23322 -23326 -23330 -23338 -23348 -23351 -23354 -23355 -23365 -23369 -23373 -23378 -23388 -23390 -23400 -23408 -23415
-23425 -23427 -23437 -23443 -23447 -23455 -23460 -23467 -23475 -23481 -23483 -23486 -23495 -23502 -23503 -23504 -23508 -23516
-23522 -23532 -23537 -23547 -23556 -23564 -23571 -23577 -23587 -23593 -23600 -23602 -23605 -23607 -23613 -23618 -23624 -23628
-23636 -23638 -23640 -23641 -23647 -23652 -23661 -23664 -23665 -23672 -23676 -23684 -23691 -23696 -23700 -23707 -23710 -23716
-23717 -23720 -23730 -23734 -23743 -23748 -23753 -23763 -23772 -23773 -23782 -23783 -23789 -23791 -23798 -23807 -23817 -23818
-23824 -23830 -23831 -23837 -23841 -23845 -23846 -23849 -23854 -23860 -23865 -23870 -23880 -23887 -23896 -23901 -23910 -23918
-23919 -23928 -23932 -23934 -23938 -23942 -23944 -23954 -23961 -23962 -23967 -23970 -23979 -23984 -23993 -24000 -24002 -24010
-24018 -24025 -24033 -24040 -24049 -24050 -24060 -24065 -24075 -24079 -24085 -24091 -24094 -24095 -24105 -24106 -24114 -24118
-24120 -24122 -24129 -24135 -24145 -24154 -24163 -24169 -24171 -24173 -24178 -24184 -24188 -24197 -24206 -24214 -24217 -24218
-24221 -24225 -24234 -24238 -24248 -24253 -24263 -24269 -24275 -24284 -24289 -24297 -24306 -24314 -24318 -24319 -24324 -24325
-24329 -24338 -24345 -24348 -24356 -24361 -24368 -24369 -24379 -24382 -24388 -24392 -24393 -24403 -24410 -24418 -24423 -24433
-24437 -24439 -24441 -24445 -24455 -24460 -24466 -24474 -24475 -24484 -24486 -24489 -24497 -24506 -24508 -24516 -24517 -24526
-24531 -24533 -24540 -24542 -24543 -24544 -24548 -24551 -24558 -24560 -24565 -24568 -24571 -24574 -24578 -24579 -24585 -24586
-24595 -24596 -24606 -24611 -24614 -24623 -24633 -24643 -24651 -24656 -24660 -24666 -24667 -24675 -24677 -24679 -24682 -24685
-24695 -24700 -24703 -24710 -24714 -24723 -24732 -24737 -24739 -24749 -24753 -24758 -24764 -24765 -24772 -24781 -24789 -24791
-24801 -24809 -24813 -24818 -24819 -24821 -24830 -24837 -24840 -24846 -24849 -24855 -24865 -24875 -24880 -24883 -24889 -24894
-24901 -24907 -24916 -24925 -24932 -24938 -24940 -24941 -24944 -24953 -24959 -24969 -24971 -24981 -24985 -24992 -24997 -25001
-25005 -25011 -25016 -25020 -25027 -25037 -25042 -25050 -25055 -25062 -25065 -25074 -25077 -25082 -25088 -25096 -25105 -25110
-25119 -25121 -25129 -25132 -25138 -25148 -25152 -25160 -25161 -25167 -25171 -25181 -25184 -25186 -25191 -25192 -25197 -25199
-25202 -25206 -25212 -25221 -25231 -25239 -25242 -25248 -25258 -25268 -25269 -25273 -25283 -25290 -25297 -25305 -25311 -25312
-25319 -25329 -25339 -25349 -25356 -25361 -25365 -25371 -25373 -25377 -25380 -25390 -25391 -25397 -25404 -25408 -25415 -25419
-25427 -25428 -25430 -25439 -25444 -25448 -25453 -25459 -25461 -25467
