-2772 -2777 -2784 -2786 -2790 -2798 -2806 -2813 -2816 -2822 -2825 -2835 -2844 -2846 -2851 -2853 -2857 -2860
-2866 -2869 -2870 -2879 -2886 -2891 -2894 -2904 -2913 -2921 -2924 -2933 -2943 -2948 -2952 -2953 -2963 -2971
-2975 -2984 -2990 -2993 -3001 -3009 -3018 -3022 -3029 -3034 -3038 -3047 -3049 -3055 -3064 -3067 -3069 -3078
-3085 -3095 -3103 -3110 -3114 -3117 -3125 -3135 -3138 -3140 -3141 -3142 -3148 -3155 -3158 -3162 -3167 -3173
-3174 -3181 -3190 -3194 -3200 -3204 -3212 -3215 -3225 -3227 -3235 -3237 -3245 -3249 -3252 -3258 -3268 -3274
-3283 -3286 -3289 -3296 -3306 -3310 -3319 -3329 -3332 -3340 -3342 -3347 -3350 -3355 -3364 -3365 -3372 -3377
-3387 -3394 -3403 -3412 -3422 -3427 -3428 -3437 -3439 -3443 -3448 -3457 -3463 -3464 -3468 -3477 -3479 -3483
-3489 -3499 -3501 -3509 -3515 -3517 -3520 -3524 -3532 -3538 -3547 -3556 -3562 -3565 -3574 -3575 -3576 -3583
-3593 -3602 -3608 -3611 -3616 -3621 -3627 -3628 -3637 -3642 -3646 -3656 -3660 -3669 -3670 -3671 -3676 -3677
-3684 -3692 -3697 -3705 -3708 -3709 -3718 -3725 -3735 -3740 -3747 -3754 -3757 -3761 -3767 -3771 -3772 -3774
-3780 -3781 -3789 -3792 -3795 -3797 -3800 -3810 -3814 -3815 -3820 -3822 -3825 -3829 -3830 -3831 -3832 -3834
-3838 -3841 -3846 -3850 -3855 -3859 -3868 -3871 -3879 -3882 -3892 -3899 -3904 -3909 -3912 -3914 -3917 -3921
-3926 -3934 -3941 -3943 -3947 -3951 -3961 -3967 -3975 -3977 -3984 -3988 -3997 -4003 -4006 -4014 -4015 -4023
-4027 -4028 -4030 -4034 -4037 -4046 -4052 -4059 -4064 -4071 -4073 -4076 -4078 -4081 -4085 -4088 -4095 -4103
-4106 -4107 -4110 -4112 -4114 -4119 -4123 -4129 -4136 -4145 -4154 -4155 -4160 -4165 -4170 -4171 -4172 -4176
-4179 -4184 -4185 -4195 -4204 -4209 -4217 -4227 -4230 -4231 -4235 -4240 -4243 -4245 -4249 -4255 -4263 -4267
-4269 -4275 -4279 -4288 -4294 -4297 -4302 -4311 -4312 -4313 -4322 -4325 -4331 -4336 -4343 -4349 -4353 -4360
-4361 -4363 -4369 -4379 -4383 -4389 -4397 -4407 -4413 -4414 -4424 -4426 -4429 -4436 -4443 -4446 -4455 -4457
-4462 -4470 -4479 -4486 -4487 -4495 -4503 -4511 -4517 -4525 -4531 -4532 -4542 -4548 -4555 -4558 -4560 -4564
-4566 -4574 -4579 -4585 -4593 -4601 -4604 -4610 -4611 -4617 -4621 -4623 -4632 -4634 -4641 -4645 -4652 -4656
-4657 -4666 -4676 -4684 -4691 -4693 -4700 -4701 -4710 -4719 -4726 -4727 -4734 -4743 -4752 -4762 -4769 -4779
-4788 -4796 -4805 -4813 -4815 -4819 -4823 -4828 -4832 -4840 -4847 -4850 -4855 -4864 -4867 -4871 -4879 -4885
-4893 -4897 -4898 -4907 -4910 -4916 -4918 -4926 -4934 -4940 -4942 -4944 -4953 -4959 -4961 -4965 -4975 -4981
-4990 -5000 -5007 -5011 -5015 -5020 -5023 -5028 -5037 -5046 -5056 -5063 -5069 -5074 -5082 -5089 -5093 -5094
-5097 -5106 -5107 -5110 -5115 -5118 -5121 -5130 -5134 -5139 -5146 -5156 -5158 -5163 -5166 -5173 -5180 -5189
-5198 -5206 -5209 -5213 -5223 -5230 -5237 -5242 -5244 -5250 -5259 -5264 -5266 -5272 -5276 -5284 -5292 -5301
-5304 -5305 -5313 -5317 -5319 -5324 -5329 -5331 -5334 -5343 -5344 -5348 -5355 -5363 -5373 -5377 -5387 -5388
-5389 -5390 -5393 -5401 -5403 -5413 -5423 -5427 -5436 -5437 -5444 -5448 -5449 -5450 -5453 -5462 -5464 -5472
-5479 -5486 -5488 -5493 -5503 -5506 -5515 -5517 -5527 -5532 -5542 -5546 -5555 -5563 -5565 -5575 -5581 -5582
-5587 -5593 -5598 -5607 -5615 -5624 -5631 -5636 -5639 -5641 -5648 -5653 -5654 -5656 -5660 -5661 -5669 -5674
-5676 -5681 -5686 -5693 -5698 -5699 -5708 -5709 -5719 -5723 -5724 -5726 -5730 -5739 -5747 -5750 -5759 -5767
-5775 -5776 -5778 -5782 -5788 -5793 -5796 -5802 -5811 -5819 -5829 -5833 -5841 -5844 -5848 -5852 -5853 -5859
-5863 -5865 -5866 -5875 -5883 -5887 -5896 -5903 -5913 -5921 -5922 -5923 -5928 -5931 -5934 -5940 -5950 -5952
-5954 -5963 -5969 -5975 -5980 -5981 -5989 -5999 -6003 -6005 -6013 -6021 -6023 -6030 -6039 -6049 -6054 -6061
-6063 -6069 -6079 -6086 -6093 -6102 -6110 -6111 -6112 -6122 -6125 -6134 -6142 -6147 -6149 -6156 -6159 -6168
-6172 -6175 -6181 -6189 -6199 -6202 -6208 -6211 -6220 -6224 -6226 -6233 -6240 -6246 -6254 -6258 -6266 -6274
-6278 -6288 -6293 -6298 -6304 -6311 -6313 -6316 -6321 -6326 -6336 -6342 -6345 -6350 -6353 -6360 -6366 -6368
-6369 -6376 -6385 -6395 -6404 -6414 -6417 -6424 -6429 -6432 -6441 -6446 -6452 -6457 -6466 -6472 -6475 -6479
-6482 -6488 -6495 -6505 -6510 -6514 -6521 -6531 -6537 -6542 -6551 -6556 -6560 -6569 -6570 -6576 -6584 -6589
-6595 -6599 -6603 -6611 -6619 -6626 -6632 -6636 -6637 -6638 -6646 -6655 -6664 -6670 -6678 -6681 -6687 -6694
-6700 -6708 -6717 -6723 -6726 -6727 -6736 -6740 -6742 -6747 -6751 -6754 -6760 -6763 -6766 -6768 -6771 -6775
-6781 -6786 -6793 -6794 -6804 -6811 -6816 -6820 -6827 -6836 -6846 -6853 -6858 -6866 -6871 -6879 -6889 -6890
-6895 -6901 -6903 -6910 -6916 -6922 -6927 -6935 -6940 -6944 -6954 -6963 -6965 -6971 -6976 -6980 -6981 -6986
-6991 -6998 -7008 -7016 -7017 -7026 -7033 -7037 -7042 -7049 -7057 -7063 -7064 -7068 -7074 -7075 -7082 -7092
-7096 -7102 -7112 -7113 -7116 -7123 -7132 -7135 -7144 -7148 -7152 -7160 -7161 -7169 -7171 -7179 -7180 -7188
-7197 -7200 -7206 -7212 -7213 -7220 -7221 -7228 -7236 -7240 -7249 -7255 -7262 -7272 -7274 -7277 -7281 -7282
-7286 -7292 -7297 -7304 -7305 -7313 -7318 -7328 -7335 -7337 -7344 -7345 -7353 -7358 -7364 -7371 -7373 -7380
-7385 -7394 -7404 -7407 -7414 -7424 -7434 -7441 -7449 -7456 -7466 -7468 -7471 -7480 -7486 -7495 -7503 -7510
-7511 -7515 -7520 -7527 -7530 -7531 -7539 -7544 -7545 -7554 -7560 -7565 -7572 -7579 -7582 -7585 -7595 -7600
-7601 -7602 -7610 -7616 -7620 -7630 -7638 -7644 -7647 -7653 -7662 -7666 -7670 -7672 -7682 -7686 -7694 -7702
-7708 -7709 -7718 -7725 -7731 -7736 -7743 -7753 -7763 -7767 -7773 -7775 -7785 -7792 -7796 -7799 -7805 -7808
-7813 -7814 -7822 -7827 -7828 -7833 -7842 -7845 -7852 -7861 -7871 -7879 -7889 -7895 -7896 -7898 -7900 -7902
-7904 -7909 -7915 -7921 -7931 -7937 -7941 -7951 -7957 -7959 -7963 -7964 -7970 -7974 -7976 -7985 -7995 -8005
-8010 -8018 -8020 -8021 -8027 -8030 -8035 -8045 -8049 -8059 -8060 -8062 -8069 -8078 -8084 -8093 -8102 -8104
-8105 -8112 -8117 -8125 -8134 -8142 -8148 -8149 -8157 -8158 -8162 -8171 -8172 -8179 -8187 -8192 -8198 -8207
-8215 -8216 -8218 -8222 -8232 -8233 -8243 -8247 -8255 -8265 -8272 -8281 -8286 -8295 -8302 -8304 -8305 -8309
-8319 -8321 -8328 -8334 -8335 -8342 -8343 -8353 -8359 -8361 -8365 -8374 -8378 -8383 -8384 -8389 -8391 -8399
-8409 -8418 -8422 -8426 -8436 -8438 -8443 -8450 -8460 -8469 -8471 -8478 -8487 -8488 -8497 -8503 -8504 -8506
-8507 -8509 -8516 -8521 -8526 -8527 -8532 -8540 -8543 -8547 -8550 -8558 -8567 -8574 -8579 -8586 -8589 -8592
-8594 -8598 -8600 -8603 -8605 -8612 -8622 -8631 -8637 -8643 -8652 -8659 -8665 -8666 -8676 -8678 -8686 -8689
-8690 -8696 -8706 -8713 -8721 -8729 -8733 -8735 -8745 -8750 -8756 -8761 -8770 -8772 -8773 -8782 -8791 -8792
-8800 -8803 -8804 -8807 -8813 -8818 -8824 -8825 -8827 -8836 -8844 -8845 -8852 -8856 -8865 -8868 -8869 -8878
-8879 -8884 -8885 -8895 -8897 -8903 -8912 -8922 -8928 -8929 -8936 -8946 -8947 -8950 -8960 -8964 -8973 -8976
-8981 -8988 -8995 -9005 -9006 -9007 -9013 -9014 -9020 -9025 -9034 -9043 -9047 -9052 -9056 -9063 -9064 -9074
-9081 -9089 -9093 -9097 -9103 -9109 -9118 -9122 -9129 -9136 -9141 -9145 -9151 -9158 -9163 -9169 -9170 -9172
-9177 -9182 -9183 -9193 -9198 -9202 -9206 -9208 -9216 -9220 -9226 -9234 -9235 -9238 -9248 -9251 -9254 -9256
-9259 -9267 -9276 -9278 -9281 -9287 -9290 -9300 -9302 -9308 -9313 -9316 -9322 -9323 -9333 -9342 -9349 -9355
-9364 -9369 -9371 -9374 -9377 -9385 -9391 -9393 -9403 -9413 -9421 -9428 -9438 -9445 -9452 -9462 -9463 -9467
-9472 -9482 -9492 -9499 -9506 -9515 -9524 -9526 -9527 -9528 -9533 -9538 -9546 -9551 -9561 -9566 -9572 -9577
-9584 -9586 -9589 -9599 -9606 -9609 -9618 -9624 -9632 -9635 -9639 -9643 -9653 -9656 -9657 -9658 -9659 -9663
-9666 -9676 -9677 -9685 -9688 -9694 -9701 -9703 -9705 -9715 -9722 -9731 -9734 -9742 -9745 -9753 -9758 -9762
-9771 -9772 -9782 -9785 -9787 -9794 -9802 -9807 -9811 -9818 -9821 -9830 -9834 -9840 -9848 -9850 -9860 -9862
-9868 -9873 -9882 -9883 -9890 -9897 -9904 -9912 -9917 -9927 -9936 -9944 -9950 -9959 -9966 -9974 -9978 -9980
-9986 -9989 -9994 -9995 -10002 -10003 -10012 -10018 -10026 -10030 -10039 -10048 -10053 -10062 -10064 -10070 -10077 -10080
-10081 -10083 -10086 -10093 -10102 -10108 -10114 -10117 -10119 -10123 -10133 -10136 -10137 -10138 -10142 -10148 -10158 -10166
-10173 -10176 -10177 -10185 -10190 -10197 -10198 -10201 -10205 -10215 -10217 -10224 -10225 -10230 -10238 -10243 -10252 -10258
-10262 -10267 -10273 -10275 -10284 -10293 -10295 -10299 -10300 -10306 -10308 -10318 -10326 -10332 -10337 -10340 -10345 -10348
-10355 -10360 -10365 -10373 -10378 -10384 -10385 -10387 -10397 -10406 -10412 -10418 -10423 -10427 -10433 -10438 -10447 -10451
-10460 -10466 -10467 -10477 -10486 -10487 -10488 -10496 -10497 -10504 -10506 -10509 -10510 -10516 -10519 -10526 -10527 -10533
-10542 -10548 -10558 -10561 -10566 -10573 -10580 -10587 -10596 -10600 -10606 -10615 -10621 -10629 -10637 -10641 -10645 -10653
-10663 -10667 -10677 -10684 -10690 -10693 -10697 -10703 -10705 -10712 -10719 -10729 -10736 -10745 -10749 -10751 -10757 -10763
-10771 -10779 -10780 -10790 -10796 -10799 -10801 -10810 -10811 -10819 -10827 -10831 -10840 -10841 -10850 -10851 -10856 -10858
-10860 -10868 -10869 -10871 -10876 -10886 -10895 -10896 -10904 -10914 -10916 -10923 -10928 -10933 -10942 -10948 -10954 -10956
-10965 -10973 -10976 -10985 -10988 -10990 -10993 -10997 -11007 -11013 -11016 -11020 -11030 -11040 -11043 -11052 -11057 -11058
-11065 -11068 -11073 -11076 -11085 -11088 -11089 -11091 -11092 -11094 -11104 -11108 -11118 -11126 -11129 -11135 -11139 -11142
-11150 -11157 -11159 -11164 -11174 -11181 -11191 -11192 -11193 -11198 -11206 -11216 -11223 -11227 -11233 -11237 -11239 -11244
-11254 -11261 -11263 -11273 -11282 -11286 -11287 -11294 -11296 -11304 -11310 -11314 -11317 -11320 -11328 -11333 -11335 -11336
-11339 -11348 -11356 -11365 -11372 -11378 -11381 -11385 -11392 -11397 -11399 -11406 -11413 -11419 -11429 -11438 -11444 -11452
-11456 -11459 -11460 -11466 -11469 -11470 -11471 -11474 -11481 -11484 -11488 -11495 -11505 -11507 -11517 -11527 -11535 -11543
-11547 -11552 -11557 -11567 -11568 -11571 -11579 -11587 -11589 -11591 -11597 -11604 -11610 -11619 -11625 -11634 -11643 -11645
-11649 -11656 -11664 -11668 -11674 -11683 -11685 -11695 -11703 -11709 -11716 -11719 -11722 -11730 -11738 -11744 -11749 -11759
-11765 -11768 -11775 -11782 -11783 -11787 -11789 -11792 -11799 -11809 -11819 -11829 -11830 -11839 -11842 -11852 -11861 -11864
-11869 -11876 -11878 -11881 -11889 -11890 -11896 -11906 -11907 -11910 -11918 -11926 -11929 -11937 -11942 -11945 -11951 -11958
-11966 -11976 -11985 -11986 -11996 -12003 -12012 -12022 -12025 -12033 -12043 -12050 -12053 -12060 -12061 -12067 -12070 -12075
-12082 -12085 -12089 -12090 -12091 -12096 -12105 -12113 -12123 -12130 -12138 -12142 -12145 -12149 -12155 -12160 -12162 -12167
-12177 -12184 -12189 -12194 -12203 -12210 -12218 -12226 -12234 -12237 -12238 -12244 -12249 -12257 -12259 -12263 -12268 -12276
-12282 -12292 -12297 -12302 -12311 -12317 -12318 -12328 -12334 -12341 -12343 -12348 -12353 -12363 -12365 -12371 -12374 -12379
-12387 -12394 -12404 -12408 -12418 -12424 -12431 -12440 -12446 -12447 -12449 -12454 -12457 -12463 -12471 -12479 -12487 -12493
-12497 -12500 -12505 -12507 -12514 -12523 -12531 -12540 -12545 -12549 -12556 -12564 -12568 -12571 -12579 -12587 -12592 -12595
-12601 -12602 -12607 -12616 -12625 -12631 -12632 -12640 -12641 -12648 -12657 -12661 -12662 -12671 -12680 -12689 -12693 -12697
-12705 -12711 -12721 -12725 -12730 -12736 -12739 -12745 -12755 -12761 -12762 -12765 -12766 -12774 -12782 -12791 -12794 -12804
-12814 -12820 -12825 -12835 -12836 -12845 -12851 -12861 -12863 -12869 -12872 -12876 -12880 -12883 -12890 -12896 -12900 -12904
-12913 -12919 -12925 -12930 -12934 -12936 -12938 -12939 -12945 -12954 -12964 -12969 -12976 -12986 -12988 -12993 -12995 -13001
-13004 -13009 -13016 -13026 -13035 -13038 -13039 -13049 -13058 -13060 -13070 -13072 -13077 -13085 -13086 -13093 -13098 -13101
-13105 -13107 -13111 -13121 -13125 -13127 -13130 -13137 -13144 -13147 -13152 -13158 -13162 -13166 -13172 -13181 -13185 -13186
-13192 -13193 -13195 -13196 -13204 -13210 -13213 -13222 -13223 -13229 -13233 -13234 -13235 -13239 -13240 -13248 -13251 -13259
-13262 -13271 -13274 -13284 -13286 -13292 -13295 -13299 -13306 -13310 -13315 -13319 -13320 -13326 -13334 -13340 -13345 -13352
-13358 -13366 -13372 -13379 -13385 -13390 -13399 -13406 -13407 -13412 -13420 -13424 -13429 -13431 -13436 -13444 -13447 -13448
-13455 -13456 -13461 -13464 -13467 -13473 -13483 -13486 -13489 -13493 -13499 -13507 -13511 -13515 -13516 -13523 -13527 -13532
-13541 -13548 -13551 -13558 -13563 -13571 -13580 -13590 -13595 -13603 -13611 -13620 -13623 -13632 -13633 -13640 -13643 -13645
-13653 -13657 -13660 -13665 -13667 -13677 -13682 -13689 -13694 -13702 -13711 -13715 -13725 -13728 -13732 -13735 -13745 -13747
-13750 -13760 -13765 -13766 -13773 -13774 -13780 -13782 -13791 -13792 -13798 -13804 -13812 -13815 -13819 -13820 -13830 -13831
-13832 -13840 -13850 -13852 -13857 -13861 -13871 -13874 -13877 -13882 -13892 -13894 -13899 -13901 -13908 -13913 -13919 -13926
-13927 -13931 -13940 -13946 -13950 -13956 -13959 -13966 -13974 -13983 -13993 -13998 -14007 -14008 -14011 -14015 -14023 -14026
-14027 -14031 -14038 -14045 -14050 -14053 -14058 -14064 -14073 -14083 -14088 -14091 -14098 -14099 -14108 -14110 -14112 -14119
-14127 -14134 -14144 -14146 -14153 -14159 -14162 -14172 -14176 -14178 -14187 -14194 -14202 -14207 -14216 -14225 -14231 -14238
-14244 -14251 -14258 -14268 -14278 -14282 -14291 -14298 -14303 -14307 -14309 -14315 -14317 -14326 -14329 -14330 -14339 -14345
-14351 -14354 -14356 -14362 -14363 -14371 -14376 -14379 -14380 -14388 -14394 -14400 -14409 -14419 -14428 -14435 -14438 -14444
-14451 -14455 -14456 -14458 -14460 -14466 -14469 -14478 -14482 -14488 -14496 -14505 -14515 -14518 -14521 -14530 -14533 -14538
-14540 -14541 -14544 -14551 -14561 -14568 -14573 -14577 -14584 -14585 -14594 -14603 -14606 -14615 -14625 -14627 -14637 -14647
-14654 -14660 -14662 -14670 -14672 -14680 -14685 -14694 -14700 -14710 -14718 -14725 -14729 -14736 -14739 -14741 -14744 -14754
-14761 -14766 -14770 -14778 -14785 -14790 -14791 -14801 -14805 -14810 -14818 -14828 -14835 -14840 -14849 -14856 -14863 -14869
-14879 -14884 -14892 -14900 -14901 -14910 -14916 -14922 -14932 -14938 -14942 -14952 -14959 -14964 -14972 -14981 -14985 -14987
-14990 -14997 -15004 -15006 -15014 -15023 -15027 -15031 -15041 -15049 -15051 -15057 -15061 -15070 -15077 -15084 -15090 -15091
-15098 -15105 -15106 -15114 -15124 -15130 -15134 -15136 -15141 -15148 -15150 -15158 -15164 -15168 -15169 -15177 -15186 -15194
-15195 -15199 -15201 -15207 -15210 -15219 -15222 -15224 -15226 -15232 -15240 -15246 -15250 -15255 -15262 -15268 -15277 -15283
-15292 -15299 -15305 -15310 -15319 -15327 -15331 -15338 -15340 -15350 -15352 -15357 -15364 -15371 -15377 -15380 -15384 -15393
-15400 -15407 -15410 -15415 -15417 -15419 -15420 -15427 -15429 -15432 -15434 -15444 -15447 -15451 -15456 -15462 -15470 -15479
-15486 -15487 -15496 -15503 -15508 -15513 -15521 -15525 -15526 -15536 -15539 -15540 -15547 -15554 -15562 -15563 -15571 -15581
-15591 -15595 -15604 -15610 -15616 -15624 -15626 -15629 -15630 -15635 -15636 -15637 -15647 -15653 -15660 -15670 -15671 -15677
-15679 -15682 -15691 -15701 -15710 -15718 -15727 -15732 -15742 -15746 -15750 -15758 -15765 -15772 -15778 -15785 -15788 -15797
-15804 -15807 -15815 -15818 -15822 -15829 -15835 -15839 -15844 -15847 -15857 -15859 -15869 -15874 -15879 -15883 -15888 -15896
-15901 -15902 -15910 -15918 -15922 -15930 -15936 -15943 -15950 -15954 -15956 -15958 -15967 -15971 -15972 -15974 -15975 -15984
-15988 -15989 -15991 -16000 -16003 -16013 -16016 -16023 -16031 -16033 -16035 -16043 -16050 -16059 -16062 -16072 -16082 -16092
-16096 -16105 -16115 -16117 -16125 -16130 -16134 -16138 -16144 -16147 -16157 -16167 -16174 -16180 -16181 -16187 -16192 -16200
-16204 -16210 -16215 -16221 -16226 -16231 -16235 -16238 -16244 -16252 -16257 -16263 -16271 -16279 -16287 -16292 -16300 -16308
-16318 -16328 -16331 -16336 -16337 -16345 -16355 -16364 -16370 -16380 -16388 -16398 -16406 -16407 -16411 -16419 -16425 -16433
-16442 -16451 -16457 -16462 -16470 -16477 -16481 -16488 -16498 -16507 -16511 -16521 -16528 -16535 -16541 -16548 -16550 -16556
-16566 -16569 -16571 -16572 -16573 -16583 -16588 -16596 -16602 -16604 -16606 -16616 -16620 -16627 -16629 -16630 -16631 -16638
-16641 -16646 -16651 -16657 -16659 -16667 -16674 -16680 -16689 -16695 -16702 -16704 -16705 -16712 -16718 -16719 -16727 -16736
-16739 -16743 -16746 -16754 -16763 -16765 -16766 -16772 -16778 -16786 -16791 -16796 -16805 -16810 -16813 -16815 -16820 -16823
-16827 -16831 -16833 -16841 -16842 -16845 -16855 -16856 -16866 -16872 -16880 -16888 -16894 -16896 -16897 -16903 -16913 -16918
-16919 -16922 -16927 -16930 -16939 -16946 -16955 -16958 -16960 -16964 -16973 -16982 -16988 -16992 -17001 -17011 -17020 -17022
-17031 -17032 -17037 -17042 -17052 -17062 -17072 -17077 -17081 -17087 -17093 -17095 -17099 -17102 -17106 -17108 -17114 -17119
-17120 -17130 -17136 -17144 -17148 -17155 -17165 -17175 -17177 -17180 -17190 -17191 -17198 -17205 -17212 -17213 -17217 -17223
-17228 -17238 -17245 -17255 -17265 -17268 -17278 -17280 -17290 -17295 -17305 -17314 -17322 -17331 -17336 -17346 -17354 -17358
-17361 -17363 -17366 -17372 -17382 -17392 -17401 -17407 -17410 -17414 -17424 -17434 -17437 -17440 -17445 -17455 -17464 -17470
-17479 -17481 -17486 -17494 -17504 -17508 -17512 -17519 -17523 -17533 -17535 -17540 -17546 -17556 -17565 -17568 -17575 -17585
-17586 -17596 -17598 -17599 -17603 -17604 -17614 -17621 -17627 -17632 -17635 -17639 -17644 -17647 -17651 -17654 -17660 -17661
-17671 -17680 -17687 -17690 -17699 -17705 -17715 -17724 -17730 -17737 -17743 -17753 -17754 -17763 -17766 -17773 -17776 -17781
-17789 -17791 -17799 -17801 -17810 -17814 -17817 -17826 -17828 -17836 -17844 -17851 -17861 -17866 -17867 -17870 -17877 -17882
-17889 -17890 -17900 -17904 -17908 -17912 -17918 -17921 -17927 -17931 -17938 -17948 -17951 -17959 -17966 -17970 -17974 -17982
-17984 -17994 -18000 -18009 -18013 -18018 -18021 -18028 -18034 -18037 -18046 -18050 -18060 -18062 -18064 -18073 -18074 -18084
-18085 -18091 -18094 -18099 -18100 -18103 -18109 -18115 -18116 -18126 -18136 -18144 -18148 -18150 -18151 -18161 -18167 -18168
-18174 -18177 -18186 -18190 -18192 -18198 -18208 -18211 -18215 -18223 -18233 -18241 -18250 -18258 -18265 -18269 -18273 -18278
-18283 -18288 -18293 -18298 -18305 -18311 -18315 -18321 -18328 -18333 -18339 -18344 -18353 -18357 -18361 -18371 -18372 -18377
-18383 -18391 -18396 -18398 -18404 -18409 -18416 -18421 -18426 -18428 -18434 -18435 -18441 -18444 -18454 -18464 -18468 -18477
-18486 -18493 -18501 -18506 -18515 -18521 -18529 -18536 -18540 -18543 -18544 -18553 -18556 -18565 -18571 -18572 -18576 -18580
-18590 -18600 -18608 -18615 -18621 -18630 -18631 -18636 -18640 -18642 -18646 -18648 -18649 -18651 -18654 -18661 -18669 -18674
-18676 -18680 -18684 -18685 -18686 -18695 -18705 -18713 -18720 -18723 -18733 -18739 -18749 -18750 -18752 -18759 -18765 -18773
-18781 -18786 -18794 -18801 -18809 -18813 -18815 -18823 -18828 -18836 -18838 -18839 -18849 -18857 -18866 -18870 -18879 -18888
-18898 -18901 -18906 -18911 -18915 -18921 -18923 -18931 -18932 -18940 -18949 -18953 -18956 -18965 -18970 -18977 -18987 -18991
-18994 -18995 -18997 -19004 -19013 -19017 -19023 -19028 -19033 -19043 -19047 -19048 -19051 -19052 -19060 -19070 -19079 -19089
-19093 -19103 -19112 -19121 -19130 -19140 -19144 -19153 -19154 -19160 -19170 -19177 -19182 -19185 -19186 -19189 -19197 -19205
-19211 -19216 -19223 -19233 -19237 -19240 -19243 -19245 -19255 -19256 -19257 -19266 -19267 -19274 -19280 -19282 -19284 -19290
-19293 -19302 -19311 -19319 -19326 -19327 -19337 -19342 -19347 -19348 -19350 -19356 -19365 -19369 -19373 -19376 -19380 -19390
-19392 -19399 -19408 -19417 -19424 -19429 -19430 -19436 -19441 -19450 -19458 -19462 -19468 -19473 -19476 -19484 -19494 -19502
-19503 -19505 -19509 -19513 -19522 -19529 -19539 -19540 -19543 -19548 -19554 -19563 -19568 -19574 -19582 -19591 -19599 -19604
-19607 -19616 -19625 -19629 -19639 -19646 -19648 -19658 -19659 -19669 -19679 -19686 -19694 -19701 -19702 -19704 -19711 -19713
-19722 -19730 -19734 -19740 -19746 -19747 -19750 -19757 -19760 -19761 -19765 -19774 -19775 -19780 -19785 -19795 -19801 -19808
-19815 -19820 -19827 -19829 -19830 -19837 -19843 -19850 -19855 -19863 -19873 -19880 -19881 -19891 -19896 -19901 -19903 -19907
-19910 -19912 -19913 -19920 -19922 -19923 -19933 -19939 -19949 -19955 -19958 -19966 -19968 -19969 -19977 -19981 -19986 -19996
-20005 -20007 -20014 -20020 -20025 -20026 -20036 -20044 -20052 -20062 -20072 -20075 -20081 -20091 -20100 -20105 -20107 -20114
-20120 -20124 -20129 -20138 -20143 -20144 -20154 -20156 -20157 -20162 -20169 -20179 -20183 -20186 -20190 -20195 -20197 -20200
-20208 -20211 -20219 -20228 -20235 -20244 -20251 -20255 -20260 -20268 -20274 -20278 -20281 -20287 -20291 -20294 -20304 -20310
-20317 -20324 -20333 -20334 -20337 -20341 -20348 -20357 -20364 -20367 -20374 -20380 -20389 -20394 -20397 -20403 -20407 -20408
-20409 -20418 -20422 -20431 -20439 -20445 -20453 -20454 -20455 -20465 -20469 -20479 -20482 -20489 -20499 -20502 -20504 -20505
-20509 -20513 -20520 -20527 -20532 -20535 -20538 -20545 -20551 -20558 -20561 -20571 -20577 -20582 -20588 -20590 -20599 -20604
-20613 -20617 -20618 -20624 -20628 -20638 -20643 -20647 -20650 -20660 -20669 -20675 -20677 -20681 -20684 -20692 -20694 -20698
-20700 -20706 -20708 -20711 -20713 -20721 -20727 -20728 -20731 -20737 -20744 -20746 -20748 -20751 -20752 -20762 -20769 -20775
-20778 -20786 -20793 -20799 -20802 -20805 -20809 -20815 -20824 -20826 -20831 -20841 -20850 -20852 -20858 -20860 -20870 -20878
-20887 -20897 -20907 -20909 -20916 -20925 -20926 -20931 -20938 -20948 -20955 -20962 -20963 -20964 -20971 -20980 -20988 -20991
-20998 -21005 -21008 -21010 -21017 -21026 -21036 -21040 -21048 -21054 -21059 -21060 -21066 -21076 -21081 -21087 -21094 -21103
-21109 -21116 -21120 -21128 -21133 -21141 -21144 -21150 -21160 -21166 -21173 -21180 -21189 -21197 -21206 -21209 -21218 -21222
-21227 -21231 -21239 -21240 -21241 -21245 -21252 -21258 -21263 -21268 -21275 -21285 -21289 -21290 -21299 -21306 -21311 -21320
-21323 -21327 -21336 -21341 -21349 -21352 -21357 -21363 -21365 -21369 -21371 -21380 -21386 -21388 -21393 -21402 -21408 -21416
-21421 -21428 -21435 -21445 -21448 -21453 -21462 -21463 -21468 -21477 -21478 -21483 -21485 -21486 -21489 -21499 -21507 -21516
-21525 -21534 -21543 -21553 -21558 -21566 -21576 -21584 -21590 -21591 -21592 -21596 -21600 -21610 -21619 -21629 -21635 -21640
-21643 -21653 -21655 -21658 -21660 -21665 -21674 -21682 -21686 -21688 -21689 -21696 -21697 -21703 -21705 -21712 -21722 -21725
-21732 -21735 -21742 -21748 -21750 -21760 -21761 -21769 -21771 -21773 -21774 -21775 -21777 -21780 -21786 -21790 -21794 -21799
-21809 -21818 -21823 -21827 -21829 -21838 -21839 -21840 -21841 -21847 -21850 -21852 -21859 -21869 -21872 -21873 -21878 -21883
-21885 -21890 -21896 -21903 -21912 -21918 -21926 -21928 -21933 -21936 -21946 -21948 -21955 -21961 -21963 -21970 -21971 -21974
-21982 -21986 -21992 -21993 -21998 -21999 -22007 -22012 -22019 -22022 -22025 -22030 -22039 -22040 -22046 -22055 -22064 -22065
-22069 -22073 -22078 -22081 -22084 -22091 -22092 -22100 -22104 -22106 -22112 -22117 -22118 -22128 -22133 -22138 -22143 -22147
-22152 -22153 -22155 -22164 -22170 -22175 -22182 -22188 -22195 -22196 -22197 -22203 -22207 -22211 -22213 -22218 -22222 -22232
-22239 -22241 -22245 -22248 -22255 -22257 -22266 -22268 -22271 -22273 -22277 -22287 -22289 -22290 -22291 -22292 -22299 -22302
-22309 -22313 -22322 -22331 -22335 -22338 -22347 -22356 -22366 -22371 -22381 -22382 -22388 -22394 -22398 -22405 -22415 -22418
-22425 -22435 -22444 -22449 -22453 -22458 -22463 -22473 -22476 -22479 -22489 -22498 -22502 -22503 -22511 -22518 -22519 -22520
-22527 -22533 -22540 -22542 -22544 -22554 -22563 -22564 -22569 -22578 -22586 -22593 -22595 -22598 -22604 -22605 -22614 -22618
-22620 -22629 -22637 -22640 -22644 -22654 -22657 -22667 -22676 -22680 -22682 -22692 -22698 -22703 -22706 -22708 -22711 -22715
-22725 -22734 -22738 -22742 -22744 -22749 -22756 -22765 -22766 -22775 -22783 -22786 -22792 -22796 -22801 -22802 -22811 -22815
-22817 -22820 -22824 -22829 -22831 -22840 -22842 -22852 -22857 -22863 -22865 -22871 -22880 -22886 -22889 -22892 -22894 -22899
-22905 -22910 -22913 -22922 -22931 -22933 -22937 -22942 -22944 -22953 -22956 -22959 -22967 -22975 -22980 -22986 -22990 -22992
-23000 -23005 -23011 -23014 -23016 -23021 -23023 -23025 -23035 -23043 -23044 -23050 -23060 -23061 -23062 -23063 -23068 -23076
-23080 -23084 -23094 -23096 -23102 -23103 -23104 -23108 -23118 -23127 -23136 -23146 -23154 -23159 -23160 -23165 -23166 -23174
-23177 -23182 -23191 -23193 -23201 -23208 -23215 -23217 -23223 -23231 -23235 -23242 -23251 -23261 -23270 -23280 -23290 -23293
-23298 -23308 -23311 -23316 -23326 -23333 -23334 -23339 -23343 -23349 -23354 -23360 -23361 -23366 -23374 -23382 -23391 -23392
-23397 -23406 -23412 -23415 -23419 -23420 -23424 -23427 -23430 -23431 -23436 -23438 -23443 -23444 -23451 -23455 -23460 -23465
-23474 -23482 -23492 -23493 -23496 -23497 -23500 -23509 -23512 -23519 -23523 -23524 -23534 -23536 -23538 -23539 -23547 -23548
-23558 -23568 -23571 -23581 -23583 -23589 -23593 -23594 -23597 -23601 -23602 -23603 -23611 -23614 -23616 -23620 -23622 -23632
-23640 -23649 -23652 -23655 -23665 -23671 -23675 -23682 -23687 -23696 -23706 -23709 -23719 -23722 -23725 -23735 -23742 -23752
-23755 -23764 -23769 -23774 -23778 -23787 -23789 -23795 -23796 -23804 -23813 -23821 -23830 -23837 -23844 -23849 -23856 -23861
-23869 -23876 -23880 -23889 -23892 -23895 -23898 -23900 -23901 -23909 -23918 -23923 -23927 -23934 -23940 -23946 -23955 -23957
-23964 -23970 -23978 -23979 -23985 -23988 -23990 -23991 -23999 -24001 -24008 -24017 -24019 -24028 -24036 -24037 -24045 -24053
-24058 -24068 -24073 -24080 -24085 -24087 -24089 -24099 -24102 -24112 -24121 -24122 -24124 -24134 -24140 -24150 -24156 -24165
-24166 -24176 -24185 -24188 -24195 -24198 -24201 -24205 -24209 -24213 -24220 -24229 -24233 -24243 -24246 -24250 -24258 -24267
-24269 -24273 -24280 -24290 -24298 -24299 -24307 -24314 -24321 -24324 -24332 -24341 -24347 -24354 -24363 -24367 -24372 -24379
-24387 -24392 -24399 -24403 -24409 -24410 -24413 -24419 -24423 -24431 -24439 -24442 -24450 -24459 -24464 -24466 -24471 -24481
-24486 -24490 -24495 -24505 -24514 -24520 -24527 -24531 -24532 -24537 -24547 -24554 -24559 -24562 -24571 -24579 -24586 -24587
-24597 -24602 -24603 -24605 -24612 -24620 -24626 -24629 -24633 -24641 -24650 -24654 -24658 -24659 -24664 -24667 -24671 -24678
-24686 -24692 -24699 -24701 -24709 -24710 -24718 -24727 -24737 -24746 -24755 -24764 -24768 -24769 -24777 -24786 -24788 -24798
-24804 -24807 -24809 -24817 -24822 -24831 -24832 -24836 -24844 -24851 -24858 -24866 -24867 -24873 -24882 -24889 -24890 -24897
-24900 -24906 -24909 -24918 -24928 -24937 -24938 -24943 -24946 -24950 -24957 -24962 -24970 -24972 -24975 -24980 -24989 -24997
-25000 -25006 -25012 -25016 -25020 -25025 -25032 -25036 -25044 -25048 -25057 -25061 -25070 -25078 -25081 -25084 -25092 -25094
-25095 -25100 -25104 -25113 -25118 -25127 -25134 -25136 -25142 -25150 -25160 -25165 -25170 -25177 -25181 -25189 -25191 -25197
-25203 -25205 -25206 -25208 -25211 -25219 -25223 -25228 -25230 -25235 -25242 -25248 -25250 -25258 -25268 -25272 -25281 -25289
-25295 -25299 -25302 -25312 -25322 -25324 -25330 -25336 -25339 -25346 -25348 -25352 -25361 -25363 -25365 -25374 -25378 -25382
-25392 -25399 -25401 -25403 -25411 -25412 -25419 -25429 -25432 -25435 -25445 -25451 -25460 -25464 -25474 -25478 -25483 -25491
-25498 -25504 -25513 -25516 -25521 -25524 -25528 -25537 -25541 -25548 -25556 -25565 -25570 -25575 -25577 -25583 -25585 -25592
-25595 -25599 -25606 -25609 -25610 -25616 -25617 -25623 -25626 -25630 -25631 -25633 -25634 -25638 -25644 -25654 -25661 -25662
-25672 -25673 -25676 -25684 -25688 -25695 -25704 -25711 -25720 -25727 -25735 -25744 -25751 -25755 -25761 -25764 -25770 -25773
-25777 -25782 -25792 -25801 -25805 -25808 -25813 -25817 -25823 -25828 -25837 -25841 -25850 -25854 -25857 -25858 -25859 -25865
-25872 -25882 -25884 -25886 -25895 -25903 -25907 -25908 -25914 -25915 -25920 -25925 -25932 -25934 -25941 -25948 -25954 -25961
-25966 -25972 -25974 -25982 -25986 -25994 -25995 -25999 -26000 -26007 -26015 -26020 -26026 -26032 -26040 -26046 -26053 -26058
-26061 -26065 -26071 -26077 -26078 -26079 -26087 -26092 -26101 -26103 -26106 -26113 -26115 -26119 -26127 -26128 -26138 -26146
-26147 -26153 -26157 -26163 -26167 -26168 -26170 -26177 -26181 -26191 -26193 -26196 -26198 -26205 -26212 -26217 -26226 -26229
-26238 -26242 -26248 -26258 -26259 -26262 -26272 -26278 -26286 -26288 -26295 -26305 -26312 -26322 -26330 -26336 -26343 -26348
-26356 -26361 -26371 -26380 -26382 -26389 -26394 -26399 -26400 -26404 -26412 -26415 -26420 -26428 -26437 -26438 -26445 -26449
-26452 -26457 -26463 -26464 -26472 -26479 -26482 -26489 -26496 -26499 -26504 -26512 -26519 -26528 -26529 -26537 -26539 -26546
-26553 -26554 -26564 -26570 -26575 -26580 -26585 -26586 -26592 -26596 -26599 -26604 -26605 -26615 -26618 -26621 -26626 -26631
-26638 -26646 -26656 -26658 -26667 -26677 -26687 -26694 -26696 -26706 -26708 -26717 -26722 -26724 -26734 -26744 -26746 -26747
-26750 -26755 -26756 -26757 -26758 -26766 -26774 -26780 -26787 -26797 -26807 -26810 -26814 -26819 -26829 -26837 -26841 -26849
-26859 -26866 -26870 -26871 -26880 -26890 -26891 -26896 -26897 -26905 -26907 -26910 -26917 -26925 -26930 -26931 -26933 -26943
-26953 -26957 -26965 -26967 -26972 -26979 -26988 -26994 -27001 -27008 -27010 -27015 -27021 -27026 -27027 -27036 -27045 -27049
-27050 -27051 -27053 -27054 -27057 -27058 -27068 -27075 -27079 -27083 -27090 -27098 -27106 -27111 -27112 -27121 -27124 -27132
-27140 -27143 -27145 -27152 -27162 -27170 -27171 -27177 -27178 -27180 -27190 -27194 -27198 -27199 -27209 -27216 -27218 -27220
-27230 -27237 -27242 -27252 -27259 -27260 -27269 -27276 -27285 -27289 -27290 -27291 -27301 -27302 -27308 -27313 -27315 -27317
-27325 -27332 -27342 -27349 -27356 -27361 -27363 -27367 -27370 -27375 -27382 -27388 -27392 -27398 -27406 -27410 -27412 -27418
-27419 -27427 -27432 -27437 -27444 -27453 -27455 -27460 -27465 -27468 -27477 -27479 -27483 -27484 -27485 -27486 -27489 -27491
-27496 -27502 -27511 -27520 -27526 -27528 -27537 -27542 -27550 -27552 -27556 -27560 -27562 -27564 -27565 -27566 -27576 -27586
-27588 -27598 -27605 -27612 -27622 -27627 -27637 -27641 -27649 -27657 -27659 -27666 -27671 -27678 -27680 -27686 -27689 -27698
-27704 -27712 -27720 -27724 -27730 -27735 -27742 -27751 -27758 -27766 -27767 -27771 -27778 -27785 -27789 -27790 -27794 -27802
-27807 -27814 -27823 -27829 -27832 -27833 -27836 -27838 -27847 -27855 -27860 -27866 -27868 -27871 -27874 -27882 -27885 -27888
-27890 -27894 -27895 -27896 -27899 -27900 -27904 -27908 -27916 -27918 -27919 -27928 -27935 -27938 -27947 -27952 -27953 -27957
-27965 -27974 -27980 -27981 -27984 -27986 -27994 -28002 -28005 -28008 -28018 -28025 -28033 -28037 -28045 -28049 -28051 -28058
-28060 -28061 -28067 -28074 -28077 -28082 -28085 -28093 -28094 -28095 -28098 -28103 -28109 -28114 -28119 -28121 -28125 -28130
-28138 -28139 -28145 -28147 -28157 -28163 -28166 -28167 -28173 -28176 -28179 -28187 -28197 -28198 -28205 -28215 -28223 -28227
-28228 -28235 -28240 -28246 -28256 -28263 -28265 -28270 -28276 -28277 -28285 -28289 -28290 -28293 -28299 -28303 -28304 -28311
-28314 -28319 -28323 -28324 -28328 -28334 -28336 -28339 -28342 -28344 -28347 -28352 -28353 -28359 -28367 -28368 -28378 -28383
-28385 -28391 -28395 -28398 -28406 -28413 -28423 -28432 -28438 -28439 -28443 -28445 -28450 -28451 -28456 -28462 -28466 -28474
-28478 -28487 -28488 -28494 -28503 -28504 -28510 -28513 -28522 -28527 -28529 -28536 -28537 -28542 -28544 -28545 -28546 -28555
-28557 -28561 -28563 -28572 -28573 -28577 -28580 -28583 -28590 -28597 -28598 -28603 -28612 -28617 -28624 -28632 -28642 -28648
-28652 -28660 -28664 -28666 -28667 -28672 -28682 -28689 -28693 -28703 -28708 -28716 -28720 -28725 -28729 -28734 -28743 -28747
-28749 -28750 -28759 -28764 -28767 -28769 -28776 -28778 -28781 -28784 -28789 -28799 -28804 -28813 -28819 -28824 -28827 -28833
-28841 -28843 -28845 -28853 -28862 -28864 -28866 -28870 -28872 -28880 -28887 -28894 -28902 -28904 -28912 -28913 -28916 -28920
-28925 -28932 -28942 -28947 -28948 -28956 -28963 -28964 -28971 -28977 -28986 -28995 -29005 -29015 -29025 -29031 -29040 -29044
-29053 -29060 -29066 -29074 -29077 -29087 -29092 -29096 -29101 -29102 -29105 -29108 -29116 -29120 -29126 -29135 -29140 -29149
-29156 -29164 -29170 -29178 -29181 -29187 -29188 -29190 -29191 -29201 -29211 -29212 -29221 -29225 -29234 -29239 -29247 -29248
-29256 -29265 -29267 -29268 -29272 -29279 -29280 -29286 -29292 -29297 -29305 -29308 -29314 -29317 -29322 -29326 -29332 -29336
-29345 -29353 -29357 -29360 -29368 -29375 -29384 -29385 -29387 -29389 -29392 -29396 -29397 -29407 -29409 -29418 -29421 -29427
-29437 -29438 -29445 -29448 -29456 -29457 -29464 -29474 -29479 -29486 -29488 -29496 -29504 -29511 -29520 -29529 -29535 -29537
-29541 -29551 -29556 -29563 -29566 -29574 -29580 -29585 -29593 -29599 -29604 -29612 -29618 -29624 -29634 -29639 -29647 -29649
-29652 -29661 -29667 -29671 -29672 -29674 -29677 -29686 -29689 -29694 -29701 -29706 -29714 -29724 -29732 -29738 -29747 -29750
-29756 -29758 -29759 -29769 -29775 -29779 -29781 -29791 -29795 -29804 -29806 -29816 -29817 -29823 -29828 -29833 -29834 -29840
-29845 -29855 -29859 -29867 -29870 -29877 -29878 -29887 -29892 -29901 -29903 -29905 -29907 -29910 -29917 -29919 -29922 -29923
-29924 -29928 -29930 -29935 -29938 -29944 -29951 -29952 -29961 -29963 -29973 -29978 -29981 -29982 -29988 -29995 -29996 -29998
-30005 -30009 -30015 -30022 -30032 -30041 -30043 -30049 -30057 -30062 -30063 -30070 -30080 -30086 -30091 -30098 -30105 -30115
-30116 -30120 -30130 -30139 -30148 -30157 -30166 -30169 -30171 -30173 -30176 -30177 -30179 -30181 -30187 -30197 -30204 -30206
-30211 -30221 -30228 -30235 -30242 -30249 -30259 -30263 -30267 -30268 -30276 -30286 -30296 -30305 -30308 -30311 -30320 -30323
-30325 -30327 -30328 -30335 -30343 -30353 -30363 -30369 -30374 -30381 -30391 -30399 -30403 -30413 -30415 -30421 -30430 -30435
-30437 -30444 -30446 -30452 -30456 -30459 -30464 -30472 -30480 -30481 -30488 -30496 -30497 -30504 -30505 -30513 -30516 -30517
-30519 -30523 -30526 -30529 -30531 -30533 -30540 -30548 -30549 -30555 -30557 -30565 -30571 -30578 -30588 -30597 -30601 -30604
-30607 -30610 -30619 -30621 -30628 -30632 -30640 -30647 -30650 -30656 -30661 -30663 -30664 -30667 -30673 -30678 -30681 -30683
-30690 -30695 -30697 -30699 -30704 -30711 -30717 -30719 -30729 -30732 -30738 -30743 -30753 -30757 -30759 -30764 -30766 -30767
-30770 -30771 -30777 -30780 -30787 -30793 -30795 -30804 -30813 -30817 -30827 -30829 -30834 -30840 -30843 -30846 -30856 -30858
-30866 -30872 -30878 -30881 -30889 -30895 -30897 -30905 -30912 -30918 -30923 -30931 -30933 -30935 -30936 -30938 -30945 -30949
-30958 -30968 -30978 -30986 -30991 -30997 -31002 -31006 -31009 -31019 -31020 -31029 -31031 -31039 -31041 -31049 -31058 -31062
-31067 -31068 -31072 -31080 -31090 -31098 -31105 -31115 -31124 -31134 -31140 -31146 -31156 -31163 -31173 -31175 -31180 -31187
-31197 -31203 -31207 -31210 -31218 -31226 -31234 -31236 -31245 -31249 -31259 -31266 -31270 -31277 -31284 -31287 -31295 -31303
-31313 -31318 -31326 -31331 -31340 -31348 -31351 -31360 -31363 -31364 -31369 -31370 -31380 -31383 -31393 -31400 -31401 -31411
-31414 -31420 -31426 -31431 -31434 -31436 -31444 -31446 -31451 -31461 -31471 -31476 -31484 -31485 -31488 -31493 -31502 -31503
-31510 -31520 -31530 -31538 -31544 -31545 -31548 -31555 -31558 -31565 -31570 -31577 -31581 -31587 -31595 -31601 -31610 -31619
-31623 -31632 -31637 -31643 -31648 -31657 -31661 -31664 -31670 -31673 -31677 -31684 -31687 -31697 -31707 -31712 -31719 -31722
-31728 -31730 -31737 -31742 -31744 -31754 -31758 -31764 -31765 -31771 -31773 -31777 -31787 -31788 -31791 -31798 -31801 -31807
-31808 -31814 -31816 -31818 -31826 -31828 -31832 -31841 -31851 -31861 -31867 -31875 -31879 -31884 -31887 -31889 -31896 -31897
-31902 -31911 -31912 -31917 -31919 -31924 -31934 -31941 -31949 -31959 -31968 -31969 -31977 -31981 -31988 -31990 -31996 -32003
-32009 -32018 -32019 -32029 -32038 -32042 -32045 -32051 -32060 -32064 -32071 -32081 -32086 -32096 -32102 -32103 -32110 -32113
-32123 -32125 -32133 -32135 -32139 -32145 -32147 -32155 -32156 -32164 -32166 -32173 -32179 -32184 -32186 -32196 -32197 -32203
-32213 -32221 -32227 -32237 -32239 -32241 -32250 -32260 -32266 -32276 -32280 -32285 -32290 -32300 -32310 -32320 -32327 -32336
-32342 -32352 -32361 -32362 -32364 -32368 -32375 -32379 -32388 -32395 -32402 -32412 -32419 -32421 -32425 -32430 -32437 -32446
-32451 -32458 -32467 -32472 -32477 -32479 -32487 -32490 -32491 -32496 -32504 -32513 -32518 -32519 -32525 -32535 -32536 -32537
-32540 -32546 -32552 -32555 -32561 -32569 -32575 -32576 -32581 -32586 -32590 -32596 -32598 -32606 -32608 -32613 -32617 -32622
-32628 -32636 -32645 -32647 -32651 -32659 -32665 -32673 -32682 -32692 -32698 -32700 -32702 -32706 -32707 -32712 -32715 -32722
-32731 -32738 -32742 -32752 -32759 -32766 -32770 -32775 -32783 -32790 -32795 -32798 -32808 -32817 -32819 -32829 -32832 -32837
-32842 -32847 -32855 -32859 -32867 -32869 -32875 -32880 -32881 -32886 -32887 -32896 -32899 -32907 -32915 -32922 -32927 -32928
-32930 -32939 -32948 -32954 -32961 -32970 -32980 -32990 -32995 -33001 -33007 -33017 -33021 -33028 -33035 -33045 -33046 -33052
-33062 -33069 -33078 -33086 -33093 -33098 -33101 -33108 -33111 -33116 -33117 -33122 -33131 -33137 -33146 -33153 -33155 -33165
-33171 -33179 -33184 -33192 -33194 -33200 -33208 -33218 -33219 -33224 -33232 -33233 -33241 -33242 -33244 -33248 -33254 -33261
-33263 -33273 -33282 -33287 -33291 -33299 -33303 -33308 -33315 -33316 -33325 -33333 -33340 -33348 -33357 -33367 -33369 -33379
-33380 -33384 -33387 -33388 -33390 -33396 -33404 -33408 -33417 -33419 -33424 -33433 -33441 -33448 -33458 -33461 -33462 -33465
-33473 -33477 -33480 -33488 -33498 -33508 -33512 -33518 -33523 -33531 -33541 -33545 -33551 -33561 -33566 -33570 -33580 -33586
-33595 -33598 -33606 -33615 -33621 -33627 -33628 -33633 -33635 -33637 -33639 -33645 -33646 -33649 -33651 -33654 -33658 -33667
-33672 -33678 -33682 -33688 -33689 -33696 -33700 -33707 -33713 -33715 -33725 -33730 -33739 -33746 -33753 -33755 -33760 -33769
-33776 -33781 -33783 -33787 -33791 -33798 -33807 -33810 -33820 -33821 -33824 -33832 -33841 -33848 -33852 -33853 -33856 -33865
-33866 -33867 -33874 -33879 -33885 -33893 -33897 -33898 -33900 -33901 -33911 -33917 -33925 -33929 -33936 -33938 -33940 -33949
-33953 -33959 -33963 -33973 -33978 -33988 -33991 -33992 -34002 -34003 -34011 -34013 -34020 -34030 -34039 -34049 -34053 -34063
-34070 -34072 -34074 -34075 -34083 -34091 -34100 -34105 -34112 -34113 -34119 -34128 -34135 -34143 -34145 -34153 -34157 -34160
-34164 -34167 -34174 -34178 -34183 -34185 -34195 -34205 -34210 -34216 -34224 -34230 -34235 -34236 -34244 -34252 -34258 -34260
-34266 -34274 -34284 -34286 -34290 -34295 -34305 -34312 -34319 -34322 -34325 -34331 -34340 -34345 -34350 -34353 -34354 -34363
-34369 -34376 -34384 -34393 -34398 -34402 -34407 -34408 -34410 -34416 -34417 -34424 -34428 -34431 -34434 -34435 -34438 -34445
-34454 -34456 -34460 -34466 -34474 -34484 -34492 -34501 -34510 -34520 -34530 -34538 -34546 -34554 -34563 -34568 -34575 -34580
-34581 -34588 -34597 -34598 -34602 -34604 -34609 -34610 -34615 -34620 -34630 -34637 -34644 -34645 -34653 -34657 -34664 -34667
-34671 -34672 -34679 -34687 -34690 -34695 -34699 -34700 -34707 -34712 -34713 -34715 -34718 -34723 -34728 -34737 -34738 -34748
-34753 -34759 -34765 -34772 -34777 -34783 -34784 -34787 -34791 -34800 -34809 -34819 -34820 -34827 -34830 -34835 -34845 -34854
-34860 -34861 -34869 -34870 -34874 -34880 -34887 -34890 -34900 -34906 -34908 -34909 -34916 -34924 -34933 -34942 -34951 -34955
-34965 -34972 -34976 -34977 -34979 -34980 -34989 -34990 -35000 -35008 -35014 -35024 -35030 -35031 -35041 -35045 -35047 -35050
-35059 -35067 -35075 -35077 -35078 -35082 -35088 -35094 -35097 -35099 -35107 -35109 -35116 -35120 -35123 -35125 -35133 -35137
-35139 -35141 -35146 -35149 -35152 -35159 -35169 -35174 -35179 -35185 -35193 -35195 -35205 -35213 -35214 -35217 -35225 -35228
-35230 -35236 -35243 -35248 -35252 -35254 -35255 -35257 -35267 -35270 -35272 -35274 -35280 -35281 -35285 -35293 -35303 -35312
-35314 -35318 -35328 -35330 -35331 -35339 -35348 -35357 -35361 -35371 -35378 -35385 -35386 -35395 -35400 -35406 -35410 -35415
-35424 -35427 -35434 -35440 -35445 -35455 -35465 -35466 -35468 -35470 -35480 -35484 -35494 -35501 -35506 -35514 -35518 -35520
-35522 -35524 -35531 -35540 -35544 -35546 -35548 -35554 -35564 -35565 -35573 -35583 -35591 -35600 -35606 -35612 -35620 -35622
-35629 -35635 -35638 -35640 -35647 -35656 -35665 -35671 -35675 -35682 -35684 -35691 -35699 -35702 -35709 -35716 -35725 -35726
-35729 -35731 -35738 -35740 -35747 -35748 -35750 -35758 -35767 -35777 -35783 -35790 -35796 -35799 -35809 -35818 -35827 -35837
-35847 -35857 -35861 -35862 -35870 -35877 -35887 -35889 -35896 -35897 -35900 -35905 -35913 -35921 -35929 -35932 -35934 -35943
-35953 -35959 -35969 -35971 -35976 -35986 -35992 -35998 -36005 -36012 -36017 -36023 -36026 -36027 -36032 -36041 -36050 -36058
-36063 -36072 -36077 -36081 -36087 -36088 -36098 -36104 -36106 -36110 -36117 -36122 -36125 -36130 -36140 -36148 -36154 -36160
-36167 -36177 -36183 -36191 -36197 -36203 -36205 -36206 -36209 -36211 -36220 -36222 -36224 -36234 -36244 -36249 -36252 -36254
-36264 -36267 -36277 -36286 -36287 -36295 -36303 -36304 -36313 -36323 -36325 -36329 -36332 -36342 -36351 -36360 -36369 -36372
-36378 -36379 -36387 -36391 -36395 -36400 -36403 -36404 -36413 -36417 -36418 -36419 -36427 -36434 -36436 -36444 -36447 -36457
-36467 -36471 -36475 -36477 -36486 -36487 -36491 -36499 -36505 -36513 -36520 -36528 -36538 -36542 -36547 -36554 -36560 -36567
-36575 -36578 -36583 -36590 -36592 -36598 -36605 -36609 -36617 -36626 -36634 -36644 -36652 -36654 -36656 -36662 -36667 -36674
-36683 -36685 -36687 -36688 -36695 -36697 -36706 -36708 -36715 -36718 -36723 -36725 -36727 -36731 -36738 -36740 -36744 -36752
-36755 -36758 -36760 -36770 -36778 -36781 -36787 -36789 -36790 -36795 -36803 -36811 -36812 -36817 -36823 -36827 -36835 -36841
-36846 -36849 -36859 -36863 -36871 -36876 -36882 -36888 -36891 -36896 -36898 -36901 -36907 -36909 -36915 -36918 -36923 -36931
-36940 -36947 -36948 -36954 -36956 -36961 -36970 -36977 -36984 -36988 -36995 -36999 -37009 -37016 -37024 -37025 -37032 -37035
-37039 -37047 -37048 -37050 -37057 -37067 -37070 -37071 -37073 -37076 -37082 -37087 -37096 -37099 -37101 -37110 -37116 -37122
-37132 -37141 -37144 -37149 -37152 -37153 -37158 -37164 -37167 -37174 -37177 -37181 -37189 -37197 -37201 -37209 -37217 -37219
-37222 -37223 -37229 -37232 -37237 -37246 -37252 -37261 -37271 -37272 -37281 -37289 -37290 -37294 -37296 -37298 -37308 -37315
-37321 -37330 -37332 -37342 -37348 -37356 -37363 -37369 -37370 -37374 -37377 -37382 -37385 -37392 -37394 -37395 -37397 -37401
-37406 -37410 -37419 -37423 -37424 -37426 -37432 -37437 -37444 -37448 -37458 -37468 -37475 -37476 -37486 -37493 -37495 -37498
-37503 -37504 -37514 -37519 -37523 -37528 -37537 -37547 -37552 -37553 -37560 -37568 -37577 -37586 -37591 -37597 -37600 -37601
-37610 -37619 -37621 -37629 -37633 -37638 -37640 -37649 -37654 -37660 -37661 -37666 -37676 -37682 -37690 -37700 -37703 -37711
-37715 -37723 -37724 -37729 -37736 -37738 -37744 -37750 -37757 -37759 -37760 -37770 -37777 -37783 -37787 -37796 -37801 -37810
-37813 -37818 -37819 -37829 -37837 -37847 -37855 -37856 -37859 -37862 -37872 -37882 -37889 -37895 -37905 -37909 -37911 -37916
-37919 -37921 -37930 -37935 -37942 -37948 -37956 -37960 -37965 -37969 -37972 -37982 -37989 -37990 -37999 -38002 -38005 -38006
-38013 -38020 -38023 -38026 -38030 -38037 -38042 -38044 -38046 -38049 -38051 -38055 -38061 -38065 -38070 -38075 -38083 -38086
-38093 -38094 -38095 -38100 -38105 -38106 -38111 -38118 -38119 -38124 -38130 -38139 -38143 -38144 -38147 -38156 -38162 -38163
-38168 -38172 -38175 -38176 -38182 -38192 -38202 -38207 -38213 -38214 -38220 -38224 -38231 -38233 -38243 -38250 -38252 -38262
-38270 -38272 -38274 -38278 -38279 -38288 -38297 -38307 -38317 -38326 -38334 -38344 -38352 -38362 -38366 -38368 -38369 -38377
-38379 -38384 -38388 -38398 -38406 -38410 -38420 -38428 -38436 -38442 -38446 -38453 -38459 -38468 -38474 -38477 -38483 -38484
-38488 -38498 -38505 -38511 -38515 -38521 -38522 -38531 -38539 -38547 -38557 -38564 -38565 -38571 -38576 -38578 -38588 -38590
-38599 -38602 -38605 -38606 -38612 -38614 -38619 -38627 -38633 -38639 -38640 -38643 -38653 -38663 -38667 -38673 -38682 -38691
-38700 -38707 -38710 -38720 -38730 -38740 -38748 -38749 -38756 -38766 -38772 -38773 -38774 -38777 -38783 -38784 -38791 -38801
-38803 -38813 -38823 -38831 -38841 -38849 -38854 -38861 -38862 -38871 -38878 -38883 -38890 -38900 -38905 -38906 -38910 -38914
-38920 -38926 -38935 -38941 -38945 -38949 -38959 -38961 -38969 -38971 -38978 -38987 -38994 -38999 -39006 -39009 -39010 -39011
-39014 -39016 -39023 -39027 -39029 -39033 -39039 -39042 -39051 -39054 -39060 -39061 -39071 -39076 -39082 -39086 -39090 -39097
-39105 -39108 -39115 -39120 -39129 -39132 -39138 -39145 -39154 -39158 -39161 -39168 -39171 -39181 -39189 -39197 -39201 -39206
-39216 -39223 -39224 -39225 -39229 -39234 -39240 -39247 -39249 -39259 -39263 -39270 -39271 -39277 -39279 -39283 -39290 -39293
-39303 -39306 -39314 -39320 -39327 -39328 -39337 -39342 -39350 -39353 -39356 -39361 -39367 -39375 -39380 -39388 -39391 -39396
-39397 -39401 -39403 -39409 -39418 -39427 -39436 -39446 -39454 -39462 -39466 -39470 -39477 -39487 -39493 -39501 -39502 -39508
-39515 -39519 -39524 -39533 -39539 -39548 -39555 -39562 -39569 -39571 -39572 -39582 -39588 -39596 -39604 -39611 -39614 -39619
-39625 -39628 -39636 -39645 -39653 -39661 -39669 -39677 -39679 -39684 -39689 -39699 -39702 -39711 -39714 -39722 -39727 -39731
-39735 -39744 -39754 -39762 -39771 -39774 -39777 -39784 -39794 -39804 -39814 -39818 -39828 -39831 -39837 -39839 -39842 -39844
-39848 -39856 -39865 -39874 -39884 -39887 -39892 -39893 -39897 -39900 -39906 -39913 -39916 -39926 -39928 -39932 -39937 -39939
-39948 -39957 -39959 -39966 -39972 -39976 -39984 -39985 -39993 -39998 -40003 -40006 -40014 -40018 -40020 -40024 -40031 -40033
-40041 -40045 -40046 -40054 -40059 -40063 -40070 -40073 -40081 -40083 -40089 -40098 -40101 -40108 -40116 -40121 -40129 -40131
-40133 -40140 -40146 -40154 -40164 -40172 -40181 -40189 -40196 -40203 -40206 -40212 -40217 -40224 -40225 -40235 -40238 -40243
-40252 -40256 -40263 -40273 -40283 -40285 -40294 -40295 -40297 -40298 -40301 -40303 -40311 -40319 -40321 -40331 -40338 -40339
-40342 -40345 -40354 -40362 -40365 -40373 -40383 -40393 -40398 -40407 -40412 -40421 -40427 -40433 -40439 -40448 -40458 -40465
-40472 -40479 -40484 -40485 -40486 -40488 -40493 -40502 -40505 -40506 -40513 -40515 -40517 -40524 -40530 -40536 -40542 -40549
-40558 -40568 -40575 -40578 -40585 -40589 -40590 -40591 -40595 -40598 -40600 -40607 -40615 -40620 -40630 -40631 -40641 -40647
-40655 -40661 -40666 -40669 -40670 -40677 -40684 -40690 -40693 -40699 -40709 -40715 -40723 -40731 -40734 -40740 -40744 -40752
-40758 -40764 -40770 -40777 -40786 -40793 -40796 -40805 -40807 -40810 -40816 -40820 -40829 -40837 -40841 -40847 -40849 -40859
-40869 -40874 -40882 -40883 -40884 -40887 -40894 -40901 -40905 -40907 -40908 -40913 -40915 -40924 -40928 -40936 -40942 -40947
-40953 -40954 -40957 -40958 -40964 -40974 -40983 -40989 -40993 -41001 -41003 -41005 -41008 -41016 -41023 -41026 -41027 -41032
-41038 -41042 -41049 -41057 -41062 -41064 -41069 -41074 -41079 -41082 -41087 -41092 -41099 -41103 -41110 -41120 -41123 -41133
-41139 -41141 -41143 -41150 -41154 -41159 -41165 -41171 -41178 -41184 -41186 -41193 -41195 -41200 -41207 -41209 -41219 -41220
-41223 -41224 -41227 -41228 -41237 -41241 -41243 -41250 -41256 -41260 -41270 -41279 -41287 -41296 -41297 -41304 -41314 -41316
-41321 -41325 -41330 -41340 -41348 -41354 -41357 -41364 -41368 -41377 -41382 -41391 -41398 -41399 -41406 -41415 -41423 -41426
-41430 -41436 -41445 -41449 -41458 -41466 -41472 -41482 -41483 -41484 -41491 -41501 -41504 -41508 -41509 -41515 -41525 -41535
-41539 -41542 -41548 -41549 -41558 -41559 -41567 -41568 -41571 -41578 -41586 -41589 -41590 -41600 -41603 -41606 -41616 -41623
-41631 -41639 -41644 -41647 -41656 -41659 -41668 -41675 -41680 -41681 -41690 -41696 -41699 -41709 -41719 -41723 -41733 -41736
-41737 -41745 -41748 -41757 -41761 -41766 -41772 -41773 -41779 -41781 -41791 -41795 -41805 -41811 -41820 -41829 -41838 -41843
-41845 -41852 -41855 -41862 -41865 -41873 -41882 -41889 -41892 -41902 -41906 -41912 -41913 -41916 -41923 -41926 -41936 -41945
-41953 -41957 -41966 -41967 -41976 -41986 -41990 -41993 -41998 -42004 -42007 -42014 -42019 -42027 -42031 -42041 -42050 -42059
-42068 -42075 -42077 -42084 -42093 -42102 -42106 -42110 -42116 -42123 -42126 -42132 -42138 -42142 -42147 -42149 -42151 -42154
-42163 -42168 -42174 -42179 -42185 -42190 -42200 -42209 -42218 -42227 -42232 -42235 -42243 -42253 -42256 -42264 -42266 -42275
-42276 -42279 -42286 -42288 -42294 -42295 -42300 -42303 -42307 -42311 -42319 -42327 -42337 -42342 -42346 -42354 -42363 -42371
-42376 -42377 -42382 -42389 -42395 -42402 -42412 -42422 -42424 -42427 -42434 -42437 -42440 -42450 -42458 -42460 -42463 -42464
-42466 -42472 -42482 -42485 -42492 -42498 -42508 -42512 -42518 -42523 -42533 -42537 -42546 -42553 -42555 -42560 -42563 -42565
-42569 -42578 -42584 -42592 -42599 -42605 -42609 -42615 -42619 -42620 -42625 -42629 -42636 -42641 -42643 -42649 -42652 -42658
-42663 -42665 -42670 -42673 -42677 -42678 -42686 -42691 -42699 -42703 -42709 -42715 -42723 -42727 -42728 -42732 -42740 -42741
-42751 -42753 -42755 -42758 -42763 -42768 -42772 -42779 -42780 -42786 -42790 -42797 -42804 -42805 -42809 -42811 -42818 -42820
-42827 -42828 -42832 -42838 -42842 -42851 -42852 -42856 -42865 -42874 -42878 -42880 -42890 -42895 -42903 -42906 -42912 -42921
-42923 -42924 -42931 -42936 -42939 -42940 -42944 -42951 -42960 -42969 -42971 -42973 -42975 -42981 -42985 -42988 -42997 -42998
-43003 -43010 -43016 -43019 -43024 -43025 -43026 -43028 -43034 -43038 -43045 -43047 -43056 -43062 -43068 -43074 -43075 -43077
-43079 -43082 -43090 -43094 -43104 -43105 -43114 -43120 -43130 -43140 -43143 -43147 -43148 -43158 -43165 -43172 -43181 -43185
-43195 -43205 -43212 -43214 -43215 -43222 -43229 -43230 -43236 -43237 -43242 -43243 -43250 -43252 -43258 -43267 -43269 -43277
-43284 -43286 -43295 -43296 -43306 -43310 -43313 -43315 -43323 -43333 -43336 -43339 -43345 -43352 -43361 -43365 -43371 -43374
-43384 -43388 -43398 -43405 -43406 -43415 -43424 -43425 -43428 -43431 -43432 -43438 -43448 -43451 -43456 -43465 -43474 -43477
-43480 -43485 -43495 -43502 -43505 -43515 -43519 -43523 -43525 -43526 -43529 -43532 -43542 -43549 -43551 -43553 -43561 -43564
-43570 -43580 -43589 -43597 -43605 -43607 -43617 -43619 -43627 -43631 -43640 -43649 -43657 -43665 -43674 -43676 -43679 -43680
-43684 -43694 -43701 -43709 -43718 -43725 -43727 -43737 -43741 -43744 -43745 -43751 -43757 -43762 -43767 -43771 -43774 -43781
-43790 -43799 -43808 -43809 -43817 -43818 -43821 -43831 -43838 -43847 -43857 -43861 -43864 -43870 -43873 -43881 -43891 -43896
-43899 -43909 -43912 -43919 -43921 -43927 -43928 -43930 -43935 -43937 -43945 -43947 -43951 -43954 -43957 -43960 -43966 -43974
-43979 -43985 -43994 -43995 -43997 -44005 -44008 -44017 -44023 -44033 -44042 -44043 -44049 -44056 -44062 -44069 -44070 -44080
-44088 -44094 -44102 -44112 -44115 -44123 -44132 -44135 -44137 -44138 -44144 -44147 -44151 -44158 -44162 -44167 -44172 -44173
-44174 -44184 -44190 -44193 -44200 -44205 -44208 -44211 -44220 -44230 -44231 -44235 -44245 -44248 -44257 -44266 -44276 -44286
-44296 -44298 -44303 -44312 -44321 -44327 -44329 -44337 -44347 -44348 -44352 -44362 -44366 -44371 -44374 -44376 -44381 -44387
-44393 -44395 -44403 -44406 -44412 -44418 -44421 -44429 -44435 -44445 -44451 -44457 -44458 -44464 -44466 -44472 -44475 -44484
-44488 -44497 -44499 -44504 -44508 -44517 -44526 -44527 -44530 -44532 -44533 -44543 -44548 -44556 -44564 -44573 -44578 -44587
-44595 -44600 -44606 -44615 -44617 -44624 -44626 -44635 -44636 -44642 -44652 -44657 -44663 -44670 -44671 -44674 -44681 -44685
-44687 -44696 -44697 -44707 -44711 -44716 -44720 -44723 -44729 -44731 -44735 -44743 -44748 -44749 -44758 -44759 -44765 -44767
-44770 -44776 -44779 -44784 -44788 -44790 -44795 -44805 -44813 -44820 -44824 -44834 -44836 -44838 -44848 -44851 -44860 -44863
-44872 -44873 -44882 -44887 -44891 -44899 -44907 -44908 -44911 -44919 -44923 -44933 -44941 -44950 -44954 -44963 -44966 -44973
-44977 -44982 -44991 -44995 -45000 -45005 -45015 -45024 -45027 -45037 -45043 -45047 -45049 -45057 -45067 -45070 -45078 -45083
-45089 -45092 -45099 -45101 -45109 -45118 -45127 -45136 -45142 -45143 -45146 -45149 -45155 -45165 -45175 -45180 -45188 -45194
-45202 -45209 -45217 -45224 -45225 -45235 -45243 -45253 -45259 -45267 -45269 -45272 -45275 -45284 -45285 -45290 -45298 -45303
-45308 -45316 -45317 -45319 -45327 -45336 -45340 -45350 -45358 -45359 -45362 -45366 -45374 -45376 -45386 -45389 -45395 -45402
-45409 -45418 -45426 -45434 -45438 -45447 -45454 -45458 -45463 -45471 -45472 -45476 -45479 -45481 -45489 -45494 -45503 -45506
-45513 -45523 -45526 -45529 -45533 -45542 -45548 -45558 -45562 -45565 -45573 -45578 -45588 -45590 -45599 -45606 -45616 -45619
-45626 -45630 -45639 -45643 -45646 -45653 -45661 -45662 -45669 -45674 -45683 -45686 -45689 -45691 -45696 -45701 -45703 -45710
-45718 -45725 -45732 -45739 -45743 -45744 -45751 -45754 -45758 -45759 -45762 -45768 -45774 -45775 -45780 -45784 -45791 -45798
-45807 -45816 -45824 -45831 -45838 -45841 -45845 -45849 -45851 -45852 -45854 -45864 -45873 -45878 -45888 -45890 -45892 -45901
-45905 -45906 -45907 -45909 -45911 -45918 -45922 -45925 -45929 -45937 -45944 -45950 -45956 -45964 -45974 -45979 -45985 -45995
-46000 -46010 -46014 -46021 -46030 -46035 -46044 -46052 -46056 -46064 -46070 -46074 -46080 -46082 -46083 -46086 -46090 -46094
-46099 -46106 -46109 -46113 -46118 -46122 -46126 -46135 -46143 -46149 -46151 -46158 -46162 -46170 -46172 -46175 -46181 -46182
-46192 -46201 -46202 -46204 -46207 -46209 -46214 -46222 -46226 -46230 -46235 -46243 -46244 -46245 -46247 -46249 -46258 -46264
-46270 -46273 -46283 -46292 -46301 -46302 -46304 -46314 -46324 -46334 -46336 -46343 -46348 -46351 -46353 -46356 -46366 -46375
-46381 -46389 -46394 -46399 -46403 -46409 -46418 -46421 -46426 -46433 -46440 -46450 -46460 -46461 -46464 -46474 -46480 -46487
-46497 -46501 -46508 -46512 -46519 -46527 -46537 -46545 -46547 -46549 -46556 -46558 -46568 -46574 -46578 -46585 -46593 -46597
-46602 -46606 -46610 -46620 -46624 -46630 -46634 -46638 -46648 -46652 -46662 -46670 -46679 -46680 -46687 -46692 -46693 -46695
-46698 -46701 -46702 -46706 -46714 -46717 -46727 -46737 -46738 -46744 -46754 -46761 -46768 -46776 -46786 -46790 -46799 -46802
-46809 -46813 -46821 -46824 -46827 -46836 -46838 -46843 -46848 -46850 -46852 -46857 -46866 -46872 -46873 -46879 -46882 -46888
-46894 -46895 -46899 -46906 -46915 -46925 -46932 -46939 -46948 -46950 -46957 -46965 -46975 -46976 -46977 -46986 -46993 -47001
-47008 -47014 -47023 -47027 -47037 -47043 -47046 -47054 -47060 -47061 -47062 -47064 -47074 -47077 -47080 -47082 -47085 -47092
-47099 -47106 -47115 -47124 -47132 -47139 -47144 -47148 -47157 -47163 -47171 -47175 -47182 -47190 -47196 -47199 -47204 -47209
-47214 -47220 -47223 -47230 -47235 -47241 -47248 -47250 -47255 -47258 -47260 -47267 -47275 -47281 -47283 -47293 -47295 -47302
-47310 -47319 -47326 -47330 -47334 -47343 -47351 -47356 -47359 -47361 -47363 -47365 -47373 -47377 -47384 -47385 -47393 -47396
-47402 -47403 -47411 -47420 -47430 -47433 -47438 -47439 -47443 -47453 -47457 -47462 -47463 -47468 -47474 -47475 -47478 -47480
-47483 -47488 -47490 -47497 -47500 -47505 -47514 -47520 -47523 -47532 -47539 -47546 -47548 -47555 -47556 -47559 -47567 -47569
-47578 -47583 -47589 -47592 -47601 -47610 -47611 -47614 -47619 -47621 -47627 -47630 -47636 -47639 -47649 -47654 -47661 -47665
-47668 -47673 -47674 -47682 -47691 -47692 -47700 -47703 -47708 -47716 -47719 -47727 -47737 -47740 -47750 -47755 -47757 -47761
-47764 -47766 -47773 -47782 -47789 -47799 -47807 -47812 -47815 -47818 -47819 -47823 -47831 -47834 -47836 -47839 -47846 -47852
-47856 -47864
