-1693 -1698 -1706 -1714 -1716 -1723 -1731 -1738 -1745 -1746 -1750 -1752 -1760 -1768 -1776 -1785 -1786 -1795
-1803 -1804 -1808 -1810 -1815 -1825 -1831 -1832 -1835 -1839 -1840 -1844 -1848 -1849 -1853 -1855 -1861 -1863
-1872 -1881 -1889 -1892 -1893 -1900 -1909 -1913 -1916 -1926 -1934 -1943 -1947 -1949 -1951 -1958 -1966 -1970
-1977 -1985 -1990 -1994 -2002 -2011 -2019 -2027 -2030 -2039 -2048 -2051 -2057 -2063 -2072 -2082 -2091 -2094
-2103 -2105 -2109 -2110 -2111 -2119 -2124 -2133 -2142 -2148 -2155 -2164 -2173 -2176 -2180 -2187 -2189 -2191
-2200 -2204 -2213 -2220 -2228 -2232 -2234 -2243 -2249 -2250 -2252 -2255 -2259 -2268 -2274 -2281 -2291 -2294
-2300 -2305 -2308 -2311 -2312 -2314 -2318 -2328 -2332 -2341 -2350 -2355 -2363 -2372 -2377 -2380 -2384 -2394
-2397 -2405 -2410 -2413 -2417 -2424 -2433 -2442 -2451 -2458 -2463 -2468 -2477 -2484 -2486 -2491 -2497 -2506
-2515 -2521 -2529 -2537 -2540 -2543 -2550 -2552 -2558 -2562 -2566 -2573 -2583 -2592 -2597 -2600 -2604 -2606
-2612 -2614 -2619 -2626 -2635 -2642 -2647 -2656 -2660 -2667 -2672 -2673 -2683 -2689 -2695 -2700 -2707 -2716
-2726 -2727 -2729 -2738 -2745 -2750 -2756 -2760 -2769 -2773 -2778 -2783 -2791 -2796 -2802 -2811 -2813 -2823
-2826 -2828 -2833 -2836 -2844 -2850 -2859 -2867 -2876 -2881 -2884 -2885 -2889 -2891 -2897 -2907 -2914 -2920
-2924 -2929 -2931 -2939 -2946 -2950 -2952 -2953 -2955 -2956 -2965 -2972 -2978 -2981 -2982 -2984 -2988 -2998
-3003 -3013 -3021 -3030 -3031 -3041 -3048 -3054 -3064 -3070 -3078 -3088 -3092 -3102 -3112 -3119 -3126 -3127
-3136 -3139 -3149 -3156 -3158 -3161 -3165 -3167 -3174 -3179 -3189 -3195 -3199 -3207 -3213 -3218 -3223 -3230
-3238 -3242 -3246 -3251 -3256 -3261 -3267 -3273 -3281 -3287 -3293 -3302 -3309 -3318 -3319 -3323 -3332 -3336
-3346 -3347 -3357 -3366 -3369 -3377 -3381 -3391 -3398 -3401 -3403 -3412 -3421 -3423 -3428 -3429 -3433 -3440
-3448 -3450 -3452 -3461 -3469 -3479 -3486 -3493 -3498 -3504 -3510 -3516 -3517 -3524 -3529 -3535 -3536 -3540
-3544 -3545 -3551 -3560 -3570 -3578 -3581 -3583 -3587 -3592 -3597 -3598 -3604 -3613 -3622 -3623 -3633 -3640
-3646 -3647 -3656 -3664 -3666 -3668 -3674 -3684 -3688 -3690 -3691 -3696 -3700 -3705 -3715 -3724 -3727 -3732
-3733 -3743 -3747 -3752 -3760 -3764 -3769 -3779 -3786 -3792 -3799 -3809 -3812 -3813 -3818 -3828 -3830 -3840
-3844 -3852 -3859 -3862 -3870 -3879 -3889 -3896 -3901 -3905 -3906 -3909 -3918 -3926 -3928 -3934 -3942 -3952
-3956 -3966 -3973 -3983 -3993 -3999 -4006 -4013 -4016 -4019 -4029 -4039 -4043 -4047 -4048 -4050 -4056 -4060
-4061 -4064 -4065 -4070 -4073 -4082 -4087 -4095 -4098 -4101 -4105 -4106 -4107 -4112 -4116 -4125 -4132 -4133
-4142 -4150 -4153 -4155 -4161 -4165 -4170 -4172 -4176 -4181 -4187 -4194 -4197 -4207 -4210 -4219 -4229 -4233
-4238 -4246 -4254 -4261 -4266 -4276 -4279 -4286 -4292 -4293 -4301 -4307 -4311 -4321 -4329 -4336 -4340 -4347
-4354 -4358 -4367 -4371 -4374 -4378 -4388 -4389 -4398 -4405 -4415 -4424 -4429 -4436 -4439 -4440 -4444 -4453
-4463 -4471 -4478 -4488 -4491 -4499 -4509 -4517 -4522 -4531 -4538 -4541 -4551 -4554 -4558 -4568 -4569 -4570
-4571 -4579 -4581 -4588 -4596 -4606 -4615 -4617 -4618 -4627 -4633 -4640 -4643 -4649 -4652 -4656 -4659 -4661
-4666 -4673 -4674 -4684 -4694 -4699 -4703 -4707 -4709 -4715 -4725 -4728 -4731 -4732 -4742 -4744 -4745 -4747
-4749 -4752 -4755 -4757 -4761 -4764 -4774 -4776 -4784 -4785 -4794 -4800 -4810 -4818 -4821 -4828 -4832 -4837
-4845 -4850 -4853 -4854 -4861 -4862 -4869 -4879 -4880 -4882 -4892 -4901 -4904 -4910 -4914 -4924 -4933 -4934
-4936 -4939 -4945 -4954 -4960 -4964 -4966 -4971 -4979 -4985 -4990 -4998 -5003 -5008 -5014 -5015 -5017 -5018
-5024 -5031 -5038 -5044 -5052 -5060 -5070 -5076 -5084 -5092 -5100 -5102 -5107 -5112 -5114 -5122 -5129 -5134
-5142 -5148 -5150 -5154 -5155 -5159 -5169 -5176 -5182 -5185 -5195 -5198 -5202 -5208 -5217 -5219 -5220 -5228
-5229 -5230 -5236 -5239 -5240 -5242 -5250 -5252 -5253 -5255 -5262 -5269 -5272 -5276 -5282 -5291 -5298 -5302
-5307 -5313 -5323 -5331 -5340 -5342 -5351 -5354 -5364 -5372 -5376 -5384 -5389 -5398 -5405 -5410 -5414 -5421
-5428 -5430 -5435 -5443 -5453 -5463 -5466 -5469 -5470 -5478 -5480 -5490 -5497 -5499 -5503 -5506 -5510 -5520
-5521 -5528 -5534 -5541 -5545 -5553 -5554 -5559 -5567 -5568 -5577 -5583 -5586 -5589 -5595 -5596 -5605 -5607
-5608 -5617 -5619 -5622 -5624 -5631 -5634 -5642 -5646 -5652 -5661 -5664 -5667 -5674 -5679 -5687 -5694 -5704
-5710 -5718 -5726 -5727 -5733 -5742 -5745 -5747 -5756 -5762 -5763 -5770 -5780 -5781 -5786 -5796 -5800 -5802
-5806 -5811 -5820 -5829 -5838 -5841 -5842 -5847 -5850 -5855 -5862 -5871 -5874 -5884 -5893 -5902 -5911 -5918
-5919 -5923 -5930 -5934 -5943 -5944 -5947 -5955 -5960 -5963 -5971 -5976 -5982 -5983 -5987 -5988 -5994 -6004
-6009 -6010 -6020 -6023 -6030 -6038 -6047 -6057 -6066 -6070 -6077 -6083 -6086 -6091 -6099 -6106 -6116 -6124
-6127 -6128 -6132 -6138 -6146 -6149 -6155 -6158 -6160 -6162 -6163 -6168 -6171 -6176 -6177 -6180 -6188 -6190
-6192 -6200 -6201 -6210 -6215 -6219 -6223 -6231 -6240 -6247 -6248 -6255 -6260 -6270 -6277 -6286 -6295 -6304
-6310 -6320 -6325 -6332 -6336 -6346 -6347 -6348 -6350 -6359 -6362 -6365 -6369 -6378 -6380 -6383 -6389 -6392
-6395 -6398 -6399 -6409 -6419 -6427 -6431 -6432 -6434 -6444 -6446 -6451 -6458 -6460 -6465 -6472 -6481 -6486
-6495 -6497 -6503 -6504 -6506 -6514 -6521 -6525 -6535 -6540 -6548 -6551 -6553 -6559 -6565 -6568 -6572 -6574
-6582 -6590 -6594 -6604 -6610 -6618 -6623 -6625 -6635 -6643 -6652 -6659 -6661 -6670 -6673 -6680 -6683 -6692
-6693 -6702 -6712 -6717 -6725 -6728 -6735 -6738 -6739 -6748 -6753 -6763 -6770 -6775 -6780 -6782 -6787 -6797
-6807 -6815 -6823 -6830 -6831 -6838 -6845 -6850 -6860 -6867 -6870 -6878 -6885 -6888 -6891 -6898 -6903 -6913
-6922 -6928 -6937 -6942 -6946 -6952 -6959 -6962 -6965 -6968 -6978 -6979 -6980 -6986 -6996 -7006 -7014 -7015
-7020 -7022 -7025 -7035 -7038 -7041 -7046 -7052 -7059 -7060 -7065 -7066 -7075 -7085 -7092 -7095 -7102 -7111
-7118 -7119 -7125 -7131 -7141 -7142 -7148 -7155 -7164 -7167 -7170 -7173 -7181 -7190 -7192 -7199 -7207 -7213
-7220 -7222 -7223 -7233 -7239 -7240 -7241 -7243 -7244 -7249 -7252 -7258 -7259 -7266 -7273 -7283 -7292 -7294
-7303 -7304 -7308 -7309 -7315 -7321 -7331 -7339 -7342 -7352 -7358 -7366 -7372 -7374 -7375 -7383 -7387 -7388
-7398 -7405 -7413 -7421 -7422 -7430 -7431 -7433 -7443 -7446 -7447 -7452 -7455 -7457 -7467 -7469 -7475 -7484
-7490 -7498 -7499 -7508 -7517 -7526 -7534 -7543 -7550 -7556 -7566 -7575 -7579 -7585 -7592 -7600 -7604 -7608
-7613 -7616 -7619 -7627 -7628 -7633 -7641 -7646 -7656 -7664 -7667 -7672 -7682 -7692 -7701 -7711 -7715 -7716
-7719 -7728 -7731 -7737 -7747 -7755 -7758 -7761 -7769 -7772 -7780 -7784 -7789 -7799 -7807 -7812 -7818 -7821
-7827 -7834 -7840 -7847 -7852 -7859 -7860 -7869 -7877 -7881 -7882 -7887 -7895 -7905 -7914 -7921 -7925 -7929
-7938 -7941 -7951 -7955 -7965 -7972 -7980 -7985 -7993 -7997 -8004 -8005 -8013 -8015 -8025 -8026 -8029 -8037
-8039 -8041 -8047 -8052 -8060 -8069 -8077 -8087 -8091 -8095 -8102 -8109 -8118 -8127 -8135 -8145 -8150 -8158
-8160 -8165 -8166 -8167 -8168 -8171 -8175 -8177 -8186 -8196 -8205 -8208 -8217 -8221 -8227 -8231 -8236 -8243
-8245 -8254 -8262 -8272 -8281 -8283 -8293 -8299 -8301 -8309 -8311 -8316 -8321 -8326 -8333 -8341 -8351 -8353
-8363 -8373 -8379 -8384 -8392 -8394 -8400 -8402 -8403 -8413 -8417 -8425 -8431 -8433 -8439 -8449 -8450 -8459
-8464 -8468 -8474 -8483 -8490 -8495 -8498 -8506 -8513 -8518 -8523 -8526 -8528 -8536 -8545 -8546 -8549 -8551
-8556 -8563 -8565 -8569 -8579 -8588 -8596 -8606 -8613 -8618 -8626 -8629 -8632 -8636 -8643 -8648 -8653 -8658
-8667 -8676 -8685 -8691 -8697 -8703 -8707 -8708 -8717 -8718 -8725 -8735 -8739 -8747 -8757 -8761 -8764 -8773
-8780 -8786 -8796 -8805 -8808 -8811 -8817 -8824 -8830 -8836 -8840 -8847 -8850 -8855 -8861 -8865 -8874 -8883
-8887 -8896 -8903 -8904 -8907 -8911 -8912 -8922 -8926 -8933 -8937 -8938 -8946 -8955 -8965 -8975 -8982 -8983
-8989 -8993 -8998 -9004 -9008 -9014 -9018 -9025 -9032 -9036 -9040 -9046 -9053 -9055 -9065 -9075 -9078 -9087
-9094 -9097 -9104 -9114 -9123 -9129 -9136 -9143 -9151 -9159 -9169 -9176 -9184 -9194 -9204 -9212 -9216 -9217
-9227 -9228 -9232 -9233 -9239 -9242 -9249 -9251 -9261 -9265 -9268 -9270 -9272 -9282 -9289 -9295 -9300 -9308
-9310 -9311 -9319 -9322 -9329 -9331 -9340 -9342 -9346 -9350 -9356 -9359 -9367 -9377 -9378 -9382 -9388 -9397
-9405 -9409 -9413 -9420 -9422 -9428 -9435 -9443 -9451 -9458 -9463 -9472 -9474 -9479 -9481 -9486 -9491 -9499
-9505 -9508 -9515 -9522 -9532 -9533 -9537 -9546 -9555 -9560 -9569 -9579 -9584 -9593 -9600 -9608 -9613 -9614
-9615 -9618 -9627 -9632 -9641 -9644 -9647 -9651 -9655 -9660 -9668 -9675 -9677 -9684 -9692 -9696 -9701 -9710
-9714 -9715 -9717 -9722 -9730 -9740 -9744 -9751 -9757 -9762 -9766 -9769 -9773 -9782 -9792 -9800 -9805 -9807
-9810 -9819 -9821 -9830 -9833 -9839 -9843 -9852 -9858 -9868 -9877 -9878 -9885 -9893 -9897 -9905 -9912 -9917
-9920 -9921 -9928 -9938 -9947 -9948 -9953 -9954 -9961 -9970 -9971 -9975 -9984 -9989 -9992 -9998 -10004 -10008
-10018 -10024 -10028 -10034 -10041 -10051 -10057 -10063 -10064 -10073 -10080 -10084 -10087 -10097 -10107 -10109 -10115 -10120
-10128 -10129 -10137 -10144 -10149 -10158 -10165 -10174 -10180 -10187 -10197 -10202 -10208 -10213 -10218 -10224 -10225 -10229
-10237 -10240 -10245 -10246 -10249 -10256 -10260 -10261 -10268 -10271 -10276 -10279 -10284 -10287 -10293 -10303 -10307 -10315
-10324 -10325 -10335 -10343 -10347 -10349 -10351 -10354 -10361 -10367 -10377 -10387 -10391 -10401 -10402 -10412 -10421 -10423
-10427 -10432 -10440 -10442 -10445 -10450 -10459 -10462 -10466 -10470 -10475 -10485 -10486 -10496 -10502 -10509 -10519 -10522
-10531 -10540 -10545 -10547 -10555 -10565 -10571 -10572 -10581 -10585 -10587 -10588 -10589 -10590 -10595 -10597 -10604 -10613
-10620 -10627 -10637 -10639 -10645 -10647 -10648 -10655 -10658 -10665 -10675 -10678 -10682 -10683 -10690 -10696 -10697 -10702
-10703 -10712 -10716 -10719 -10720 -10723 -10733 -10742 -10749 -10759 -10763 -10769 -10778 -10784 -10790 -10796 -10802 -10804
-10806 -10811 -10813 -10818 -10825 -10831 -10834 -10835 -10839 -10841 -10844 -10848 -10851 -10861 -10867 -10870 -10871 -10874
-10875 -10881 -10886 -10889 -10897 -10900 -10901 -10911 -10919 -10920 -10926 -10929 -10931 -10932 -10936 -10944 -10945 -10949
-10950 -10957 -10959 -10968 -10972 -10980 -10984 -10989 -10996 -10999 -11004 -11008 -11010 -11014 -11019 -11029 -11034 -11040
-11044 -11049 -11059 -11063 -11069 -11077 -11079 -11082 -11085 -11094 -11102 -11107 -11117 -11119 -11128 -11131 -11141 -11149
-11156 -11164 -11168 -11174 -11179 -11186 -11190 -11196 -11204 -11207 -11211 -11213 -11222 -11223 -11229 -11233 -11241 -11243
-11246 -11248 -11252 -11256 -11265 -11273 -11275 -11276 -11286 -11287 -11297 -11302 -11307 -11313 -11322 -11324 -11329 -11332
-11333 -11340 -11345 -11350 -11356 -11365 -11366 -11376 -11385 -11393 -11396 -11401 -11405 -11412 -11420 -11426 -11432 -11441
-11450 -11456 -11459 -11464 -11470 -11471 -11474 -11478 -11480 -11485 -11487 -11496 -11503 -11504 -11509 -11512 -11518 -11525
-11528 -11535 -11537 -11540 -11543 -11553 -11558 -11563 -11573 -11577 -11583 -11585 -11594 -11598 -11605 -11609 -11611 -11614
-11621 -11622 -11624 -11633 -11635 -11644 -11647 -11654 -11661 -11665 -11675 -11683 -11684 -11687 -11695 -11703 -11711 -11718
-11720 -11723 -11732 -11740 -11746 -11749 -11751 -11756 -11763 -11768 -11770 -11771 -11777 -11780 -11781 -11782 -11789 -11796
-11803 -11807 -11815 -11816 -11823 -11830 -11839 -11841 -11845 -11846 -11847 -11849 -11858 -11866 -11872 -11881 -11885 -11887
-11895 -11899 -11905 -11914 -11918 -11919 -11920 -11923 -11929 -11933 -11935 -11938 -11945 -11952 -11958 -11962 -11970 -11979
-11982 -11986 -11995 -12003 -12011 -12018 -12022 -12026 -12028 -12031 -12039 -12042 -12050 -12060 -12063 -12065 -12071 -12073
-12076 -12081 -12087 -12092 -12093 -12100 -12110 -12111 -12121 -12126 -12136 -12143 -12150 -12155 -12161 -12164 -12174 -12182
-12190 -12199 -12200 -12210 -12214 -12219 -12224 -12232 -12238 -12247 -12256 -12257 -12260 -12262 -12270 -12279 -12285 -12288
-12298 -12306 -12307 -12308 -12312 -12318 -12325 -12331 -12334 -12337 -12340 -12344 -12348 -12355 -12360 -12365 -12372 -12382
-12383 -12386 -12392 -12400 -12401 -12406 -12414 -12418 -12426 -12427 -12430 -12440 -12448 -12453 -12457 -12462 -12469 -12478
-12479 -12483 -12487 -12494 -12503 -12506 -12516 -12517 -12527 -12533 -12542 -12543 -12544 -12552 -12558 -12566 -12571 -12572
-12581 -12582 -12591 -12592 -12600 -12607 -12608 -12616 -12626 -12629 -12633 -12636 -12638 -12643 -12651 -12656 -12660 -12667
-12674 -12684 -12685 -12688 -12692 -12698 -12704 -12709 -12710 -12720 -12723 -12731 -12732 -12736 -12738 -12743 -12753 -12763
-12773 -12783 -12793 -12795 -12804 -12810 -12818 -12826 -12830 -12838 -12845 -12855 -12858 -12868 -12874 -12880 -12881 -12886
-12892 -12898 -12901 -12906 -12909 -12910 -12913 -12918 -12919 -12928 -12933 -12934 -12938 -12944 -12948 -12957 -12960 -12970
-12978 -12986 -12988 -12991 -12996 -13004 -13008 -13018 -13021 -13030 -13036 -13044 -13052 -13055
