559 552 551 544 534 533 526 525 516 515 512 504 496 491 482 477 475 474
464 458 456 451 444 441 436 433 428 418 413 410 406 398 397 396 388 384
374 369 366 364 359 349 341 334 330 328 325 322 313 307 304 300 292 290
289 284 283 273 271 268 266 260 250 245 240 232 225 216 213 209 199 197
188 185 176 168 160 150 147 141 139 137 128 119 109 103 97 88 86 85
83 81 74 65 62 52 42 35 26 21 16 7 6 1 -4 -13 -15 -21
-29 -36 -44 -52 -59 -64 -73 -75 -76 -79 -82 -87 -95 -105 -114 -116 -118 -120
-124 -133 -136 -145 -147 -153 -157 -159 -169 -170 -173 -182 -183 -191 -196 -203 -205 -206
-216 -217 -223 -231 -233 -242 -245 -252 -257 -262 -269 -278 -281 -285 -290 -297 -307 -313
-321 -328 -334 -343 -348 -358 -361 -364 -365 -369 -372 -376 -378 -381 -382 -391 -393 -400
-402 -406 -410 -414 -422 -423 -426 -429 -432 -435 -437 -440 -446 -456 -461 -466 -473 -482
-486 -490 -496 -503 -505 -511 -521 -523 -532 -539 -542 -547 -553 -563 -570 -576 -577 -582
-587 -588 -590 -595 -605 -614 -622 -623 -630 -639 -646 -656 -659 -667 -670 -672 -678 -682
-683 -687 -693 -700 -708 -712 -716 -723 -731 -738 -742 -745 -748 -753 -756 -761 -770 -780
-782 -785 -790 -794 -795 -804 -811 -816 -818 -828 -829 -832 -838 -842 -850 -852 -859 -869
-879 -882 -884 -888 -894 -897 -903 -908 -913 -919 -925 -934 -939 -941 -948 -951 -957 -958
-967 -968 -973 -978 -985 -993 -1001 -1009 -1015 -1022 -1024 -1028 -1037 -1039 -1048 -1056 -1066 -1067
-1076 -1085 -1092 -1101 -1111 -1119 -1122 -1127 -1133 -1141 -1142 -1144 -1154 -1155 -1164 -1170 -1178 -1188
-1196 -1204 -1209 -1218 -1221 -1226 -1228 -1231 -1233 -1238 -1240 -1248 -1256 -1258 -1262 -1265 -1275 -1283
-1288 -1291 -1293 -1300 -1310 -1317 -1320 -1330 -1338 -1344 -1353 -1361 -1369 -1377 -1386 -1387 -1395 -1403
-1406 -1415 -1424 -1432 -1433 -1442 -1451 -1460 -1463 -1472 -1475 -1483 -1486 -1494 -1503 -1506 -1509 -1516
-1526 -1533 -1541 -1550 -1559 -1565 -1566 -1569 -1570 -1578 -1582 -1589 -1598 -1604 -1606 -1616 -1624 -1630
-1631 -1634 -1643 -1649 -1655 -1662 -1669 -1674 -1680 -1683 -1691 -1699 -1708 -1713 -1717 -1719 -1723 -1731
-1741 -1748 -1749 -1757 -1763 -1766 -1767 -1775 -1782 -1784 -1785 -1795 -1801 -1802 -1808 -1811 -1819 -1825
-1830 -1834 -1836 -1837 -1844 -1854 -1863 -1869 -1870 -1877 -1880 -1881 -1889 -1892 -1900 -1909 -1915 -1918
-1924 -1932 -1940 -1949 -1952 -1959 -1961 -1964 -1974 -1984 -1991 -2000 -2005 -2006 -2015 -2025 -2034 -2044
-2053 -2056 -2060 -2069 -2076 -2083 -2093 -2094 -2102 -2103 -2112 -2122 -2128 -2138 -2145 -2152 -2155 -2165
-2166 -2172 -2174 -2175 -2181 -2189 -2191 -2194 -2199 -2207 -2217 -2220 -2224 -2234 -2236 -2238 -2241 -2244
-2246 -2247 -2253 -2260 -2266 -2276 -2286 -2291 -2301 -2305 -2308 -2312 -2321 -2326 -2327 -2328 -2337 -2340
-2343 -2352 -2361 -2369 -2370 -2375 -2380 -2386 -2388 -2390 -2391 -2400 -2403 -2408 -2412 -2416 -2420 -2422
-2426 -2434 -2435 -2442 -2444 -2451 -2460 -2463 -2471 -2480 -2490 -2498 -2500 -2509 -2517 -2524 -2534 -2539
-2547 -2552 -2562 -2570 -2580 -2585 -2589 -2592 -2593 -2601 -2604 -2607 -2611 -2613 -2621 -2623 -2633 -2638
-2645 -2655 -2660 -2667 -2670 -2671 -2679 -2683 -2684 -2691 -2701 -2706 -2713 -2715 -2723 -2726 -2735 -2738
-2748 -2753 -2763 -2772 -2775 -2780 -2789 -2791 -2794 -2797 -2798 -2800 -2806 -2811 -2820 -2821 -2823 -2829
-2834 -2842 -2848 -2856 -2866 -2870 -2874 -2882 -2889 -2896 -2900 -2903 -2913 -2920 -2929 -2930 -2933 -2942
-2947 -2957 -2965 -2966 -2967 -2969 -2978 -2984 -2988 -2997 -3001 -3003 -3004 -3006 -3010 -3017 -3020 -3024
-3033 -3042 -3047 -3051 -3061 -3069 -3074 -3080 -3087 -3095 -3098 -3100 -3109 -3112 -3122 -3129 -3131 -3134
-3135 -3145 -3148 -3149 -3159 -3163 -3165 -3173 -3176 -3186 -3192 -3199 -3207 -3216 -3222 -3228 -3236 -3238
-3243 -3251 -3253 -3260 -3264 -3269 -3278 -3280 -3287 -3296 -3300 -3303 -3312 -3322 -3327 -3333 -3338 -3347
-3351 -3360 -3364 -3365 -3368 -3373 -3379 -3384 -3394 -3403 -3411 -3412 -3416 -3421 -3422 -3432 -3436 -3444
-3449 -3459 -3464 -3472 -3476 -3482 -3490 -3497 -3500 -3502 -3504 -3512 -3514 -3524 -3531 -3538 -3548 -3549
-3551 -3560 -3569 -3577 -3581 -3590 -3591 -3594 -3602 -3612 -3620 -3630 -3640 -3650 -3651 -3656 -3658 -3665
-3667 -3676 -3680 -3687 -3694 -3698 -3701 -3705 -3707 -3708 -3713 -3721 -3722 -3729 -3732 -3736 -3745 -3754
-3763 -3773 -3779 -3785 -3795 -3800 -3808 -3812 -3817 -3819 -3829 -3836 -3843 -3844 -3854 -3857 -3859 -3869
-3876 -3886 -3892 -3896 -3901 -3907 -3912 -3920 -3928 -3930 -3934 -3941 -3944 -3948 -3949 -3957 -3960 -3968
-3977 -3985 -3988 -3996 -4000 -4010 -4020 -4023 -4030 -4036 -4040 -4041 -4043 -4046 -4056 -4058 -4064 -4074
-4078 -4080 -4082 -4091 -4092 -4099 -4109 -4116 -4119 -4122 -4131 -4139 -4148 -4151 -4159 -4169 -4176 -4179
-4187 -4197 -4202 -4205 -4206 -4207 -4217 -4225 -4227 -4236 -4243 -4244 -4247 -4251 -4261 -4266 -4269 -4278
-4280 -4288 -4291 -4294 -4295 -4301 -4311 -4318 -4322 -4328 -4338 -4342 -4343 -4344 -4351 -4352 -4361 -4368
-4372 -4375 -4377 -4386 -4387 -4397 -4402 -4409 -4417 -4424 -4431 -4438 -4447 -4449 -4456 -4459 -4464 -4466
-4471 -4473 -4478 -4482 -4490 -4496 -4504 -4505 -4512 -4518 -4522 -4530 -4538 -4548 -4557 -4566 -4576 -4585
-4589 -4595 -4604 -4611 -4612 -4622 -4626 -4627 -4632 -4642 -4652 -4662 -4663 -4671 -4680 -4684 -4691 -4698
-4704 -4705 -4711 -4712 -4720 -4723 -4725 -4727 -4733 -4739 -4741 -4749 -4753 -4756 -4766 -4770 -4771 -4776
-4777 -4779 -4786 -4795 -4797 -4806 -4810 -4815 -4825 -4826 -4829 -4839 -4844 -4848 -4856 -4861 -4870 -4873
-4877 -4878 -4882 -4887 -4892 -4895 -4901 -4907 -4911 -4918 -4921 -4930 -4936 -4941 -4946 -4955 -4961 -4971
-4973 -4982 -4992 -4997 -4999 -5007 -5012 -5014 -5024 -5026 -5029 -5039 -5042 -5046 -5054 -5062 -5063 -5068
-5070 -5071 -5073 -5074 -5080 -5089 -5095 -5097 -5104 -5106 -5116 -5125 -5134 -5136 -5138 -5139
