-859 -859 -859 -859 -859 -859 -859 -859 -859 -859 -859 -859 -859 -859 -859 -859 -859 -859
-859 -859 -859 -859 -859 -859 -859 -859 -859 -859 -859 -859 -859 -859 -859 -859 -859 -859
-859 -859 -859 -859 -859 -859 -859 -859 -859 -859 -859 -859 -859 -859 -859 -859 -859 -859
-859 -859 -859 -859 -859 -859 -859 -859 -859 -859 -859 -859 -859 -859 -859 -859 -859 -859
-859 -859 -859 -859 -859 -859 -859 -859 -859 -859 -859 -859 -859 -859 -859 -859 -859 -859
-859 -859 -859 -859 -859 -859 -859 -859 -859 -859 -859 -859 -859 -859 -859 -859 -859 -859
-859 -859 -859 -859 -859 -859 -859 -859 -859 -859 -859 -859 -859 -859 -859 -859 -859 -859
-859 -859 -859 -859 -859 -859 -859 -859 -859 -859 -859 -859 -859 -859 -859 -859 -859 -859
-859 -859 -859 -859 -859 -859 -859 -859 -859 -859 -859 -859 -859 -859 -859 -859 -859 -859
-859 -859 -859 -859 -859 -859 -859 -859 -859 -859 -859 -859 -859 -859 -859 -859 -859 -859
-859 -859 -859 -859 -859 -859 -859 -859 -859 -859 -859 -859 -859 -859 -859 -859 -859 -859
-859 -859 -859 -859 -859 -859 -859 -859 -859 -859 -859 -859 -859 -859 -859 -859 -859 -859
-859 -859 -859 -859 -859 -859 -859 -859 -859 -859 -859 -859 -859 -859 -859 -859 -859 -859
-859 -859 -859 -859 -859 -859 -859 -859 -859 -859 -859 -859 -859 -859 -859 -859 -859 -859
-859 -859 -859 -859 -859 -859 -859 -859 -859 -859 -859 -859 -859 -859 -859 -859 -859 -859
-859 -859 -859 -859 -859 -859 -859 -859 -859 -859 -859 -859 -859 -859 -859 -859 -859 -859
-859 -859 -859 -859 -859 -859 -859 -859 -859 -859 -859 -859 -859 -859 -859 -859 -859 -859
-859 -859 -859 -859 -859 -859 -859 -859 -859 -859 -859 -859 -859 -859 -859 -859 -859 -859
-859 -859 -859 -859 -859 -859 -859 -859 -859 -859 -859 -859 -859 -859 -859 -859 -859 -859
-859 -859 -859 -859 -859 -859 -859 -859 -859 -859 -859 -859 -859 -859 -859 -859 -859 -859
-859 -859 -859 -859 -859 -859 -859 -859 -859 -859 -859 -859 -859 -859 -859 -859 -859 -859
-859 -859 -859 -859 -859 -859 -859 -859 -859 -859 -859 -859 -859 -859 -859 -859 -859 -859
-859 -859 -859 -859 -859 -859 -859 -859 -859 -859 -859 -859 -859 -859 -859 -859 -859 -859
-859 -859 -859 -859 -859 -859 -859 -859 -859 -859 -859 -859 998 998 998 998 998 998
998 998 998 998 998 998 998 998 998 998 998 998 998 998 998 998 998 998
998 998 998 998 998 998 998 998 998 998 998 998 998 998 998 998 998 998
998 998 998 998 998 998 998 998 998 998 998 998 998 998 998 998 998 998
998 998 998 998 998 998 998 998 998 998 998 998 998 998 998 998 998 998
998 998 998 998 998 998 998 998 998 998 998 998 998 998 998 998 998 998
998 998 998 998 998 998 998 998 998 998 998 998 998 998 998 998 998 998
998 998 998 998 998 998 998 998 998 998 998 998 998 998 998 998 998 998
998 998 998 998 998 998 998 998 998 998 998 998 998 998 998 998 998 998
998 998 998 998 998 998 998 998 998 998 998 998 998 998 998 998 998 998
998 998 998 998 998 998 998 998 998 998 998 998 998 998 998 998 998 998
998 998 998 998 998 998 998 998 998 998 998 998 998 998 998 998 998 998
998 998 998 998 998 998 998 998 998 998 998 998 998 998 998 998 998 998
998 998 998 998 998 998 998 998 998 998 998 998 998 998 998 998 998 998
998 998 998 998 998 998 998 998 998 998 998 998 998 998 998 998 998 998
998 998 998 998 998 998 998 998 998 998 998 998 998 998 998 998 998 998
998 998 998 998 998 998 998 998 998 998 998 998 998 998 998 998 998 998
998 998 998 998 998 998 998 998 998 998 998 998 998 998 998 998 998 998
998 998 998 998 998 998 998 998 998 998 998 998 998 998 998 998 998 998
998 998 998 998 998 998 998 998 998 998 998 998 998 998 998 998 998 998
998 998 998 998 998 998 998 998 998 998 998 998 998 998 998 998 998 998
998 998 998 998 998 998 998 998 998 998 998 998 998 998 998 998 998 998
998 998 998 998 998 998 998 998 998 998 998 998 998 998 998 998 998 998
998 998 998 998 998 998 998 998 998 998 998 998 998 998 998 998 998 998
998 998 998 998 998 998 998 998 998 998 998 998 998 998 998 998 998 998
998 998 998 998 998 998 998 998 998 998 998 998 998 998 998 998 998 998
998 998 998 998 998 998 998 998 998 998 998 998 998 998 998 998 998 998
998 998 998 998 998 998 998 998 998 998 998 998 998 998 998 998 998 998
998 998 998 998 998 998 998 998 998 998 998 998 998 998 998 998 998 998
998 998 998 998 998 998 998 998 998 998 998 998 998 998 998 998 998 998
998 998 998 998 998 998 998 998 998 998 998 998 998 998 998 998 998 998
998 998 998 998 998 998 998 998 998 998 998 998 998 998 998 998 998 998
998 998 998 998 998 998 998 998 998 998 998 998 998 998 998 998 998 998
998 998 998 998 998 998 998 998 998 998 998 998 998 998 998 998 998 998
998 998 998 998 998 998 998 998 998 998 998 998 998 998 998 998 998 998
998 998 998 998 998 998 998 998 998 998 998 998 998 998 998 998 998 998
998 998 998 998 998 998 998 998 998 998 998 998 998 998 998 998 998 998
998 998 998 998 998 998 998 998 998 998 998 998 998 998 998 998 998 998
998 998 998 998 998 998 998 998 998 998 998 998 998 998 998 998 998 998
998 998 998 998 998 998 998 998 998 998 998 998 998 998 998 998 998 998
998 998 998 998 998 998 998 998 998 998 998 998 998 998 998 998 998 998
998 998 998 998 998 998 998 998 998 998 998 998 998 998 998 998 998 998
998 998 998 998 998 998 998 998 998 998 998 998 998 998 998 998 998 998
998 998 998 998 998 998 998 998 998 998 998 998 998 998 998 998 998 998
998 998 998 998 998 998 998 998 998 998 998 998 998 998 998 998 998 998
998 998 998 998 998 998 998 998 998 998 998 998 998 998 998 998 998 998
998 998 998 998 998 998 998 998 998 998 998 998 998 998 998 998 998 998
998 998 998 998 998 998 998 998 998 998 998 998 998 998 998 998 998 998
998 998 998 998 998 998 998 998 998 998 998 998 998 998 998 998 998 998
998 998 998 998 998 998 998 998 998 998 998 998 998 998 998 998 998 998
998 998 998 998 998 998 998 998 998 998 998 998 998 998 998 998 998 998
998 998 998 998 998 998 998 998 998 998 998 998 998 998 998 998 998 998
998 998 998 998 998 998 998 998 998 998 998 998 998 998 998 998 998 998
998 998 998 998 998 998 998 998 998 998 998 998 998 998 998 998 998 998
998 998 998 998 998 998 998 998 998 998 998 998 998 998 998 998 998 998
998 998 998 998 998 998 998 998 998 998 998 998 998 998 998 998 998 998
998 998 998 998 998 998 998 998 998 998 998 998 998 998 998 998 998 998
998 998 998 998 998 998 998 998 998 998 998 998 998 998 998 998 998 998
998 998 998 998 998 998 998 998 998 998 998 998 998 998 998 998 998 998
998 998 998 998 998 998 998 998 998 998 998 998 998 998 998 998 998 998
998 998 998 998 998 998 998 998 998 998 998 998 998 998 -156 -156 -156 -156
-156 -156 -156 -156 -156 -156 -156 -156 -156 -156 -156 -156 -156 -156 -156 -156 -156 -156
-156 -156 -156 -156 -156 -156 -156 -156 -156 -156 -156 -156 -156 -156 -156 -156 -156 -156
-156 -156 -156 -156 -156 -156 -156 -156 -156 -156 -156 -156 -156 -156 -156 -156 -156 -156
-156 -156 -156 -156 -156 -156 -156 -156 -156 -156 -156 -156 -156 -156 -156 -156 -156 -156
-156 -156 -156 -156 -156 -156 -156 -156 -156 -156 -156 -156 -156 -156 -156 -156 -156 -156
-156 -156 -156 -156 -156 -156 -156 -156 -156 -156 -156 -156 -156 -156 -156 -156 -156 -156
-156 -156 -156 -156 -156 -156 -156 -156 -156 -156 -156 -156 -156 -156 -156 -156 -156 -156
-156 -156 -156 -156 -156 -156 -156 -156 -156 -156 -156 -156 -156 -156 -156 -156 -156 -156
-156 -156 -156 -156 -156 -156 -156 -156 -156 -156 -156 -156 -156 -156 -156 -156 -156 -156
-156 -156 -156 -156 -156 -156 -156 -156 -156 -156 -156 -156 -156 -156 -156 -156 -156 -156
-156 -156 -156 -156 -156 -156 -156 -156 -156 -156 -156 -156 -156 -156 -156 -156 -156 -156
-156 -156 -156 -156 -156 -156 -156 -156 -156 -156 -156 -156 -156 -156 -156 -156 -156 -156
-156 -156 -156 -156 -156 -156 -156 -156 -156 -156 -156 -156 -156 -156 -156 -156 -156 -156
-156 -156 -156 -156 -156 -156 -156 -156 -156 -156 -156 -156 -156 -156 -156 -156 -156 -156
-156 -156 -156 -156 -156 -156 -156 -156 -156 -156 -156 -156 -156 -156 -156 -156 -156 -156
-156 -156 -156 -156 -156 -156 -156 -156 -156 -156 -156 -156 -156 -156 -156 -156 -156 -156
-156 -156 -156 -156 -156 -156 -156 -156 -156 -156 -156 -156 -156 -156 -156 -156 -156 -156
-156 -156 -156 -156 -156 -156 -156 -156 -156 -156 -156 -156 -156 -156 -156 -156 -156 -156
-156 -156 -156 -156 -156 -156 -156 -156 -156 -156 -156 -156 -156 -156 -156 -156 -156 -156
-156 -156 -156 -156 -156 -156 -156 -156 -156 -156 -156 -156 -156 -156 -156 -156 -156 -156
-156 -156 -156 -156 -156 -156 -156 -156 -156 -156 -156 -156 -156 -156 -156 -156 -156 -156
-156 -156 -156 -156 -156 -156 -156 -156 -156 -156 -156 -156 -156 -156 -156 -156 -156 -156
-156 -156 -156 -156 -156 -156 -156 -156 -156 -156 -156 -156 -156 -156 -156 -156 -156 -156
-156 -156 -156 -156 -156 -156 -156 -156 -156 -156 -156 -156 -156 -156 -156 -156 -156 -156
-156 -156 -156 -156 -156 -156 -156 -156 -156 -156 -156 -156 -156 -156 -156 -156 -156 -156
-156 -156 -156 -156 -156 -156 -156 -156 -156 -156 -156 -156 -156 -156 -156 -156 -156 -156
-156 -156 -156 -156 -156 -156 -156 -156 -156 -156 -156 -156 -156 -156 -156 -156 -156 -156
-156 -156 -156 -156 -156 -156 -156 -156 -156 -156 -156 -156 -156 -156 -156 -156 -156 -156
-156 -156 -156 -156 -156 -156 -156 -156 -156 -156 -156 -156 -156 -156 -156 -156 -156 -156
-156 -156 -156 -156 -156 -156 -156 -156 -156 -156 -156 -156 -156 -156
