4063 4063 4063 4063 4063 4063 4063 4063 4063 4063 4063 4063 4063 4063 4063 4063 4063 4063
4063 4063 4063 4063 4063 4063 4063 4063 4063 4063 4063 4063 4063 4063 4063 4063 4063 4063
4063 4063 4063 4063 4063 4063 4063 4063 4063 4063 4063 4063 4063 4063 4063 4063 4063 4063
4063 4063 4063 4063 4063 4063 4063 4063 4063 4063 4063 4063 4063 4063 4063 4063 4063 4063
4063 4063 4063 4063 4063 4063 4063 4063 4063 4063 4063 4063 4063 4063 4063 4063 4063 4063
4063 4063 4063 4063 4063 4063 4063 4063 4063 4063 4063 4063 4063 4063 4063 4063 4063 4063
4063 4063 4063 4063 4063 4063 4063 4063 4063 4063 4063 4063 4063 4063 4063 4063 4063 4063
4063 4063 4063 4063 4063 4063 4063 4063 4063 4063 4063 4063 4063 4063 4063 4063 4063 4063
4063 4063 4063 4063 4063 4063 4063 4063 4063 4063 4063 4063 4063 4063 4063 4063 4063 4063
4063 4063 4063 4063 4063 4063 4063 4063 4063 4063 4063 4063 4063 4063 4063 4063 4063 4063
4063 4063 4063 4063 4063 4063 4063 4063 4063 4063 4063 4063 4063 4063 4063 4063 4063 4063
4063 4063 4063 4063 4063 4063 4063 4063 4063 4063 4063 4063 4063 4063 4063 4063 4063 4063
4063 4063 4063 4063 4063 4063 4063 4063 4063 4063 4063 4063 4063 4063 4063 4063 4063 4063
4063 4063 4063 4063 4063 4063 4063 4063 4063 4063 4063 4063 4063 4063 4063 4063 4063 4063
4063 4063 4063 4063 4063 4063 4063 4063 4063 4063 4063 4063 4063 4063 4063 4063 4063 4063
4063 4063 4063 4063 4063 4063 4063 4063 4063 4063 4063 4063 4063 4063 4063 4063 4063 4063
4063 4063 4063 4063 4063 4063 4063 4063 4063 4063 4063 4063 4063 4063 4063 4063 4063 4063
4063 4063 4063 4063 4063 4063 4063 4063 4063 4063 4063 4063 4063 4063 4063 4063 4063 4063
4063 4063 4063 4063 4063 4063 4063 4063 4063 4063 4063 4063 4063 4063 4063 4063 4063 4063
4063 4063 4063 4063 4063 4063 4063 4063 4063 4063 4063 4063 4063 4063 4063 4063 4063 4063
4063 4063 4063 4063 4063 4063 4063 4063 4063 4063 4063 4063 4063 4063 4063 4063 4063 4063
4063 4063 4063 4063 4063 4063 4063 4063 4063 4063 4063 4063 4063 4063 4063 4063 4063 4063
4063 4063 4063 4063 4063 4063 4063 4063 4063 4063 4063 4063 4063 4063 4063 4063 4063 4063
4063 4063 4063 4063 4063 4063 4063 4063 4063 4063 4063 4063 4063 4063 4063 4063 4063 4063
4063 4063 4063 4063 4063 4063 4063 4063 4063 4063 4063 4063 4063 4063 4063 4063 4063 4063
4063 4063 4063 4063 4063 4063 4063 4063 4063 4063 4063 4063 4063 4063 4063 4063 4063 4063
4063 4063 4063 4063 4063 4063 4063 4063 4063 4063 4063 4063 4063 4063 4063 4063 4063 4063
4063 4063 4063 4063 4063 4063 4063 4063 4063 4063 4063 4063 4063 4063 4063 4063 4063 4063
4063 4063 4063 4063 4063 4063 4063 4063 4063 4063 4063 4063 4063 4063 4063 4063 4063 4063
4063 4063 4063 4063 4063 4063 4063 4063 4063 4063 4063 4063 4063 4063 4063 4063 4063 4063
4063 4063 4063 4063 4063 4063 4063 4063 4063 4063 4063 4063 4063 4063 4063 4063 4063 4063
4063 4063 4063 4063 4063 4063 4063 4063 4063 4063 4063 4063 4063 4063 4063 4063 4063 4063
4063 4063 4063 4063 4063 4063 4063 4063 4063 4063 4063 4063 4063 4063 4063 4063 4063 4063
4063 4063 4063 4063 4063 4063 4063 4063 4063 4063 4063 4063 4063 4063 4063 4063 4063 4063
4063 4063 4063 4063 4063 4063 4063 4063 4063 4063 4063 4063 4063 4063 4063 4063 4063 4063
4063 4063 4063 4063 4063 4063 4063 4063 4063 4063 4063 4063 4063 4063 4063 4063 4063 4063
4063 4063 4063 4063 4063 4063 4063 4063 4063 4063 4063 4063 4063 4063 4063 4063 4063 4063
4063 4063 4063 4063 4063 4063 4063 4063 4063 4063 4063 4063 4063 4063 4063 4063 4063 4063
4063 4063 4063 4063 4063 4063 4063 4063 4063 4063 4063 4063 4063 4063 4063 4063 4063 4063
4063 4063 4063 4063 4063 4063 4063 4063 4063 4063 4063 4063 4063 4063 4063 4063 4063 4063
4063 4063 4063 4063 4063 4063 4063 4063 4063 4063 4063 4063 4063 4063 4063 4063 4063 4063
4063 4063 4063 4063 4063 4063 4063 4063 4063 4063 4063 4063 4063 4063 4063 4063 4063 4063
4063 4063 4063 4063 4063 4063 4063 4063 4063 4063 4063 4063 4063 4063 4063 4063 4063 4063
4063 4063 4063 4063 4063 4063 4063 4063 4063 4063 4063 4063 4063 4063 4063 4063 4063 4063
4063 4063 4063 4063 4063 4063 4063 4063 4063 4063 4063 4063 4063 4063 4063 4063 4063 4063
4063 4063 4063 4063 4063 4063 4063 4063 4063 4063 4063 4063 4063 4063 4063 4063 4063 4063
4063 4063 4063 4063 4063 4063 4063 4063 4063 4063 4063 4063 4063 4063 4063 4063 4063 4063
4063 4063 4063 4063 4063 4063 4063 4063 4063 4063 4063 4063 4063 4063 4063 4063 4063 4063
4063 4063 4063 4063 4063 4063 4063 4063 4063 4063 4063 4063 4063 4063 4063 4063 4063 4063
4063 4063 4063 4063 4063 4063 4063 4063 4063 4063 4063 4063 4063 4063 4063 4063 4063 4063
4063 4063 4063 4063 4063 4063 4063 4063 4063 4063 4063 4063 4063 4063 4063 4063 4063 4063
4063 4063 4063 4063 4063 4063 4063 4063 4063 4063 4063 4063 4063 4063 4063 4063 4063 4063
4063 4063 4063 4063 4063 4063 4063 4063 4063 4063 4063 4063 4063 4063 4063 4063 4063 4063
4063 4063 4063 4063 4063 4063 4063 4063 4063 4063 4063 4063 4063 4063 4063 4063 4063 4063
4063 4063 4063 4063 4063 4063 4063 4063 4063 4063 4063 4063 4063 4063 4063 4063 4063 4063
4063 4063 4063 4063 4063 4063 4063 4063 4063 4063 4063 4063 4063 4063 4063 4063 4063 4063
4063 4063 4063 4063 4063 4063 4063 4063 4063 4063 4063 4063 4063 4063 4063 4063 4063 4063
4063 4063 4063 4063 4063 4063 4063 4063 4063 4063 4063 4063 4063 4063 4063 4063 4063 4063
4063 4063 4063 4063 4063 4063 4063 4063 4063 4063 4063 4063 4063 4063 4063 4063 4063 4063
4063 4063 4063 4063 4063 4063 4063 4063 4063 4063 4063 4063 4063 4063 4063 4063 4063 4063
4063 4063 4063 4063 4063 4063 4063 4063 4063 4063 4063 4063 4063 4063 4063 4063 4063 4063
4063 4063 4063 4063 4063 4063 4063 4063 4063 4063 4063 4063 4063 4063 4063 4063 4063 4063
4063 4063 4063 4063 4063 4063 4063 4063 4063 4063 4063 4063 4063 4063 4063 4063 4063 4063
4063 4063 4063 4063 4063 4063 4063 4063 4063 4063 4063 4063 4063 4063 4063 4063 4063 4063
4063 4063 4063 4063 4063 4063 4063 4063 4063 4063 4063 4063 4063 4063 4063 4063 4063 4063
4063 4063 4063 4063 4063 4063 4063 4063 4063 4063 4063 4063 4063 4063 4063 4063 4063 4063
4063 4063 4063 4063 4063 4063 4063 4063 4063 4063 4063 4063 4063 4063 4063 4063 4063 4063
4063 4063 4063 4063 4063 4063 4063 4063 4063 4063 4063 4063 4063 4063 4063 4063 4063 4063
4063 4063 4063 4063 4063 4063 4063 4063 4063 4063 4063 4063 4063 4063 4063 4063 4063 4063
4063 4063 4063 4063 4063 4063 4063 4063 4063 4063 4063 4063 4063 4063 4063 4063 4063 4063
4063 4063 4063 4063 4063 4063 4063 4063 4063 4063 4063 4063 4063 4063 4063 4063 4063 4063
4063 4063 4063 4063 4063 4063 4063 4063 4063 4063 4063 4063 4063 4063 4063 4063 4063 4063
4063 4063 4063 4063 4063 4063 4063 4063 4063 4063 4063 4063 4063 4063 4063 4063 4063 4063
4063 4063 4063 4063 4063 4063 4063 4063 4063 4063 4063 4063 4063 4063 4063 4063 4063 4063
4063 4063 4063 4063 4063 4063 4063 4063 4063 4063 4063 4063 4063 4063 4063 4063 4063 4063
4063 4063 4063 4063 4063 4063 4063 4063 4063 4063 4063 4063 4063 4063 4063 4063 4063 4063
4063 4063 4063 4063 4063 4063 4063 4063 4063 4063 4063 4063 4063 4063 4063 4063 4063 4063
4063 4063 4063 4063 4063 4063 4063 4063 4063 4063 4063 4063 4063 4063 4063 4063 4063 4063
4063 4063 4063 4063 4063 4063 4063 4063 4063 4063 4063 4063 4063 4063 4063 4063 4063 4063
4063 4063 4063 4063 4063 4063 4063 4063 4063 4063 4063 4063 4063 4063 4063 4063 4063 4063
4063 4063 4063 4063 4063 4063 4063 4063 4063 4063 4063 4063 4063 4063 4063 4063 4063 4063
4063 4063 4063 4063 4063 4063 4063 4063 4063 4063 4063 4063 4063 4063 4063 4063 4063 4063
4063 4063 4063 4063 4063 4063 4063 4063 4063 4063 4063 4063 4063 4063 4063 4063 4063 4063
4063 4063 4063 4063 4063 4063 4063 4063 4063 4063 4063 4063 4063 4063 4063 4063 4063 4063
4063 4063 4063 4063 4063 4063 4063 4063 4063 4063 4063 4063 4063 4063 4063 4063 4063 4063
4063 4063 4063 4063 4063 4063 4063 4063 4063 4063 4063 4063 4063 4063 4063 4063 4063 4063
4063 4063 4063 4063 4063 4063 4063 4063 4063 4063 4063 4063 4063 4063 4063 4063 4063 4063
4063 4063 4063 4063 4063 4063 4063 4063 4063 4063 4063 4063 4063 4063 4063 4063 4063 4063
4063 4063 4063 4063 4063 4063 4063 4063 4063 4063 4063 4063 4063 4063 4063 4063 4063 4063
4063 4063 4063 4063 4063 4063 4063 4063 4063 4063 4063 4063 4063 4063 4063 4063 4063 4063
4063 4063 4063 4063 4063 4063 4063 4063 4063 4063 4063 4063 4063 4063 4063 4063 4063 4063
4063 4063 4063 4063 4063 4063 4063 4063 4063 4063 4063 4063 4063 4063 4063 4063 4063 4063
4063 4063 4063 4063 4063 4063 4063 4063 4063 4063 4063 4063 4063 4063 4063 4063 4063 4063
4063 4063 4063 4063 4063 4063 4063 4063 4063 4063 4063 4063 4063 4063 4063 4063 4063 4063
4063 4063 4063 4063 4063 4063 4063 4063 4063 4063 4063 4063 4063 4063 4063 4063 4063 4063
4063 4063 4063 4063 4063 4063 4063 4063 4063 4063 4063 4063 4063 4063 4063 4063 4063 4063
4063 4063 4063 4063 4063 4063 4063 4063 4063 4063 4063 4063 4063 4063 4063 4063 4063 4063
4063 4063 4063 4063 4063 4063 4063 4063 4063 4063 4063 4063 4063 4063 4063 4063 4063 4063
4063 4063 4063 4063 4063 4063 4063 4063 4063 4063 4063 4063 4063 4063 4063 4063 4063 4063
4063 4063 4063 4063 4063 4063 4063 4063 4063 4063 4063 4063 4063 4063 4063 4063 4063 4063
4063 4063 4063 4063 4063 4063 4063 4063 4063 4063 4063 4063 4063 4063 4063 4063 4063 4063
4063 4063 4063 4063 4063 4063 4063 4063 4063 4063 4063 4063 4063 4063 4063 4063 4063 4063
4063 4063 4063 4063 4063 4063 4063 4063 4063 4063 4063 4063 4063 4063 4063 4063 4063 4063
4063 4063 4063 4063 4063 4063 4063 4063 4063 4063 4063 4063 4063 4063 4063 4063 4063 4063
4063 4063 4063 4063 4063 4063 4063 4063 4063 4063 4063 4063 4063 4063 4063 4063 4063 4063
4063 4063 4063 4063 4063 4063 4063 4063 4063 4063 4063 4063 4063 4063 4063 4063 4063 4063
4063 4063 4063 4063 4063 4063 4063 4063 4063 4063 4063 4063 4063 4063 4063 4063 4063 4063
4063 4063 4063 4063 4063 4063 4063 4063 4063 4063 4063 4063 4063 4063 4063 4063 4063 4063
4063 4063 4063 4063 4063 4063 4063 4063 4063 4063 4063 4063 4063 4063 4063 4063 4063 4063
4063 4063 4063 4063 4063 4063 4063 4063 4063 4063 4063 4063 4063 4063 4063 4063 4063 4063
4063 4063 4063 4063 4063 4063 4063 4063 4063 4063 4063 4063 4063 4063 4063 4063 4063 4063
4063 4063 4063 4063 4063 4063 4063 4063 4063 4063 4063 4063 4063 4063 4063 4063 4063 4063
4063 4063 4063 4063 4063 4063 75 75 75 75 75 75 75 75 75 75 75 75
75 75 75 75 75 75 75 75 75 75 75 75 75 75 75 75 75 75
75 75 75 75 75 75 75 75 75 75 75 75 75 75 75 75 75 75
75 75 75 75 75 75 75 75 75 75 75 75 75 75 75 75 75 75
75 75 75 75 75 75 75 75 75 75 75 75 75 75 75 75 75 75
75 75 75 75 75 75 75 75 75 75 75 75 75 75 75 75 75 75
75 75 75 75 75 75 75 75 75 75 75 75 75 75 75 75 75 75
75 75 75 75 75 75 75 75 75 75 75 75 75 75 75 75 75 75
75 75 75 75 75 75 75 75 75 75 75 75 75 75 75 75 75 75
75 75 75 75 75 75 75 75 75 75 75 75 75 75 75 75 75 75
75 75 75 75 75 75 75 75 75 75 75 75 75 75 75 75 75 75
75 75 75 75 75 75 75 75 75 75 75 75 75 75 75 75 75 75
75 75 75 75 75 75 75 75 75 75 75 75 75 75 75 75 75 75
75 75 75 75 75 75 75 75 75 75 75 75 75 75 75 75 75 75
75 75 75 75 75 75 75 75 75 75 75 75 75 75 75 75 75 75
75 75 75 75 75 75 75 75 75 75 75 75 75 75 75 75 75 75
75 75 75 75 75 75 75 75 75 75 75 75 75 75 75 75 75 75
75 75 75 75 75 75 75 75 75 75 75 75 75 75 75 75 75 75
75 75 75 75 75 75 75 75 75 75 75 75 75 75 75 75 75 75
75 75 75 75 75 75 75 75 75 75 75 75 75 75 75 75 75 75
75 75 75 75 75 75 75 75 75 75 75 75 75 75 75 75 75 75
75 75 75 75 75 75 75 75 75 75 75 75 75 75 75 75 75 75
75 75 75 75 75 75 75 75 75 75 75 75 75 75 75 75 75 75
75 75 75 75 75 75 75 75 75 75 75 75 75 75 75 75 75 75
75 75 75 75 75 75 75 75 75 75 75 75 75 75 75 75 75 75
75 75 75 75 75 75 75 75 75 75 75 75 75 75 75 75 75 75
75 75 75 75 75 75 75 75 75 75 75 75 75 75 75 75 75 75
75 75 75 75 75 75 75 75 75 75 75 75 75 75 75 75 75 75
75 75 75 75 75 75 75 75 75 75 75 75 75 75 75 75 75 75
75 75 75 75 75 75 75 75 75 75 75 75 75 75 75 75 75 75
75 75 75 75 75 75 75 75 75 75 75 75 75 75 75 75 75 75
75 75 75 75 75 75 75 75 75 75 75 75 75 75 75 75 75 75
75 75 75 75 75 75 75 75 75 75 75 75 75 75 75 75 75 75
75 75 75 75 75 75 75 75 75 75 75 75 75 75 75 75 75 75
75 75 75 75 75 75 75 75 75 75 75 75 75 75 75 75 75 75
75 75 75 75 75 75 75 75 75 75 75 75 75 75 75 75 75 75
75 75 75 75 75 75 75 75 75 75 75 75 75 75 75 75 75 75
75 75 75 75 75 75 75 75 75 75 75 75 75 75 75 75 75 75
75 75 75 75 75 75 75 75 75 75 75 75 75 75 75 75 75 75
75 75 75 75 75 75 75 75 75 75 75 75 75 75 75 75 75 75
75 75 75 75 75 75 75 75 75 75 75 75 75 75 75 75 75 75
75 75 75 75 75 75 75 75 75 75 75 75 75 75 75 75 75 75
75 75 75 75 75 75 75 75 75 75 75 75 75 75 75 75 75 75
75 75 75 75 75 75 75 75 75 75 75 75 75 75 75 75 75 75
75 75 75 75 75 75 75 75 75 75 75 75 75 75 75 75 75 75
75 75 75 75 75 75 75 75 75 75 75 75 75 75 75 75 75 75
75 75 75 75 75 75 75 75 75 75 75 75 75 75 75 75 75 75
75 75 75 75 75 75 75 75 75 75 75 75 75 75 75 75 75 75
75 75 75 75 75 75 75 75 75 75 75 75 75 75 75 75 75 75
75 75 75 75 75 75 75 75 75 75 75 75 75 75 75 75 75 75
75 75 75 75 75 75 75 75 75 75 75 75 75 75 75 75 75 75
75 75 75 75 75 75 75 75 75 75 75 75 75 75 75 75 75 75
75 75 75 75 75 75 75 75 75 75 75 75 75 75 75 75 75 75
75 75 75 75 75 75 75 75 75 75 75 75 75 75 75 75 75 75
75 75 75 75 75 75 75 75 75 75 75 75 75 75 75 75 75 75
75 75 75 75 75 75 75 75 75 75 75 75 75 75 75 75 75 75
75 75 75 75 75 75 75 75 75 75 75 75 75 75 75 75 75 75
75 75 75 75 75 75 75 75 75 75 75 75 75 75 75 75 75 75
75 75 75 75 75 75 75 75 75 75 75 75 75 75 75 75 75 75
75 75 75 75 75 75 75 75 75 75 75 75 75 75 75 75 75 75
75 75 75 75 75 75 75 75 75 75 75 75 75 75 75 75 75 75
75 75 75 75 75 75 75 75 75 75 75 75 75 75 75 75 75 75
75 75 75 75 75 75 75 75 75 75 75 75 75 75 75 75 75 75
75 75 75 75 75 75 75 75 75 75 75 75 75 75 75 75 75 75
75 75 75 75 75 75 75 75 75 75 75 75 75 75 75 75 75 75
75 75 75 75 75 75 75 75 75 75 75 75 75 75 75 75 75 75
75 75 75 75 75 75 75 75 75 75 75 75 75 75 75 75 75 75
75 75 75 75 75 75 75 75 75 75 75 75 75 75 75 75 75 75
75 75 75 75 75 75 75 75 75 75 75 75 75 75 75 75 75 75
75 75 75 75 75 75 75 75 75 75 75 75 75 75 75 75 75 75
75 75 75 75 75 75 75 75 75 75 75 75 75 75 75 75 75 75
75 75 75 75 75 75 75 75 75 75 75 75 75 75 75 75 75 75
75 75 75 75 75 75 75 75 75 75 75 75 75 75 75 75 75 75
75 75 75 75 75 75 75 75 75 75 75 75 75 75 75 75 75 75
75 75 75 75 75 75 75 75 75 75 75 75 75 75 75 75 75 75
75 75 75 75 75 75 75 75 75 75 75 75 75 75 75 75 75 75
75 75 75 75 75 75 75 75 75 75 75 75 75 75 75 75 75 75
75 75 75 75 75 75 75 75 75 75 75 75 75 75 75 75 75 75
75 75 75 75 75 75 75 75 75 75 75 75 75 75 75 75 75 75
75 75 75 75 75 75 75 75 75 75 75 75 75 75 75 75 75 75
75 75 75 75 75 75 75 75 75 75 75 75 75 75 75 75 75 75
75 75 75 75 75 75 75 75 75 75 75 75 75 75 75 75 75 75
75 75 75 75 75 75 75 75 75 75 75 75 75 75 75 75 75 75
75 75 75 75 75 75 75 75 75 75 75 75 75 75 75 75 75 75
75 75 75 75 75 75 75 75 75 75 75 75 75 75 75 75 75 75
75 75 75 75 75 75 75 75 75 75 75 75 75 75 75 75 75 75
75 75 75 75 75 75 75 75 75 75 75 75 75 75 75 75 75 75
75 75 75 75 75 75 75 75 75 75 75 75 75 75 75 75 75 75
75 75 75 75 75 75 75 75 75 75 75 75 75 75 75 75 75 75
75 75 75 75 75 75 75 75 75 75 75 75 75 75 75 75 75 75
75 75 75 75 75 75 75 75 75 75 75 75 75 75 75 75 75 75
75 75 75 75 75 75 75 75 75 75 75 75 75 75 75 75 75 75
75 75 75 75 75 75 75 75 75 75 75 75 75 75 75 75 75 75
75 75 75 75 75 75 75 75 75 75 75 75 75 75 75 75 75 75
75 75 75 75 75 75 75 75 75 75 75 75 75 75 75 75 75 75
75 75 75 75 75 75 75 75 75 75 75 75 75 75 75 75 75 75
75 75 75 75 75 75 -3284 -3284 -3284 -3284 -3284 -3284 -3284 -3284 -3284 -3284 -3284 -3284
-3284 -3284 -3284 -3284 -3284 -3284 -3284 -3284 -3284 -3284 -3284 -3284 -3284 -3284 -3284 -3284 -3284 -3284
-3284 -3284 -3284 -3284 -3284 -3284 -3284 -3284 -3284 -3284 -3284 -3284 -3284 -3284 -3284 -3284 -3284 -3284
-3284 -3284 -3284 -3284 -3284 -3284 -3284 -3284 -3284 -3284 -3284 -3284 -3284 -3284 -3284 -3284 -3284 -3284
-3284 -3284 -3284 -3284 -3284 -3284 -3284 -3284 -3284 -3284 -3284 -3284 -3284 -3284 -3284 -3284 -3284 -3284
-3284 -3284 -3284 -3284 -3284 -3284 -3284 -3284 -3284 -3284 -3284 -3284 -3284 -3284 -3284 -3284 -3284 -3284
-3284 -3284 -3284 -3284 -3284 -3284 -3284 -3284 -3284 -3284 -3284 -3284 -3284 -3284 -3284 -3284 -3284 -3284
-3284 -3284 -3284 -3284 -3284 -3284 -3284 -3284 -3284 -3284 -3284 -3284 -3284 -3284 -3284 -3284 -3284 -3284
-3284 -3284 -3284 -3284 -3284 -3284 -3284 -3284 -3284 -3284 -3284 -3284 -3284 -3284 -3284 -3284 -3284 -3284
-3284 -3284 -3284 -3284 -3284 -3284 -3284 -3284 -3284 -3284 -3284 -3284 -3284 -3284 -3284 -3284 -3284 -3284
-3284 -3284 -3284 -3284 -3284 -3284 -3284 -3284 -3284 -3284 -3284 -3284 -3284 -3284 -3284 -3284 -3284 -3284
-3284 -3284 -3284 -3284 -3284 -3284 -3284 -3284 -3284 -3284 -3284 -3284 -3284 -3284 -3284 -3284 -3284 -3284
-3284 -3284 -3284 -3284 -3284 -3284 -3284 -3284 -3284 -3284 -3284 -3284 -3284 -3284 -3284 -3284 -3284 -3284
-3284 -3284 -3284 -3284 -3284 -3284 -3284 -3284 -3284 -3284 -3284 -3284 -3284 -3284 -3284 -3284 -3284 -3284
-3284 -3284 -3284 -3284 -3284 -3284 -3284 -3284 -3284 -3284 -3284 -3284 -3284 -3284 -3284 -3284 -3284 -3284
-3284 -3284 -3284 -3284 -3284 -3284 -3284 -3284 -3284 -3284 -3284 -3284 -3284 -3284 -3284 -3284 -3284 -3284
-3284 -3284 -3284 -3284 -3284 -3284 -3284 -3284 -3284 -3284 -3284 -3284 -3284 -3284 -3284 -3284 -3284 -3284
-3284 -3284 -3284 -3284 -3284 -3284 -3284 -3284 -3284 -3284 -3284 -3284 -3284 -3284 -3284 -3284 -3284 -3284
-3284 -3284 -3284 -3284 -3284 -3284 -3284 -3284 -3284 -3284 -3284 -3284 -3284 -3284 -3284 -3284 -3284 -3284
-3284 -3284 -3284 -3284 -3284 -3284 -3284 -3284 -3284 -3284
