-394 -394 -394 -394 -394 -394 -394 -394 -394 -394 -394 -394 -394 -394 -394 -394 -394 -394
-394 -394 -394 -394 -394 -394 -394 -394 -394 -394 -394 -394 -394 -394 -394 -394 -394 -394
-394 -394 -394 -394 -394 -394 -394 -394 -394 -394 -394 -394 -394 -394 -394 -394 -394 -394
-394 -394 -394 -394 -394 -394 -394 -394 -394 -394 -394 -394 -394 -394 -394 -394 -394 -394
-394 -394 -394 -394 -394 -394 -394 -394 -394 -394 -394 -394 -394 -394 -394 -394 -394 -394
-394 -394 -394 -394 -394 -394 -394 -394 -394 -394 -394 -394 -394 -394 -394 -394 -394 -394
-394 -394 -394 -394 -394 -394 -394 -394 -394 -394 -394 -394 -394 -394 -394 -394 -394 -394
-394 -394 -394 -394 -394 -394 -394 -394 -394 -394 -394 -394 -394 -394 -394 -394 -394 -394
-394 -394 -394 -394 -394 -394 -394 -394 -394 -394 -394 -394 -394 -394 -394 -394 -394 -394
-394 -394 -394 -394 -394 -394 -394 -394 -394 -394 -394 -394 -394 -394 -394 -394 -394 -394
-394 -394 -394 -394 -394 -394 -394 -394 -394 -394 -394 -394 -394 -394 -394 -394 -394 -394
-394 -394 -394 -394 -394 -394 -394 -394 -394 -394 -394 -394 -394 -394 -394 -394 -394 -394
-394 -394 -394 -394 -394 -394 -394 -394 -394 -394 -394 -394 -394 -394 -394 -394 -394 -394
-394 -394 -394 -394 -394 -394 -394 -394 -394 -394 -394 -394 -394 -394 -394 -394 -394 -394
-394 -394 -394 -394 -394 -394 -394 -394 -394 -394 -394 -394 -394 -394 -394 -394 -394 -394
-394 -394 -394 -394 -394 -394 -394 -394 -394 -394 -394 -394 -394 -394 -394 -394 400 400
400 400 400 400 400 400 400 400 400 400 400 400 400 400 400 400 400 400
400 400 400 400 400 400 400 400 400 400 400 400 400 400 400 400 400 400
400 400 400 400 400 400 400 400 400 400 400 400 400 400 400 400 400 400
400 400 400 400 400 400 400 400 400 400 400 400 400 400 400 400 400 400
400 400 400 400 400 400 400 400 400 400 400 400 400 400 400 400 400 400
400 400 400 400 400 400 400 400 400 400 400 400 400 400 400 400 400 400
400 400 400 400 400 400 400 400 400 400 400 400 400 400 400 400 400 400
400 400 400 400 400 400 400 400 400 400 400 400 400 400 400 400 400 400
400 400 400 400 400 400 400 400 400 400 400 400 400 400 400 400 400 400
400 400 400 400 400 400 400 400 400 400 400 400 400 400 400 400 400 400
400 400 400 400 400 400 400 400 400 400 400 400 400 400 400 400 400 400
400 400 400 400 400 400 400 400 400 400 400 400 400 400 400 400 400 400
400 400 400 400 400 400 400 400 400 400 400 400 400 400 400 400 400 400
400 400 400 400 400 400 400 400 400 400 400 400 400 400 400 400 400 400
400 400 400 400 400 400 400 400 400 400 400 400 400 400 400 400 400 400
400 400 400 400 400 400 400 400 400 400 400 400 400 400 400 400 400 400
400 400 400 400 400 400 400 400 400 400 400 400 400 400 400 400 400 400
400 400 400 400 400 400 400 400 400 400 400 400 400 400 400 400 400 400
400 400 400 400 400 400 400 400 400 400 400 400 400 400 400 400 400 400
400 400 400 400 400 400 400 400 400 400 400 400 400 400 400 400 400 400
400 400 400 400 400 951 951 951 951 951 951 951 951 951 951 951 951 951
951 951 951 951 951 951 951 951 951 951 951 951 951 951 951 951 951 951
951 951 951 951 951 951 951 951 951 951 951 951 951 951 951 951 951 951
951 951 951 951 951 951 951 951 951 951 951 951 951 951 951 951 951 951
951 951 951 951 951 951 951 951 951 951 951 951 951 951 951 951 951 951
951 951 951 951 951 951 951 951 951 951 951 951 951 951 951 951 951 951
951 951 951 951 951 951 951 951 951 951 951 951 951 951 951 951 951 951
951 951 951 951 951 951 951 951 951 951 951 951 951 951 951 951 951 951
951 951 951 951 951 951 951 951 951 951 951 951 951 951 951 951 951 951
951 951 951 951 951 951 951 951 951 951 951 951 951 951 951 951 951 951
951 951 951 951 951 951 951 951 951 951 951 951 951 951 951 951 951 951
951 951 951 951 951 951 951 951 951 951 951 951 951 951 951 951 951 951
951 951 951 951 951 951 951 951 951 951 951 951 951 951 951 951 951 951
951 951 951 951 951 951 951 951 951 951 951 951 951 951 951 951 951 951
951 951 951 951 951 951 951 951 951 951 951 951 951 951 951 951 951 951
951 951 951 951 951 951 951 951 951 951 951 951 951 951 951 951 951 951
951 951 951 951 951 951 951 951 951 951 951 951 951 951 951 951 951 951
951 951 951 951 951 951 951 951 951 951 951 951 951 951 951 951 951 951
951 951 951 951 951 951 951 951 951 951 951 951 951 951 951 951 951 951
951 951 934 934 934 934 934 934 934 934 934 934 934 934 934 934 934 934
934 934 934 934 934 934 934 934 934 934 934 934 934 934 934 934
