-792 -788 -779 -772 -770 -768 -761 -751 -743 -738 -736 -734 -732 -723 -717 -716 -713 -706
-700 -694 -690 -688 -678 -669 -660 -651 -645 -644 -642 -634 -629 -627 -625 -622 -621 -617
-616 -606 -604 -599 -593 -587 -581 -573 -568 -563 -557 -550 -543 -540 -537 -529 -526 -522
-516 -509 -501 -491 -489 -486 -478 -470 -469 -465 -460 -458 -452 -449 -445 -435 -434 -427
-424 -421 -419 -417 -416 -408 -401 -392 -389 -387 -383 -378 -375 -371 -368 -363 -362 -358
-349 -348 -339 -334 -332 -323 -317 -309 -304 -302 -299 -296 -286 -280 -272 -269 -259 -250
-242 -235 -233 -228 -218 -209 -207 -202 -200 -199 -192 -187 -178 -168 -162 -152 -146 -137
-134 -131 -125 -124 -123 -118 -112 -110 -103 -101 -98 -97 -93 -86 -85 -80 -73 -72
-63 -56 -51 -44 -34 -33 -25 -16 -13 -9 -7 -3 0 1 6 10 20 24
32 35 45 54 57 66 70 74 76 80 81 86 91 94 103 106 110 117
124 133 143 149 157 158 159 160 162 169 175 180 185 186 194 198 205 213
216 219 229 232 240 243 249 253 254 260 267 276 286 290 293 299 304 305
308 317 327 329 337 343 348 356 362 371 373 375 380 384 386 389 393 396
403 404 408 417 424 434 440 448 451 459 465 474 479 483 484 486 494 504
514 518 524 530 536 545 552 561 564 565 569 570 576 577 585 593 596 601
609 611 617 627 633 634 639 646 654 660 666 667 670 677 687 695 701 709
717 724 729 730 735 741 746 748 754 757 767 772 775 777 787 793 800 807
813 816 819 823 826 827 831 834 842 852 856 857 859 867 870 873 874 876
884 888 897 904 907 909 916 918 928 935 937 942 952 956 957 963 965 972
975 984 986 989 990 997 1001 1008 1012 1015 1024 1026 1034 1038 1042 1046 1050 1056
1059 1064 1070 1075 1085 1094 1095 1096 1105 1111 1115 1124 1132 1140 1149 1155 1164 1174
1183 1185 1194 1203 1210 1220 1226 1236 1246 1248 1253 1256 1258 1263 1265 1268 1271 1275
1282 1287 1292 1298 1308 1314 1316 1318 1324 1328 1337 1341 1351 1359 1360 1365 1372 1381
1389 1393 1395 1405 1410 1420 1422 1432 1439 1440 1445 1450 1457 1458 1465 1469 1470 1479
1489 1492 1501 1506 1514 1517 1522 1525 1530 1540 1547 1553 1555 1563 1570 1572 1578 1587
1595 1604 1611 1613 1614 1615 1619 1627 1632 1634 1640 1647 1648 1656 1665 1666 1674 1675
1681 1683 1693 1703 1705 1714 1724 1731 1734 1740 1747 1755 1764 1770 1780 1787 1796 1801
1803 1806 1809 1816 1817 1822 1830 1833 1841 1847 1850 1856 1865 1873 1883 1887 1896 1901
1908 1915 1923 1924 1934 1944 1947 1948 1951 1957 1959 1966 1974 1978 1981 1991 1992 1995
2005 2010 2011 2015 2016 2018 2027 2037 2042 2047 2052 2060 2070 2079 2089 2095 2105 2115
2123 2126 2127 2132 2138 2146 2155 2161 2169 2172 2179 2181 2185 2186 2194 2196 2198 2199
2204 2208 2212 2220 2227 2230 2232 2235 2241 2248 2253 2256 2263 2264 2269 2277 2282 2284
2294 2295 2304 2308 2318 2324 2331 2334 2338 2343 2345 2354 2360 2366 2374 2377 2387 2397
2398 2402 2407 2412 2414 2415 2417 2418 2424 2429 2434 2436 2442 2446 2450 2456 2460 2470
2472 2474 2481 2482 2488 2492 2501 2506 2508 2510 2518 2520 2525 2533 2535 2538 2546 2551
2553 2554 2564 2570 2571 2577 2578 2580 2583 2584 2588 2589 2594 2602 2612 2620 2625 2635
2638 2647 2648 2654 2662 2671 2674 2678 2685 2687 2691 2693 2700 2702 2711 2720 2724 2732
2738 2746 2751 2752 2757 2758 2766 2767 2768 2770 2775 2777 2781 2791 2792 2793 2798 2800
2810 2812 2815 2817 2821 2824 2826 2830 2831 2840 2844 2845 2849 2859 2864 2867 2875 2878
2879 2887 2896 2901 2909 2914 2921 2931 2940 2941 2943 2946 2948 2951 2956 2960 2970 2976
2985 2990 2995 3004 3011 3013 3016 3018 3022 3030 3032 3037 3043 3052 3053 3061 3062 3066
3067 3072 3078 3083 3088 3094 3098 3106 3116 3117 3122 3131 3136 3139 3140 3147 3156 3161
3164 3165 3170 3178 3181 3190 3195 3202 3203 3205 3212 3216 3219 3226 3227 3237 3246 3249
3259 3264 3274 3275 3281 3290 3298 3300 3301 3302 3312 3319 3326 3336 3345 3349 3358 3368
3377 3381 3382 3383 3393 3396 3402 3406 3409 3412 3422 3424 3434 3443 3445 3448 3456 3464
3473 3478 3479 3480 3485 3488 3494 3504 3508 3516 3519 3524 3527 3535 3537 3543 3550 3559
3562 3563 3570 3572 3573 3582 3587 3596 3602 3604 3607 3608 3610 3620 3625 3628 3634 3643
3652 3655 3665 3672 3682 3683 3685 3694 3703 3708 3713 3721 3729 3735 3743 3748 3756 3764
3774 3777 3780 3786 3789 3794 3803 3804 3813 3819 3827 3830 3840 3850 3853 3859 3865 3872
3880 3889 3899 3901 3909 3912 3918 3928 3938 3940 3948 3950 3958 3960 3967 3973 3977 3983
3988 3989 3995 4004 4007 4012 4013 4018 4025 4030 4034 4041 4045 4052 4061 4070 4073 4080
4085 4093 4098 4099 4104 4106 4115 4125 4133 4139 4145 4154 4155 4164 4165 4168 4172 4181
4186 4188 4189 4198 4201 4208 4209 4211 4216 4218 4225 4226 4236 4242 4247 4254 4263 4264
4266 4267 4272 4276 4278 4282 4292 4301 4306 4314 4319 4325 4326 4333 4334 4338 4345 4354
4355 4360 4363 4365 4368 4369 4376 4379 4384 4385 4387 4397 4399 4406 4416 4417 4422 4431
4440 4441 4443 4448 4458 4463 4471 4479 4486 4494 4501 4505 4507 4516 4519 4527 4534 4541
4548 4554 4561 4562 4569 4571 4572 4574 4581 4588 4596 4599 4609 4619 4629 4639
