3068 3075 3077 3081 3091 3100 3106 3110 3118 3121 3130 3135 3137 3147 3153 3162 3169 3170
3177 3180 3183 3186 3190 3191 3192 3201 3206 3210 3218 3226 3228 3232 3238 3248 3249 3255
3259 3265 3271 3274 3276 3283 3292 3297 3299 3300 3301 3310 3313 3320 3330 3339 3343 3348
3355 3360 3361 3370 3372 3375 3383 3392 3393 3402 3411 3420 3428 3437 3444 3448 3449 3450
3456 3462 3472 3477 3478 3482 3484 3494 3500 3508 3518 3521 3530 3537 3538 3544 3547 3551
3553 3557 3566 3568 3574 3575 3576 3580 3583 3586 3594 3595 3597 3601 3607 3615 3618 3621
3631 3632 3640 3649 3659 3663 3670 3672 3682 3683 3687 3693 3700 3706 3707 3714 3715 3724
3731 3737 3738 3747 3751 3753 3757 3760 3764 3771 3777 3782 3786 3794 3797 3801 3809 3816
3817 3819 3822 3832 3834 3843 3847 3856 3865 3868 3875 3878 3888 3890 3900 3907 3917 3922
3932 3934 3940 3948 3951 3956 3964 3969 3970 3977 3984 3993 3997 4000 4002 4010 4013 4017
4021 4026 4030 4036 4040 4049 4057 4065 4068 4070 4074 4078 4079 4089 4090 4100 4106 4112
4115 4116 4118 4128 4130 4133 4140 4142 4144 4151 4155 4160 4170 4177 4183 4188 4196 4203
4204 4212 4213 4216 4224 4233 4237 4241 4251 4259 4262 4266 4272 4275 4283 4291 4299 4308
4314 4321 4328 4332 4337 4339 4342 4349 4358 4368 4369 4379 4385 4386 4393 4400 4407 4408
4417 4418 4428 4430 4439 4448 4449 4452 4453 4459 4465 4473 4479 4487 4497 4500 4510 4511
4512 4513 4521 4531 4537 4545 4549 4551 4552 4559 4561 4569 4572 4581 4582 4585 4591 4593
4595 4598 4601 4605 4613 4616 4622 4631 4635 4645 4651 4658 4662 4671 4673 4676 4678 4680
4686 4688 4693 4702 4710 4720 4725 4730 4731 4733 4738 4747 4753 4758 4759 4769 4777 4786
4793 4803 4806 4808 4809 4816 4826 4836 4846 4852 4862 4866 4871 4876 4881 4882 4890 4897
4906 4909 4918 4922 4928 4931 4940 4949 4953 4956 4962 4966 4976 4984 4987 4992 4997 5006
5012 5014 5019 5021 5028 5038 5044 5054 5062 5072 5073 5078 5082 5086 5096 5102 5108 5109
5111 5118 5128 5133 5143 5148 5154 5156 5165 5166 5175 5183 5189 5192 5200 5209 5218 5226
5229 5234 5243 5244 5252 5259 5264 5265 5267 5269 5273 5281 5291 5295 5304 5305 5308 5317
5323 5326 5332 5338 5344 5348 5353 5362 5367 5370 5377 5383 5387 5394 5401 5402 5407 5416
5417 5421 5430 5440 5443 5444 5451 5458 5464 5465 5469 5472 5480 5482 5492 5496 5499 5504
5507 5511 5515 5523 5531 5535 5544 5552 5561 5562 5569 5573 5577 5584 5593 5597 5604 5607
5614 5619 5628 5630 5633 5641 5642 5648 5656 5657 5667 5674 5681 5690 5693 5701 5702 5708
5713 5716 5719 5728 5734 5740 5742 5752 5760 5761 5764 5771 5780 5781 5785 5786 5788 5791
5793 5798 5800 5804 5810 5812 5822 5829 5838 5847 5855 5857 5867 5870 5877 5887 5893 5901
5906 5915 5918 5924 5934 5938 5940 5950 5958 5963 5965 5968 5975 5984 5991 5997 6002 6005
6009 6013 6020 6021 6026 6034 6044 6051 6054 6063 6065 6069 6073 6080 6081 6087 6090 6100
6108 6116 6119 6125 6132 6142 6151 6161 6162 6165 6173 6183 6188 6198 6208 6213 6217 6220
6221 6231 6233 6242 6245 6255 6264 6266 6268 6269 6270 6274 6276 6280 6288 6295 6304 6309
6311 6321 6322 6323 6333 6335 6336 6337 6338 6340 6349 6356 6357 6367 6376 6382 6392 6402
6407 6409 6415 6424 6425 6433 6435 6437 6447 6453 6462 6472 6476 6478 6479 6483 6491 6497
6507 6512 6514 6515 6522 6527 6533 6535 6545 6555 6557 6567 6571 6581 6589 6598 6599 6608
6617 6619 6621 6630 6636 6642 6652 6660 6664 6665 6669 6673 6679 6682 6691 6693 6696 6706
6713 6715 6719 6727 6729 6739 6747 6751 6752 6761 6766 6767 6772 6782 6785 6790 6799 6805
6808 6812 6815 6816 6826 6829 6839 6849 6858 6859 6863 6867 6873 6881 6884 6889 6899 6906
6907 6915 6918 6923 6926 6936 6942 6952 6962 6966 6976 6981 6982 6990 6992 7002 7008 7013
7020 7022 7030 7031 7036 7043 7052 7054 7063 7067 7073 7075 7079 7087 7096 7101 7105 7114
7122 7129 7130 7136 7146 7147 7157 7164 7168 7172 7181 7182 7192 7201 7210 7219 7227 7235
7241 7250 7258 7263 7273 7280 7284 7292 7302 7311 7318 7326 7334 7338 7345 7346 7347 7349
7359 7367 7371 7381 7382 7383 7390 7395 7400 7409 7414 7421 7431 7434 7444 7450 7452 7454
7456 7465 7474 7482 7483 7486 7495 7497 7506 7514 7522 7529 7534 7536 7544 7552 7553 7559
7569 7572 7575 7583 7592 7602 7608 7617 7623 7627 7635 7645 7647 7649 7657 7662 7663 7672
7680 7689 7690 7696 7702 7709 7715 7724 7733 7738 7746 7755 7762 7770 7779 7784 7791 7799
7809 7814 7820 7828 7831 7839 7848 7849 7859 7867 7874 7875 7877 7879 7880 7885 7887 7891
7901 7903 7910 7917 7921 7929 7936 7938 7943 7947 7957 7964 7965 7968 7969 7970 7974 7976
7985 7994 8002 8005 8015 8022 8029 8030 8033 8038 8043 8046 8054 8059 8066 8070 8075 8076
8085 8093 8103 8104 8111 8115 8123 8130 8132 8139 8148 8155 8161 8169 8175 8183 8184 8186
8190 8196 8200 8203 8212 8214 8219 8228 8232 8242 8251 8256 8257 8260 8268 8276 8285 8293
8296 8298 8308 8310 8317 8325 8327 8335 8344 8352 8355 8362 8364 8368 8370 8379 8380 8381
8388 8398 8403 8408 8414 8420 8425 8433 8440 8446 8454 8456 8460 8463 8464 8472 8474 8477
8484 8492 8500 8501 8509 8517 8525 8527 8537 8547 8557 8564 8573 8576 8577 8584 8586 8596
8600 8610 8612 8619 8621 8624 8632 8635 8644 8651 8657 8658 8664 8666 8672 8675 8680 8690
8697 8703 8711 8721 8725 8731 8735 8736 8745 8747 8756 8760 8764 8768 8777 8778 8781 8789
8795 8797 8807 8811 8819 8827 8835 8836 8842 8845 8855 8865 8873 8881 8884 8894 8902 8904
8914 8919 8927 8931 8935 8939 8945 8949 8957 8958 8961 8965 8968 8975 8980 8984 8994 8999
9008 9013 9022 9023 9032 9041 9042 9043 9049 9057 9062 9064 9065 9071 9074 9084 9094 9101
9103 9107 9117 9127 9134 9139 9141 9145 9155 9159 9165 9168 9173 9180 9182 9186 9196 9204
9205 9209 9219 9221 9223 9228 9231 9237 9246 9256 9258 9265 9269 9276 9279 9288 9295 9300
9303 9307 9310 9316 9318 9328 9335 9336 9342 9348 9355 9359 9365 9369 9373 9378 9379 9386
9395 9399 9403 9413 9419 9420 9421 9423 9429 9432 9442 9443 9449 9456 9459 9463 9468 9470
9478 9485 9495 9498 9506 9512 9522 9528 9537 9538 9545 9550 9554 9562 9570 9572 9575 9581
9589 9592 9595 9596 9602 9604 9614 9622 9623 9628 9636 9643 9652 9653 9662 9670 9680 9684
9690 9692 9695 9702 9706 9709 9715 9724 9731 9736 9746 9748 9752 9759 9763 9768 9775 9779
9788 9790 9797 9799 9805 9814 9820 9821 9830 9840 9848 9855 9864 9872 9880 9886 9887 9897
9907 9911 9913 9921 9928 9938 9940 9948 9952 9955 9960 9966 9967 9971 9981 9987 9994 10003
10005 10011 10016 10024 10029 10033 10034 10039 10046 10054 10060 10067 10068 10078 10083 10088 10098 10105
10113 10117 10126 10127 10132 10136 10146 10149 10151 10152 10162 10172 10173 10177 10181 10183 10188 10194
10195 10201 10203 10209 10212 10220 10227 10228 10235 10237 10239 10248 10251 10258 10268 10271 10276 10277
10279 10281 10282 10289 10294 10302 10309 10317 10324 10327 10335 10339 10342 10350 10351 10352 10353 10355
10360 10370 10376 10377 10382 10386 10391 10395 10402 10408 10413 10416 10422 10425 10433 10440 10443 10450
10456 10459 10466 10467 10470 10475 10479 10484 10487 10489 10495 10505 10515 10519 10527 10528 10533 10538
10540 10541 10550 10555 10559 10564 10570 10574 10584 10587 10592 10599 10603 10609 10610 10613 10614 10616
10623 10633 10635 10645 10646 10652 10656 10663 10666 10669 10679 10685 10694 10703 10705 10706 10713 10721
10731 10734 10738 10742 10752 10762 10764 10772 10782 10784 10787 10793 10798 10801 10807 10808 10817 10819
10827 10837 10840 10849 10856 10865 10868 10878 10879 10884 10887 10893 10894 10903 10904 10907 10914 10917
10922 10923 10930 10939 10943 10947 10956 10966 10969 10978 10983 10993 11002 11003 11005 11013 11016 11025
11034 11037 11045 11049 11058 11059 11060 11061 11063 11067 11068 11074 11076 11083 11084 11090 11099 11105
11113 11114 11122 11124 11132 11136 11146 11148 11150 11160 11164 11167 11172 11182 11184 11189 11196 11198
11206 11208 11213 11222 11225 11234 11238 11243 11251 11257 11265 11269 11274 11275 11279 11283 11289 11291
11296 11299 11309 11312 11317 11327 11332 11338 11344 11351 11359 11362 11365 11367 11368 11377 11387 11397
11401 11408 11417 11424 11425 11435 11445 11450 11457 11465 11469 11473 11481 11486 11488 11494 11498 11500
11504 11510 11511 11520 11529 11532 11539 11548 11558 11565 11569 11573 11579 11583 11586 11592 11593 11594
11604 11608 11612 11614 11620 11621 11630 11634 11635 11643 11644 11648 11658 11665 11673 11682 11691 11698
11699 11702 11710 11715 11721 11726 11735 11743 11752 11758 11766 11769 11777 11783 11790 11796 11799 11808
11817 11823 11829 11836 11843 11852 11854 11860 11863 11866 11867 11871 11873 11875 11884 11886 11890 11895
11903 11908 11915 11918 11919 11927 11937 11944 11948 11956 11959 11967 11968 11971 11977 11986 11989 11996
11997 12004 12009 12015 12016 12022 12023 12033 12034 12036 12044 12051 12061 12064 12072 12082 12087 12094
12101 12102 12111 12119 12127 12129 12136 12138 12148 12149 12153 12159 12167 12172 12181 12186 12189 12196
12199 12205 12208 12210 12214 12217 12218 12228 12233 12234 12244 12247 12249 12255 12263 12267 12274 12276
12284 12289 12290 12292 12300 12308 12318 12324 12329 12330 12334 12338 12345 12354 12362 12367 12376 12379
12380 12387 12390 12400 12409 12411 12420 12425 12434 12442 12444 12452 12453 12462 12464 12470 12474 12476
12481 12488 12490 12491 12494 12501 12506 12515 12522 12529 12537 12540 12542 12549 12552 12554 12556 12566
12574 12582 12589 12593 12601 12605 12606 12608 12613 12620 12625 12629 12638 12648 12658 12662 12667 12669
12670 12678 12688 12694 12695 12704 12706 12712 12720 12727 12732 12737 12741 12744 12753 12756 12758 12765
12774 12780 12783 12784 12794 12797 12798 12807 12809 12812 12822 12828 12831 12841 12844 12853 12858 12860
12866 12872 12879 12887 12894 12898 12906 12910 12918 12920 12921 12928 12933 12937 12946 12951 12960 12962
12971 12975 12979 12989 12994 12997 13000 13002 13009 13012 13017 13026 13029 13036 13044 13049 13054 13064
13068 13075 13081 13091 13093 13095 13099 13107 13111 13112 13115 13123 13132 13137 13147 13157 13164 13171
13178 13186 13189 13192 13198 13205 13206 13207 13216 13225 13234 13237 13239 13243 13248 13257 13266 13272
13276 13280 13289 13299 13303 13306 13311 13312 13319 13326 13332 13340 13346 13351 13357 13361 13364 13371
13379 13386 13392 13397 13403 13407 13409 13418 13423 13429 13431 13438 13439 13443 13444 13446 13453 13454
13455 13462 13466 13468 13476 13484 13490 13496 13506 13510 13516 13521 13528 13534 13539 13547 13555 13564
13573 13575 13580 13588 13591 13593 13603 13611 13619 13621 13628 13633 13639 13643 13644 13648 13649 13658
13668 13678 13685 13695 13700 13709 13710 13717 13720 13724 13726 13734 13735 13740 13744 13745 13751 13756
13759 13761 13768 13770 13776 13783 13786 13795 13799 13806 13807 13816 13824 13828 13830 13832 13841 13849
13854 13855 13865 13871 13875 13884 13891 13899 13903 13907 13908 13913 13917 13921 13925 13929 13936 13946
13955 13957 13966 13976 13978 13981 13988 13990 13994 13995 14003 14008 14010 14018 14021 14030 14033 14035
14037 14043 14053 14059 14064 14065 14072 14078 14081 14085 14087 14097 14102 14112 14115 14118 14121 14130
14137 14143 14147 14152 14158 14160 14166 14169 14178 14186 14189 14191 14198 14206 14207 14210 14215 14223
14230 14233 14236 14246 14252 14256 14257 14261 14269 14277 14285 14286 14294 14301 14305 14308 14314 14321
14331 14335 14338 14348 14353 14356 14366 14368 14373 14377 14381 14388 14395 14399 14401 14402 14404 14408
14411 14420 14424 14433 14435 14438 14447 14453 14457 14465 14469 14479 14484 14494 14501 14504 14505 14514
14523 14532 14534 14538 14547 14550 14552 14562 14569 14575 14579 14584 14592 14596 14602 14606 14616 14619
14622 14624 14627 14633 14643 14651 14658 14668 14678 14679 14686 14687 14690 14692 14701 14708 14713 14719
14721 14725 14726 14730 14731 14735 14741 14742 14747 14757 14759 14761 14766 14767 14768 14769 14774 14777
14787 14795 14796 14805 14808 14813 14814 14818 14821 14831 14832 14842 14848 14851 14856 14857 14860 14868
14871 14873 14875 14881 14886 14892 14899 14907 14915 14919 14929 14931 14938 14939 14941 14945 14950 14960
14968 14969 14971 14977 14984 14988 14991 14997 15002 15011 15021 15027 15031 15038 15041 15048 15051 15057
15065 15067 15075 15081 15087 15090 15100 15106 15111 15113 15114 15121 15123 15130 15136 15140 15144 15145
15151 15154 15157 15160 15168 15177 15185 15191 15196 15201 15205 15210 15219 15225 15231 15234 15237 15240
15247 15256 15265 15266 15274 15278 15285 15295 15305 15312 15321 15329 15339 15344 15352 15358 15361 15365
15370 15376 15386 15388 15394 15398 15406 15412 15420 15421 15427 15431 15441 15442 15446 15452 15456 15460
15463 15468 15472 15482 15484 15488 15489 15495 15505 15508 15513 15521 15529 15537 15546 15550 15552 15554
15561 15568 15569 15575 15584 15586 15593 15598 15600 15610 15618 15619 15621 15622 15624 15626 15628 15636
15641 15649 15656 15666 15675 15678 15682 15690 15697 15700 15705 15715 15722 15727 15734 15738 15740 15741
15747 15749 15759 15760 15763 15764 15771 15780 15786 15794 15798 15805 15813 15816 15817 15824 15829 15833
15839 15843 15853 15863 15864 15872 15879 15885 15887 15890 15898 15906 15910 15919 15923 15925 15930 15938
15947 15954 15956 15966 15970 15971 15977 15978 15981 15991 15998 16005 16011 16018 16025 16026 16036 16039
16049 16056 16057 16060 16067 16077 16078 16084 16091 16093 16102 16107 16111 16113 16120 16128 16133 16138
16141 16143 16152 16153 16154 16163 16173 16178 16188 16198 16199 16203 16210 16214 16221 16225 16226 16233
16237 16243 16251 16260 16261 16262 16271 16278 16282 16283 16290 16298 16307 16311 16318 16322 16327 16332
16338 16341 16343 16353 16354 16362 16363 16372 16376 16386 16390 16399 16409 16414 16424 16427 16436 16438
16445 16450 16455 16460 16468 16475 16484 16486 16491 16500 16504 16514 16520 16521 16525 16529 16535 16541
16547 16551 16556 16557 16559 16561 16569 16575 16580 16586 16588 16593 16600 16602 16609 16613 16614 16616
16617 16619 16629 16635 16638 16646 16649 16658 16665 16673 16677 16678 16685 16689 16690 16694 16700 16707
16717 16718 16720 16725 16727 16728 16729 16733 16737 16743 16746 16747 16754 16763 16767 16777 16783 16784
16790 16796 16804 16809 16810 16820 16829 16833 16842 16850 16857 16867 16874 16881 16886 16892 16896 16900
16907 16908 16911 16918 16921 16931 16940 16944 16951 16956 16957 16961 16969 16976 16986 16995 17004 17007
17014 17020 17027 17034 17042 17044 17050 17053 17059 17061 17068 17074 17075 17083 17087 17091 17093 17095
17101 17104 17114 17123 17125 17128 17132 17142 17148 17158 17164 17174 17180 17182 17189 17193 17203 17209
17214 17222 17232 17233 17239 17243 17245 17247 17250 17251 17253 17258 17268 17272 17279 17281 17286 17288
17295 17301 17303 17311 17313 17318 17323 17332 17334 17343 17351 17356 17364 17372 17377 17387 17391 17394
17399 17406 17416 17424 17433 17441 17450 17457 17462 17472 17481 17487 17495 17498 17500 17510 17518 17524
17529 17534 17538 17545 17553 17556 17566 17573 17575 17578 17587 17591 17601 17609 17611 17618 17626 17627
17631 17639 17648 17655 17664 17670 17676 17686 17695 17702 17705 17707 17711 17719 17720 17728 17733 17741
17749 17755 17757 17761 17765 17773 17782 17789 17791 17796 17800 17808 17816 17824 17830 17833 17834 17841
17843 17853 17857 17866 17868 17872 17878 17884 17889 17891 17895 17903 17909 17911 17915 17920 17921 17931
17937 17939 17942 17947 17950 17951 17954 17956 17960 17970 17980 17987 17991 18000 18002 18007 18011 18017
18019 18028 18036 18039 18047 18053 18056 18060 18066 18068 18078 18088 18089 18093 18102 18109 18110 18113
18114 18124 18128 18137 18138 18142 18147 18152 18156 18161 18168 18174 18176 18183 18186 18189 18191 18200
18205 18212 18219 18221 18225 18232 18239 18245 18252 18262 18268 18275 18279 18287 18295 18298 18299 18306
18312 18319 18328 18332 18333 18338 18347 18352 18358 18361 18362 18364 18370 18374 18378 18386 18388 18393
18398 18399 18400 18405 18408 18417 18418 18424 18428 18436 18443 18449 18456 18461 18464 18472 18477 18483
18487 18493 18503 18504 18511 18515 18522 18526 18536 18540 18550 18551 18555 18563 18568 18571 18575 18581
18587 18596 18600 18604 18607 18610 18618 18625 18628 18629 18635 18638 18648 18656 18657 18661 18671 18675
18680 18689 18697 18702 18708 18714 18719 18726 18731 18741 18746 18753 18756 18766 18771 18778 18781 18789
18796 18800 18802 18811 18815 18822 18824 18827 18829 18833 18837 18845 18851 18859 18860 18864 18866 18873
18876 18882 18887 18893 18894 18902 18908 18917 18926 18931 18937 18940 18948 18953 18956 18960 18967 18970
18980 18989 18990 18995 18996 19000 19009 19015 19018 19025 19032 19042 19045 19052 19057 19061 19071 19075
19078 19086 19090 19095 19105 19115 19117 19120 19123 19125 19130 19139 19140 19146 19155 19160 19163 19171
19175 19183 19190 19200 19205 19212 19215 19223 19227 19231 19239 19249 19252 19257 19265 19270 19275 19276
19284 19293 19303 19307 19311 19314 19317 19321 19328 19331 19339 19348 19357 19366 19374 19380 19389 19398
19399 19405 19409 19415 19419 19425 19434 19435 19443 19449 19457 19458 19464 19467 19469 19470 19478 19483
19488 19497 19504 19511 19516 19524 19526 19527 19534 19537 19545 19547 19554 19562 19564 19566 19576 19583
19587 19593 19599 19600 19604 19609 19610 19619 19623 19628 19634 19644 19647 19653 19655 19660 19662 19670
19678 19679 19681 19687 19688 19695 19697 19701 19702 19703 19705 19715 19717 19722 19729 19733 19737 19747
19749 19750 19756 19761 19771 19778 19784 19793 19797 19805 19812 19814 19819 19824 19834 19835 19841 19851
19853 19857 19860 19863 19866 19874 19882 19888 19896 19903 19910 19916 19921 19931 19938 19946 19953 19957
19965 19972 19982 19985 19990 19995 20004 20007 20014 20018 20019 20027 20032 20041 20047 20052 20062 20071
20073 20083 20089 20098 20104 20109 20115 20123 20126 20130 20131 20140 20142 20145 20151 20159 20162 20165
20175 20176 20179 20183 20193 20200 20206 20215 20217 20221 20224 20230 20233 20234 20236 20237 20242 20246
20249 20259 20264 20269 20276 20280 20288 20292 20296 20301 20307 20317 20319 20329 20331 20333 20336 20342
20352 20362 20371 20376 20377 20380 20382 20386 20393 20397 20402 20408 20412 20417 20418 20419 20426 20435
20442 20447 20457 20462 20465 20468 20476 20485 20492 20497 20507 20513 20522 20529 20535 20544 20546 20553
20555 20557 20565 20569 20575 20577 20581 20583 20588 20592 20598 20602 20611 20616 20624 20631 20638 20647
20648 20657 20665 20666 20668 20675 20682 20683 20687 20694 20703 20708 20718 20722 20728 20729 20734 20743
20748 20755 20756 20758 20765 20775 20784 20785 20790 20791 20797 20806 20807 20808 20809 20815 20821 20831
20840 20844 20848 20851 20861 20866 20875 20881 20888 20898 20906 20911 20912 20916 20917 20927 20936 20945
20948 20950 20960 20965 20968 20976 20981 20989 20990 20995 20997 21000 21002 21003 21004 21009 21016 21024
21025 21029 21030 21036 21045 21053 21063 21065 21073 21075 21085 21095 21096 21100 21101 21109 21118 21120
21123 21133 21139 21144 21146 21150 21153 21162 21170 21177 21178 21185 21195 21202 21206 21207 21215 21220
21227 21237 21238 21247 21250 21254 21256 21263 21267 21277 21284 21293 21298 21305 21314 21319 21320 21327
21336 21346 21355 21360 21365 21373 21382 21383 21393 21401 21410 21415 21421 21424 21425 21435 21441 21449
21459 21469 21477 21485 21493 21500 21508 21513 21522 21529 21538 21539 21546 21555 21565 21566 21567 21573
21581 21582 21591 21599 21603 21607 21611 21617 21627 21637 21639 21642 21646 21654 21661 21670 21677 21684
21685 21687 21694 21704 21707 21714 21717 21725 21733 21739 21747 21757 21765 21774 21778 21784 21791 21798
21802 21804 21810 21816 21823 21833 21835 21841 21850 21854 21859 21861 21863 21869 21874 21880 21889 21895
21904 21910 21917 21924 21928 21934 21941 21943 21948 21949 21954 21959 21966 21969 21974 21977 21986 21990
21997 22005 22006 22010 22019 22027 22035 22039 22047 22048 22054 22060 22067 22072 22079 22082 22085 22095
22101 22107 22113 22115 22120 22127 22128 22138 22140 22148 22158 22164 22168 22172 22179 22189 22191 22197
22207 22215 22222 22226 22233 22243 22253 22258 22263 22270 22271 22276 22280 22285 22291 22296 22298 22301
22307 22316 22319 22326 22329 22332 22335 22342 22343 22352 22362 22365 22370 22376 22382 22385 22390 22397
22400 22409 22412 22414 22419 22427 22437 22442 22447 22448 22454 22462 22463 22472 22482 22486 22490 22494
22504 22509 22514 22515 22525 22535 22543 22548 22549 22553 22562 22569 22572 22580 22589 22597 22605 22615
22625 22628 22629 22630 22633 22635 22643 22645 22653 22659 22662 22669 22678 22684 22687 22694 22695 22698
22706 22708 22709 22710 22716 22719 22727 22732 22735 22745 22753 22760 22764 22768 22769 22779 22781 22785
22795 22798 22803 22813 22814 22823 22831 22838 22847 22852 22857 22863 22872 22875 22876 22878 22886 22895
22905 22914 22918 22927 22928 22937 22938 22943 22952 22957 22967 22975 22976 22984 22986 22987 22997 23004
23007 23013 23019 23026 23032 23042 23052 23059 23068 23070 23073 23079 23081 23089 23097 23100 23106 23108
23117 23121 23127 23133 23138 23145 23153 23161 23168 23173 23175 23185 23192 23197 23204 23211 23220 23222
23228 23232 23236 23245 23253 23259 23264 23271 23279 23287 23289 23297 23301 23309 23311 23320 23327 23333
23338 23347 23351 23361 23369 23376 23377 23386 23392 23399 23408 23410 23415 23420 23424 23427 23433 23440
23449 23452 23458 23463 23467 23475 23483 23488 23492 23499 23500 23502 23506 23511 23514 23524 23532 23540
23544 23554 23558 23568 23575 23576 23578 23585 23595 23604 23607 23608 23612 23616 23621 23626 23627 23634
23636 23644 23649 23654 23663 23669 23672 23674 23677 23684 23691 23692 23693 23694 23696 23705 23708 23712
23719 23729 23736 23740 23741 23747 23752 23758 23761 23765 23769 23770 23771 23772 23782 23789 23792 23802
23804 23807 23817 23827 23835 23843 23849 23858 23864 23874 23881 23888 23894 23901 23908 23912 23920 23929
23937 23938 23944 23950 23955 23965 23970 23973 23978 23986 23992 23999 24003 24006 24016 24019 24020 24022
24027 24033 24041 24050 24059 24066 24072 24077 24082 24092 24099 24106 24114 24123 24128 24130 24137 24139
24145 24150 24151 24153 24155 24162 24170 24174 24177 24181 24184 24192 24200 24205 24215 24225 24228 24230
24231 24232 24241 24248 24252 24256 24261 24268 24269 24273 24274 24275 24285 24293 24302 24306 24314 24317
24318 24326 24332 24338 24346 24347 24350 24353 24362 24365 24368 24376 24384 24392 24393 24397 24401 24411
24420 24422 24429 24434 24442 24448 24453 24454 24459 24462 24468 24472 24477 24479 24486 24492 24494 24501
24509 24518 24524 24528 24535 24536 24537 24543 24548 24552 24559 24565 24574 24579 24587 24594 24600 24609
24611 24614 24619 24622 24626 24633 24638 24646 24648 24657 24667 24674 24682 24684 24691 24694 24704 24713
24717 24724 24731 24733 24734 24739 24742 24749 24759 24760 24765 24766 24776 24783 24786 24787 24788 24795
24801 24806 24815 24822 24826 24828 24838 24848 24854 24864 24869 24873 24880 24888 24898 24904 24906 24910
24918 24926 24932 24941 24942 24947 24951 24958 24961 24965 24971 24977 24987 24991 24997 25000 25004 25011
25017 25022 25029 25036 25042 25043 25044 25053 25062 25063 25068 25075 25083 25091 25097 25107 25108 25118
25120 25122 25126 25131 25137 25147 25149 25155 25159 25161 25165 25171 25175 25178 25180 25182 25190 25191
25197 25199 25200 25208 25212 25213 25217 25224 25233 25237 25241 25249 25252 25262 25269 25272 25274 25281
25284 25290 25291 25296 25297 25307 25314 25322 25330 25331 25341 25346 25352 25361 25366 25369 25373 25374
25384 25385 25393 25402 25404 25412 25418 25421 25431 25441 25449 25455 25462 25469 25478 25483 25488 25494
25499 25503 25513 25521 25528 25534 25541 25546 25553 25559
