15908 15915 15920 15930 15939 15945 15952 15961 15963 15973 15981 15986 15994 15998 16004 16013 16015 16023
16028 16030 16039 16040 16044 16053 16054 16058 16068 16074 16083 16090 16093 16101 16110 16116 16124 16129
16132 16141 16151 16158 16161 16165 16169 16173 16175 16178 16183 16188 16190 16194 16204 16210 16212 16218
16226 16227 16232 16234 16235 16239 16247 16248 16258 16261 16267 16274 16279 16286 16294 16300 16303 16313
16317 16326 16333 16342 16349 16358 16360 16368 16372 16379 16386 16394 16399 16403 16410 16414 16424 16427
16436 16445 16447 16448 16456 16464 16465 16474 16482 16492 16495 16499 16506 16516 16526 16536 16546 16556
16559 16564 16568 16576 16578 16582 16590 16600 16609 16617 16627 16633 16638 16645 16652 16661 16665 16666
16672 16677 16679 16686 16695 16697 16703 16711 16721 16722 16732 16736 16745 16748 16754 16756 16762 16768
16773 16776 16784 16790 16795 16805 16807 16814 16820 16825 16833 16836 16839 16849 16854 16863 16870 16880
16887 16888 16895 16898 16899 16906 16913 16923 16933 16941 16942 16952 16958 16964 16969 16977 16980 16988
16996 16997 17000 17001 17011 17014 17022 17023 17032 17033 17040 17042 17047 17054 17055 17064 17071 17081
17086 17096 17104 17107 17109 17118 17119 17120 17123 17132 17140 17142 17148 17150 17155 17158 17162 17164
17173 17183 17184 17192 17196 17199 17202 17206 17211 17216 17226 17228 17231 17237 17247 17250 17260 17268
17271 17280 17283 17293 17301 17302 17309 17319 17327 17336 17339 17341 17349 17352 17361 17363 17370 17374
17383 17392 17402 17403 17404 17410 17412 17415 17422 17432 17435 17442 17446 17448 17451 17461 17462 17471
17481 17487 17489 17490 17499 17500 17504 17505 17508 17512 17521 17527 17528 17538 17540 17550 17560 17565
17566 17569 17573 17579 17580 17582 17589 17599 17607 17616 17620 17622 17623 17628 17632 17638 17639 17649
17651 17659 17661 17666 17673 17674 17683 17688 17691 17699 17708 17709 17719 17725 17729 17732 17735 17740
17744 17747 17749 17758 17760 17764 17773 17782 17791 17800 17810 17819 17824 17829 17833 17837 17843 17845
17850 17855 17856 17860 17863 17873 17874 17878 17887 17895 17899 17908 17915 17917 17927 17929 17937 17947
17953 17961 17968 17973 17974 17976 17982 17990 17997 18001 18009 18016 18023 18027 18037 18045 18053 18059
18065 18071 18081 18089 18094 18098 18107 18115 18123 18128 18133 18137 18139 18146 18153 18161 18170 18178
18185 18192 18196 18197 18205 18206 18216 18225 18231 18233 18234 18238 18245 18246 18255 18263 18270 18271
18276 18278 18280 18289 18298 18302 18308 18316 18323 18329 18339 18340 18347 18349 18358 18363 18368 18377
18386 18391 18393 18395 18400 18404 18413 18420 18427 18429 18439 18446 18456 18461 18463 18472 18477 18486
18493 18496 18501 18510 18516 18523 18524 18534 18541 18542 18549 18556 18562 18564 18567 18568 18575 18583
18585 18592 18600 18604 18610 18616 18619 18629 18632 18639 18647 18650 18660 18664 18674 18679 18681 18685
18693 18702 18708 18712 18722 18723 18732 18735 18739 18742 18743 18751 18761 18765 18768 18769 18773 18774
18782 18788 18793 18798 18807 18817 18820 18829 18839 18846 18852 18858 18868 18872 18875 18885 18886 18888
18893 18902 18904 18906 18915 18921 18925 18928 18937 18939 18947 18955 18961 18969 18972 18981 18990 18997
19005 19011 19017 19020 19028 19033 19042 19048 19053 19057 19062 19069 19072 19079 19087 19090 19091 19092
19099 19107 19116 19118 19125 19130 19131 19138 19143 19153 19156 19166 19168 19178 19181 19186 19196 19202
19206 19207 19216 19222 19229 19235 19244 19245 19255 19260 19266 19273 19274 19283 19286 19289 19297 19300
19307 19309 19311 19320 19321 19326 19336 19342 19347 19357 19359 19361 19371 19379 19385 19389 19396 19402
19403 19406 19410 19412 19418 19421 19431 19438 19444 19451 19459 19461 19464 19465 19472 19475 19484 19494
19499 19508 19516 19520 19522 19525 19532 19533 19539 19547 19553 19562 19566 19570 19572 19582 19584 19586
19588 19590 19592 19595 19602 19608 19613 19618 19628 19636 19644 19654 19662 19672 19674 19680 19687 19694
19699 19702 19703 19708 19716 19720 19726 19731 19741 19743 19747 19749 19759 19766 19769 19778 19787 19792
19796 19803 19809 19814 19824 19833 19834 19842 19850 19852 19856 19864 19867 19868 19875 19881 19887 19889
19899 19908 19911 19912 19921 19926 19927 19931 19932 19933 19942 19947 19953 19958 19963 19967 19970 19974
19984 19993 20003 20007 20013 20019 20027 20035 20041 20044 20047 20056 20060 20066 20076 20077 20087 20093
20102 20105 20114 20119 20126 20127 20135 20143 20152 20158 20159 20167 20173 20180 20185 20186 20194 20198
20205 20206 20209 20210 20214 20224 20232 20234 20243 20246 20252 20260 20263 20271 20272 20273 20274 20284
20285 20291 20301 20309 20318 20320 20324 20325 20328 20331 20339 20345 20347 20354 20357 20361 20370 20377
20382 20383 20387 20391 20401 20402 20404 20412 20418 20422 20425 20428 20437 20444 20451 20457 20460 20466
20470 20471 20481 20483 20493 20500 20508 20515 20523 20528 20538 20546 20547 20556 20566 20569 20574 20584
20590 20591 20595 20600 20606 20615 20620 20624 20633 20642 20650 20654 20659 20663 20670 20679 20686 20691
20700 20710 20718 20721 20723 20731 20736 20738 20748 20751 20759 20768 20777 20787 20792 20798 20806 20816
20825 20831 20835 20838 20844 20845 20846 20850 20858 20863 20868 20878 20888 20892 20896 20900 20903 20907
20910 20912 20922 20932 20934 20941 20948 20952 20962 20964 20971 20977 20983 20991 21000 21002 21011 21019
21021 21023 21033 21041 21051 21055 21061 21069 21073 21080 21081 21083 21085 21092 21098 21107 21110 21119
21120 21127 21128 21134 21140 21142 21144 21154 21156 21165 21170 21176 21182 21185 21191 21200 21206 21210
21215 21223 21232 21233 21242 21245 21252 21258 21259 21260 21264 21265 21268 21277 21281 21286 21291 21301
21308 21318 21323 21327 21329 21333 21338 21343 21344 21353 21354 21361 21367 21369 21378 21388 21392 21393
21394 21400 21401 21407 21415 21424 21430 21431 21440 21449 21459 21468 21475 21477 21480 21483 21486 21488
21495 21502 21503 21510 21513 21523 21525 21528 21532 21533 21539 21548 21554 21560 21568 21578 21588 21594
21600 21604 21614 21617 21622 21625 21634 21639 21640 21646 21648 21655 21665 21668 21676 21684 21690 21693
21699 21700 21701 21711 21713 21722 21728 21733 21735 21736 21741 21743 21749 21755 21764 21765 21769 21775
21785 21795 21803 21811 21816 21819 21828 21838 21848 21858 21865 21874 21877 21887 21889 21899 21906 21907
21911 21912 21914 21919 21928 21934 21940 21950 21959 21967 21968 21971 21974 21977 21978 21983 21993 21995
21999 22009 22010 22019 22022 22025 22034 22036 22040 22049 22050 22056 22065 22075 22080 22084 22089 22092
22093 22094 22097 22098 22102 22104 22113 22119 22123 22133 22136 22137 22147 22152 22159 22162 22165 22167
22177 22178 22185 22192 22197 22202 22204 22205 22214 22218 22221 22229 22235 22243 22247 22257 22258 22268
22270 22274 22279 22284 22287 22290 22298 22299 22303 22310 22312 22318 22319 22324 22327 22335 22336 22343
22349 22356 22358 22361 22370 22376 22378 22385 22386 22390 22396 22399 22402 22407 22417 22427 22433 22441
22442 22452 22455 22464 22468 22476 22479 22485 22490 22496 22500 22508 22510 22514 22521 22529 22532 22542
22548 22553 22558 22563 22573 22579 22584 22592 22595 22601 22603 22606 22608 22609 22618 22627 22633 22637
22643 22653 22655 22658 22662 22672 22676 22686 22688 22691 22696 22699 22708 22713 22717 22719 22727 22733
22739 22742 22751 22752 22761 22771 22777 22782 22783 22788 22793 22794 22797 22806 22816 22823 22827 22831
22832 22837 22843 22850 22854 22857 22866 22871 22879 22883 22890 22898 22902 22911 22914 22917 22926 22927
22931 22938 22942 22948 22952 22957 22960 22970 22973 22982 22984 22992 23002 23005 23010 23019 23021 23025
23034 23036 23039 23049 23054 23058 23068 23074 23080 23089 23096 23099 23107 23113 23115 23123 23131 23137
23138 23148 23150 23159 23165 23174 23183 23185 23194 23196 23198 23203 23211 23215 23222 23228 23233 23238
23248 23258 23268 23276 23282 23284 23293 23296 23305 23315 23316 23322 23326 23335 23339 23346 23354 23358
23362 23364 23372 23379 23385 23394 23404 23405 23409 23410 23419 23421 23425 23428 23429 23437 23440 23441
23448 23455 23460 23462 23464 23467 23474 23482 23486 23495 23505 23507 23508 23518 23520 23527 23531 23537
23545 23547 23552 23559 23563 23564 23570 23579 23583 23588 23589 23593 23598 23604 23610 23618 23626 23628
23637 23640 23643 23644 23650 23654 23658 23663 23672 23681 23687 23694 23695 23702 23712 23714 23717 23718
23720 23725 23731 23736 23739 23745 23754 23764 23766 23774 23776 23783 23791 23797 23806 23808 23818 23824
23832 23833 23838 23844 23853 23862 23868 23877 23884 23890 23891 23901 23909 23916 23922 23923 23929 23930
23934 23941 23942 23946 23948 23954 23961 23967 23970 23975 23980 23982 23984 23994 24001 24009 24013 24021
24022 24027 24028 24035 24040 24043 24049 24058 24065 24071 24077 24083 24091 24092 24093 24098 24108 24111
24113 24118 24123 24130 24136 24146 24150 24157 24166 24170 24176 24185 24191 24194 24202 24207 24210 24214
24220 24223 24226 24235 24238 24243 24253 24254 24261 24270 24272 24276 24284 24290 24297 24299 24304 24310
24317 24323 24327 24330 24335 24343 24345 24347 24349 24352 24357 24365 24372 24373 24380 24384 24388 24395
24404 24406 24408 24417 24419 24420 24424 24425 24433 24438 24447 24456 24462 24472 24477 24478 24485 24486
24487 24488 24495 24502 24505 24511 24512 24513 24522 24531 24539 24544 24552 24554 24561 24563 24570 24571
24580 24583 24589 24590 24593 24594 24596 24605 24610 24613 24621 24623 24630 24633 24638 24647 24654 24658
24662 24663 24669 24677 24682 24691 24692 24699 24700 24703 24707 24712 24722 24729 24732 24737 24739 24742
24743 24749 24757 24761 24763 24770 24780 24785 24788 24793 24796 24800 24805 24810 24817 24821 24829 24839
24849 24857 24859 24863 24866 24871 24877 24882 24883 24887 24895 24902 24908 24912 24917 24927 24929 24936
24945 24947 24957 24965 24968 24975 24981 24989 24993 24997 25003 25009 25012 25014 25018 25025 25032 25041
25046 25048 25058 25060 25062 25066 25073 25074 25078 25079 25085 25092 25099 25105 25113 25116 25122 25124
25125 25128 25131 25136 25139 25147 25152 25159 25166 25169 25179 25182 25190 25197 25200 25209 25214 25216
25220 25228 25235 25239 25245 25254 25256 25261 25271 25273 25276 25277 25281 25287 25290 25297 25299 25301
25303 25304 25313 25321 25329 25337 25345 25347 25354 25363 25370 25380 25381 25382 25391 25399 25404 25410
25419 25422 25432 25438 25440 25442 25444 25447 25451 25459 25467 25476 25481 25491 25494 25496 25505 25513
25522 25527 25537 25546 25548 25556 25566 25574 25579 25585 25586 25593 25596 25605 25611 25615 25620 25621
25623 25629 25633 25639 25642 25646 25652 25656 25665 25667 25669 25675 25681 25685 25694 25703 25704 25710
25719 25729 25738 25743 25748 25753 25754 25762 25769 25774 25775 25785 25792 25794 25795 25802 25804 25812
25814 25817 25820 25824 25832 25834 25843 25850 25859 25864 25871 25879 25882 25885 25889 25891 25897 25907
25909 25910 25913 25918 25925 25935 25939 25945 25946 25950 25958 25963 25966 25976 25983 25989 25992 25999
26009 26014 26018 26021 26028 26034 26043 26049 26057 26062 26069 26073 26078 26080 26087 26092 26093 26096
26101 26111 26117 26126 26135 26141 26149 26158 26161 26167 26177 26178 26187 26188 26197 26201 26206 26213
26218 26220 26224 26227 26230 26231 26241 26245 26255 26258 26266 26275 26281 26289 26292 26297 26302 26306
26308 26312 26319 26328 26335 26339 26347 26354 26358 26364 26366 26372 26382 26390 26398 26405 26411 26414
26422 26429 26437 26443 26449 26457 26461 26462 26468 26475 26477 26479 26486 26490 26497 26503 26504 26506
26511 26515 26520 26521 26529 26539 26545 26547 26556 26566 26569 26575 26577 26587 26596 26600 26602 26612
26613 26618 26626 26633 26635 26639 26644 26647 26654 26664 26668 26675 26682 26685 26695 26705 26712 26714
26722 26725 26732 26736 26745 26749 26757 26767 26772 26776 26785 26793 26801 26805 26814 26823 26825 26832
26842 26844 26853 26854 26857 26864 26868 26872 26875 26876 26879 26881 26890 26891 26898 26907 26910 26911
26918 26920 26929 26939 26944 26953 26961 26963 26967 26969 26972 26978 26983 26991 26995 26999 27009 27019
27024 27031 27040 27047 27054 27055 27061 27069 27078 27084 27087 27091 27093 27096 27098 27104 27107 27116
27117 27126 27129 27131 27135 27139 27142 27143 27151 27153 27154 27155 27162 27169 27173 27178 27180 27187
27193 27198 27204 27213 27222 27231 27232 27239 27248 27249 27253 27261 27269 27273 27280 27285 27293 27294
27303 27312 27316 27321 27322 27327 27332 27340 27346 27352 27357 27363 27369 27373 27381 27387 27396 27405
27407 27410 27413 27417 27424 27425 27430 27438 27448 27452 27454 27463 27464 27470 27471 27478 27480 27489
27493 27502 27506 27515 27518 27520 27530 27533 27542 27550 27560 27568 27578 27581 27588 27598 27608 27617
27618 27628 27634 27644 27654 27663 27664 27669 27674 27677 27679 27680 27685 27693 27697 27699 27708 27715
27721 27730 27731 27738 27742 27747 27751 27761 27767 27771 27780 27781 27786 27796 27798 27803 27807 27811
27817 27819 27827 27836 27838 27841 27844 27850 27860 27861 27863 27873 27876 27882 27890 27894 27900 27903
27905 27906 27912 27918 27919 27921 27930 27935 27943 27948 27953 27962 27966 27975 27982 27985 27993 27994
28004 28012 28015 28023 28028 28035 28040 28043 28052 28059 28064 28071 28076 28082 28084 28092 28101 28102
28112 28117 28127 28130 28132 28136 28143 28152 28158 28167 28168 28171 28181 28191 28195 28204 28212 28215
28222 28226 28232 28235 28239 28245 28250 28257 28262 28263 28273 28283 28292 28298 28306 28312 28319 28327
28333 28342 28351 28356 28360 28365 28373 28383 28385 28388 28395 28405 28414 28424 28432 28433 28440 28450
28457 28463 28466 28472 28477 28478 28488 28494 28504 28513 28518 28520 28529 28532 28542 28545 28553 28555
28559 28565 28574 28580 28581 28587 28596 28600 28610 28620 28622 28625 28627 28630 28637 28639 28641 28649
28658 28668 28675 28677 28682 28685 28693 28696 28701 28710 28720 28724 28734 28744 28746 28748 28750 28759
28768 28772 28778 28786 28788 28793 28803 28808 28812 28816 28823 28830 28838 28845 28850 28857 28863 28864
28868 28874 28882 28892 28899 28907 28908 28912 28913 28922 28926 28935 28944 28950 28957 28966 28976 28977
28985 28993 29003 29007 29011 29019 29029 29033 29037 29046 29048 29055 29056 29066 29067 29070 29077 29078
29087 29092 29099 29102 29106 29114 29124 29126 29127 29130 29138 29139 29142 29150 29154 29161 29165 29168
29170 29180 29184 29191 29194 29199 29203 29208 29209 29214 29215 29223 29224 29228 29235 29236 29242 29251
29260 29270 29280 29284 29291 29301 29305 29313 29315 29323 29328 29332 29333 29336 29339 29343 29350 29351
29360 29370 29371 29373 29380 29390 29393 29395 29396 29405 29409 29414 29420 29426 29436 29442 29444 29451
29453 29462 29466 29474 29482 29490 29500 29501 29502 29512 29514 29522 29531 29532 29542 29552 29556 29561
29564 29565 29568 29576 29586 29594 29601 29611 29613 29617 29621 29628 29637 29643 29647 29650 29657 29664
29673 29677 29685 29689 29691 29700 29709 29710 29719 29721 29724 29728 29733 29736 29740 29744 29751 29758
29759 29764 29774 29775 29777 29786 29787 29792 29800 29805 29810 29820 29827 29832 29839 29846 29851 29860
29869 29874 29883 29891 29897 29900 29906 29914 29920 29922 29925 29935 29938 29946 29956 29958 29961 29968
29971 29976 29983 29991 29997 30003 30004 30010 30012 30021 30028 30036 30039 30046 30047 30052 30057 30064
30066 30075 30076 30082 30092 30095 30103 30112 30113 30116 30118 30128 30136 30143 30147 30150 30159 30169
30172 30175 30177 30184 30190 30193 30200 30210 30217 30219 30229 30236 30241 30248 30255 30264 30268 30278
30288 30293 30300 30305 30310 30315 30321 30322 30324 30332 30338 30345 30351 30353 30360 30370 30379 30381
30384 30393 30394 30396 30402 30411 30417 30426 30427 30435 30438 30442 30444 30448 30456 30465 30472 30480
30487 30493 30503 30513 30518 30526 30527 30528 30534 30540 30549 30556 30566 30575 30584 30585 30589 30594
30600 30609 30614 30621 30627 30635 30643 30646 30653 30663 30671 30679 30688 30694 30698 30706 30707 30709
30710 30718 30727 30732 30741 30745 30749 30750 30757 30762 30772 30779 30787 30791 30793 30801 30806 30811
30820 30823 30830 30836 30846 30847 30853 30854 30860 30867 30874 30884 30887 30892 30901 30902 30909 30914
30917 30921 30931 30935 30937 30943 30945 30948 30949 30958 30967 30977 30987 30997 31002 31007 31016 31020
31022 31023 31025 31026 31031 31038 31041 31046 31047 31056 31062 31064 31072 31078 31086 31095 31101 31108
31118 31125 31128 31137 31145 31150 31157 31160 31166 31170 31179 31181 31189 31199 31205 31208 31211 31218
31220 31228 31230 31236 31244 31247 31257 31261 31262 31263 31268 31271 31278 31281 31288 31289 31296 31304
31314 31322 31327 31330 31333 31341 31348 31349 31355 31360 31368 31376 31378 31384 31389 31399 31404 31408
31416 31426 31429 31437 31445 31455 31456 31463 31469 31475 31480 31483 31493 31500 31502 31504 31514 31521
31528 31535 31538 31548 31554 31558 31568 31576 31581 31589 31592 31600 31604 31609 31612 31614 31615 31618
31620 31626 31636 31639 31642 31650 31660 31664 31670 31676 31679 31681 31685 31686 31696 31704 31714 31724
31734 31744 31748 31757 31765 31773 31780 31786 31791 31794 31804 31812 31814 31819 31821 31828 31838 31848
31858 31867 31877 31882 31890 31896 31906 31915 31916 31919 31924 31928 31931 31935 31937 31945 31949 31957
31961 31964 31969 31979 31982 31987 31991 31993 31999 32008 32012 32019 32021 32022 32024 32029 32037 32042
32047 32054 32060 32067 32077 32080 32081 32083 32089 32095 32100 32108 32118 32128 32131 32137 32141 32149
32157 32160 32170 32174 32179 32183 32189 32191 32201 32210 32212 32217 32218 32224 32226 32233 32235 32237
32247 32250 32260 32269 32277 32279 32285 32294 32295 32304 32311 32313 32318 32328 32330 32332 32333 32335
32340 32347 32356 32362 32366 32373 32378 32380 32386 32389 32392 32398 32403 32412 32418 32425 32431 32434
32436 32443 32448 32450 32452 32456 32461 32463 32473 32479 32486 32487 32490 32500 32502 32509 32513 32520
32525 32533 32534 32536 32545 32554 32560 32564 32573 32575 32576 32583 32589 32590 32592 32600 32601 32605
32607 32616 32619 32620 32630 32632 32634 32635 32641 32649 32651 32654 32664 32669 32676 32685 32692 32702
32708 32713 32719 32729 32737 32741 32748 32751 32759 32764 32768 32777 32780 32784 32789 32793 32802 32811
32813 32820 32824 32829 32834 32838 32846 32854 32857 32858 32867 32871 32879 32889 32895 32903 32907 32909
32917 32926 32930 32931 32937 32947 32948 32957 32961 32962 32967 32968 32978 32985 32991 32992 32995 33004
33005 33006 33015 33025 33032 33037 33038 33048 33058 33066 33071 33074 33080 33083 33089 33094 33099 33102
33108 33110 33117 33119 33121 33127 33128 33130 33133 33142 33152 33159 33162 33166 33173 33174 33175 33179
33185 33189 33196 33200 33201 33209 33212 33217 33224 33228 33231 33234 33243 33249 33254 33255 33259 33261
33269 33277 33283 33284 33290 33291 33292 33299 33309 33311 33320 33327 33329 33337 33343 33346 33356 33359
33363 33371 33378 33382 33388 33389 33390 33392 33396 33402 33412 33419 33423 33430 33436 33444 33447 33451
33460 33462 33472 33474 33475 33482 33487 33495 33500 33509 33516 33522 33528 33534 33536 33543 33550 33555
33560 33570 33572 33574 33579 33584 33593 33598 33604 33607 33609 33611 33618 33623 33633 33638 33640 33643
33650 33656 33657 33667 33671 33672 33679 33686 33691 33695 33698 33703 33711 33717 33718 33727 33733 33742
33749 33750 33760 33767 33774 33784 33789 33798 33808 33817 33826 33830 33840 33844 33852 33862 33869 33870
33871 33880 33884 33885 33893 33897 33907 33910 33914 33922 33931 33939 33945 33953 33959 33969 33970 33977
33978 33988 33989 33993 33997 34005 34008 34009 34013 34021 34023 34031 34032 34035 34044 34048 34052 34055
34056 34061 34065 34071 34072 34073 34074 34080 34084 34091 34100 34101 34110 34113 34115 34118 34124 34126
34136 34138 34141 34142 34150 34151 34154 34159 34163 34169 34171 34181 34184 34189 34197 34201 34211 34219
34221 34223 34233 34240 34244 34253 34256 34257 34261 34269 34279 34287 34297 34305 34310 34317 34326 34332
34337 34344 34349 34350 34359 34366 34370 34376 34383 34385 34391 34392 34396 34403 34406 34412 34413 34418
34425 34432 34442 34452 34458 34467 34477 34480 34490 34495 34498 34503 34504 34513 34517 34518 34521 34527
34528 34536 34542 34544 34548 34558 34567 34574 34578 34587 34595 34600 34604 34607 34615 34621 34626 34631
34640 34641 34643 34644 34649 34653 34660 34666 34676 34677 34680 34683 34689 34691 34701 34702 34710 34719
34722 34729 34733 34740 34749 34755 34761 34769 34772 34775 34784 34789 34795 34799 34808 34817 34825 34826
34827 34836 34844 34846 34854 34863 34870 34871 34879 34887 34892 34898 34907 34914 34919 34924 34931 34937
34947 34956 34964 34967 34976 34984 34990 34998 35002 35003 35006 35009 35010 35019 35021 35030 35032 35034
35037 35041 35044 35051 35058 35066 35076 35077 35086 35095 35103 35113 35119 35124 35126 35136 35145 35146
35147 35152 35162 35172 35180 35188 35190 35197 35204 35205 35208 35212 35221 35227 35237 35240 35247 35252
35260 35262 35268 35272 35282 35286 35295 35305 35311 35319 35322 35324 35329 35337 35347 35355 35364 35369
35379 35380 35385 35395 35402 35412 35418 35420 35424 35429 35438 35441 35443 35449 35450 35456 35466 35475
35484 35489 35490 35497 35504 35506 35510 35513 35523 35524 35532 35538 35543 35549 35552 35556 35558 35564
35566 35574 35583 35593 35597 35606 35608 35610 35613 35621 35631 35633 35637 35645 35649 35650 35654 35660
35670 35679 35684 35686 35694 35699 35709 35712 35718 35723 35726 35736 35745 35753 35763 35767 35770 35777
35779 35788 35790 35793 35799 35807 35813 35820 35825 35826 35832 35834 35843 35850 35853 35861 35870 35875
35884 35890 35897 35901 35906 35909 35910 35913 35916 35917 35923 35929 35939 35948 35953 35958 35960 35970
35973 35979 35982 35985 35994 35999 36006 36009 36011 36016 36022 36029 36036 36040 36050 36055 36064 36071
36080 36081 36089 36095 36103 36109 36112 36115 36125 36133 36142 36146 36150 36157 36162 36171 36175 36178
36179 36187 36196 36198 36208 36211 36213 36216 36223 36225 36226 36232 36233 36237 36241 36247 36256 36260
36264 36268 36272 36279 36281 36290 36294 36302 36304 36309 36318 36323 36330 36338 36348 36350 36353 36358
36368 36371 36378 36387 36397 36400 36406 36408 36415 36418 36424 36433 36435 36442 36448 36455 36462 36464
36466 36474 36479 36485 36487 36494 36496 36498 36506 36510 36516 36523 36530 36537 36547 36556 36557 36561
36565 36573 36582 36585 36587 36597 36600 36606 36613 36618 36622 36632 36640 36650 36656 36658 36667 36673
36677 36682 36691 36697 36707 36716 36724 36725 36732 36733 36734 36738 36741 36750 36752 36762 36765 36773
36777 36784 36794 36796 36804 36806 36808 36817 36819 36827 36830 36836 36838 36839 36844 36847 36855 36865
36866 36871 36880 36886 36887 36897 36903 36910 36917 36919 36922 36927 36935 36943 36947 36949 36956 36960
36969 36977 36982 36985 36989 36991 36999 37008 37009 37018 37028 37032 37033 37035 37036 37046 37047 37049
37057 37064 37067 37073 37080 37088 37091 37093 37095 37105 37110 37120 37130 37137 37139 37143 37147 37153
37154 37157 37166 37176 37181 37187 37190 37194 37199 37208 37217 37218 37223 37231 37236 37240 37248 37258
37266 37271 37276 37280 37281 37290 37291 37292 37296 37300 37310 37312 37319 37326 37327 37329 37337 37345
37349 37353 37361 37371 37376 37380 37389 37395 37405 37415 37419 37424 37432 37433 37441 37450 37456 37460
37465 37469 37474 37479 37483 37489 37491 37496 37498 37505 37509 37510 37518 37528 37537 37542 37544 37553
37558 37561 37570 37576 37586 37590 37595 37605 37615 37616 37624 37625 37627 37632 37639 37649 37653 37659
37661 37669 37672 37679 37680 37684 37694 37695 37696 37700 37703 37713 37714 37718 37720 37726 37728 37735
37736 37738 37741 37747 37750 37756 37766 37776 37786 37793 37795 37796 37803 37809 37811 37816 37821 37830
37831 37837 37838 37839 37844 37845 37847 37849 37850 37858 37867 37876 37883 37884 37888 37898 37902 37911
37917 37919 37927 37928 37929 37934 37941 37951 37959 37960 37962 37966 37974 37977 37981 37991 37998 38004
38014 38023 38028 38031 38040 38046 38056 38062 38072 38073 38083 38085 38089 38090 38099 38104 38113 38118
38121 38130 38140 38150 38151 38158 38168 38169 38172 38178 38180 38182 38188 38193 38198 38199 38200 38206
38207 38216 38226 38234 38235 38241 38245 38253 38259 38269 38273 38278 38279 38283 38292 38301 38310 38312
38317 38319 38323 38326 38329 38331 38333 38340 38342 38350 38360 38361 38367 38370 38375 38384 38392 38402
38403 38411 38412 38420 38430 38436 38442 38447 38448 38452 38461 38462 38469 38474 38483 38492 38502 38507
38512 38522 38532 38540 38547 38553 38558 38567 38575 38585 38593 38596 38606 38614 38618 38623 38628 38630
38638 38646 38656 38661 38668 38677 38679 38684 38690 38692 38701 38707 38711 38719 38726 38734 38735 38745
38749 38750 38760 38767 38775 38782 38789 38792 38799 38806 38810 38814 38820 38825 38834 38838 38844 38852
38861 38871 38878 38887 38897 38905 38915 38923 38931 38934 38939 38940 38945 38949 38959 38960 38967 38969
38974 38984 38986 38995 39002 39011 39016 39019 39024 39033 39041 39042 39049 39052 39062 39065 39067 39076
39086 39090 39091 39101 39103 39110 39119 39128 39132 39133 39143 39145 39154 39162 39172 39173 39182 39186
39191 39195 39203 39212 39217 39227 39235 39239 39245 39249 39255 39261 39267 39272 39276 39282 39286 39292
39302 39303 39304 39308 39309 39311 39321 39329 39332 39342 39349 39352 39360 39367 39375 39385 39386 39393
39403 39411 39418 39426 39429 39430 39431 39440 39443 39450 39451 39458 39464 39470 39472 39473 39480 39486
39496 39504 39514 39515 39519 39524 39525 39533 39534 39536 39544 39551 39555 39557 39564 39573 39574 39580
39587 39590 39598 39599 39605 39613 39614 39619 39623 39630 39631 39633 39638 39639 39649 39652 39655 39658
39660 39667 39668 39669 39670 39673 39675 39678 39684 39687 39696 39701 39705 39708 39713 39716 39719 39721
39727 39735 39745 39749 39755 39757 39763 39773 39782 39789 39790 39798 39802 39806 39809 39815 39824 39825
39828 39833 39835 39836 39844 39853 39863 39871 39879 39889 39898 39903 39913 39920 39929 39936 39939 39944
39953 39956 39962 39964 39971 39975 39984 39994 40001 40002 40006 40010 40020 40024 40027 40029 40032 40037
40045 40052 40062 40065 40073 40081 40083 40085 40091 40095 40101 40108 40114 40115 40123 40126 40133 40143
40147 40154 40157 40159 40166 40172 40177 40180 40182 40192 40197 40198 40200 40208 40218 40219 40225 40227
40233 40242 40247 40257 40261 40267 40273 40283 40284 40290 40299 40307 40316 40321 40322 40326 40331 40332
40337 40347 40351 40359 40365 40369 40377 40384 40393 40402 40403 40409 40417 40422 40430 40438 40448 40457
40463 40465 40466 40468 40475 40480 40488 40494 40503 40513 40522 40529 40532 40540 40542 40550 40558 40566
40576 40579 40581 40590 40599 40609 40616 40620 40624 40634 40642 40649 40656 40663 40673 40682 40686 40693
40702 40704 40710 40715 40719 40726 40730 40736 40742 40750 40758 40763 40770 40774 40783 40790 40791 40795
40802 40811 40815 40818 40828 40833 40834 40836 40845 40853 40861 40867 40877 40885 40891 40893 40897 40902
40903 40906 40909 40914 40920 40923 40928 40936 40946 40954 40958 40967 40969 40970 40971 40980 40990 40998
41001 41003 41007 41015 41018 41028 41034 41044 41049 41058 41066 41071 41080 41090 41100 41108 41118 41128
41131 41135 41143 41146 41155 41160 41161 41170 41171 41178 41182 41189 41191 41199 41204 41211 41212 41216
41218 41219 41229 41233 41235 41239 41248 41252 41260 41261 41268 41270 41273 41278 41284 41293 41297 41302
41312 41318 41319 41322 41332 41340 41349 41356 41363 41368 41371 41373 41381 41383 41393 41399 41409 41417
41418 41421 41424 41434 41435 41437 41439 41449 41457 41467 41475 41485 41489 41490 41496 41500 41505 41512
41520 41529 41533 41539 41542 41543 41551 41556 41559 41565 41574 41575 41578 41587 41588 41592 41602 41605
41607 41617 41618 41626 41630 41634 41635 41637 41647 41654 41659 41669 41679 41686 41696 41700 41710 41716
41724 41729 41734 41735 41744 41753 41760 41765 41771 41777 41786 41795 41798 41805 41815 41821 41831 41833
41842 41851 41856 41862 41863 41869 41872 41876 41878 41881 41889 41896 41903 41904 41906 41911 41919 41921
41929 41930 41938 41939 41947 41953 41960 41968 41974 41981 41991 41999 42006 42012 42017 42019 42021 42025
42034 42040 42045 42048 42049 42054 42062 42071 42075 42082 42092 42096 42103 42110 42114 42121 42125 42134
42141 42145 42147 42154 42157 42160 42168 42174 42179 42182 42185 42191 42197 42201 42206 42207 42213 42220
42222 42227 42229 42232 42240 42242 42247 42248 42250 42251 42255 42257 42264 42267 42272 42277 42285 42293
42299 42307 42312 42316 42319 42322 42332 42334 42343 42352 42356 42363 42369 42373 42375 42385 42389 42396
42399 42403 42406 42413 42422 42427 42435 42442 42445 42453 42462 42466 42472 42476 42478 42487 42491 42497
42502 42503 42507 42512 42517 42522 42524 42531 42532 42539 42546 42554 42563 42564 42572 42573 42581 42588
42592 42600 42601 42602 42604 42605 42615 42621 42622 42629 42632 42639 42640 42647 42652 42659 42665 42674
42679 42680 42690 42691 42698 42701 42703 42708 42718 42724 42727 42734 42740 42742 42743 42745 42751 42752
42754 42764 42771 42779 42786 42787 42792 42793 42795 42802 42806 42816 42826 42827 42831 42832 42840 42848
42852 42857 42867 42876 42879 42887 42894 42901 42909 42916 42922 42924 42934 42944 42945 42951 42953 42961
42966 42972 42976 42980 42990 42991 42995 43000 43001 43005 43012 43017 43024 43031 43040 43048 43049 43059
43065 43067 43070 43071 43077 43087 43088 43092 43101 43109 43112 43119 43122 43131 43133 43141 43145 43150
43159 43162 43171 43176 43178 43180 43188 43189 43199 43209 43218 43224 43226 43228 43236 43243 43250 43259
43261 43263 43264 43265 43270 43274 43283 43284 43290 43298 43304 43310 43320 43321 43324 43328 43332 43337
43342 43352 43360 43361 43362 43365 43371 43376 43384 43385 43388 43394 43400 43405 43410 43419 43428 43435
43445 43450 43452 43462 43467 43473 43475 43478 43479 43483 43489 43497 43500 43508 43511 43515 43522 43532
43535 43545 43551 43561 43564 43566 43567 43569 43572 43577 43584 43585 43595 43602 43612 43614 43622 43630
43637 43645 43648 43649 43659 43664 43673 43674 43682 43685 43690 43692 43699 43706 43713 43722 43731 43740
43750 43751 43752 43760 43768 43771 43780 43785 43793 43801 43810 43816 43820 43827 43832 43838 43845 43848
43855 43858 43862 43870 43872 43874 43878 43886 43889 43895 43900 43906 43910 43913 43919 43922 43931 43938
43940 43945 43952 43958 43963 43969 43972 43980 43981 43984 43990 43995 43997 44006 44012 44015 44019 44026
44031 44037 44045 44052 44057 44061 44069 44072 44076 44081 44090 44092 44095 44096 44098 44104 44113 44121
44125 44135 44144 44153 44158 44167 44174 44175 44182 44185 44191 44199 44205 44214 44222 44232 44233 44238
44243 44246 44249 44250 44255 44261 44262 44267 44277 44286 44296 44298 44308 44317 44325 44331 44333 44337
44346 44351 44361 44370 44373 44378 44383 44392 44399 44406 44407 44410 44416 44423 44424 44431 44435 44439
44442 44451 44460 44468 44477 44486 44489 44496 44498 44504 44511 44514 44522 44526 44531 44537 44544 44545
44548 44555 44564 44567 44576 44579 44583 44591 44601 44610 44618 44627 44634 44640 44642 44644 44646 44656
44662 44663 44669 44672 44682 44689 44691 44698 44705 44710 44716 44725 44727 44737 44741 44750 44759 44766
44772 44780 44788 44796 44801 44809 44816 44826 44829 44832 44841 44847 44854 44855 44856 44866 44869 44877
44885 44886 44894 44895 44899 44901 44908 44916 44926 44929 44935 44942 44943 44944 44950 44955 44962 44972
44982 44984 44986 44994 44997 45000 45002 45007 45015 45021 45023 45028 45032 45036 45044 45051 45060 45066
45073 45075 45079 45084 45088 45093 45102 45108 45112 45118 45125 45132 45138 45142 45146 45151 45154 45160
45168 45172 45177 45187 45190 45193 45202 45212 45220 45229 45234 45238 45246 45256 45258 45262 45272 45281
45289 45290 45292 45302 45312 45314 45321 45326 45333 45334 45337 45345 45351 45361 45370 45380 45389 45394
45396 45401 45410 45417 45421 45422 45429 45434 45436 45439 45441 45446 45452 45461 45469 45472 45474 45476
45481 45482 45485 45494 45498 45499 45509 45511 45521 45531 45533 45534 45540 45547 45550 45560 45563 45568
45570 45574 45578 45579 45580 45588 45589 45596 45606 45609 45616 45622 45629 45638 45648 45652 45654 45656
45660 45666 45674 45679 45684 45691 45694 45698 45707 45714 45720 45726 45729 45733 45742 45743 45746 45749
45751 45760 45769 45770 45772 45774 45777 45783 45787 45790 45797 45803 45810 45818 45825 45826 45829 45835
45842 45845 45854 45855 45856 45861 45866 45869 45876 45879 45889 45893 45894 45901 45905 45912 45917 45920
45923 45927 45929 45938 45944 45952 45958 45965 45975 45978 45987 45994 46001 46010 46017 46027 46032 46034
46041 46047 46057 46058 46062 46069 46079 46081 46084 46088 46089 46095 46096 46104 46112 46119 46127 46137
46144 46153 46157 46165 46167 46170 46173 46183 46184 46192 46198 46200 46201 46206 46207 46211 46214 46221
46231 46234 46239 46241 46245 46246 46255 46264 46274 46276 46280 46281 46287 46289 46293 46294 46300 46305
46310 46316 46319 46323 46333 46336 46338 46340 46346 46356 46357 46367 46373 46381 46382 46384 46393 46400
46405 46414 46423 46431 46433 46435 46439 46445 46452 46461 46467 46469 46472 46473 46475 46481 46482 46488
46491 46497 46502 46512 46517 46524 46533 46537 46538 46548 46550 46559 46564 46574 46583 46592 46594 46599
46606 46611 46619 46623 46628 46635 46644 46647 46652 46654 46660 46669 46673 46681 46690 46695 46701 46710
46716 46718 46723 46726 46730 46732 46735 46738 46746 46747 46750 46754 46757 46760 46764 46768 46770 46771
46779 46782 46785 46791 46797 46800 46805 46810 46816 46821 46827 46831 46838 46847 46849 46859 46866 46874
46882 46892 46900 46910 46919 46920 46924 46927 46928 46932 46941 46949 46958 46962 46966 46971 46972 46981
46987 46988 46992 46996 47000 47005 47009 47012 47020 47027 47036 47043 47050 47052 47062 47070 47076 47079
47087 47093 47097 47102 47104 47113 47118 47125 47131 47138 47148 47158 47168 47178 47187 47196 47197 47202
47212 47216 47226 47234 47244 47248 47254 47264 47268 47272 47280 47288 47292 47300 47306 47309 47316 47325
47329 47339 47343 47347 47348 47349 47353 47359 47368 47369 47377 47379 47386 47390 47392 47399 47408 47412
47419 47424 47426 47427 47436 47441 47442 47444 47446 47455 47459 47461 47466 47469 47479 47481 47489 47492
47501 47506 47512 47517 47518 47522 47529 47531 47540 47545 47550 47559 47568 47569 47578 47587 47590 47591
47595 47598 47604 47610 47616 47623 47629 47631 47634 47642 47643 47644 47650 47653 47656 47659 47662 47666
47674 47680 47686 47688 47689 47691 47698 47702 47711 47716 47725 47733 47735 47745 47746 47755 47764 47765
47771 47774 47778 47785 47788 47793 47798 47803 47811 47815 47816 47825 47831 47839 47847 47852 47857 47860
47864 47869 47872 47874 47884 47894 47903 47912 47914 47921 47930 47935 47942 47943 47953 47962 47969 47979
47982 47989 47992 47994 48002 48008 48012 48018 48021 48024 48026 48032 48033 48035 48036 48041 48044 48050
48060 48064 48067 48069 48072 48074 48078 48079 48087 48094 48095 48098 48108 48113 48115 48120 48124 48128
48134 48139 48148 48157 48163 48168 48171 48173 48179 48181 48187 48192 48201 48207 48209 48215 48219 48221
48223 48231 48237 48247 48250 48252 48254 48256 48266 48273 48274 48278 48284 48286 48295 48305 48309 48311
48321 48328 48335 48340 48348 48356 48366 48375 48379 48380 48381 48388 48393 48396 48402 48403 48411 48412
48419 48427 48436 48444 48451 48459 48461 48466 48472 48482 48492 48499 48509 48511 48514 48515 48516 48523
48528 48535 48536 48546 48550 48560 48569 48578 48580 48590 48593 48597 48601 48610 48620 48621 48631 48635
48638 48643 48644 48652 48656 48657 48660 48668 48674 48683 48692 48696 48704 48714 48719 48727 48735 48737
48744 48754 48757 48762 48769 48777 48787 48792 48798 48803 48812 48822 48826 48833 48837 48839 48842 48844
48851 48856 48866 48876 48884 48891 48895 48896 48898 48908 48909 48913 48915 48922 48923 48931 48938 48947
48951 48953 48954 48958 48965 48970 48971 48977 48982 48984 48990 48999 49007 49015 49019 49020 49021 49028
49034 49036 49039 49042 49052 49054 49062 49063 49070 49077 49084 49086 49092 49093 49095 49096 49103 49112
49117 49119 49125 49130 49133 49135 49138 49142 49152 49153 49156 49163 49166 49176 49183 49189 49194 49199
49202 49207 49210 49220 49222 49230 49232 49235 49242 49247 49250 49253 49262 49266 49267 49270 49279 49285
49294 49304 49313 49322 49326 49336 49345 49350 49351 49353 49359 49362 49370 49378 49379 49386 49392 49396
49400 49408 49416 49423 49425 49430 49431 49432 49441 49442 49443 49452 49460 49463 49468 49477 49485 49490
49492 49502 49503 49511 49514 49524 49532 49539 49543 49544 49554 49555 49564 49570 49571 49574 49575 49580
49586 49595 49600 49604 49613 49619 49626 49633 49643 49649 49652 49661 49671 49676 49682 49688 49691 49693
49694 49701 49706 49707 49714 49720 49721 49730 49733 49740 49745 49751 49755 49760 49769 49771 49772 49775
49781 49789 49797 49801 49809 49816 49822 49823 49831 49840 49849 49852 49853 49863 49868 49869 49872 49879
49889 49891 49894 49899 49903 49907 49915 49920 49927 49937 49947 49955 49959 49962 49968 49977 49985 49988
49994 50002 50009 50012 50021 50025 50030 50032 50035 50039 50045 50052 50056 50065 50069 50073 50082 50085
50087 50093 50099 50105 50107 50112 50116 50118 50128 50133 50136 50141 50144 50149 50154 50155 50163 50168
50176 50180 50185 50192 50199 50208 50218 50222 50230 50231 50237 50238 50248 50251 50253 50257 50266 50267
50275 50282 50284 50287 50296 50298 50303 50305 50313 50322 50323 50327 50330 50340 50347 50350 50357 50366
50367 50368 50373 50380 50381 50384 50391 50401 50411 50413 50417 50418 50419 50429 50438 50445 50447 50448
50454 50455 50460 50466 50468 50477 50480 50483 50491 50500 50506 50509 50518 50525 50534 50540 50546 50548
50551 50552 50554 50556 50561 50571 50578 50583 50585 50592 50595 50604 50610 50614 50623 50626 50633 50634
50644 50652 50654 50663 50666 50672 50680 50688 50690 50700 50701 50705 50707 50710 50720 50727 50733 50739
50747 50749 50750 50759 50765 50767 50772 50774 50782 50790 50797 50807 50815 50818 50828 50835 50836 50844
50849 50854 50862 50863 50869 50870 50879 50886 50889 50891 50899 50900 50904 50905 50915 50922 50926 50936
50945 50953 50957 50966 50968 50971 50979 50982 50991 51000 51008 51013 51023 51028 51033 51042 51049 51057
51066 51068 51071 51077 51084 51093 51097 51106 51113 51118 51125 51128 51135 51144 51149 51155 51163 51170
51180 51188 51198 51201 51202 51211 51215 51218 51223 51224 51229 51231 51232 51242 51244 51245 51246 51250
51259 51268 51277 51281 51288 51289 51299 51305 51315 51324 51326 51336 51341 51348 51357 51362 51364 51369
51371 51381 51383 51389 51391 51396 51399 51404 51414 51422 51431 51436 51439 51446 51449 51459 51461 51463
51469 51474 51482 51486 51489 51499 51508 51513 51516 51520 51530 51539 51543 51545 51551 51552 51557 51564
51565 51573 51583 51592 51594 51602 51606 51614 51622 51624 51629 51632 51639 51640 51642 51649 51654 51661
51668 51671 51676 51685 51687 51694 51700 51704 51710 51719 51720 51728 51729 51735 51741 51743 51751 51754
51763 51771 51775 51778 51783 51790 51799 51801 51808 51809 51817 51819 51829 51837 51841 51847 51854 51864
51871 51872 51881 51888 51895 51904 51909 51912 51918 51922 51926 51930 51937 51943 51952 51960 51969 51972
51981 51985 51993 51994 51998 52002 52005 52014 52024 52029 52031 52041 52044 52054 52055 52056 52065 52073
52080 52086 52094 52102 52104 52108 52112 52121 52129 52134 52144 52152 52154 52155 52161 52162 52171 52180
52190 52192 52195 52203 52204 52211 52217 52226 52235 52245 52255 52256 52263 52269 52277 52282 52290 52297
52305 52312 52317 52322 52327 52336 52340 52344 52354 52360 52368 52370 52380 52389 52396 52404 52410 52418
52425 52433 52440 52444 52448 52450 52458 52460 52468 52469 52478 52488 52497 52500 52503 52510 52513 52522
52530 52534 52539 52545 52549 52558 52562 52566 52569 52578 52580 52590 52600 52609 52616 52623 52630 52636
52645 52646 52649 52658 52663 52667 52676 52679 52684 52688 52698 52708 52715 52722 52732 52735 52737 52740
52750 52752 52757 52760 52768 52773 52774 52779 52781 52783 52791 52793 52803 52805 52809 52814 52820 52821
52823 52828 52834 52839 52844 52851 52855 52865 52866 52871 52877 52879 52881 52890 52894 52900 52903 52907
52913 52923 52927 52937 52938 52939 52940 52943 52950 52957 52959 52962 52968 52977 52984 52989 52995 53004
53014 53016 53018 53019 53025 53029 53035 53040 53042 53048 53056 53061 53066 53074 53075 53083 53085 53092
53097 53106 53113 53118 53120 53121 53129 53130 53137 53147 53155 53161 53166 53175 53178 53180 53181 53191
53192 53194 53198 53207 53209 53219 53228 53238 53248 53253 53260 53266 53270 53278 53280 53285 53295 53303
53312 53319 53323 53326 53335 53340 53349 53353 53356 53365 53367 53376 53382 53391 53401 53403 53409 53412
53418 53419 53425 53426 53435 53436 53445 53450 53452 53457 53459 53469 53477 53486 53490 53496 53501 53502
53506 53508 53512 53513 53515 53521 53524 53532 53538 53547 53555 53563 53567 53568 53569 53572 53580 53589
53595 53599 53608 53612 53617 53623 53628 53631 53639 53646 53652 53657 53659 53660 53661 53667 53672 53679
53687 53689 53692 53695 53698 53699 53704 53709 53710 53715 53721 53729 53734 53743 53752 53758 53760 53762
53770 53776 53778 53780 53789 53797 53800 53808 53809 53815 53823 53824 53834 53844 53846 53856 53859 53860
53861 53869 53873 53874 53880 53884 53888 53897 53905 53908 53917 53927 53936 53940 53941 53945 53953 53957
53958 53961 53970 53971 53972 53976 53981 53991 53996 54000 54007 54017 54021 54025 54028 54033 54039 54043
54052 54058 54063 54071 54078 54080 54087 54092 54099 54108 54112 54120 54129 54135 54142 54145 54154 54164
54173 54178 54181 54184 54187 54193 54203 54209 54211 54214 54215 54218 54223 54225 54235 54241 54244 54252
54262 54270 54280 54283 54289 54290 54298 54301 54304 54307 54313 54316 54326 54327 54332 54342 54349 54356
54365 54367 54370 54375 54380 54386 54393 54402 54406 54413 54423 54424 54426 54434 54438 54446 54452 54459
54465 54466 54474 54483 54486 54495 54497 54501 54507 54508 54509 54518 54521 54528 54530 54536 54545 54551
54560 54569 54577 54578 54580 54584 54593 54597 54599 54605 54608 54612 54620 54625 54630 54638 54641 54643
54650 54658 54662 54668 54671 54675 54683 54693 54702 54705 54715 54721 54729 54738 54748 54756 54762 54764
54765 54769 54770 54780 54783 54793 54798 54801 54807 54814 54817 54826 54828 54834 54843 54845 54846 54850
54858 54859 54860 54863 54869 54873 54881 54891 54901 54907 54909 54910 54914 54920 54923 54932 54935 54937
54946 54947 54953 54961 54963 54972 54976 54985 54994 54995 55005 55010 55013 55015 55022 55030 55031 55038
55042 55048 55056 55062 55066 55074 55082 55087 55097 55106 55113 55123 55124 55127 55133 55135 55138 55148
55150 55157 55163 55168 55174 55182 55186 55190 55200 55206 55214 55219 55229 55239 55240 55243 55245 55253
55257 55266 55275 55282 55288 55292 55301 55302 55307 55310 55314 55323 55330 55332 55335 55337 55345 55347
55357 55358 55359 55360 55369 55370 55378 55380 55387 55391 55398 55404 55406 55414 55422 55424 55426 55429
55430 55440 55445 55447 55455 55456 55462 55467 55477 55485 55490 55496 55499 55502 55508 55517 55523 55526
55535 55545 55550 55557 55560 55570 55573 55580 55583 55592 55602 55610 55611 55617 55622 55623 55628 55631
55632 55639 55646 55654 55658 55659 55667 55675 55680 55687 55689 55694 55704 55714 55721 55731 55738 55741
55751 55759 55761 55767 55774 55775 55782 55786 55789 55797 55804 55807 55811 55821 55823 55832 55834 55842
55849 55852 55857 55866 55870 55874 55875 55876 55877 55885 55891 55899 55900 55903 55906 55912 55914 55915
55923 55931 55939 55946 55951 55958 55963 55972 55978 55987 55996 56002 56007 56010 56016 56019 56020 56027
56028 56035 56045 56052 56059 56063 56071 56073 56078 56086 56092 56098 56105 56108 56117 56127 56136 56137
56146 56147 56150 56155 56163 56170 56180 56183 56191 56200 56202 56209 56215 56223 56233 56234 56239 56248
56256 56257 56264 56266 56276 56278 56280 56282 56289 56293 56298 56305 56313 56314 56323 56331 56337 56345
56350 56360 56363 56367 56375 56381 56387 56397 56404 56406 56409 56410 56419 56420 56423 56426 56430 56433
56439 56447 56448 56456 56461 56468 56470 56473 56478 56487 56491 56501 56507 56510 56518 56519 56520 56525
56529 56537 56540 56541 56544 56553 56558 56568 56571 56573 56583 56587 56597 56600 56609 56614 56618 56626
56627 56629 56634 56636 56641 56643 56646 56656 56663 56672 56677 56678 56679 56688 56697 56704 56710 56718
56726 56730 56738 56745 56748 56753 56756 56765 56770 56774 56776 56786 56788 56791 56792 56798 56802 56811
56819 56823 56831 56833 56842 56849 56853 56855 56858 56868 56871 56879 56885 56893 56896 56898 56904 56909
56911 56917 56926 56932 56936 56942 56945 56955 56958 56965 56971 56973 56975 56982 56984 56988 56996 57005
57010 57012 57015 57019 57026 57033 57043 57052 57062 57067 57074 57075 57077 57085 57094 57096 57106 57112
57122 57123 57127 57130 57134 57142 57151 57154 57156 57158 57168 57173 57179 57181 57191 57194 57202 57208
57214 57217 57225 57229 57232 57238 57248 57254 57256 57265 57275 57276 57283 57291 57296 57303 57307 57309
57317 57325 57329 57339 57349 57350 57355 57358 57364 57373 57381 57386 57393 57394 57402 57409 57416 57421
57426 57429 57433 57438 57439 57448 57449 57450 57452 57453 57455 57463 57470 57473 57483 57484 57491 57497
57506 57510 57515 57522 57525 57533 57536 57546 57551 57558 57565 57573 57580 57588 57594 57603 57609 57619
57622 57629 57632 57636 57641 57643 57644 57647 57648 57653 57661 57664 57673 57681 57683 57686 57690 57699
57701 57702 57709 57712 57721 57726 57728 57731 57737 57742 57743 57748 57757 57766 57770 57776 57777 57779
57788 57798 57803 57813 57822 57832 57842 57850 57858 57864 57868 57876 57879 57883 57888 57892 57899 57903
57905 57914 57919 57928 57932 57940 57948 57952 57958 57968 57977 57980 57990 57992 57998 58006 58009 58012
58016 58025 58026 58036 58042 58049 58050 58054 58060 58068 58071 58073 58079 58082 58088 58091 58101 58105
58112 58118 58121 58124 58129 58132 58136 58141 58149 58155 58156 58158 58165 58175 58181 58190 58196 58200
58209 58219 58228 58233 58236 58238 58239 58248 58250 58256 58259 58268 58276 58279 58281 58286 58295 58301
58309 58318 58325 58327 58336 58339 58341 58346 58350 58351 58352 58359 58362 58366 58368 58378 58379 58381
58385 58390 58397 58402 58409 58416 58424 58425 58429 58435 58445 58448 58454 58460 58467 58477 58478 58487
58494 58496 58503 58513 58516 58520 58528 58532 58537 58546 58548 58550 58554 58564 58566 58568 58570 58579
58580 58581 58589 58592 58600 58601 58603 58613 58622 58623 58630 58639 58646 58650 58656 58659 58664 58672
58678 58683 58686 58690 58695 58697 58701 58708 58712 58719 58729 58739 58749 58752 58759 58763 58767 58776
58780 58787 58791 58793 58797 58798 58808 58815 58824 58828 58838 58848 58852 58856 58862 58866 58876 58882
58883 58892 58897 58903 58905 58915 58923 58929 58938 58947 58948 58954 58955 58962 58970 58979 58986 58995
58996 59003 59005 59011 59018 59021 59022 59025 59031 59034 59038 59047 59050 59057 59059 59065 59067 59072
59077 59081 59091 59092 59099 59102 59105 59110 59113 59117 59121 59124 59131 59136 59143 59147 59151 59161
59170 59172 59175 59185 59191 59199 59205 59212 59213 59223 59226 59234 59237 59244 59251 59257 59265 59268
59275 59283 59291 59295 59303 59307 59310 59311 59315 59317 59323 59330 59338 59342 59343 59345 59351 59359
59369 59372 59379 59383 59389 59398 59404 59410 59412 59414 59423 59426 59433 59442 59443 59447 59450 59460
59463 59467 59477 59479 59481 59485 59491 59500 59501 59506 59508 59513 59514 59518 59528 59537 59538 59542
59550 59560 59562 59566 59575 59577 59579 59588 59598 59604 59605 59614 59622 59630 59637 59640 59643 59645
59647 59649 59655 59665 59671 59674 59677 59687 59692 59700 59703 59713 59714 59719 59723 59732 59734 59741
59742 59752 59756 59761 59762 59763 59767 59771 59780 59789 59791 59801 59809 59817 59821 59831 59839 59849
59858 59865 59875 59876 59877 59878 59885 59890 59892 59895 59902 59908 59916 59923 59933 59934 59939 59942
59946 59951 59958 59959 59963 59972 59979 59983 59989 59993 59997 60002 60004 60014 60015 60016 60019 60024
60033 60040 60043 60045 60049 60058 60063 60065 60073 60077 60086 60091 60099 60108 60113 60118 60122 60126
60131 60135 60138 60141 60146 60156 60161 60167 60176 60184 60191 60198 60204 60214 60220 60230 60233 60235
60237 60241 60245 60248 60251 60255 60264 60266 60274 60275 60281 60283 60287 60294 60300 60309 60317 60327
60330 60336 60338 60340 60344 60347 60357 60366 60368 60371 60373 60381 60390 60400 60406 60408 60409 60411
60413 60416 60417 60422 60424 60429 60433 60435 60443 60453 60454 60456 60466 60474 60479 60483 60484 60486
60489 60499 60507 60512 60518 60523 60532 60537 60539 60543 60550 60554 60556 60559 60565 60570 60573 60583
60586 60589 60593 60601 60605 60615 60621 60625 60627 60636 60643 60652 60660 60662 60666 60672 60679 60680
60690 60693 60700 60704 60708 60709 60713 60723 60726 60732 60738 60739 60744 60750 60753 60758 60762 60771
60778 60784 60789 60797 60804 60814 60821 60822 60826 60831 60838 60842 60848 60857 60867 60877 60886 60887
60895 60898 60901 60907 60908 60910 60918 60927 60934 60943 60951 60954 60960 60966 60974 60984 60986 60991
60993 60994 60998 61005 61008 61012 61016 61020 61026 61028 61030 61034 61037 61040 61050 61055 61060 61062
61068 61078 61082 61092 61101 61108 61117 61121 61130 61133 61142 61147 61153 61161 61171 61179 61182 61183
61188 61189 61198 61199 61207 61213 61216 61226 61233 61236 61242 61243 61246 61252 61256 61266 61275 61284
61289 61290 61297 61301 61302 61306 61312 61319 61327 61332 61341 61343 61347 61355 61365 61366 61372 61375
61383 61385 61386 61394 61400 61405 61412 61422 61429 61433 61437 61445 61451 61461 61464 61466 61472 61478
61486 61495 61505 61507 61515 61522 61531 61540 61545 61551 61552 61558 61565 61573 61579 61582 61584 61588
61591 61598 61601 61606 61609 61615 61621 61622 61625 61634 61637 61643 61650 61657 61662 61668 61670 61676
61678 61686 61691 61695 61699 61700 61709 61717 61727 61734 61740 61749 61752 61761 61767 61774 61784 61791
61798 61799 61804 61811 61818 61822 61823 61824 61833 61834 61838 61846 61851 61860 61867 61876 61886 61887
61890 61900 61910 61912 61917 61918 61924 61928 61931 61941 61947 61954 61963 61966 61976 61977 61982 61991
61996 62001 62007 62013 62017 62021 62029 62030 62036 62039 62046 62050 62058 62063 62068 62073 62077 62085
62094 62102 62112 62117 62127 62137 62145 62151 62159 62164 62168 62169 62179 62181 62190 62191 62192 62193
62202 62209 62218 62222 62227 62228 62232 62242 62250 62260 62267 62270 62275 62284 62287 62291 62294 62301
62305 62315 62321 62330 62331 62335 62342 62348 62353 62360 62369 62375 62384 62389 62394 62403 62408 62412
62418 62423 62426 62436 62441 62451 62454 62456 62460 62469 62470 62476 62478 62488 62496 62498 62508 62518
62523 62524 62530 62540 62548 62557 62563 62566 62570 62579 62589 62593 62598 62602 62608 62610 62612 62620
62627 62636 62645 62652 62653 62662 62671 62680 62690 62697 62707 62711 62716 62724 62727 62736 62738 62745
62754 62762 62768 62776 62784 62792 62795 62796 62805 62806 62816 62817 62826 62831 62834 62837 62847 62855
62861 62862 62872 62873 62880 62884 62886 62894 62904 62911 62914 62918 62927 62935 62942 62945 62946 62954
62956 62957 62963 62965 62970 62978 62988 62994 62999 63002 63010 63013 63023 63028 63030 63037 63043 63052
63056 63057 63065 63066 63074 63083 63092 63100 63107 63109 63117 63121 63126 63129 63135 63145 63151 63160
63162 63170 63171 63172 63180 63183 63191 63193 63194 63200 63204 63205 63212 63215 63220 63226 63229 63230
63238 63244 63247 63254 63255 63262 63272 63282 63289 63290 63300 63306 63316 63318 63322 63325 63335 63343
63348 63353 63361 63371 63373 63382 63384 63385 63392 63393 63400 63403 63409 63411 63413 63421 63426 63433
63434 63436 63442 63451 63458 63465 63474 63479 63487 63494 63501 63505 63512 63521 63531 63537 63544 63546
63551 63552 63560 63564 63567 63574 63583 63585 63594 63598 63604 63614 63622 63625 63628 63637 63642 63648
63656 63657 63663 63671 63676 63678 63682 63691 63694 63703 63712 63719 63720 63728 63732 63741 63746 63753
63757 63762 63767 63768 63776 63784 63793 63803 63808 63811 63814 63822 63825 63833 63836 63844 63847 63848
63855 63861 63867 63876 63880 63886 63889 63890 63892 63900 63902 63909 63912 63914 63924 63934 63944 63949
63950 63956 63962 63963 63971 63979 63987 63992 63994 64002 64007 64016 64025 64034 64039 64042 64049 64053
64054 64060 64064 64071 64080 64084 64092 64102 64110 64114 64117 64123 64125 64135 64139 64144 64151 64159
64160 64170 64175 64179 64182 64183 64187 64193 64194 64203 64211 64221 64224 64232 64241 64242 64246 64253
64260 64264 64265 64275 64281 64284 64293 64297 64299 64306 64310 64315 64316 64321 64328 64333 64341 64346
64348 64357 64359 64361 64367 64369 64372 64378 64380 64387 64393 64394 64404 64410 64417 64425 64433 64442
64444 64451 64460 64467 64470 64477 64485 64492 64501 64511 64513 64523 64532 64537 64546 64549 64558 64566
64568 64573 64581 64588 64592 64602 64609 64617 64624 64630 64631 64640 64646 64647 64652 64662 64672 64673
64678 64682 64686 64696 64699 64702 64708 64714 64722 64728 64730 64735 64738 64745 64747 64755 64758 64767
64776 64785 64788 64798 64802 64804 64806 64815 64825 64829 64834 64838 64842 64844 64847 64855 64865 64868
64878 64886 64894 64899 64901 64908 64910 64917 64925 64927 64933 64935 64944 64952 64957 64961 64965 64972
64978 64980 64989 64992 64993 65002 65009 65017 65024 65026 65030 65038 65039 65044 65051 65057 65064 65073
65080 65085 65090 65092 65101 65102 65112 65122 65129 65131 65134 65139 65145 65148 65152 65161 65163 65173
65181 65183 65189 65191 65194 65197 65205 65214 65224 65225 65231 65233 65239 65242 65247 65257 65262 65267
65272 65281 65284 65293 65295 65301 65305 65312 65321 65324 65327 65337 65347 65353 65356 65360 65366 65367
65375 65383 65391 65394 65400 65410 65412 65420 65423 65430 65431 65435 65442 65450 65457 65463 65472 65480
65490 65496 65503 65508 65518 65525 65527 65534 65539 65544 65546 65554 65558 65566 65575 65580 65589 65596
65599 65603 65605 65608 65616 65624 65634 65635 65643 65644 65653 65657 65661 65667 65677 65687 65689 65695
65698 65708 65714 65715 65719 65723 65724 65726 65736 65737 65746 65753 65754 65757 65762 65772 65774 65775
65782 65785 65795 65802 65804 65809 65815 65816 65823 65831 65836 65845 65852 65861 65867 65872 65881 65885
65888 65894 65897 65899 65900 65908 65914 65924 65928 65935 65945 65955 65965 65973 65977 65980 65985 65990
65995 66003 66011 66016 66022 66023 66024 66029 66034 66038 66046 66054 66061 66070 66075 66084 66093 66101
66109 66116 66122 66126 66129 66130 66138 66146 66155 66163 66168 66177 66187 66191 66197 66200 66202 66212
66217 66225 66227 66231 66240 66245 66252 66255 66265 66267 66270 66278 66281 66287 66290 66292 66298 66300
66305 66308 66317 66318 66326 66327 66329 66337 66340 66346 66355 66363 66368 66372 66377 66384 66391 66395
66405 66414 66418 66419 66426 66430 66433 66442 66443 66450 66455 66456 66460 66467 66476 66479 66486 66490
66498 66504 66509 66514 66524 66532 66534 66535 66538 66539 66543 66548 66549 66557 66566 66568 66570 66571
66580 66590 66596 66598 66601 66603 66613 66615 66623 66628 66637 66642 66649 66654 66655 66664 66674 66678
66679 66683 66685 66694 66697 66702 66707 66716 66723 66733 66738 66745 66748 66753 66757 66758 66761 66770
66774 66777 66784 66794 66797 66805 66815 66822 66828 66830 66837 66846 66854 66864 66871 66881 66890 66891
66900 66907 66913 66919 66920 66930 66933 66940 66948 66956 66964 66974 66983 66993 66994 66997 67000 67001
67002 67005 67014 67022 67024 67026 67028 67033 67035 67039 67040 67050 67055 67062 67068 67077 67078 67079
67084 67085 67095 67100 67106 67116 67121 67123 67125 67126 67131 67139 67141 67146 67151 67159 67167 67171
67180 67185 67187 67194 67199 67208 67217 67227 67232 67237 67244 67251 67256 67265 67270 67275 67278 67280
67286 67289 67299 67309 67319 67329 67332 67342 67343 67345 67346 67354 67364 67373 67381 67385 67394 67401
67402 67408 67411 67414 67417 67427 67429 67434 67442 67443 67444 67448 67450 67458 67464 67473 67476 67478
67482 67489 67493 67502 67509 67513 67514 67524 67527 67528 67531 67535 67538 67545 67552 67560 67565 67570
67580 67582 67586 67589 67592 67593 67600 67606 67615 67619 67621 67623 67631 67634 67635 67644 67651 67656
67659 67664 67672 67677 67685 67695 67699 67709 67711 67718 67721 67729 67736 67737 67741 67751 67755 67765
67775 67783 67788 67797 67805 67809 67810 67820 67826 67836 67843 67851 67852 67861 67870 67879 67881 67891
67893 67899 67905 67910 67914 67922 67931 67941 67943 67945 67952 67955 67957 67962 67967 67973 67976 67986
67990 67991 67995 68003 68012 68020 68021 68024 68029 68030 68037 68040 68043 68049 68054 68055 68060 68068
68070 68074 68078 68085 68090 68094 68100 68110 68111 68113 68118 68120 68127 68135 68142 68151 68155 68163
68171 68173 68181 68184 68193 68197 68199 68204 68214 68218 68219 68229 68230 68234 68241 68247 68255 68262
68268 68271 68272 68280 68283 68289 68291 68297 68301 68302 68305 68308 68313 68320 68328 68333 68339 68344
68349 68358 68361 68367 68371 68377 68384 68391 68400 68403 68413 68419 68424 68429 68434 68443 68449 68451
68456 68465 68473 68478 68479 68485 68490 68498 68505 68507 68511 68521 68527 68529 68534 68540 68548 68555
68561 68570 68579 68589 68592 68602 68607 68608 68609 68616 68623 68625 68631 68640 68642 68643 68647 68653
68656 68657 68667 68677 68679 68680 68688 68695 68702 68708 68712 68721 68723 68733 68741 68746 68755 68760
68770 68778 68788 68795 68798 68802 68809 68810 68819 68822 68824 68826 68828 68831 68835 68839 68841 68848
68858 68864 68866 68873 68874 68880 68889 68891 68901 68902 68912 68922 68925 68929 68933 68935 68943 68951
68957 68958 68967 68977 68978 68983 68985 68993 69001 69006 69010 69011 69016 69022 69023 69029 69035 69036
69039 69040 69048 69053 69063 69068 69074 69075 69079 69088 69097 69098 69108 69115 69125 69131 69135 69137
69142 69144 69145 69150 69151 69161 69171 69173 69177 69182 69187 69195 69204 69208 69214 69219 69224 69231
69236 69245 69251 69256 69262 69264 69266 69272 69275 69281 69282 69288 69293 69298 69300 69309 69312 69315
69318 69324 69325 69334 69343 69348 69350 69354 69362 69369 69373 69378 69388 69397 69407 69410 69415 69421
69431 69436 69445 69449 69453 69455 69458 69461 69466 69474 69482 69485 69489 69498 69501 69511 69519 69526
69528 69533 69543 69544 69550 69557 69560 69561 69569 69570 69571 69577 69580 69586 69589 69599 69603 69611
69618 69621 69630 69640 69650 69657 69660 69669 69671 69680 69683 69693 69699 69705 69708 69710 69716 69725
69728 69735 69739 69744 69754 69758 69766 69770 69778 69780 69788 69790 69798 69802 69808 69816 69821 69826
69834 69836 69846 69854 69863 69866 69867 69877 69878 69883 69884 69889 69890 69898 69900 69904 69906 69912
69913 69915 69919 69928 69934 69936 69939 69940 69944 69953 69961 69966 69967 69972 69974 69984 69987 69995
70004 70009 70011 70013 70016 70019 70022 70031 70041 70047 70048 70051 70061 70063 70065 70072 70078 70083
70089 70090 70096 70103 70105 70110 70112 70122 70124 70129 70136 70137 70143 70149 70159 70162 70166 70169
70176 70180 70189 70190 70195 70204 70206 70210 70216 70220 70228 70231 70232 70242 70244 70252 70261 70263
70269 70273 70277 70280 70281 70282 70292 70300 70301 70305 70313 70318 70319 70320 70326 70332 70335 70337
70339 70348 70356 70358 70360 70370 70374 70380 70382 70384 70392 70394 70398 70408 70416 70417 70424 70434
70442 70447 70454 70459 70462 70464 70465 70472 70482 70485 70495 70500 70509 70519 70527 70529 70530 70536
70542 70545 70546 70555 70556 70559 70564 70566 70569 70576 70582 70591 70600 70610 70619 70621 70631 70636
70644 70645 70650 70656 70658 70661 70668 70677 70681 70685 70695 70703 70706 70713 70721 70730 70736 70744
70750 70753 70755 70758 70762 70765 70770 70772 70777 70778 70783 70787 70794 70802 70812 70818 70820 70827
70828 70834 70840 70841 70850 70857 70863 70869 70877 70881 70883 70889 70894 70898 70906 70911 70914 70918
70925 70928 70932 70939 70945 70953 70963 70967 70975 70985 70987 70994 71002 71004 71011 71018 71019 71028
71034 71042 71047 71051 71056 71062 71072 71080 71082 71092 71098 71103 71109 71112 71114 71121 71128 71136
71146 71155 71165 71172 71179 71181 71182 71188 71194 71202 71212 71217 71219 71229 71236 71244 71248 71253
71256 71264 71272 71273 71276 71278 71286 71295 71297 71306 71310 71311 71319 71329 71335 71338 71339 71347
71355 71360 71363 71365 71368 71377 71381 71388 71389 71397 71405 71411 71417 71421 71423 71425 71427 71429
71432 71440 71443 71446 71449 71457 71465 71470 71479 71484 71493 71497 71505 71507 71512 71513 71517 71526
71534 71535 71545 71553 71558 71568 71573 71574 71583 71590 71598 71605 71611 71615 71624 71632 71642 71643
71644 71648 71653 71658 71659 71667 71671 71673 71681 71691 71701 71706 71707 71717 71720 71724 71731 71734
71735 71739 71740 71747 71756 71764 71766 71767 71775 71778 71785 71793 71798 71807 71813 71822 71827 71832
71833 71841 71848 71850 71851 71854 71860 71867 71877 71882 71886 71887 71894 71902 71911 71921 71922 71923
71930 71938 71940 71948 71950 71956 71961 71970 71973 71976 71977 71978 71982 71991 71996 72004 72014 72018
72027 72031 72041 72047 72054 72064 72072 72078 72086 72096 72098 72107 72112 72121 72125 72130 72132 72141
72144 72151 72160 72170 72173 72179 72188 72191 72200 72201 72210 72215 72223 72230 72236 72237 72242 72250
72251 72261 72269 72277 72286 72294 72295 72300 72307 72312 72319 72321 72328 72335 72339 72347 72353 72356
72363 72365 72369 72371 72372 72377 72384 72393 72399 72404 72407 72410 72417 72422 72432 72442 72448 72451
72461 72470 72480 72489 72499 72509 72511 72512 72515 72517 72526 72527 72534 72541 72544 72545 72551 72560
72562 72566 72576 72583 72589 72592 72598 72606 72614 72619 72629 72635 72636 72646 72653 72657 72661 72665
72671 72680 72682 72691 72697 72701 72702 72704 72711 72721 72727 72737 72740 72748 72757 72767 72777 72782
72791 72794 72799 72803 72810 72811 72821 72827 72835 72842 72847 72849 72854 72864 72865 72867 72874 72884
72893 72895 72898 72901 72904 72914 72921 72922 72924 72930 72931 72932 72941 72942 72950 72957 72962 72969
72978 72983 72993 73000 73001 73009 73017 73019 73025 73026 73036 73043 73051 73055 73059 73063 73066 73073
73081 73084 73087 73093 73097 73107 73117 73122 73132 73140 73145 73152 73153 73160 73161 73166 73171 73174
73181 73190 73198 73208 73212 73217 73218 73225 73227 73234 73237 73246 73252 73256 73265 73268 73273 73280
73289 73292 73301 73309 73313 73314 73323 73324 73331 73336 73341 73349 73358 73361 73362 73366 73372 73377
73380 73388 73391 73401 73404 73408 73415 73425 73427 73430 73433 73438 73443 73452 73457 73463 73470 73474
73481 73482 73485 73491 73500 73510 73511 73513 73521 73529 73534 73536 73541 73550 73560 73570 73576 73579
73581 73584 73593 73597 73599 73606 73609 73614 73619 73629 73631 73637 73641 73644 73653 73656 73657 73661
73671 73678 73687 73694 73697 73706 73708 73711 73721 73731 73735 73744 73750 73760 73761 73764 73767 73773
73776 73786 73795 73797 73805 73814 73815 73825 73826 73836 73845 73850 73858 73862 73870 73874 73875 73878
73884 73887 73894 73899 73907 73914 73917 73927 73931 73932 73941 73946 73947 73954 73963 73969 73970 73979
73984 73986 73990 73994 73999 74008 74015 74024 74026 74034 74039 74043 74050 74054 74059 74068 74078 74087
74097 74104 74111 74114 74122 74128 74129 74130 74134 74144 74147 74149 74156 74164 74166 74170 74179 74182
74188 74198 74205 74211 74221 74230 74231 74237 74242 74248 74249 74257 74260 74265 74268 74278 74279 74287
74293 74296 74305 74309 74319 74328 74334 74337 74347 74354 74360 74368 74369 74377 74379 74385 74392 74402
74409 74412 74421 74428 74433 74436 74442 74450 74451 74454 74458 74464 74470 74477 74478 74481 74489 74498
74507 74516 74522 74525 74526 74531 74533 74539 74547 74553 74563 74564 74574 74576 74581 74583 74591 74597
74602 74610 74620 74626 74627 74628 74634 74638 74641 74643 74646 74653 74656 74663 74672 74678 74680 74683
74693 74696 74704 74710 74713 74717 74722 74729 74730 74737 74744 74753 74757 74767 74775 74778 74784 74787
74789 74791 74796 74804 74805 74814 74824 74833 74839 74840 74841 74847 74849 74850 74853 74856 74861 74866
74876 74883 74893 74899 74906 74907 74908 74916 74921 74923 74924 74930 74935 74939 74947 74955 74960 74969
74975 74979 74984 74988 74996 75001 75006 75010 75015 75020 75028 75031 75041 75042 75051 75053 75057 75066
75069 75075 75077 75081 75088 75098 75099 75102 75103 75107 75113 75116 75118 75127 75129 75134 75141 75147
75153 75161 75170 75171 75177 75178 75188 75198 75205 75210 75213 75223 75228 75238 75242 75251 75256 75261
75270 75275 75285 75289 75295 75303 75306 75314 75323 75325 75327 75328 75338 75347 75351 75357 75362 75363
75366 75371 75379 75385 75393 75394 75402 75410 75417 75427 75428 75430 75435 75445 75453 75457 75467 75468
75470 75479 75480 75487 75490 75495 75498 75502 75506 75510 75518 75527 75532 75540 75543 75550 75551 75555
75561 75563 75564 75568 75577 75578 75585 75589 75593 75594 75601 75605 75615 75619 75622 75623 75628 75638
75640 75649 75652 75657 75662 75666 75675 75684 75692 75701 75702 75709 75717 75726 75732 75736 75742 75745
75751 75753 75762 75772 75780 75788 75795 75803 75812 75821 75822 75827 75828 75829 75831 75841 75842 75843
75852 75861 75865 75873 75882 75884 75885 75890 75894 75904 75911 75914 75921 75925 75935 75945 75954 75960
75969 75972 75977 75982 75992 76000 76002 76003 76013 76023 76030 76036 76040 76044 76045 76053 76055 76065
76070 76074 76083 76093 76095 76101 76111 76118 76123 76129 76139 76143 76152 76154 76155 76161 76167 76175
76180 76182 76190 76191 76193 76194 76202 76208 76216 76222 76228 76233 76239 76242 76244 76247 76256 76258
76267 76268 76277 76286 76288 76292 76299 76302 76312 76320 76322 76324 76325 76326 76332 76337 76344 76346
76352 76354 76363 76367 76377 76379 76387 76395 76405 76408 76418 76419 76422 76432 76438 76448 76450 76457
76461 76464 76469 76472 76474 76482 76487 76494 76503 76508 76509 76512 76513 76516 76525 76535 76545 76546
76551 76557 76564 76574 76578 76587 76589 76595 76602 76603 76606 76615 76623 76629 76631 76633 76640 76643
76646 76647 76652 76662 76664 76674 76678 76680 76687 76688 76691 76694 76700 76708 76717 76720 76728 76737
76742 76745 76749 76757 76758 76768 76778 76788 76796 76797 76806 76809 76816 76819 76829 76830 76837 76844
76854 76862 76867 76875 76881 76884 76893 76896 76904 76912 76917 76922 76929 76932 76942 76948 76954 76956
76965 76975 76980 76984 76994 77000 77005 77010 77014 77018 77020 77021 77024 77033 77037 77045 77053 77059
77069 77072 77080 77090 77092 77094 77103 77106 77114 77122 77125 77126 77129 77134 77143 77144 77149 77157
77158 77161 77171 77176 77185 77195 77198 77203 77204 77214 77220 77221 77230 77231 77232 77239 77246 77256
77266 77272 77278 77283 77287 77292 77295 77302 77311 77316 77322 77326 77329 77334 77336 77344 77354 77358
77366 77374 77376 77383 77387 77393 77401 77411 77421 77430 77436 77443 77451 77458 77459 77468 77471 77476
77480 77488 77491 77496 77503 77506 77515 77521 77530 77540 77547 77552 77553 77560 77566 77568 77572 77578
77581 77587 77596 77600 77602 77607 77610 77614 77621 77628 77631 77632 77642 77643 77644 77648 77657 77666
77671 77676 77683 77688 77695 77696 77699 77702 77710 77711 77715 77716 77722 77727 77730 77738 77743 77752
77754 77759 77767 77770 77773 77783 77787 77790 77794 77799 77807 77808 77812 77818 77821 77826 77834 77836
77843 77845 77854 77863 77865 77874 77878 77881 77887 77897 77906 77909 77915 77924 77929 77934 77942 77951
77958 77963 77973 77980 77985 77995 78003 78011 78014 78021 78031 78041 78048 78053 78057 78059 78066 78075
78084 78092 78094 78097 78104 78107 78110 78113 78118 78126 78133 78140 78143 78152 78153 78157 78163 78165
78169 78179 78181 78183 78189 78197 78207 78212 78218 78226 78233 78234 78238 78246 78255 78262 78270 78271
78280 78289 78298 78301 78308 78317 78323 78330 78337 78344 78346 78356 78361 78362 78372 78380 78389 78391
78392 78394 78397 78407 78413 78417 78424 78430 78434 78440 78448 78452 78458 78460 78464 78472 78480 78487
78491 78495 78500 78501 78502 78503 78512 78520 78527 78528 78536 78537 78541 78544 78549 78556 78562 78564
78566 78567 78572 78576 78586 78589 78594 78596 78604 78606 78611 78612 78615 78618 78620 78623 78632 78633
78636 78644 78648 78650 78656 78659 78665 78672 78679 78682 78683 78690 78694 78701 78705 78715 78721 78725
78732 78735 78737 78747 78755 78764 78768 78777 78781 78783 78786 78794 78799 78803 78813 78817 78821 78825
78835 78838 78844 78850 78856 78857 78861 78865 78866 78873 78878 78885 78892 78901 78908 78914 78919 78920
78924 78933 78938 78939 78941 78950 78951 78957 78958 78964 78970 78976 78982 78991 78995 79001 79002 79005
79010 79017 79025 79026 79031 79036 79041 79048 79055 79060 79065 79075 79079 79087 79095 79103 79112 79122
79123 79131 79134 79141 79144 79148 79153 79158 79166 79176 79186 79193 79199 79206 79213 79219 79225 79231
79241 79249 79252 79258 79263 79266 79273 79275 79278 79283 79293 79296 79298 79299 79305 79311 79321 79327
79334 79335 79345 79351 79356 79365 79375 79380 79382 79390 79398 79406 79415 79421 79429 79436 79446 79448
79451 79458 79462 79468 79475 79484 79494 79496 79500 79503 79509 79510 79514 79515 79522 79529 79530 79540
79544 79553 79560 79569 79578 79579 79587 79593 79598 79604 79608 79617 79623 79628 79629 79630 79637 79644
79645 79651 79657 79663 79667 79675 79680 79684 79689 79696 79697 79703 79711 79719 79722 79730 79732 79734
79738 79744 79750 79757 79766 79768 79777 79781 79789 79798 79807 79817 79827 79831 79833 79836 79843 79848
79852 79857 79861 79864 79866 79875 79882 79885 79895 79896 79900 79902 79905 79912 79922 79925 79926 79928
79933 79939 79948 79954 79957 79962 79968 79969 79977 79984 79988 79998 80000 80006 80015 80024 80030 80037
80046 80056 80063 80064 80065 80072 80074 80083 80085 80092 80093 80095 80098 80102 80108 80112 80118 80120
80123 80129 80136 80143 80145 80153 80160 80162 80170 80171 80174 80175 80183 80190 80196 80197 80204 80206
80207 80214 80218 80219 80222 80229 80238 80243 80245 80254 80263 80265 80271 80275 80277 80287 80297 80306
80312 80318 80324 80332 80341 80351 80355 80361 80365 80370 80376 80381 80385 80388 80389 80397 80398 80406
80407 80416 80417 80419 80420 80422 80426 80436 80446 80447 80452 80456 80457 80458 80467 80477 80486 80491
80498 80504 80509 80518 80528 80532 80533 80538 80547 80553 80557 80560 80564 80567 80576 80586 80590 80595
80603 80611 80612 80616 80623 80631 80637 80645 80653 80656 80660 80662 80664 80670 80673 80676 80678 80683
80688 80692 80694 80701 80706 80709 80713 80714 80715 80717 80723 80730 80731 80735 80740 80744 80745 80748
80749 80753 80762 80766 80770 80778 80779 80780 80784 80791 80797 80805 80808 80815 80825 80833 80838 80840
80846 80856 80865 80870 80880 80882 80885 80892 80896 80903 80907 80914 80920 80923 80933 80939 80947 80949
80953 80963 80972 80981 80982 80991 80999 81008 81011 81021 81022 81030 81040 81045 81049 81058 81063 81071
81073 81075 81085 81088 81091 81100 81106 81110 81120 81124 81128 81134 81136 81144 81145 81147 81157 81167
81173 81175 81183 81190 81191 81195 81198 81199 81201 81208 81218 81228 81234 81240 81250 81258 81267 81269
81275 81281 81283 81289 81296 81304 81308 81309 81318 81322 81328 81335 81336 81344 81347 81350 81353 81361
81364 81372 81381 81385 81392 81401 81410 81412 81416 81424 81428 81432 81440 81445 81452 81460 81468 81470
81472 81479 81483 81492 81502 81505 81509 81513 81522 81525 81531 81541 81544 81554 81559 81564 81565 81573
81578 81580 81588 81593 81596 81602 81605 81615 81620 81624 81632 81639 81641 81642 81648 81651 81655 81662
81672 81679 81689 81697 81705 81706 81714 81724 81729 81732 81741 81743 81747 81753 81756 81761 81764 81772
81779 81789 81799 81805 81812 81816 81821 81824 81826 81829 81838 81846 81853 81858 81868 81869 81876 81881
81882 81886 81891 81895 81901 81906 81915 81923 81930 81938 81943 81948 81952 81962 81964 81971 81980 81981
81990 81991 81993 81996 82003 82006 82015 82019 82021 82023 82033 82037 82047 82051 82053 82058 82061 82071
82075 82078 82084 82094 82096 82097 82104 82105 82108 82109 82111 82117 82125 82134 82136 82142 82149 82157
82161 82165 82167 82169 82178 82185 82189 82191 82194 82197 82203 82205 82210 82211 82217 82222 82229 82232
82234 82239 82241 82248 82258 82259 82261 82267 82269 82272 82274 82283 82286 82288 82291 82292 82298 82302
82304 82306 82312 82319 82323 82333 82335 82337 82346 82351 82354 82364 82366 82371 82374 82375 82385 82387
82390 82396 82403 82405 82406 82413 82420 82425 82430 82436 82438 82447 82448 82458 82461 82469 82475 82485
82492 82500 82504 82510 82517 82522 82529 82533 82534 82539 82549 82552 82554 82559 82560 82566 82569 82577
82580 82582 82588 82591 82601 82605 82610 82613 82620 82626 82636 82643 82649 82651 82658 82662 82667 82671
82681 82690 82698 82704 82708 82710 82718 82722 82730 82735 82744 82748 82754 82764 82772 82776 82784 82785
82793 82801 82809 82815 82821 82827 82836 82838 82847 82856 82857 82866 82868 82870 82871 82877 82886 82888
82896 82899 82908 82911 82915 82916 82924 82927 82930 82932 82941 82947 82951 82957 82958 82968 82978 82988
82998 83002 83006 83015 83017 83025 83032 83042 83043 83051 83061 83070 83071 83081 83087 83092 83102 83106
83111 83118 83124 83127 83137 83140 83148 83152 83162 83172 83180 83186 83190 83200 83203 83207 83216 83225
83235 83242 83243 83250 83259 83263 83264 83271 83280 83288 83298 83301 83310 83318 83319 83329 83335 83342
83347 83354 83362 83369 83377 83378 83384 83394 83396 83402 83403 83408 83410 83417 83420 83422 83429 83437
83440 83447 83453 83456 83466 83471 83479 83489 83490 83497 83506 83510 83519 83526 83529 83533 83539 83544
83552 83556 83562 83565 83575 83585 83593 83598 83601 83605 83606 83613 83621 83629 83634 83635 83642 83645
83649 83652 83656 83662 83667 83669 83674 83678 83681 83684 83690 83696 83705 83708 83718 83723 83726 83729
83734 83737 83740 83747 83748 83751 83758 83762 83769 83772 83776 83780 83786 83794 83799 83802 83809 83813
83823 83830 83839 83841 83845 83852 83860 83868 83877 83886 83892 83894 83899 83900 83907 83917 83924 83925
83928 83938 83944 83949 83954 83956 83961 83963 83964 83968 83978 83988 83997 83999 84005 84012 84018 84027
84034 84037 84045 84053 84061 84071 84075 84082 84092 84102 84110 84111 84114 84124 84125 84131 84134 84144
84153 84157 84165 84174 84175 84181 84185 84195 84201 84210 84219 84228 84230 84238 84243 84253 84257 84262
84272 84275 84276 84279 84280 84282 84289 84295 84300 84302 84309 84318 84325 84334 84342 84344 84353 84358
84359 84369 84374 84377 84382 84389 84390 84394 84403 84411 84417 84425 84432 84437 84442 84445 84447 84451
84456 84465 84469 84473 84482 84488 84490 84496 84504 84513 84514 84519 84520 84524 84530 84533 84535 84540
84543 84544 84550 84559 84561 84569 84578 84588 84593 84602 84607 84608 84613 84622 84630 84631 84635 84640
84650 84654 84662 84665 84667 84669 84678 84683 84690 84692 84696 84700 84706 84714 84716 84718 84728 84736
84743 84751 84760 84769 84777 84783 84792 84801 84809 84811 84815 84825 84832 84838 84845 84852 84859 84866
84870 84875 84884 84889 84896 84901 84905 84914 84917 84918 84924 84930 84932 84936 84942 84945 84946 84947
84952 84959 84969 84977 84985 84993 84999 85006 85007 85010 85017 85026 85030 85037 85044 85045 85046 85055
85061 85071 85077 85084 85094 85097 85105 85107 85108 85109 85115 85124 85125 85135 85141 85144 85149 85151
85154 85164 85166 85172 85177 85181 85183 85192 85193 85196 85203 85206 85215 85216 85217 85226 85228 85238
85247 85253 85255 85263 85269 85274 85277 85281 85286 85292 85295 85300 85302 85309 85318 85319 85327 85331
85340 85348 85350 85359 85369 85372 85381 85389 85390 85396 85399 85401 85402 85407 85410 85417 85419 85424
85427 85432 85436 85445 85447 85456 85461 85467 85471 85472 85481 85483 85493 85494 85497 85501 85510 85513
85519 85529 85539 85545 85551 85560 85564 85565 85574 85582 85591 85597 85603 85606 85616 85618 85621 85630
85635 85637 85643 85647 85652 85662 85671 85677 85678 85682 85688 85692 85697 85704 85705 85709 85711 85715
85722 85727 85729 85733 85735 85741 85746 85747 85752 85759 85767 85770 85780 85787 85796 85799 85801 85807
85809 85817 85818 85828 85830 85831 85839 85847 85853 85860 85864 85870 85879 85884 85892 85897 85901 85904
85908 85914 85918 85924 85929 85933 85941 85946 85954 85960 85970 85979 85989 85990 85996 85999 86009 86013
86022 86023 86032 86041 86047 86050 86055 86056 86062 86071 86078 86081 86086 86094 86100 86107 86116 86117
86121 86130 86131 86139 86146 86150 86151 86159 86168 86174 86183 86184 86194 86199 86202 86206 86216 86221
86224 86225 86235 86245 86249 86254 86262 86269 86273 86279 86284 86292 86302 86305 86311 86318 86327 86329
86331 86340 86341 86346 86349 86353 86359 86366 86374 86378 86381 86384 86387 86394 86399 86409 86415 86423
86429 86432 86436 86438 86441 86442 86451 86452 86459 86467 86474 86478 86479 86483 86488 86495 86497 86507
86509 86519 86528 86533 86539 86541 86544 86550 86559 86561 86570 86574 86581 86585 86590 86595 86601 86603
86612 86614 86616 86617 86621 86622 86628 86637 86643 86651 86661 86670 86678 86681 86683 86684 86691 86695
86701 86707 86709 86717 86718 86725 86733 86738 86747 86756 86763 86773 86782 86792 86799 86804 86814 86820
86822 86829 86837 86841 86845 86854 86864 86869 86873 86882 86887 86894 86899 86906 86913 86914 86922 86925
86935 86944 86947 86952 86959 86967 86975 86981 86985 86992 86993 86998 87002 87004 87011 87013 87023 87026
87030 87040 87049 87058 87061 87069 87074 87083 87084 87094 87097 87107 87113 87116 87124 87128 87138 87142
87152 87159 87168 87172 87180 87188 87189 87198 87205 87211 87216 87226 87228 87231 87241 87243 87252 87261
87262 87269 87273 87282 87284 87293 87294 87297 87298 87308 87316 87319 87320 87330 87335 87338 87343 87353
87355 87363 87371 87376 87385 87394 87398 87403 87411 87416 87422 87430 87439 87445 87446 87448 87456 87464
87467 87476 87485 87490 87491 87495 87498 87500 87509 87516 87524 87525 87531 87532 87535 87538 87543 87545
87553 87561 87568 87571 87580 87583 87586 87596 87605 87611 87617 87621 87624 87628 87638 87641 87646 87648
87653 87654 87661 87665 87670 87674 87679 87689 87694 87695 87699 87705 87706 87710 87714 87718 87720 87721
87724 87733 87734 87739 87746 87754 87762 87763 87764 87771 87781 87790 87794 87804 87806 87809 87811 87812
87821 87828 87832 87841 87844 87852 87861 87866 87868 87871 87872 87881 87884 87892 87902 87906 87910 87919
87927 87933 87935 87940 87947 87956 87961 87969 87977 87979 87983 87984 87987 87989 87991 87998 88003 88008
88010 88014 88020 88030 88034 88038 88042 88043 88045 88047 88052 88059 88067 88075 88082 88091 88094 88095
88103 88104 88114 88124 88133 88140 88143 88144 88150 88156 88163 88164 88169 88178 88179 88188 88197 88201
88204 88207 88213 88216 88220 88228 88229 88233 88239 88241 88251 88259 88268 88278 88288 88295 88303 88310
88314 88317 88327 88332 88335 88340 88350 88357 88363 88368 88371 88377 88380 88384 88389 88399 88408 88409
88413 88421 88427 88429 88438 88445 88450 88460 88465 88467 88476 88485 88488 88489 88494 88498 88500 88501
88510 88512 88522 88527 88537 88545 88547 88557 88562 88563 88573 88574 88581 88587 88588 88596 88599 88608
88610 88619 88625 88627 88629 88631 88641 88646 88650 88660 88664 88669 88677 88684 88685 88694 88704 88711
88716 88721 88722 88729 88732 88734 88740 88750 88757 88760 88767 88771 88780 88783 88786 88792 88795 88796
88798 88800 88809 88811 88819 88827 88837 88839 88846 88851 88855 88862 88864 88869 88871 88876 88883 88889
88890 88893 88898 88906 88911 88918 88926 88928 88935 88941 88945 88951 88959 88965 88969 88978 88984 88990
88993 88998 89003 89009 89010 89013 89017 89023 89030 89040 89046 89053 89061 89066 89075 89085 89086 89095
89104 89107 89116 89121 89126 89133 89143 89152 89157 89164 89174 89175 89181 89186 89195 89197 89199 89208
89216 89223 89226 89233 89237 89247 89254 89262 89270 89274 89278 89288 89289 89297 89305 89314 89319 89322
89328 89332 89336 89338 89347 89348 89355 89362 89371 89372 89374 89381 89384 89387 89396 89404 89409 89412
89417 89427 89432 89433 89443 89450 89451 89456 89462 89467 89477 89479 89484 89491 89495 89503 89513 89516
89525 89532 89536 89544 89545 89554 89558 89566 89574 89581 89588 89594 89604 89611 89618 89622 89632 89635
89640 89648 89651 89653 89662 89671 89673 89681 89688 89694 89701 89702 89709 89711 89721 89723 89724 89730
89739 89748 89757 89762 89768 89778 89780 89787 89796 89798 89804 89805 89809 89818 89828 89829 89832 89840
89842 89848 89852 89861 89868 89876 89886 89888 89890 89895 89901 89904 89911 89915 89920 89928 89935 89941
89944 89946 89953 89962 89970 89973 89982 89987 89995 89996 89997 90002 90006 90014 90023 90025 90029 90031
90032 90041 90046 90050 90051 90059 90062 90063 90067 90075 90079 90081 90083 90092 90096 90105 90112 90116
90121 90126 90131 90140 90145 90153 90158 90164 90167 90168 90175 90176 90181 90189 90190 90193 90197 90199
90206 90211 90213 90218 90227 90232 90240 90246 90248 90252 90259 90267 90269 90273 90281 90287 90293 90294
90299 90306 90313 90320 90329 90336 90339 90343 90344 90351 90356 90360 90370 90379 90382 90386 90388 90394
90401 90406 90413 90414 90415 90417 90419 90422 90425 90428 90432 90441 90448 90452 90456 90459 90462 90471
90474 90477 90479 90480 90486 90487 90489 90497 90504 90510 90515 90517 90521 90528 90536 90540 90548 90552
90561 90563 90565 90566 90569 90575 90580 90585 90589 90591 90600 90609 90615 90619 90624 90633 90639 90648
90655 90660 90667 90674 90683 90689 90691 90692 90698 90706 90707 90715 90718 90724 90726 90728 90737 90740
90748 90758 90765 90772 90776 90780 90790 90800 90802 90810 90813 90814 90819 90828 90838 90844 90849 90859
90860 90867 90871 90880 90890 90892 90901 90908 90910 90916 90925 90930 90937 90941 90942 90947 90948 90950
90952 90954 90959 90964 90970 90978 90979 90983 90990 90991 90992 90998 91002 91009 91014 91024 91026 91030
91038 91042 91052 91061 91067 91074 91079 91080 91090 91093 91103 91113 91117 91118 91128 91136 91137 91139
91145 91146 91152 91153 91159 91168 91173 91175 91178 91182 91188 91189 91196 91200 91202 91209 91216 91222
91229 91236 91245 91251 91254 91260 91264 91271 91281 91290 91293 91295 91303 91307 91310 91317 91320 91321
91331 91336 91343 91345 91355 91358 91362 91372 91375 91376 91385 91391 91398 91407 91412 91417 91422 91432
91439 91443 91453 91461 91466 91474 91482 91488 91493 91500 91510 91519 91521 91522 91527 91536 91545 91551
91553 91557 91564 91567 91570 91577 91585 91594 91600 91608 91609 91617 91624 91632 91642 91645 91651 91652
91654 91661 91664 91667 91671 91676 91679 91684 91687 91694 91697 91703 91706 91712 91718 91721 91727 91731
91732 91740 91746 91755 91760 91761 91769 91770 91772 91782 91786 91794 91795 91804 91805 91814 91817 91823
91824 91831 91834 91837 91839 91846 91856 91859 91860 91868 91874 91876 91881 91889 91899 91909 91917 91919
91923 91927 91937 91940 91945 91948 91954 91963 91970 91972 91974 91983 91984 91989 91998 92000 92003 92012
92020 92024 92027 92033 92040 92047 92056 92064 92074 92082 92089 92097 92101 92104 92110 92117 92122 92127
92131 92134 92144 92151 92158 92165 92166 92173 92180 92187 92193 92197 92203 92212 92216 92220 92221 92225
92234 92239 92248 92257 92267 92276 92277 92279 92289 92295 92297 92307 92310 92314 92324 92331 92335 92338
92346 92356 92359 92360 92369 92371 92378 92383 92393 92394 92401 92411 92418 92421 92430 92435 92436 92440
92448 92449 92455 92459 92469 92477 92487 92494 92504 92514 92524 92529 92530 92536 92537 92545 92550 92557
92563 92573 92583 92589 92596 92605 92611 92616 92623 92628 92631 92637 92645 92649 92653 92656 92658 92662
92667 92673 92674 92682 92684 92690 92698 92699 92702 92705 92715 92724 92733 92742 92751 92754 92761 92764
92772 92773 92779 92785 92786 92796 92799 92809 92815 92816 92820 92830 92835 92841 92843 92848 92853 92858
92865 92867 92872 92876 92886 92888 92895 92902 92909 92913 92914 92923 92932 92933 92937 92941 92945 92955
92963 92967 92972 92981 92985 92994 93002 93007 93014 93020 93023 93031 93040 93047 93050 93059 93063 93064
93065 93075 93078 93079 93080 93084 93085 93087 93089 93090 93099 93109 93118 93119 93122 93131 93141 93148
93155 93162 93164 93165 93175 93185 93189 93190 93200 93210 93220 93227 93228 93234 93239 93243 93252 93258
93262 93272 93281 93290 93294 93300 93308 93318 93326 93336 93339 93347 93354 93358 93363 93369 93376 93377
93380 93387 93389 93392 93402 93410 93418 93419 93424 93430 93432 93435 93445 93451 93452 93459 93466 93476
93477 93486 93490 93499 93508 93513 93519 93520 93530 93535 93538 93548 93556 93558 93561 93566 93575 93581
93583 93590 93594 93604 93607 93610 93614 93620 93628 93630 93636 93638 93646 93650 93652 93655 93660 93668
93672 93681 93689 93692 93695 93703 93707 93715 93722 93726 93729 93737 93740 93750 93751 93756 93759 93761
93766 93769 93772 93774 93784 93794 93799 93805 93812 93818 93822 93827 93829 93837 93846 93850 93855 93858
93863 93869 93877 93887 93891 93895 93900 93908 93918 93924 93931 93936 93941 93949 93950 93954 93961 93969
93970 93980 93988 93996 94006 94012 94021 94022 94030 94033 94042 94051 94060 94067 94077 94078 94085 94095
94102 94111 94114 94123 94128 94131 94136 94140 94150 94156 94164 94168 94173 94180 94183 94187 94192 94199
94203 94205 94208 94212 94221 94227 94228 94229 94237 94242 94248 94255 94257 94263 94268 94270 94280 94287
94290 94295 94301 94309 94316 94323 94326 94327 94333 94339 94347 94353 94360 94367 94369 94371 94377 94379
94383 94387 94392 94394 94396 94406 94415 94424 94430 94440 94441 94443 94450 94460 94466 94468 94476 94484
94486 94489 94492 94495 94505 94514 94515 94525 94526 94533 94541 94543 94552 94561 94563 94568 94571 94574
94581 94590 94596 94600 94602 94604 94609 94619 94622 94630 94638 94647 94651 94655 94658 94667 94673 94679
94686 94693 94698 94700 94703 94712 94713 94716 94717 94721 94722 94732 94735 94741 94746 94748 94752 94754
94762 94766 94773 94782 94792 94793 94800 94807 94811 94821 94829 94831 94833 94843 94848 94853 94860 94870
94879 94889 94896 94901 94911 94921 94928 94933 94937 94939 94944 94946 94949 94954 94961 94966 94975 94978
94979 94983 94993 95001 95009 95019 95023 95027 95034 95044 95051 95061 95062 95069 95075 95077 95084 95088
95098 95099 95108 95116 95119 95128 95134 95141 95150 95158 95164 95169 95171 95174 95183 95188 95195 95200
95202 95210 95216 95218 95224 95228 95230 95235 95242 95249 95259 95266 95276 95279 95280 95283 95293 95303
95304 95308 95313 95320 95322 95331 95340 95345 95353 95356 95366 95370 95376 95385 95394 95396 95402 95406
95415 95417 95419 95428 95435 95444 95453 95460 95468 95476 95480 95489 95498 95505 95506 95512 95522 95530
95531 95538 95545 95551 95552 95562 95569 95576 95582 95585 95590 95592 95594 95603 95607 95611 95612 95621
95628 95632 95642 95643 95645 95654 95663 95664 95672 95676 95680 95682 95689 95695 95696 95699 95707 95713
95715 95723 95733 95737 95741 95745 95747 95754 95756 95765 95767 95771 95776 95781 95788 95798 95799 95806
95811 95815 95825 95827 95832 95835 95836 95841 95842 95847 95855 95859 95862 95867 95869 95873 95880 95883
95885 95891 95898 95907 95912 95913 95920 95926 95927 95937 95942 95943 95950 95957 95964 95966 95974 95978
95988 95991 95992 95995 95998 96005 96011 96014 96015 96019 96028 96035 96040 96046 96054 96063 96070 96071
96081 96091 96093 96097 96106 96116 96119 96129 96131 96138 96142 96151 96157 96164 96165 96169 96178 96185
96187 96197 96206 96209 96219 96223 96224 96227 96237 96245 96250 96252 96256 96258 96267 96274 96282 96283
96286 96290 96293 96297 96307 96311 96315 96320 96326 96335 96341 96343 96344 96351 96355 96360 96362 96365
96371 96372 96379 96388 96396 96399 96400 96409 96410 96412 96422 96429 96430 96439 96443 96451 96453 96460
96462 96465 96473 96474 96484 96492 96495 96496 96501 96511 96520 96528 96531 96538 96540 96546 96553 96560
96563 96570 96578 96583 96586 96593 96598 96605 96607 96611 96618 96620 96621 96623 96631 96638 96644 96653
96659 96662 96672 96679 96680 96684 96689 96690 96698 96708 96715 96716 96725 96731 96741 96747 96751 96756
96766 96776 96779 96789 96791 96793 96799 96801 96804 96809 96813 96816 96824 96825 96826 96835 96836 96837
96845 96853 96857 96865 96875 96881 96885 96895 96898 96904 96912 96916 96920 96924 96929 96933 96939 96945
96951 96956 96959 96962 96972 96982 96985 96988 96989 96994 96998 97003 97007 97013 97014 97017 97021 97024
97033 97042 97050 97055 97063 97065 97070 97079 97086 97089 97094 97097 97103 97113 97123 97124 97127 97128
97130 97139 97146 97153 97163 97170 97178 97179 97182 97190 97192 97197 97202 97204 97212 97220 97221 97229
97239 97240 97246 97251 97258 97261 97263 97267 97273 97276 97282 97284 97286 97292 97294 97302 97312 97318
97323 97329 97335 97339 97345 97355 97364 97367 97372 97375 97384 97394 97401 97402 97403 97413 97419 97423
97429 97436 97446 97453 97456 97466 97471 97473 97475 97483 97484 97485 97494 97498 97506 97513 97521 97524
97526 97532 97538 97547 97549 97554 97560 97567 97574 97584 97593 97595 97598 97604 97610 97613 97615 97619
97624 97632 97636 97642 97645 97647 97653 97654 97658 97664 97670 97680 97682 97685 97687 97695 97701 97705
97706 97714 97722 97723 97731 97741 97751 97752 97754 97760 97768 97778 97783 97784 97794 97802 97803 97811
97815 97821 97828 97830 97834 97835 97839 97841 97850 97855 97856 97864 97865 97873 97876 97882 97885 97888
97895 97904 97907 97915 97918 97928 97938 97945 97951 97955 97959 97966 97967 97976 97980 97984 97989 97996
97999 98005 98012 98015 98017 98024 98033 98035 98040 98044 98045 98046 98054 98061 98067 98073 98082 98089
98098 98102 98112 98121 98131 98140 98141 98147 98150 98158 98159 98167 98174 98183 98184 98194 98200 98201
98210 98218 98222 98226 98235 98240 98249 98256 98261 98271 98276 98280 98281 98291 98296 98302 98308 98311
98316 98318 98327 98336 98343 98350 98359 98364 98371 98375 98376 98381 98388 98390 98394 98402 98403 98406
98416 98420 98427 98433 98435 98442 98450 98453 98458 98460 98465 98467 98477 98481 98488 98490 98498 98501
98503 98509 98515 98518 98528 98532 98541 98547 98557 98567 98573 98574 98581 98586 98596 98606 98614 98616
98622 98625 98632 98641 98648 98656 98664 98670 98679 98684 98693 98694 98704 98714 98717 98719 98726 98735
98741 98750 98754 98761 98771 98772 98775 98781 98789 98790 98793 98796 98799 98806 98815 98818 98826 98833
98841 98850 98859 98863 98865 98868 98876 98885 98886 98888 98890 98899 98901 98910 98913 98920 98930 98939
98947 98949 98950 98958 98959 98961 98967 98977 98978 98981 98982 98986 98992 99002 99006 99016 99026 99033
99035 99041 99049 99057 99060 99062 99072 99078 99085 99089 99099 99108 99111 99119 99124 99127 99132 99140
99145 99149 99152 99153 99154 99157 99158 99161 99171 99175 99180 99181 99188 99191 99200 99205 99215 99221
99222 99223 99229 99230 99239 99240 99241 99248 99252 99261 99268 99271 99280 99283 99285 99286 99294 99303
99308 99309 99319 99329 99336 99342 99352 99360 99365 99367 99376 99380 99381 99390 99392 99395 99401 99406
99415 99416 99420 99425 99434 99441 99445 99450 99457 99462 99471 99479 99486 99490 99499 99501 99502 99504
99509 99517 99526 99532 99538 99548 99558 99559 99568 99569 99573 99576 99582 99592 99597 99604 99607 99611
99615 99623 99629 99632 99642 99644 99647 99649 99656 99665 99667 99676 99678 99686 99693 99703 99712 99713
99715 99724 99733 99734 99735 99744 99751 99758 99763 99773 99778 99786 99791 99797 99807 99813 99820 99821
99825 99834 99840 99847 99850 99857 99860 99867 99874 99883 99886 99890 99896 99898 99905 99912 99921 99930
99936 99944 99948 99954 99960 99969 99975 99982 99987 99994 99998 100004 100009 100018 100020 100022 100023 100033
100036 100038 100044 100051 100057 100065 100071 100079 100083 100093 100101 100111 100121 100126 100130 100134 100141 100147
100153 100160 100164 100172 100177 100186 100189 100197 100205 100208 100218 100222 100226 100233 100236 100241 100242 100245
100250 100254 100255 100263 100269 100278 100279 100287 100295 100301 100306 100316 100322 100326 100336 100345 100348 100352
100362 100371 100372 100381 100391 100393 100395 100403 100407 100415 100424 100432 100435 100445 100446 100454 100458 100468
100472 100477 100484 100485 100488 100496 100502 100506 100513 100518 100528 100533 100538 100546 100551 100554 100558 100560
100563 100565 100568 100571 100577 100582 100592 100602 100610 100611 100621 100630 100636 100642 100649 100658 100659 100665
100673 100677 100685 100691 100698 100705 100713 100721 100730 100737 100747 100752 100754 100756 100758 100759 100768 100772
100774 100782 100786 100787 100797 100803 100807 100813 100814 100821 100830 100837 100843 100852 100858 100866 100868 100874
100879 100885 100890 100891 100901 100909 100917 100919 100926 100934 100944 100951 100959 100966 100967 100968 100975 100983
100988 100992 100993 100998 101002 101003 101005 101011 101013 101017 101018 101019 101028 101036 101045 101048 101054 101062
101066 101070 101071 101081 101089 101094 101102 101108 101109 101114 101120 101124 101134 101144 101148 101151 101157 101160
101164 101174 101179 101182 101187 101196 101203 101207 101214 101217 101224 101228 101233 101240 101247 101253 101263 101272
101276 101278 101284 101288 101289 101291 101296 101305 101315 101317 101321 101326 101329 101334 101337 101341 101345 101346
101348 101350 101360 101368 101376 101385 101394 101398 101405 101409 101416 101418 101422 101431 101441 101449 101457 101458
101466 101473 101483 101490 101497 101498 101505 101512 101520 101524 101530 101531 101534 101539 101545 101550 101552 101560
101565 101566 101570 101580 101589 101596 101603 101610 101617 101621 101626 101627 101630 101639 101645 101651 101658 101666
101675 101676 101681 101682 101692 101697 101707 101708 101717 101725 101735 101739 101747 101757 101758 101768 101777 101780
101781 101790 101791 101796 101800 101807 101814 101824 101832 101842 101849 101855 101863 101866 101875 101878 101886 101890
101892 101893 101898 101906 101908 101911 101919 101923 101924 101927 101929 101933 101939 101947 101956 101960 101963 101967
101973 101976 101984 101994 101995 102004 102005 102013 102022 102029 102032 102035 102038 102042 102044 102045 102049 102054
102056 102065 102066 102071 102074 102083 102090 102095 102102 102108 102114 102115 102125 102130 102133 102141 102143 102149
102152 102162 102167 102175 102181 102184 102187 102197 102201 102205 102209 102216 102218 102224 102230 102238 102248 102255
102257 102267 102274 102279 102289 102297 102300 102310 102320 102323 102332 102335 102345 102350 102353 102363 102373 102380
102381 102389 102398 102404 102409 102419 102422 102432 102441 102442 102446 102453 102456 102462 102471 102474 102478 102488
102492 102499 102500 102506 102512 102518 102523 102531 102534 102542 102546 102548 102550 102555 102559 102569 102573 102583
102592 102602 102609 102616 102619 102623 102628 102632 102634 102638 102648 102657 102666 102673 102678 102679 102684 102693
102694 102702 102710 102713 102722 102724 102734 102744 102745 102750 102756 102766 102771 102774 102783 102789 102791 102796
102799 102808 102811 102812 102816 102825 102834 102836 102845 102849 102858 102863 102864 102872 102882 102890 102893 102895
102905 102910 102915 102925 102930 102937 102939 102946 102954 102955 102962 102966 102969 102974 102976 102980 102982 102983
102989 102994 102999 103001 103009 103017 103020 103022 103023 103028 103035 103039 103044 103053 103058 103066 103068 103071
103078 103086 103091 103096 103099 103100 103101 103102 103104 103112 103117 103122 103129 103138 103147 103155 103161 103165
103175 103178 103182 103185 103193 103198 103204 103207 103209 103211 103217 103220 103222 103228 103230 103235 103244 103253
103255 103264 103274 103282 103283 103284 103291 103297 103305 103306 103315 103316 103324 103326 103332 103340 103348 103357
103362 103372 103377 103382 103388 103397 103402 103412 103414 103421 103427 103434 103435 103438 103446 103456 103464 103469
103472 103479 103489 103490 103499 103508 103518 103522 103530 103539 103542 103543 103548 103557 103564 103565 103571 103577
103579 103586 103596 103600 103606 103607 103610 103617 103618 103623 103626 103636 103641 103644 103654 103655 103663 103666
103671 103679 103685 103687 103694 103703 103713 103719 103720 103722 103730 103732 103741 103749 103758 103768 103774 103778
103787 103795 103796 103799 103803 103808 103809 103817 103824 103832 103838 103843 103847 103853 103856 103864 103866 103876
103877 103883 103885 103887 103893 103898 103904 103907 103911 103918 103919 103927 103931 103937 103940 103950 103955 103963
103964 103968 103971 103972 103979 103983 103989 103999 104000 104002 104006 104016 104025 104033 104043 104050 104055 104058
104062 104068 104077 104083 104086 104092 104099 104108 104112 104116 104123 104124 104125 104127 104131 104141 104147 104155
104159 104166 104169 104172 104181 104188 104189 104194 104196 104206 104210 104213 104218 104220 104221 104223 104228 104233
104243 104249 104257 104262 104266 104271 104275 104280 104287 104289 104293 104295 104299 104309 104317 104326 104329 104338
104341 104342 104349 104359 104365 104366 104376 104382 104389 104392 104393 104396 104404 104406 104412 104414 104420 104424
104428 104429 104433 104439 104447 104453 104458 104459 104468 104475 104483 104490 104496 104497 104503 104513 104518 104520
104527 104533 104535 104545 104553 104562 104570 104571 104572 104577 104587 104597 104607 104613 104618 104623 104629 104632
104638 104643 104645 104652 104658 104664 104669 104672 104676 104686 104692 104696 104702 104704 104705 104712 104718 104724
104734 104744 104748 104757 104764 104765 104774 104777 104784 104786 104790 104795 104797 104803 104805 104813 104821 104827
104828 104831 104832 104834 104840 104841 104848 104858 104867 104872 104880 104881 104884 104890 104894 104904 104912 104922
104925 104933 104938 104946 104953 104956 104962 104971 104972 104974 104983 104987 104990 105000 105010 105019 105020 105027
105029 105031 105035 105043 105045 105048 105056 105066 105071 105072 105073 105075 105078 105084 105089 105095 105103 105107
105116 105117 105127 105136 105140 105150 105156 105164 105168 105175 105182 105190 105195 105199 105205 105209 105218 105228
105233 105236 105244 105252 105255 105265 105270 105279 105286 105288 105296 105297 105304 105310 105317 105322 105327 105336
105337 105343 105352 105354 105360 105366 105373 105376 105384 105387 105392 105396 105400 105408 105418 105426 105429 105436
105443 105453 105454 105463 105467 105471 105475 105476 105478 105488 105490 105499 105505 105509 105518 105528 105534 105539
105544 105548 105557 105558 105563 105565 105568 105577 105582 105584 105586 105587 105594 105601 105602 105604 105608 105617
105620 105625 105629 105635 105644 105645 105652 105661 105667 105670 105671 105680 105689 105695 105704 105707 105714 105716
105720 105723 105724 105734 105743 105745 105749 105750 105751 105753 105757 105766 105768 105777 105783 105792 105795 105805
105814 105817 105825 105826 105828 105838 105839 105847 105853 105857 105858 105866 105867 105876 105884 105890 105892 105902
105906 105916 105924 105925 105935 105939 105949 105959 105960 105966 105971 105976 105977 105980 105983 105990 105996 105998
106006 106016 106024 106025 106026 106034 106039 106048 106055 106059 106068 106077 106084 106086 106093 106097 106101 106109
106115 106117 106127 106132 106134 106144 106148 106152 106159 106163 106164 106173 106182 106188 106190 106199 106208 106215
106223 106228 106235 106241
