-3367 -3361 -3360 -3358 -3357 -3354 -3347 -3337 -3333 -3331 -3328 -3324 -3322 -3314 -3306 -3299 -3294 -3286
-3281 -3275 -3274 -3273 -3270 -3261 -3253 -3250 -3240 -3239 -3235 -3230 -3221 -3216 -3211 -3206 -3200 -3197
-3193 -3184 -3180 -3177 -3172 -3169 -3164 -3161 -3152 -3142 -3140 -3132 -3123 -3121 -3116 -3114 -3113 -3111
-3105 -3102 -3095 -3087 -3080 -3074 -3064 -3054 -3051 -3050 -3048 -3038 -3037 -3027 -3019 -3009 -3005 -2995
-2992 -2982 -2975 -2966 -2956 -2949 -2948 -2939 -2932 -2928 -2927 -2926 -2925 -2915 -2910 -2900 -2893 -2889
-2886 -2878 -2873 -2870 -2866 -2857 -2854 -2845 -2836 -2831 -2822 -2813 -2807 -2799 -2793 -2786 -2782 -2776
-2769 -2766 -2764 -2757 -2750 -2742 -2740 -2735 -2726 -2719 -2714 -2711 -2709 -2704 -2701 -2699 -2698 -2690
-2681 -2674 -2671 -2661 -2660 -2658 -2655 -2654 -2652 -2643 -2633 -2625 -2623 -2619 -2615 -2610 -2600 -2595
-2586 -2581 -2577 -2567 -2566 -2565 -2559 -2552 -2542 -2535 -2528 -2525 -2521 -2518 -2512 -2502 -2500 -2490
-2486 -2480 -2474 -2471 -2462 -2454 -2449 -2446 -2442 -2439 -2433 -2430 -2420 -2415 -2407 -2400 -2398 -2394
-2386 -2377 -2374 -2372 -2365 -2361 -2352 -2349 -2343 -2334 -2329 -2323 -2318 -2315 -2309 -2301 -2297 -2293
-2283 -2281 -2280 -2274 -2271 -2264 -2256 -2251 -2247 -2246 -2244 -2236 -2227 -2222 -2215 -2214 -2204 -2203
-2202 -2193 -2192 -2184 -2175 -2171 -2168 -2158 -2157 -2150 -2144 -2137 -2133 -2130 -2123 -2114 -2112 -2102
-2101 -2099 -2097 -2093 -2088 -2087 -2086 -2085 -2079 -2070 -2064 -2055 -2049 -2046 -2042 -2039 -2031 -2023
-2013 -2006 -2003 -1998 -1990 -1989 -1981 -1980 -1978 -1971 -1970 -1964 -1963 -1953 -1944 -1936 -1931 -1923
-1922 -1915 -1908 -1902 -1892 -1890 -1884 -1878 -1868 -1860 -1851 -1846 -1841 -1834 -1833 -1832 -1822 -1815
-1809 -1804 -1800 -1794 -1785 -1780 -1778 -1772 -1762 -1754 -1747 -1742 -1741 -1732 -1725 -1718 -1714 -1710
-1702 -1701 -1698 -1693 -1686 -1682 -1676 -1673 -1666 -1659 -1655 -1654 -1649 -1640 -1634 -1624 -1621 -1619
-1613 -1603 -1602 -1593 -1592 -1590 -1584 -1576 -1568 -1561 -1560 -1559 -1553 -1548 -1545 -1536 -1533 -1531
-1523 -1517 -1514 -1507 -1500 -1492 -1491 -1490 -1488 -1486 -1479 -1471 -1461 -1458 -1453 -1449 -1441 -1436
-1428 -1424 -1422 -1414 -1408 -1403 -1400 -1391 -1382 -1373 -1372 -1371 -1365 -1356 -1352 -1347 -1341 -1335
-1326 -1324 -1316 -1315 -1307 -1303 -1302 -1295 -1289 -1284 -1280 -1273 -1265 -1256 -1251 -1250 -1248 -1247
-1240 -1238 -1233 -1226 -1224 -1217 -1212 -1207 -1205 -1204 -1200 -1194 -1191 -1188 -1183 -1176 -1173 -1172
-1168 -1166 -1157 -1153 -1147 -1141 -1135 -1125 -1115 -1107 -1097 -1093 -1088 -1084 -1081 -1077 -1067 -1063
-1062 -1057 -1049 -1040 -1039 -1037 -1029 -1027 -1025 -1019 -1015 -1010 -1008 -998 -989 -981 -978 -971
-969 -961 -953 -946 -939 -936 -929 -924 -920 -910 -902 -893 -883 -874 -870 -869 -860 -852
-850 -842 -839 -836 -827 -818 -808 -802 -792 -783 -781 -774 -767 -760 -758 -751 -741 -731
-723 -720 -718 -712 -706 -705 -696 -693 -692 -687 -682 -673 -670 -665 -662 -659 -651 -650
-648 -638 -630 -624 -614 -607 -601 -597 -592 -582 -579 -573 -568 -566 -563 -557 -556 -553
-550 -544 -542 -537 -533 -525 -519 -509 -504 -502 -499 -497 -493 -484 -474 -473 -464 -462
-456 -452 -450 -447 -438 -430 -423 -421 -420 -413 -404 -394 -385 -382 -374 -373 -369 -366
-359 -351 -346 -339 -331 -321 -318 -316 -312 -306 -301 -298 -292 -285 -282 -279 -270 -265
-262 -260 -255 -253 -247 -241 -237 -231 -221 -215 -214 -211 -209 -204 -195 -187 -181 -175
-171 -167 -158 -150 -147 -139 -130 -121 -111 -107 -102 -98 -92 -88 -85 -77 -73 -71
-67 -62 -59 -52 -50 -44 -38 -35 -25 -23 -22 -13 -8 -1 5 11 14 21
23 27 33 36 41 50 54 63 66 67 72 78 81 83 84 90 96 97
104 114 124 125 133 134 137 139 142 150 154 157 166 172 173 178 180 187
191 201 206 215 218 223 231 236 237 242 247 253 262 269 270 279 283 291
300 310 316 319 329 339 348 350 351 353 362 363 366 367 368 370 380 386
393 398 400 405 415 419 427 434 436 444 452 461 464 471 479 482 484 494
495 501 502 505 509 511 519 520 521 523 532 542 544 548 554 563 572 576
583 587 590 597 601 607 613 621 629 631 638 645 651 656 657 663 668 669
675 680 690 692 697 699 707 716 723 727 736 741 744 749 759 766 776 783
784 787 793 800 805 812 813 817 819 829 837 839 849 856 860 865 873 883
887 894 895 896 904 914 917 920 928 932 938 941 945 954 961 969 973 975
979 980 986 990 993 994 1002 1012 1014 1023 1025 1031 1036 1040 1046 1054 1061 1071
1074 1080 1087 1092 1094 1098 1107 1109 1111 1114 1121 1126 1130 1137 1142 1151 1153 1162
1166 1174 1176 1179 1185 1194 1195 1196 1201 1207 1211 1221 1227 1231 1241 1244 1251 1254
1255 1262 1268 1274 1276 1284 1291 1299 1306 1314 1321 1331 1336 1344 1354 1359 1368 1371
1377 1387 1390 1393 1397 1400 1406 1407 1417 1424 1427 1436 1442 1450 1456 1459 1469 1470
1476 1485 1491 1492 1494 1498 1504 1507 1508 1512 1516 1518 1523 1533 1540 1541 1548 1549
1554 1556 1564 1567 1571 1576 1584 1587 1592 1593 1598 1599 1604 1605 1615 1619 1628 1637
1641 1651 1661 1671 1677 1686 1691 1693 1696 1701 1710 1713 1718 1721 1729 1732 1734 1735
1743 1745 1748 1755 1756 1759 1764 1773 1783 1791 1793 1794 1799 1803 1813 1816 1819 1822
1824 1829 1833 1837 1846 1850 1855 1863 1871 1878 1886 1887 1894 1899 1908 1912 1914 1921
1930 1938 1948 1950 1957 1963 1964 1972 1979 1988 1998 2004 2006 2009 2019 2025 2030 2039
2040 2042 2046 2055 2059 2068 2071 2073 2082 2091 2093 2096 2098 2104 2114 2117 2120 2128
2137 2141 2148 2157 2158 2165 2171 2179 2184 2191 2199 2202 2203 2208 2217 2218 2228 2229
2239 2242 2243 2250 2251 2260 2268 2270 2277 2283 2292 2300 2302 2309 2311 2312 2318 2324
2330 2339 2340 2344 2345 2352 2355 2357 2362 2372 2381 2386 2392 2402 2404 2409 2414 2419
2429 2439 2449 2455 2460 2463 2472 2479 2489 2493 2498 2508 2512 2517 2525 2528 2537 2538
2546 2550 2552 2555 2563 2570 2579 2584 2586 2589 2599 2600 2610 2612 2622 2625 2626 2628
2636 2640 2645 2651 2652 2661 2668 2673 2678 2686 2691 2696 2701 2707 2716 2719 2729 2730
2733 2734 2735 2742 2747 2751 2757 2765 2773 2782 2786 2788 2798 2804 2810 2815 2818 2828
2830 2840 2841 2849 2850 2851 2861 2862 2870 2871 2872 2882 2886 2895 2902 2909 2919 2921
2924 2934 2936 2939 2942 2945 2948 2955 2961 2969 2976 2978 2986 2991 2996 3004 3008 3016
3018 3022 3024 3025 3032 3038 3045 3055 3063 3068 3071 3078 3080 3090 3097 3101 3105 3107
3111 3119 3127 3133 3140 3149 3152 3156 3165 3166 3173 3174 3176 3186 3192 3198 3206 3213
3214 3218 3228 3232 3242 3245 3251 3254 3260 3267 3269 3279 3283 3286 3291 3300 3310 3316
3318 3326 3334 3340 3349 3356 3366 3373 3381 3390 3399 3409 3416 3421 3423 3425 3428 3436
3442 3446 3451 3454 3457 3461 3464 3472 3477 3478 3479 3488 3489 3493 3499 3504 3509 3517
3522 3524 3532 3539 3541 3550 3560 3562 3567 3568 3575 3578 3583 3586 3587 3595 3601 3602
3608 3611 3612 3621 3630 3640 3647 3653 3655 3659 3665 3674 3682 3688 3694 3704 3709 3714
3721 3728 3735 3743 3749 3756 3762 3771 3781 3791 3792 3801 3803 3806 3810 3813 3820 3830
3834 3838 3842 3849 3854 3864 3871 3876 3883 3886 3895 3899 3908 3912 3917 3921 3925 3928
3937 3943 3953 3959 3960 3961 3963 3966 3968 3971 3976 3982 3984 3986 3992 3994 3995 4002
4010 4016 4026 4033 4041 4042 4046 4051 4060 4064 4069 4073 4074 4077 4079 4084 4091 4099
4101 4109 4113 4118 4123 4128 4132 4142 4146 4154 4159 4163 4169 4179 4186 4194 4196 4206
4209 4213 4223 4224 4234 4243 4249 4258 4262 4268 4270 4273 4281 4282 4291 4293 4294 4298
4306 4315 4323 4333 4335 4343 4352 4360 4362 4366 4374 4383 4384 4391 4393 4401 4408 4416
4424 4426 4432 4436 4445 4453 4461 4463 4465 4466 4471 4473 4476 4482 4491 4493 4502 4508
4511 4513 4523 4526 4527 4537 4540 4548 4558 4560 4561 4567 4572 4575 4577 4584 4594 4598
4602 4610 4614 4618 4619 4629 4630 4637 4642 4651 4660 4667 4673 4683 4687 4690 4694 4695
4703 4706 4708 4715 4724 4728 4733 4737 4746 4749 4759 4764 4770 4779 4785 4794 4800 4802
4806 4813 4820 4825 4828 4837 4845 4846 4849 4855 4857 4863 4867 4868 4873 4879 4888 4894
4900 4910 4918 4924 4934 4935 4941 4951 4960 4965 4974 4977 4984 4987 4990 4997 5006 5014
5016 5021 5028 5034 5036 5039 5047 5056 5062 5067 5070 5073 5082 5090 5100 5108 5117 5127
5129 5133 5139 5141 5144 5154 5156 5164 5167 5168 5176 5186 5194 5204 5211 5215 5225 5231
5232 5238 5247 5254 5263 5272 5275 5277 5283 5286 5294 5303 5313 5323 5330 5336 5346 5350
5351 5359 5360 5370 5371 5372 5382 5390 5398 5407 5409 5416 5424 5432 5438 5439 5445 5454
5458 5468 5470 5473 5474 5477 5483 5488 5498 5501 5503 5504 5514 5518 5524 5530 5531 5539
5547 5551 5556 5566 5574 5579 5582 5591 5595 5596 5602 5608 5611 5619 5626 5634 5643 5651
5660 5663 5671 5678 5681 5683 5692 5702 5709 5719 5726 5727 5728 5733 5741 5749 5750 5756
5763 5765 5775 5778 5783 5792 5793 5794 5801 5809 5817 5819 5823 5824 5828 5831 5832 5840
5844 5854 5855 5859 5864 5873 5880 5883 5888 5893 5902 5906 5914 5916 5922 5924 5927 5935
5939 5944 5948 5951 5961 5966 5972 5976 5984 5990 5996 6002 6011 6017 6024 6033 6042 6048
6055 6062 6066 6074 6080 6082 6083 6084 6090 6093 6095 6104 6109 6110 6115 6123 6131 6134
6136 6142 6152 6154 6156 6161 6165 6173 6174 6176 6185 6194 6196 6198 6202 6206 6213 6217
6221 6223 6227 6234 6240 6245 6249 6259 6264 6269 6276 6277 6284 6287 6297 6303 6307 6308
6313 6315 6320 6329 6331 6337 6339 6346 6355 6359 6367 6376 6378 6386 6391 6392 6399 6408
6410 6420 6423 6433 6436 6444 6450 6452 6453 6462 6463 6471 6472 6473 6479 6485 6488 6494
6503 6512 6517 6520 6521 6525 6532 6538 6548 6554 6556 6560 6563 6569 6578 6587 6588 6598
6600 6602 6612 6615 6617 6622 6625 6631 6640 6650 6654 6656 6659 6662 6667 6669 6679 6680
6683 6687 6693 6703 6706 6716 6717 6721 6729 6733 6738 6740 6747 6751 6755 6765 6773 6774
6780 6788 6795 6799 6809 6812 6814 6823 6830 6834 6839 6842 6843 6847 6849 6857 6859 6866
6872 6881 6891 6892 6895 6902 6903 6911 6917 6926 6929 6937 6946 6955 6965 6969 6970 6977
6987 6993 7002 7005 7010 7012 7014 7015 7017 7023 7027 7030 7035 7040 7044 7050 7059 7060
7064 7072 7073 7074 7075 7082 7087 7091 7101 7111 7112 7119 7127 7131 7132 7133 7141 7143
7146 7151 7160 7167 7172 7174 7176 7178 7186 7193 7202 7205 7215 7216 7219 7223 7224 7229
7230 7238 7246 7251 7261 7263 7272 7280 7290 7300 7301 7304 7311 7312 7315 7322 7326 7331
7334 7344 7346 7352 7353 7358 7362 7368 7372 7379 7389 7393 7395 7400 7409 7413 7416 7423
7426 7434 7437 7438 7444 7448 7449 7457 7460 7467 7470 7473 7483 7489 7494 7502 7508 7517
7527 7537 7546 7552 7557 7564 7568 7571 7581 7590 7594 7602 7610 7620 7621 7630 7639 7644
7645 7651 7660 7669 7670 7671 7681 7683 7684 7693 7702 7709 7713 7722 7723 7727 7730 7737
7747 7755 7758 7761 7771 7774 7777 7785 7791 7798 7802 7803 7812 7818 7821 7831 7835 7841
7843 7852 7858 7866 7869 7873 7877 7886 7894 7899 7909 7912 7922 7931 7936 7946 7956 7962
7964 7968 7975 7985 7987 7988 7997 8001 8010 8012 8020 8023 8028 8037 8044 8052 8058 8067
8074 8083 8087 8089 8098 8108 8115 8121 8122 8126 8135 8145 8152 8153 8154 8159 8169 8170
8180 8188 8198 8207 8213 8215 8222 8226 8236 8243 8244 8253 8254 8255 8257 8260 8267 8268
8273 8274 8276 8277 8286 8287 8291 8299 8302 8303 8306 8314 8323 8325 8335 8345 8354 8355
8363 8369 8373 8378 8387 8393 8402 8412 8419 8421 8423 8432 8433 8436 8439 8444 8451 8457
8466 8471 8473 8483 8484 8488 8496 8505 8512 8515 8521 8522 8528 8534 8542 8551 8559 8560
8568 8571 8581 8585 8593 8594 8598 8606 8610 8614 8616 8620 8627 8629 8633 8643 8648 8649
8657 8658 8668 8676 8677 8682 8684 8691 8699 8708 8714 8719 8721 8722 8731 8735 8745 8746
8748 8751 8757 8758 8766 8768 8774 8784 8790 8795 8797 8803 8811 8816 8821 8830 8833 8840
8850 8851 8860 8861 8866 8873 8878 8888 8889 8890 8891 8900 8906 8915 8922 8932 8938 8942
8948 8953 8956 8960 8970 8979 8983 8990 8997 9003 9008 9016 9026 9027 9037 9044 9054 9062
9066 9067 9068 9073 9079 9080 9085 9088 9094 9103 9109 9117 9118 9121 9131 9132 9136 9137
9138 9147 9151 9157 9160 9161 9162 9167 9170 9173 9183 9186 9195 9201 9202 9205 9215 9225
9227 9229 9238 9242 9246 9247 9254 9260 9268 9269 9276 9281 9287 9296 9299 9300 9301 9310
9315 9320 9325 9335 9340 9349 9359 9361 9364 9371 9372 9373 9375 9380 9388 9394 9400 9402
9405 9414 9424 9430 9438 9447 9451 9461 9468 9475 9479 9489 9498 9506 9509 9514 9516 9524
9532 9535 9544 9549 9559 9567 9576 9582 9587 9588 9591 9592 9594 9600 9602 9611 9621 9625
9635 9642 9643 9653 9656 9666 9668 9678 9685 9693 9702 9705 9707 9709 9714 9723 9732 9737
9747 9756 9764 9771 9773 9782 9783 9790 9797 9799 9806 9812 9817 9818 9820 9828 9836 9843
9852 9854 9858 9861 9863 9865 9866 9867 9874 9878 9880 9890 9891 9900 9905 9907 9908 9909
9912 9915 9922 9929 9932 9934 9935 9944 9949 9957 9963 9964 9967 9976 9977 9978 9982 9990
9996 10006 10007 10010 10018 10025 10030 10035 10041 10050 10055 10061 10070 10072 10075 10076 10086 10089
10098 10103 10109 10115 10121 10127 10134 10138 10144 10151 10155 10159 10162 10171 10181 10186 10196 10203
10207 10209 10211 10217 10226 10231 10238 10239 10244 10251 10261 10266 10269 10277 10286 10295 10296 10300
10303 10307 10308 10318 10326 10334 10339 10347 10354 10359 10363 10372 10377 10385 10386 10395 10399 10402
10405 10409 10414 10422 10427 10429 10432 10433 10438 10445 10455 10460 10462 10468 10472 10477 10478 10483
10488 10494 10497 10505 10514 10516 10519 10520 10528 10536 10537 10545 10552 10562 10564 10569 10575 10576
10586 10596 10602 10610 10611 10612 10616 10623 10627 10631 10640 10650 10660 10668 10675 10684 10687 10694
10695 10697 10706 10716 10718 10721 10728 10733 10743 10747 10748 10756 10757 10761 10768 10772 10776 10785
10787 10795 10801 10810 10816 10817 10818 10826 10835 10841 10844 10845 10854 10857 10865 10873 10882 10890
10899 10902 10905 10915 10921 10924 10930 10936 10944 10952 10957 10967 10974 10984 10985 10991 10999 11007
11015 11024 11034 11040 11045 11050 11053 11060 11066 11072 11074 11076 11086 11090 11093 11096 11104 11112
11121 11122 11126 11128 11129 11130 11137 11146 11156 11159 11162 11171 11179 11183 11188 11195 11197 11199
11209 11213 11218 11223 11227 11228 11232 11240 11247 11252 11258 11265 11268 11274 11281 11290 11293 11299
11301 11304 11314 11317 11324 11326 11332 11339 11344 11351 11358 11364 11373 11375 11376 11386 11393 11396
11399 11404 11414 11415 11416 11425 11427 11428 11437 11438 11448 11450 11451 11458 11467 11470 11475 11482
11489 11491 11492 11498 11500 11510 11519 11527 11532 11540 11548 11551 11559 11565 11569 11573 11576 11583
11593 11600 11601 11607 11610 11620 11626 11628 11632 11634 11641 11642 11643 11653 11659 11663 11670 11677
11684 11688 11697 11699 11702 11703 11711 11712 11716 11719 11722 11725 11726 11734 11735 11745 11755 11764
11766 11769 11771 11776 11779 11780 11781 11786 11791 11801 11808 11816 11817 11820 11829 11834 11844 11849
11855 11864 11873 11877 11884 11894 11904 11907 11917 11926 11930 11938 11945 11951 11952 11954 11961 11969
11971 11972 11979 11987 11988 11992 11999 12005 12015 12018 12022 12027 12032 12041 12045 12047 12051 12058
12062 12069 12070 12078 12082 12088 12092 12100 12107 12110 12112 12117 12118 12121 12128 12135 12137 12147
12155 12162 12169 12173 12177 12186 12190 12194 12199 12207 12211 12218 12220 12228 12229 12239 12242 12243
12244 12248 12255 12265 12274 12277 12279 12286 12291 12301 12302 12311 12313 12315 12322 12329 12331 12339
12341 12343 12346 12356 12361 12362 12370 12375 12385 12394 12402 12403 12407 12408 12414 12415 12425 12432
12441 12447 12456 12459 12462 12467 12477 12486 12495 12499 12504 12511 12517 12520 12522 12528 12537 12541
12545 12552 12558 12564 12573 12576 12579 12583 12592 12600 12602 12603 12607 12615 12624 12630 12635 12639
12640 12641 12644 12650 12651 12661 12670 12674 12678 12684 12691 12701 12705 12706 12709 12710 12712 12722
12725 12726 12728 12733 12737 12744 12751 12752 12757 12762 12768 12771 12772 12782 12785 12794 12797 12802
12806 12807 12816 12818 12822 12825 12826 12829 12839 12844 12854 12860 12870 12876 12877 12882 12886 12894
12902 12909 12915 12924 12934 12943 12948 12958 12966 12975 12984 12992 13001 13010 13019 13028 13034 13038
13048 13052 13055 13064 13071 13075 13077 13081 13089 13099 13105 13110 13118 13123 13133 13143 13146 13156
13159 13164 13174 13180 13188 13192 13202 13211 13213 13221 13225 13230 13236 13238 13242 13246 13250 13253
13258 13266 13274 13275 13285 13291 13292 13294 13300 13306 13313 13319 13321 13325 13330 13337 13345 13354
13361 13371 13375 13378 13380 13384 13388 13393 13399 13402 13408 13409 13412 13415 13422 13430 13433 13441
13444 13446 13455 13462 13463 13467 13469 13475 13478 13485 13491 13500 13503 13512 13518 13525 13531 13534
13538 13541 13543 13544 13550 13556 13564 13565 13566 13570 13575 13578 13580 13588 13597 13600 13605 13614
13623 13627 13630 13631 13635 13643 13644 13646 13653 13655 13656 13658 13659 13669 13676 13683 13687 13693
13702 13705 13707 13712 13716 13721 13722 13729 13739 13742 13750 13758 13768 13771 13775 13779 13782 13788
13791 13796 13803 13806 13814 13823 13830 13834 13835 13842 13846 13852 13860 13864 13868 13875 13885 13886
13895 13903 13908 13918 13926 13932 13942 13945 13946 13947 13953 13963 13967 13968 13975 13981 13984 13993
14003 14008 14017 14023 14031 14037 14038 14040 14050 14059 14063 14069 14079 14087 14090 14098 14101 14105
14107 14117 14120 14128 14129 14138 14141 14150 14159 14166 14172 14174 14178 14181 14186 14190 14194 14204
14212 14221 14225 14234 14236 14242 14248 14249 14258 14262 14271 14275 14278 14288 14297 14300 14303 14312
14318 14324 14329 14336 14346 14353 14360 14361 14365 14372 14381 14383 14388 14392 14395 14396 14401 14410
14415 14416 14426 14431 14434 14443 14445 14449 14458 14467 14470 14472 14482 14485 14490 14497 14506 14508
14512 14521 14526 14529 14535 14544 14553 14556 14557 14566 14572 14576 14578 14579 14589 14595 14596 14598
14602 14606 14611 14616 14618 14628 14630 14634 14637 14638 14641 14650 14653 14656 14660 14662 14670 14677
14679 14689 14692 14696 14703 14713 14721 14723 14725 14727 14734 14742 14749 14752 14754 14761 14762 14771
14777 14785 14788 14789 14795 14798 14805 14811 14819 14825 14833 14843 14853 14856 14861 14862 14872 14881
14886 14892 14899 14909 14912 14915 14916 14919 14921 14930 14931 14941 14950 14957 14962 14966 14973 14983
14991 14996 14998 15004 15011 15012 15013 15018 15026 15030 15037 15043 15044 15048 15056 15059 15069 15070
15072 15074 15080 15088 15089 15091 15098 15102 15112 15114 15123 15128 15138 15141 15142 15151 15152 15155
15157 15162 15171 15181 15188 15198 15201 15209 15219 15223 15226 15234 15237 15240 15249 15253 15259 15266
15275 15278 15282 15290 15296 15304 15310 15318 15324 15331 15337 15342 15349 15354 15357 15367 15368 15371
15372 15373 15381 15385 15388 15397 15398 15405 15413 15420 15424 15425 15426 15434 15440 15447 15450 15456
15458 15468 15472 15480 15490 15499 15504 15514 15516 15522 15530 15531 15540 15548 15555 15565 15571 15579
15581 15583 15586 15591 15594 15604 15612 15617 15618 15624 15628 15630 15640 15648 15655 15656 15661 15668
15674 15675 15679 15688 15693 15695 15700 15702 15710 15711 15714 15721 15725 15732 15739 15744 15754 15759
15767 15774 15784 15788 15793 15796 15802 15811 15820 15826 15832 15835 15840 15841 15850 15856 15866 15876
15884 15887 15894 15903 15912 15917 15924 15931 15939 15943 15952 15962 15967 15972 15974 15980 15984 15989
15994 15996 16005 16013 16021 16025 16031 16033 16042 16050 16059 16067 16068 16073 16074 16075 16077 16084
16089 16096 16097 16107 16110 16115 16119 16127 16130 16136 16139 16149 16153 16163 16173 16176 16181 16183
16190 16193 16195 16201 16202 16209 16217 16219 16221 16224 16225 16232 16238 16248 16255 16261 16266 16276
16283 16293 16303 16310 16315 16325 16331 16340 16341 16346 16355 16357 16364 16366 16374 16380 16385 16392
16402 16403 16406 16411 16413 16423 16428 16436 16437 16443 16447 16453 16458 16466 16473 16475 16480 16484
16493 16499 16505 16514 16523 16528 16538 16540 16546 16552 16561 16568 16570 16571 16578 16588 16597 16602
16609 16615 16624 16627 16632 16642 16647 16648 16655 16657 16667 16675 16684 16685 16691 16700 16709 16716
16723 16726 16735 16742 16747 16750 16758 16766 16768 16770 16780 16786 16794 16801 16806 16810 16817 16819
16823 16832 16842 16846 16853 16863 16870 16877 16883 16887 16894 16897 16900 16909 16915 16924 16930 16931
16934 16939 16949 16954 16959 16961 16966 16967 16969 16975 16983 16989 16995 16996 16998 17008 17012 17022
17026 17027 17032 17040 17046 17048 17051 17054 17058 17063 17066 17076 17085 17092 17094 17095 17104 17105
17109 17112 17119 17125 17131 17141 17149 17154 17164 17171 17174 17182 17186 17195 17203 17210 17218 17225
17234 17241 17250 17254 17258 17260 17269 17276 17279 17280 17284 17286 17290 17291 17295 17296 17304 17309
17313 17323 17332 17337 17345 17346 17353 17357 17360 17362 17363 17365 17366 17376 17383 17392 17398 17406
17413 17423 17432 17438 17445 17454 17456 17462 17472 17473 17481 17483 17490 17496 17499 17500 17505 17513
17517 17518 17528 17531 17541 17547 17554 17557 17567 17573 17576 17581 17588 17594 17599 17604 17612 17617
17618 17624 17632 17634 17637 17640 17649 17651 17655 17665 17669 17676 17683 17692 17702 17710 17717 17721
17723 17730 17740 17742 17750 17760 17761 17771 17773 17780 17785 17793 17797 17800 17806 17811 17812 17821
17830 17835 17840 17850 17860 17862 17872 17875 17876 17880 17882 17889 17895 17899 17907 17911 17917 17925
17930 17936 17944 17947 17949 17954 17955 17964 17974 17979 17985 17991 17993 17998 17999 18000 18001 18008
18013 18015 18021 18027 18034 18039 18049 18054 18057 18062 18066 18068 18071 18078 18086 18087 18090 18093
18095 18101 18104 18111 18120 18126 18129 18132 18140 18143 18149 18159 18168 18176 18179 18187 18195 18199
18204 18213 18216 18222 18224 18227 18232 18237 18241 18244 18246 18254 18257 18262 18265 18266 18267 18269
18271 18274 18281 18285 18295 18299 18301 18304 18310 18319 18321 18322 18331 18336 18339 18349 18357 18363
18366 18376 18382 18388 18393 18396 18405 18414 18423 18433 18435 18444 18453 18457 18461 18471 18473 18478
18487 18489 18497 18499 18503 18507 18513 18522 18529 18539 18540 18542 18552 18562 18563 18564 18574 18576
18577 18580 18588 18591 18598 18599 18601 18610 18615 18619 18621 18624 18633 18635 18639 18642 18648 18651
18653 18655 18661 18665 18674 18684 18693 18697 18700 18703 18710 18711 18713 18714 18722 18724 18729 18736
18746 18753 18763 18766 18773 18777 18784 18787 18797 18802 18803 18805 18815 18816 18817 18821 18829 18833
18836 18842 18843 18853 18857 18865 18868 18874 18883 18888 18889 18899 18904 18907 18917 18921 18922 18927
18937 18939 18947 18952 18956 18957 18958 18962 18972 18978 18982 18992 18999 19007 19013 19017 19019 19026
19030 19035 19037 19039 19047 19048 19052 19061 19063 19072 19080 19084 19090 19099 19103 19106 19108 19111
19119 19128 19135 19145 19149 19153 19159 19160 19164 19165 19166 19174 19180 19182 19186 19189 19197 19200
19202 19208 19210 19220 19221 19223 19227 19230 19239 19249 19253 19261 19266 19274 19278 19284 19288 19297
19307 19311 19316 19320 19325 19326 19329 19331 19333 19337 19346 19354 19363 19370 19376 19377 19386 19387
19388 19389 19392 19402 19411 19415 19422 19431 19435 19438 19442 19444 19453 19460 19466 19472 19482 19483
19489 19491 19496 19498 19501 19506 19513 19518 19519 19528 19532 19540 19542 19544 19549 19550 19553 19556
19565 19572 19581 19591 19595 19601 19605 19610 19615 19617 19618 19625 19631 19640 19643 19645 19648 19650
19651 19659 19666 19671 19675 19681 19688 19691 19694 19702 19706 19713 19718 19722 19726 19728 19736 19737
19745 19747 19751 19757 19766 19771 19780 19787 19793 19796 19804 19810 19812 19818 19826 19834 19841 19847
19855 19863 19871 19881 19888 19893 19901 19910 19913 19922 19931 19936 19945 19953 19954 19964 19969 19971
19981 19986 19989 19993 19999 20004 20014 20020 20027 20031 20040 20045 20051 20060 20070 20077 20079 20082
20092 20099 20101 20110 20114 20116 20121 20128 20137 20139 20149 20157 20167 20175 20181 20183 20191 20192
20202 20212 20215 20219 20222 20224 20232 20239 20241 20247 20255 20261 20265 20269 20273 20280 20288 20290
20298 20308 20311 20314 20320 20328 20330 20335 20342 20350 20354 20355 20356 20360 20368 20369 20377 20380
20385 20392 20396 20399 20405 20409 20410 20411 20420 20427 20430 20433 20442 20447 20449 20457 20464 20469
20472 20482 20487 20490 20491 20499 20505 20512 20519 20528 20538 20544 20549 20555 20561 20569 20570 20573
20580 20590 20596 20606 20614 20616 20619 20627 20632 20640 20650 20651 20653 20657 20665 20667 20673 20682
20690 20698 20708 20710 20720 20721 20722 20723 20730 20739 20742 20750 20756 20761 20768 20772 20773 20783
20786 20789 20794 20796 20801 20805 20811 20816 20825 20834 20841 20843 20849 20857 20867 20875 20882 20887
20888 20891 20896 20905 20911 20913 20916 20917 20922 20930 20939 20942 20948 20951 20952 20958 20964 20969
20977 20979 20989 20999 21004 21013 21017 21026 21028 21038 21045 21054 21064 21067 21076 21085 21090 21097
21098 21101 21102 21107 21113 21120 21125 21129 21135 21143 21149 21158 21166 21174 21178 21186 21196 21203
21212 21216 21223 21227 21236 21246 21250 21256 21259 21261 21265 21272 21275 21281 21283 21287 21288 21291
21298 21307 21311 21314 21324 21327 21333 21339 21343 21350 21358 21361 21366 21376 21378 21388 21398 21407
21411 21416 21417 21423 21426 21430 21435 21438 21439 21445 21449 21458 21462 21470 21474 21478 21488 21493
21499 21509 21517 21525 21533 21542 21546 21550 21552 21561 21566 21574 21581 21583 21585 21594 21599 21607
21609 21619 21627 21632 21635 21643 21646 21652 21655 21660 21666 21670 21678 21683 21692 21698 21705 21711
21717 21719 21720 21725 21730 21739 21747 21748 21757 21766 21771 21781 21785 21795 21802 21803 21806 21814
21815 21820 21824 21833 21834 21838 21845 21848 21857 21858 21865 21870 21873 21879 21883 21887 21890 21900
21903 21907 21913 21923 21929 21934 21938 21948 21957 21967 21975 21985 21995 22000 22010 22015 22020 22026
22031 22039 22045 22054 22064 22069 22071 22077 22083 22088 22090 22100 22109 22119 22121 22126 22135 22140
22143 22153 22158 22163 22171 22179 22181 22185 22188 22196 22201 22206 22212 22221 22227 22229 22239 22244
22250 22258 22262 22263 22266 22270 22272 22274 22280 22288 22294 22300 22302 22310 22319 22327 22332 22339
22344 22351 22355 22356 22357 22358 22363 22370 22379 22385 22386 22388 22393 22400 22410 22419 22424 22426
22432 22439 22444 22452 22455 22464 22465 22468 22471 22480 22488 22496 22504 22512 22522 22524 22533 22538
22546 22556 22558 22568 22574 22579 22588 22589 22596 22599 22600 22609 22618 22626 22634 22643 22646 22653
22662 22670 22679 22688 22697 22703 22705 22712 22719 22721 22724 22725 22735 22738 22739 22745 22752 22759
22768 22773 22779 22788 22793 22802 22805 22810 22814 22819 22829 22839 22842 22847 22855 22856 22865 22873
22876 22877 22885 22890 22897 22898 22905 22907 22910 22920 22927 22931 22938 22940 22948 22955 22960 22966
22968 22974 22977 22982 22988 22991 22992 22995 22999 23007 23010 23016 23025 23031 23040 23049 23050 23060
23070 23074 23076 23084 23091 23099 23107 23109 23110 23113 23123 23127 23131 23140 23146 23156 23162 23169
23175 23181 23191 23200 23208 23217 23223 23227 23233 23241 23245 23254 23257 23266 23269 23277 23284 23291
23295 23305 23309 23311 23317 23322 23323 23325 23330 23332 23336 23339 23342 23344 23346 23349 23355 23365
23366 23372 23374 23378 23381 23383 23389 23399 23402 23406 23408 23416 23420 23421 23429 23432 23441 23451
23459 23466 23471 23472 23481 23486 23488 23498 23501 23504 23511 23516 23524 23527 23529 23531 23536 23538
23546 23556 23562 23570 23573 23574 23584 23586 23592 23594 23598 23603 23612 23614 23616 23626 23636 23642
23645 23655 23657 23661 23664 23670 23676 23684 23686 23689 23691 23694 23696 23697 23706 23707 23709 23717
23720 23724 23727 23733 23740 23747 23748 23751 23760 23763 23765 23766 23770 23771 23772 23776 23782 23787
23791 23801 23804 23806 23807 23811 23820 23827 23835 23841 23843 23851 23854 23862 23865 23873 23883 23888
23893 23896 23897 23901 23907 23909 23912 23916 23925 23935 23941 23945 23951 23954 23956 23962 23968 23975
23976 23985 23995 24004 24007 24010 24013 24016 24020 24021 24028 24037 24043 24047 24052 24060 24064 24066
24068 24073 24080 24083 24086 24092 24098 24108 24114 24119 24129 24139 24141 24151 24157 24161 24170 24177
24187 24196 24206 24216 24226 24228 24233 24236 24244 24252 24259 24265 24274 24279 24285 24291 24296 24301
24305 24313 24315 24324 24330 24337 24344 24353 24356 24360 24369 24379 24385 24391 24400 24405 24406 24415
24425 24434 24437 24439 24446 24456 24460 24461 24463 24469 24479 24485 24491 24496 24501 24507 24515 24519
24529 24536 24542 24544 24552 24559 24560 24568 24571 24579 24582 24591 24600 24604 24610 24613 24619 24627
24628 24632 24636 24638 24644 24646 24656 24657 24658 24659 24661 24669 24670 24675 24677 24686 24694 24699
24702 24703 24707 24717 24721 24726 24734 24736 24740 24745 24754 24756 24760 24764 24773 24777 24783 24790
24791 24795 24805 24814 24815 24821 24823 24825 24829 24834 24843 24851 24859 24861 24864 24872 24878 24887
24896 24906 24909 24913 24923 24925 24928 24929 24933 24942 24949 24958 24960 24966 24971 24980 24989 24998
25008 25011 25021 25031 25036 25044 25049 25056 25061 25063 25073 25078 25086 25089 25097 25106 25113 25117
25120 25122 25131 25132 25133 25141 25142 25146 25156 25160 25161 25166 25171 25178 25185 25194 25204 25205
25208 25213 25217 25225 25235 25243 25247 25255 25259 25266 25269 25279 25284 25285 25288 25292 25299 25307
25308 25309 25313 25322 25330 25334 25340 25346 25353 25357 25364 25368 25370 25372 25376 25377 25379 25380
25382 25385 25392 25399 25406 25412 25419 25421 25425 25426 25428 25437 25445 25450 25454 25458 25461 25464
25472 25476 25480 25487 25488 25490 25495 25505 25508 25515 25522 25526 25533 25537 25538 25539 25547 25550
25559 25568 25576 25585 25590 25595 25601 25604 25613 25614 25615 25621 25631 25641 25642 25646 25653 25660
25664 25669 25674 25680 25682 25688 25694 25703 25711 25717 25721 25730 25737 25746 25754 25762 25772 25777
25781 25784 25786 25787 25795 25797 25800 25805 25810 25819 25820 25821 25831 25835 25843 25849 25850 25857
25864 25870 25874 25877 25879 25881 25889 25893 25896 25905 25909 25916 25919 25920 25922 25924 25932 25941
25951 25958 25964 25965 25966 25971 25980 25983 25984 25991 25996 25999 26002 26008 26017 26024 26032 26042
26047 26053 26059 26063 26069 26074 26079 26085 26090 26091 26094 26101 26104 26107 26108 26113 26116 26117
26124 26128 26133 26137 26140 26147 26150 26160 26163 26166 26170 26173 26180 26184 26194 26198 26203 26211
26220 26230 26240 26245 26253 26263 26270 26272 26274 26280 26288 26298 26300 26307 26312 26319 26327 26335
26340 26344 26350 26354 26358 26368 26378 26383 26387 26389 26390 26398 26406 26412 26418 26428 26430 26432
26438 26442 26443 26449 26452 26460 26463 26471 26472 26476 26484 26489 26493 26495 26499 26502 26503 26511
26513 26517 26520 26523 26533 26540 26544 26550 26558 26561 26562 26569 26570 26580 26586 26587 26595 26603
26605 26608 26617 26627 26629 26639 26647 26652 26657 26662 26669 26676 26680 26682 26688 26696 26701 26706
26710 26718 26727 26734 26741 26745 26750 26755 26763 26767 26775 26779 26783 26789 26797 26806 26813 26820
26821 26830 26831 26834 26842 26845 26848 26850 26856 26858 26860 26867 26875 26885 26893 26897 26903 26907
26913 26922 26931 26940 26949 26956 26961 26966 26969 26972 26976 26979 26987 26989 26997 27001 27004 27009
27010 27012 27017 27019 27024 27028 27038 27048 27053 27063 27068 27069 27074 27081 27086 27088 27089 27096
27100 27103 27106 27111 27119 27129 27131 27133 27136 27144 27147 27150 27155 27165 27168 27178 27181 27189
27199 27203 27206 27211 27213 27215 27223 27226 27235 27241 27244 27254 27260 27267 27276 27285 27290 27298
27305 27310 27313 27317 27319 27326 27330 27333 27334 27341 27343 27349 27353 27362 27369 27372 27380 27390
27394 27404 27410 27413 27417 27421 27429 27436 27438 27439 27449 27452 27455 27459 27468 27469 27476 27485
27495 27496 27504 27514 27520 27524 27529 27536 27541 27549 27550 27556 27563 27569 27579 27581 27591 27601
27606 27609 27617 27624 27633 27636 27638 27639 27641 27651 27654 27662 27672 27675 27682 27691 27698 27708
27712 27718 27722 27726 27731 27735 27743 27748 27750 27760 27768 27777 27786 27796 27797 27802 27809 27811
27820 27830 27837 27844 27846 27852 27858 27863 27869 27874 27881 27885 27892 27894 27904 27908 27909 27919
27920 27925 27934 27936 27940 27944 27946 27951 27953 27963 27969 27970 27972 27979 27983 27988 27989 27991
27999 28007 28012 28019 28024 28028 28035 28041 28047 28049 28056 28058 28064 28066 28070 28073 28075 28078
28087 28090 28100 28109 28118 28121 28131 28134 28141 28148 28156 28157 28161 28165 28167 28176 28179 28187
28188 28191 28201 28203 28207 28215 28219 28222 28223 28226 28227 28234 28244 28245 28255 28263 28267 28272
28281 28288 28293 28301 28307 28315 28324 28332 28339 28346 28347 28350 28359 28368 28374 28379 28388 28393
28400 28409 28417 28425 28432 28438 28444 28452 28461 28464 28466 28469 28472 28477 28481 28488 28491 28497
28500 28508 28511 28519 28522 28532 28541 28547 28549 28557 28559 28566 28575 28582 28585 28590 28596 28603
28609 28619 28629 28633 28641 28650 28660 28666 28672 28682 28688 28690 28695 28696 28701 28706 28715 28723
28730 28734 28740 28741 28749 28757 28761 28765 28767 28769 28772 28774 28779 28786 28789 28796 28799 28803
28805 28814 28815 28817 28822 28828 28836 28838 28839 28847 28854 28863 28872 28878 28880 28887 28889 28895
28899 28907 28911 28920 28922 28929 28932 28941 28942 28952 28958 28963 28969 28976 28978 28985 28986 28989
28996 28999 29004 29011 29017 29026 29030 29035 29037 29047 29049 29057 29064 29068 29075 29079 29089 29094
29100 29106 29115 29121 29126 29127 29129 29137 29138 29147 29156 29163 29170 29173 29179 29185 29192 29198
29202 29204 29205 29211 29216 29225 29230 29234 29240 29243 29245 29250 29258 29266 29276 29281 29282 29286
29289 29290 29299 29304 29305 29312 29319 29325 29326 29332 29338 29339 29341 29350 29354 29364 29366 29367
29370 29371 29375 29380 29382 29389 29399 29401 29409 29413 29416 29420 29427 29430 29437 29439 29442 29451
29452 29454 29463 29464 29472 29475 29476 29484 29489 29499 29509 29518 29521 29528 29529 29534 29541 29546
29549 29552 29558 29565 29567 29569 29577 29581 29590 29593 29601 29608 29609 29619 29620 29624 29629 29639
29641 29649 29657 29663 29665 29668 29675 29678 29681 29685 29694 29697 29702 29707 29711 29712 29713 29714
29718 29726 29730 29731 29732 29735 29742 29746 29747 29751 29761 29770 29775 29782 29792 29800 29807 29814
29816 29823 29824 29833 29837 29847 29855 29860 29865 29874 29881 29883 29892 29901 29908 29918 29924 29926
29933 29938 29940 29950 29956 29965 29967 29973 29980 29989 29996 30004 30009 30013 30014 30018 30019 30022
30025 30032 30037 30045 30047 30056 30058 30068 30075 30078 30083 30088 30096 30104 30107 30110 30113 30123
30129 30131 30141 30149 30156 30164 30172 30181 30187 30188 30195 30196 30201 30203 30204 30212 30220 30226
30229 30232 30233 30242 30246 30248 30254 30257 30260 30270 30278 30282 30289 30290 30298 30300 30308 30316
30323 30331 30339 30346 30347 30351 30352 30353 30359 30361 30370 30376 30378 30385 30389 30399 30405 30415
30424 30427 30437 30446 30447 30453 30463 30464 30466 30475 30479 30486 30495 30505 30506 30514 30523 30525
30533 30537 30539 30545 30549 30558 30560 30564 30573 30577 30583 30589 30596 30603 30604 30606 30613 30618
30624 30630 30633 30634 30635 30643 30647 30656 30666 30671 30680 30688 30698 30704 30713 30720 30730 30739
30744 30746 30754 30764 30773 30779 30782 30790 30799 30801 30804 30813 30820 30827 30834 30844 30847 30856
30859 30865 30871 30873 30879 30887 30888 30893 30900 30905 30910 30920 30929 30934 30939 30948 30956 30966
30970 30979 30987 30988 30998 31002 31004 31009 31015 31023 31026 31028 31030 31034 31041 31044 31052 31062
31064 31065 31075 31084 31090 31095 31100 31109 31117 31119 31129 31136 31142 31145 31146 31147 31152 31158
31167 31168 31171 31174 31184 31190 31195 31205 31213 31220 31222 31225 31230 31238 31248 31251 31259 31269
31275 31282 31289 31291 31292 31295 31305 31311 31316 31322 31326 31336 31345 31346 31347 31350 31359 31362
31365 31366 31372 31378 31381 31382 31385 31388 31395 31396 31399 31403 31404 31411 31419 31425 31433 31437
31442 31449 31454 31464 31473 31475 31481 31483 31486 31490 31496 31497 31501 31511 31515 31517 31523 31531
31537 31538 31545 31547 31549 31556 31566 31567 31572 31574 31582 31587 31595 31604 31605 31613 31623 31627
31630 31637 31643 31647 31648 31649 31653 31656 31663 31666 31669 31672 31681 31687 31692 31701 31711 31712
31715 31721 31725 31730 31740 31743 31751 31757 31760 31761 31763 31764 31767 31771 31775 31776 31784 31793
31799 31803 31807 31809 31818 31827 31828 31830 31832 31841 31843 31846 31851 31857 31859 31860 31863 31873
31875 31878 31879 31889 31892 31900 31909 31918 31920 31930 31934 31938 31940 31941 31951 31954 31955 31963
31966 31970 31973 31975 31980 31984 31987 31990 31997 32002 32008 32010 32019 32024 32029 32038 32041 32050
32054 32055 32061 32069 32072 32073 32076 32086 32092 32102 32112 32119 32128 32131 32135 32139 32141 32151
32154 32156 32166 32174 32179 32186 32192 32201 32205 32213 32215 32223 32228 32234 32240 32249 32259 32265
32271 32281 32291 32296 32302 32310 32320 32323 32328 32334 32335 32341 32342 32348 32355 32356 32357 32358
32362 32367 32373 32382 32390 32394 32403 32410 32413 32419 32422 32432 32441 32445 32454 32460 32469 32470
32474 32484 32491 32497 32504 32507 32510 32515 32517 32521 32522 32531 32533 32543 32544 32552 32561 32571
32575 32579 32585 32586 32589 32592 32599 32605 32607 32614 32618 32625 32630 32640 32642 32643 32651 32657
32658 32660 32664 32674 32678 32682 32691 32694 32699 32708 32709 32712 32713 32719 32721 32723 32730 32731
32733 32737 32741 32745 32754 32762 32765 32774 32779 32783 32784 32791 32801 32802 32803 32811 32820 32823
32827 32831 32837 32839 32841 32847 32854 32864 32865 32873 32882 32885 32893 32903 32908 32917 32926 32936
32937 32946 32951 32961 32967 32973 32980 32982 32992 32994 33003 33005 33010 33013 33021 33029 33035 33037
33041 33045 33046 33053 33058 33061 33064 33072 33073 33074 33078 33085 33087 33095 33104 33114 33122 33126
33133 33136 33146 33150 33152 33156 33165 33173 33174 33177 33186 33194 33202 33210 33215 33220 33224 33233
33237 33238 33242 33249 33255 33261 33262 33265 33266 33271 33281 33290 33297 33307 33310 33312 33314 33320
33329 33339 33344 33346 33356 33363 33364 33366 33373 33380 33384 33387 33395 33402 33405 33413 33416 33421
33430 33431 33432 33435 33441 33450 33453 33455 33462 33466 33475 33482 33485 33495 33500 33509 33514 33518
33525 33530 33540 33542 33543 33544 33548 33553 33556 33559 33564 33572 33573 33582 33587 33595 33597 33607
33612 33616 33624 33633 33636 33644 33646 33652 33653 33657 33660 33661 33671 33679 33686 33694 33703 33713
33715 33724 33732 33742 33750 33754 33755 33759 33765 33774 33784 33786 33793 33798 33805 33812 33818 33824
33826 33830 33832 33838 33848 33853 33854 33856 33862 33863 33868 33877 33883 33886 33890 33892 33895 33903
33913 33919 33922 33924 33930 33940 33943 33949 33950 33952 33959 33966 33974 33979 33981 33984 33988 33996
34004 34007 34011 34020 34027 34033 34037 34044 34054 34060 34067 34071 34076 34081 34088 34092 34100 34106
34116 34122 34127 34134 34137 34139 34148 34150 34155 34163 34167 34170 34171 34173 34177 34178 34185 34194
34201 34208 34216 34226 34233 34236 34244 34250 34253 34263 34269 34270 34272 34275 34277 34283 34287 34295
34299 34302 34308 34316 34318 34326 34327 34333 34341 34350 34358 34360 34370 34378 34388 34390 34398 34400
34402 34404 34406 34411 34420 34423 34432 34435 34445 34454 34463 34464 34474 34482 34487 34491 34501 34506
34508 34514 34519 34526 34536 34546 34550 34559 34568 34569 34571 34577 34580 34589 34598 34606 34609 34618
34620 34624 34625 34626 34630 34635 34639 34646 34648 34656 34661 34667 34672 34673 34679 34682 34685 34694
34696 34697 34699 34705 34710 34713 34714 34717 34721 34726 34736 34743 34749 34757 34763 34764 34772 34780
34781 34786 34796 34804 34813 34820 34826 34829 34832 34839 34842 34849 34850 34858 34863 34868 34872 34881
34889 34897 34907 34908 34918 34924 34933 34936 34937 34946 34954 34959 34960 34967 34971 34972 34974 34981
34986 34988 34991 34997 35007 35013 35019 35029 35036 35046 35051 35052 35062 35070 35077 35083 35088 35093
35103 35107 35109 35117 35123 35132 35137 35143 35144 35154 35155 35165 35166 35170 35177 35184 35191 35201
35203 35209 35210 35211 35212 35220 35227 35230 35232 35233 35234 35244 35245 35248 35255 35258 35266 35271
35276 35281 35284 35290 35297 35300 35301 35303 35309 35316 35323 35325 35334 35335 35344 35353 35362 35369
35373 35383 35388 35398 35407 35411 35418 35423 35425 35426 35429 35436 35440 35443 35444 35446 35455 35458
35460 35465 35473 35483 35492 35494 35499 35509 35511 35514 35524 35527 35530 35531 35541 35543 35550 35553
35556 35565 35567 35571 35576 35584 35591 35596 35600 35610 35612 35616 35617 35620 35622 35623 35624 35630
35637 35641 35650 35655 35660 35670 35675 35684 35688 35691 35701 35711 35713 35715 35722 35723 35726 35728
35734 35735 35745 35749 35754 35758 35767 35776 35782 35785 35791 35800 35804 35812 35821 35823 35824 35833
35838 35842 35851 35859 35862 35867 35873 35882 35887 35893 35898 35907 35912 35919 35925 35933 35940 35941
35948 35953 35959 35967 35969 35977 35985 35987 35991 35992 36002 36006 36009 36012 36014 36023 36030 36032
36037 36044 36045 36055 36061 36064 36070 36079 36088 36095 36098 36107 36114 36122 36132 36140 36142 36150
36152 36159 36169 36176 36184 36193 36202 36204 36211 36216 36225 36232 36236 36245 36250 36258 36263 36270
36275 36279 36283 36288 36291 36292 36302 36312 36319 36324 36330 36334 36342 36343 36350 36356 36365 36375
36378 36384 36393 36401 36411 36415 36421 36429 36436 36445 36449 36454 36464 36474 36475 36479 36481 36485
36489 36499 36508 36509 36519 36520 36529 36534 36535 36545 36547 36554 36558 36560 36562 36567 36570 36575
36583 36593 36598 36604 36610 36611 36615 36624 36633 36638 36642 36651 36659 36667 36674 36682 36683 36686
36689 36694 36698 36705 36711 36717 36727 36728 36734 36742 36745 36749 36756 36757 36759 36760 36763 36770
36774 36775 36779 36786 36789 36792 36793 36803 36810 36817 36824 36826 36832 36835 36844 36854 36861 36863
36865 36870 36873 36877 36885 36887 36890 36895 36897 36905 36914 36922 36923 36930 36940 36941 36945 36950
36960 36969 36976 36985 36986 36990 36991 36992 36998 37001 37003 37009 37014 37021 37025 37027 37033 37041
37051 37056 37062 37067 37075 37076 37077 37078 37079 37089 37099 37101 37105 37108 37113 37119 37120 37123
37130 37137 37147 37156 37165 37168 37177 37184 37185 37195 37205 37206 37216 37226 37230 37237 37242 37252
37260 37265 37269 37279 37282 37287 37288 37297 37298 37303 37313 37322 37326 37335 37336 37338 37343 37352
37353 37357 37362 37363 37366 37369 37378 37381 37388 37390 37397 37404 37406 37411 37419 37427 37436 37442
37452 37459 37466 37472 37474 37481 37482 37483 37484 37493 37496 37504 37508 37510 37517 37523 37532 37540
37547 37552 37555 37564 37566 37573 37582 37592 37598 37604 37605 37609 37614 37624 37626 37635 37643 37648
37649 37651 37653 37654 37661 37669 37670 37675 37683 37689 37699 37708 37716 37724 37729 37731 37739 37740
37747 37752 37759 37763 37769 37770 37780 37786 37794 37797 37801 37806 37810 37811 37816 37817 37822 37828
37829 37830 37831 37841 37847 37855 37865 37871 37872 37879 37884 37893 37894 37902 37904 37910 37918 37926
37934 37939 37944 37948 37957 37963 37967 37968 37975 37977 37981 37983 37989 37992 37997 38005 38008 38015
38024 38025 38033 38042 38047 38056 38057 38063 38070 38071 38073 38082 38088 38090 38091 38099 38108 38116
38124 38128 38138 38144 38146 38152 38159 38160 38169 38177 38185 38189 38192 38194 38204 38211 38221 38231
38237 38245 38252 38261 38263 38269 38276 38286 38291 38300 38307 38312 38320 38330 38339 38347 38354 38359
38360 38365 38375 38379 38387 38390 38392 38402 38410 38418 38428 38434 38436 38438 38447 38456 38458 38463
38473 38480 38490 38494 38504 38514 38523 38529 38534 38541 38545 38552 38562 38564 38567 38577 38587 38597
38603 38612 38613 38621 38627 38630 38632 38639 38641 38647 38656 38663 38671 38675 38679 38687 38690 38699
38702 38710 38717 38724 38730 38738 38747 38755 38758 38760 38765 38773 38783 38792 38799 38809 38815 38819
38826 38827 38832 38835 38841 38849 38858 38867 38874 38877 38883 38892 38893 38894 38903 38904 38906 38907
38915 38918 38922 38927 38933 38937 38942 38947 38955 38964 38966 38972 38974 38983 38986 38995 39001 39002
39012 39020 39030 39033 39040 39042 39049 39055 39063 39070 39073 39074 39081 39091 39097 39105 39109 39117
39121 39125 39134 39143 39146 39153 39161 39171 39174 39178 39182 39185 39194 39201 39210 39212 39215 39224
39228 39237 39243 39250 39252 39257 39266 39276 39279 39289 39297 39300 39301 39304 39309 39310 39313 39319
39328 39332 39341 39347 39353 39363 39369 39370 39373 39375 39378 39382 39383 39391 39397 39402 39408 39416
39421 39424 39429 39439 39446 39450 39454 39457 39465 39470 39472 39480 39487 39488 39495 39505 39508 39513
39514 39524 39529 39537 39546 39549 39552 39559 39560 39563 39568 39576 39578 39581 39584 39590 39597 39602
39607 39615 39616 39622 39630 39635 39639 39640 39646 39650 39659 39667 39674 39675 39677 39685 39694 39699
39709 39713 39721 39729 39733 39734 39744 39752 39755 39761 39764 39774 39779 39783 39791 39799 39808 39810
39813 39815 39819 39828 39832 39833 39837 39846 39848 39856 39858 39868 39875 39879 39884 39892 39896 39905
39909 39919 39926 39932 39936 39943 39948 39955 39957 39959 39961 39966 39967 39973 39980 39989 39994 39995
39997 39998 40007 40008 40010 40019 40028 40029 40038 40047 40056 40059 40064 40070 40080 40088 40095 40098
40101 40107 40111 40119 40127 40133 40142 40152 40156 40161 40169 40170 40180 40183 40185 40186 40189 40193
40203 40213 40218 40228 40237 40242 40245 40254 40262 40268 40277 40282 40283 40293 40296 40300 40310 40313
40315 40319 40323 40328 40329 40336 40342 40347 40353 40362 40367 40368 40369 40370 40380 40385 40393 40400
40407 40409 40412 40421 40431 40436 40438 40439 40444 40451 40459 40461 40471 40472 40482 40490 40500 40510
40519 40523 40527 40533 40540 40542 40547 40556 40566 40573 40583 40590 40597 40606 40609 40617 40619 40620
40621 40628 40634 40642 40649 40655 40657 40662 40666 40670 40674 40683 40687 40696 40701 40710 40711 40712
40718 40721 40728 40732 40739 40748 40754 40758 40764 40771 40780 40783 40789 40792 40794 40795 40799 40809
40817 40826 40830 40837 40839 40849 40852 40862 40867 40869 40875 40881 40888 40896 40900 40909 40916 40924
40926 40934 40944 40952 40954 40961 40970 40976 40977 40980 40987 40990 40995 40996 40999 41007 41016 41018
41027 41029 41031 41035 41044 41054 41063 41070 41071 41072 41076 41078 41082 41089 41099 41109 41111 41121
41124 41132 41140 41148 41154 41164 41172 41173 41176 41179 41185 41191 41194 41203 41204 41212 41221 41224
41232 41240 41246 41250 41257 41266 41271 41272 41280 41285 41289 41296 41305 41307 41315 41321 41331 41341
41345 41354
