188 190 200 204 214 217 225 227 236 238 245 251 259 264 274 279 283 291
296 301 308 311 321 325 333 335 342 346 356 363 370 373 380 386 393 396
404 408 409 413 421 426 436 442 450 459 464 471 473 476 483 489 498 504
508 513 514 520 524 531 533 537 542 543 550 557 565 569 577 578 587 597
606 608 614 617 625 629 636 644 653 655 662 668 669 678 687 696 701 707
713 722 725 729 737 740 741 749 759 760 769 779 781 783 792 800 801 803
807 808 813 821 831 841 850 855 857 861 865 875 884 892 899 905 913 919
927 930 937 938 945 953 955 962 972 978 987 994 1003 1004 1011 1021 1027 1036
1046 1049 1050 1053 1063 1069 1071 1078 1079 1083 1084 1092 1098 1103 1105 1115 1119 1123
1125 1135 1136 1145 1154 1159 1167 1169 1179 1185 1191 1201 1208 1216 1220 1224 1232 1233
1239 1241 1247 1251 1257 1265 1275 1276 1279 1284 1294 1296 1301 1306 1307 1316 1326 1331
1332 1335 1342 1344 1352 1361 1362 1369 1375 1378 1381 1383 1393 1395 1402 1404 1408 1411
1420 1422 1423 1426 1434 1437 1442 1447 1454 1461 1462 1465 1469 1475 1481 1487 1496 1499
1500 1503 1507 1515 1517 1525 1527 1534 1537 1540 1544 1546 1549 1554 1559 1569 1578 1584
1592 1596 1597 1604 1609 1611 1621 1624 1629 1633 1634 1643 1648 1651 1659 1662 1668 1676
1677 1687 1696 1702 1705 1713 1723 1730 1731 1735 1743 1744 1750 1754 1760 1770 1777 1782
1792 1802 1808 1815 1817 1821 1825 1832 1841 1846 1853 1856 1866 1869 1879 1882 1891 1901
1903 1905 1910 1914 1922 1928 1930 1940 1947 1957 1966 1970 1975 1983 1988 1989 1993 2001
2011 2020 2030 2038 2042 2043 2045 2052 2054 2060 2065 2071 2076 2079 2083 2086 2088 2096
2106 2116 2121 2127 2129 2132 2134 2136 2145 2151 2155 2161 2164 2172 2180 2185 2195 2201
2206 2211 2216 2226 2227 2233 2242 2243 2245 2249 2254 2259 2266 2268 2273 2277 2278 2285
2290 2293 2297 2302 2307 2314 2320 2327 2330 2335 2336 2345 2352 2361 2366 2375 2377 2385
2390 2392 2393 2399 2402 2412 2416 2421 2422 2424 2427 2435 2442 2450 2456 2464 2465 2467
2474 2484 2493 2497 2502 2506 2516 2525 2533 2536 2541 2545 2554 2557 2567 2575 2578 2588
2598 2603 2612 2621 2631 2641 2647 2648 2653 2658 2661 2670 2680 2689 2696 2701 2704 2711
2720 2723 2727 2732 2735 2742 2750 2754 2758 2762 2764 2772 2782 2791 2801 2807 2811 2818
2819 2828 2838 2841 2851 2855 2865 2875 2880 2882 2883 2885 2890 2893 2896 2901 2906 2912
2921 2927 2928 2938 2947 2954 2960 2965 2973 2983 2988 2997 3004 3007 3008 3014 3019 3024
3027 3036 3045 3054 3055 3061 3069 3071 3075 3080 3089 3095 3105 3109 3115 3125 3130 3139
3149 3155 3159 3167 3173 3176 3182 3189 3197 3203 3204 3210 3214 3221 3226 3229 3232 3242
3252 3253 3255 3258 3262 3272 3281 3287 3288 3291 3296 3301 3309 3315 3321 3329 3338 3339
3349 3351 3360 3361 3366 3367 3375 3378 3387 3396 3403 3409 3419 3421 3429 3430 3435 3444
3451 3455 3464 3472 3475 3478 3482 3483 3488 3491 3498 3500 3503 3508 3509 3511 3520 3521
3523 3525 3527 3530 3532 3536 3542 3544 3550 3558 3565 3571 3578 3587 3591 3598 3607 3613
3623 3624 3632 3637 3641 3647 3648 3653 3660 3665 3667 3672 3677 3683 3688 3689 3697 3707
3712 3722 3723 3725 3726 3728 3738 3739 3741 3748 3749 3751 3754 3758 3760 3766 3767 3768
3771 3772 3776 3786 3796 3803 3809 3814 3824 3830 3837 3843 3847 3851 3861 3863 3864 3867
3874 3878 3883 3887 3891 3900 3905 3915 3921 3924 3932 3938 3940 3941 3942 3946 3952 3954
3957 3965 3973 3980 3989 3999 4003 4007 4009 4018 4020 4022 4024 4025 4027 4037 4046 4054
4063 4069 4074 4077 4085 4088 4096 4097 4100 4109 4114 4117 4124 4128 4131 4134 4142 4149
4155 4158 4163 4169 4178 4188 4192 4202 4209 4210 4216 4217 4220 4230 4235 4236 4246 4254
4255 4259 4260 4265 4270 4275 4282 4292 4293 4300 4305 4311 4320 4329 4339 4346 4349 4351
4355 4363 4371 4372 4374 4375 4385 4395 4402 4407 4416 4420 4421 4429 4438 4443 4448 4455
4465 4475 4481 4484 4493 4501 4509 4519 4524 4532 4539 4544 4548 4550 4555 4565 4574 4581
4582 4588 4591 4597 4602 4607 4612 4617 4624 4627 4633 4639 4644 4653 4658 4661 4667 4677
4686 4693 4699 4702 4706 4708 4711 4715 4723 4731 4737 4747 4756 4766 4773 4778 4781 4787
4793 4795 4798 4807 4810 4818 4828 4834 4843 4852 4856 4861 4865 4875 4882 4886 4888 4892
4893 4895 4896 4898 4904 4911 4917 4925 4927 4932 4933 4937 4938 4939 4946 4950 4955 4961
4970 4972 4981 4982 4983 4985 4992 4998 5008 5016 5025 5034 5044 5050 5053 5062 5068 5072
5075 5080 5085 5088 5096 5102 5105 5109 5114 5116 5122 5131 5132 5136 5142 5149 5159 5166
5169 5172 5174 5176 5179 5180 5187 5196 5200 5205 5206 5216 5226 5227 5236 5242 5250 5256
5261 5270 5276 5282 5287 5293 5294 5295 5300 5305 5307 5311 5318 5319 5320 5322 5323 5333
5341 5350 5353 5362 5366 5374 5380 5389 5394 5399 5402 5403 5412 5416 5417 5420 5422 5432
5441 5447 5454 5456 5461 5467 5468 5470 5471 5478 5482 5489 5494 5500 5510 5512 5521 5526
5528 5535 5541 5544 5552 5562 5567 5571 5579 5581 5591 5601 5609 5618 5626 5628 5630 5638
5642 5651 5653 5662 5668 5672 5678 5685 5694 5704 5710 5715 5716 5717 5722 5727 5730 5733
5738 5745 5746 5748 5752 5756 5763 5772 5776 5778 5784 5790 5795 5800 5810 5812 5822 5831
5832 5834 5838 5846 5847 5854 5856 5857 5862 5871 5873 5874 5884 5887 5888 5895 5896 5902
5912 5922 5930 5940 5949 5952 5960 5967 5970 5980 5986 5993 5998 6001 6002 6007 6015 6025
6029 6036 6041 6049 6057 6065 6067 6069 6076 6081 6085 6088 6091 6092 6096 6097 6098 6103
6109 6110 6119 6120 6125 6129 6139 6143 6148 6152 6156 6158 6165 6168 6178 6183 6186 6193
6201 6203 6204 6214 6218 6222 6224 6226 6227 6232 6242 6246 6254 6257 6260 6264 6271 6277
6283 6287 6294 6300 6303 6304 6305 6306 6315 6321 6330 6337 6340 6343 6353 6354 6358 6361
6364 6366 6376 6378 6387 6395 6404 6405 6410 6420 6429 6436 6437 6444 6450 6458 6461 6471
6474 6480 6486 6490 6498 6504 6507 6510 6519 6521 6522 6530 6538 6547 6555 6560 6563 6572
6576 6584 6589 6596 6598 6600 6610 6613 6615 6621 6631 6637 6638 6643 6647 6652 6661 6667
6669 6676 6680 6690 6696 6699 6701 6709 6715 6719 6726 6732 6739 6741 6749 6755 6760 6769
6776 6780 6783 6785 6788 6795 6805 6806 6815 6820 6822 6832 6833 6842 6846 6856 6865 6869
6876 6885 6895 6898 6899 6905 6915 6918 6920 6926 6933 6942 6952 6961 6970 6977 6981 6988
6993 7000 7003 7009 7017 7027 7030 7039 7041 7044 7050 7054 7058 7065 7071 7077 7078 7085
7087 7097 7101 7105 7108 7115 7118 7124 7127 7136 7139 7146 7154 7161 7169 7170 7175 7177
7183 7190 7199 7209 7217 7222 7227 7232 7238 7242 7244 7245 7253 7257 7263 7268 7269 7271
7281 7285 7289 7290 7299 7307 7310 7312 7318 7322 7327 7328 7331 7334 7342 7346 7352 7361
7370 7377 7385 7395 7401 7406 7413 7418 7421 7427 7436 7440 7447 7455 7459 7465 7473 7476
7484 7486 7490 7500 7505 7509 7517 7520 7530 7531 7541 7550 7553 7561 7568 7576 7585 7586
7590 7592 7602 7610 7615 7622 7632 7633 7637 7639 7641 7648 7651 7653 7654 7657 7659 7662
7672 7674 7679 7680 7690 7698 7708 7709 7714 7721 7730 7734 7740 7741 7747 7757 7760 7762
7766 7771 7781 7785 7791 7797 7804 7812 7818 7826 7830 7837 7844 7848 7856 7857 7865 7871
7879 7881 7891 7901 7911 7917 7927 7928 7935 7940 7944 7954 7963 7965 7974 7978 7982 7986
7993 8003 8005 8009 8011 8015 8023 8032 8041 8047 8053 8055 8064 8066 8068 8073 8075 8076
8085 8094 8100 8102 8104 8105 8109 8115 8122 8127 8128 8138 8147 8149 8150 8158 8166 8169
8170 8172 8181 8184 8193 8200 8204 8206 8212 8217 8222 8228 8235 8245 8255 8257 8263 8272
8280 8284 8289 8297 8301 8311 8315 8320 8330 8337 8347 8357 8363 8368 8376 8380 8386 8394
8397 8406 8415 8422 8423 8431 8440 8446 8448 8451 8454 8460 8470 8473 8481 8485 8491 8501
8504 8512 8521 8531 8535 8542 8552 8554 8558 8561 8562 8564 8566 8569 8571 8581 8589 8592
8598 8599 8608 8610 8615 8616 8625 8627 8635 8645 8647 8649 8654 8656 8664 8671 8679 8685
8687 8690 8700 8705 8710 8714 8720 8727 8731 8738 8742 8745 8751 8754 8764 8769 8777 8787
8788 8792 8793 8799 8809 8819 8828 8835 8844 8854 8858 8861 8867 8872 8880 8888 8896 8906
8908 8915 8922 8924 8927 8935 8945 8948 8950 8952 8955 8961 8968 8971 8973 8977 8986 8989
8993 8999 9004 9005 9013 9019 9020 9021 9022 9023 9024 9028 9032 9036 9042 9047 9049 9052
9057 9059 9065 9075 9082 9092 9098 9108 9117 9121 9129 9139 9147 9155 9158 9160 9162 9171
9179 9184 9186 9196 9200 9201 9206 9212 9222 9231 9239 9247 9249 9251 9258 9265 9269 9275
9279 9283 9289 9293 9296 9305 9308 9315 9325 9326 9331 9333 9335 9337 9344 9354 9361 9371
9373 9376 9386 9396 9406 9407 9416 9422 9427 9432 9437 9440 9448 9449 9456 9461 9468 9478
9486 9494 9503 9508 9509 9510 9515 9524 9527 9537 9540 9546 9549 9557 9560 9565 9568 9578
9588 9589 9597 9607 9611 9612 9617 9627 9637 9639 9646 9649 9658 9665 9671 9673 9679 9685
9693 9697 9698 9707 9715 9723 9729 9734 9735 9744 9753 9759 9762 9769 9775 9781 9783 9786
9788 9797 9805 9812 9821 9823 9833 9842 9849 9854 9864 9872 9879 9889 9893 9900 9908 9914
9915 9916 9925 9931 9932 9937 9946 9950 9958 9959 9964 9967 9968 9969 9972 9973 9976 9977
9978 9984 9988 9998 10002 10004 10013 10015 10019 10026 10032 10039 10041 10044 10049 10058 10062 10065
10067 10076 10077 10084 10085 10091 10100 10103 10111 10112 10121 10126 10130 10133 10137 10140 10142 10148
10158 10163 10169 10176 10184 10194 10197 10205 10214 10224 10225 10232 10236 10238 10244 10249 10255 10259
10267 10275 10285 10290 10299 10303 10311 10318 10319 10326 10335 10345 10348 10352 10354 10360 10362 10364
10372 10374 10377 10386 10390 10396 10405 10412 10422 10428 10432 10434 10438 10445 10451 10461 10469 10473
10483 10491 10501 10509 10514 10524 10534 10544 10545 10555 10557 10560 10562 10571 10573 10582 10584 10585
10587 10590 10591 10601 10607 10614 10616 10619 10621 10622 10629 10632 10641 10648 10652 10658 10660 10668
10672 10682 10691 10697 10703 10708 10716 10723 10730 10733 10735 10736 10741 10743 10752 10757 10760 10767
10769 10774 10775 10783 10793 10803 10805 10815 10824 10833 10835 10836 10842 10843 10852 10854 10864 10865
10866 10868 10876 10882 10885 10892 10898 10906 10916 10917 10919 10926 10933 10943 10944 10946 10952 10962
10964 10968 10970 10973 10979 10989 10999 11000 11005 11011 11013 11022 11026 11027 11037 11044 11046 11050
11053 11058 11060 11069 11075 11081 11086 11093 11097 11103 11105 11106 11110 11116 11123 11125 11135 11137
11147 11151 11154 11162 11163 11172 11181 11182 11185 11189 11193 11202 11204 11212 11219 11225 11228 11231
11239 11245 11255 11257 11264 11270 11275 11280 11288 11294 11297 11305 11310 11320 11329 11330 11333 11338
11343 11350 11355 11362 11365 11373 11380 11388 11389 11390 11397 11406 11413 11423
