9617 -6836 8306 -3849 -9041 7048 625 -5812 1123 -4051 -945 -6448 8955 5030 3022 1163 8080 256
4111 3888 3061 2444 6359 131 -2862 -3469 979 8170 9701 -8349 8624 -8116 1624 -2334 -7700 -5513
-3445 -6245 -5916 893 -3677 -5286 -1255 -657 -1432 -9442 -2587 2898 -5276 5087 -5596 1476 -3528 9008
-9660 4976 8801 -6738 4680 8196 -2204 -1840 -9209 -1879 -8731 3978 6679 -5793 383 -1384 -5478 2324
356 7947 -7903 -7067 -1589 4495 9266 4155 7064 51 -7387 351 -9100 -2128 -8627 6832 4937 -9949
7779 -8680 -7267 -4263 4946 -7194 2327 5779 -4586 8402 8171 9450 3487 -1164 -2843 8858 4488 3196
6868 -3309 -5961 3569 -5811 2890 -9479 -9831 2386 5911 3816 7618 4790 -5833 -6536 -7026 -6788 -6705
9356 6138 9197 4871 -1902 3285 6271 -7801 8155 -6091 1279 -1220 -3080 -7869 2948 -4881 -7191 2903
-4189 -533 -4465 -6294 7595 8135 7656 -7621 -1772 1007 547 1717 -1448 -2132 7913 -8554 -3096 -8820
9951 -1798 1661 -9071 1320 -5850 -2095 7169 6016 -5144 6285 5878 -7718 7046 2264 3770 -9312 6866
3816 -2328 8502 9283 5743 -5908 3470 -763 8700 -5381 -9866 5177 1095 2757 1817 5614 1944 7835
1407 9290 2838 -8390 4029 -379 -2861 -6807 4785 4009 -5486 -2084 -5363 -1321 8967 5775 -2408 9625
-1546 5065 -7706 340 4228 6834 -8841 6907 8048 5780 169 -8886 -4653 3232 -7536 -7812 2511 -2190
-1163 7796 -3610 -589 8274 4932 4144 -7858 1664 -8704 1584 1827 -8216 7823 -1897 -6299 -7292 -7037
6331 -4077 -8245 -662 -5339 -5449 7098 -6582 -9278 -4435 4162 -1177 -6020 -397 -6064 -6119 5550 5004
6327 4075 -6630 4813 1676 -3 835 -6668 -6437 1421 -2941 7889 6025 -1836 -3168 1422 -1684 8292
8457 -8505 326 4365 -2453 1398 -8199 8301 4922 -1055 8455 5494 6752 8575 8148 -1172 -4974 2417
205 -6817 6509 5917 -8959 -8911 -1684 3655 9184 -9872 -1824 993 2855 2720 7587 7164 -6802 8923
5923 -4573 -3698 2856 -6353 5920 -2855 3386 2755 6844 8567 9702 -7426 -428 -1589 -7615 -978 3341
-2047 619 -4510 5143 -5251 -3835 -6566 -9576 3016 -5300 826 237 -5319 5182 6580 -9534 4213 7842
9083 -1262 -9618 1427 -3057 -5337 8037 336 101 -986 -6928 -7745 -588 7482 -6342 -3067 -7173 4623
-9092 -3290 6302 3622 2065 -571 7571 -2486 9371 4358 -9130 -2541 7709 -8257 -9213 3728 -5834 6615
-6676 5001 -7361 -2508 2320 -8392 -3403 571 9345 -1655 3143 -9928 5192 2490 1473 5320 1103 -7373
8894 -4766 -2151 -6078 -2510 -9208 -9230 5473 4586 6162 8937 -4648 -9877 -928 -3468 8960 -5926 -8942
-5431 -3658 -2980 -1762 -8887 -5940 -2982 -6794 -1919 7265 5885 8684 2783 7596 -1980 3563 -7692 -7488
-5120 1947 -1117 1702 -1733 5834 4343 -3809 -4495 -7957 -8174 -4236 9673 -5954 2807 332 -2005 -717
7627 -9119 -8483 2628 7611 -4405 -793 6607 -3087 -3180 9581 8994 2222 4462 -6988 8419 8435 -8539
-2200 8613 8433 -3047 3187 -8097 5089 -7241 2391 2593 3622 -1181 -1194 -9141 2430 3188 8502 -2240
524 -7752 -7875 -7973 9688 6706 9349 -774 9492 9074 -1020 -6080 -6720 -1805 -2142 -4518 3262 -3528
1671 -1852 2831 5420 805 -4035 4227 -4838 -5639 -6755 -312 3488 -4542 1141 -5809 -9879 -9044 -8998
7930 1792 8712 5083 6640 -6226 -4496 -4708 7896 3467 -1261 -9454 1513 1703 -4917 3398 -7814 -2653
-878 -3453 2457 854 -4810 -156 4187 2409 5494 -1554 -3398 -9766 -2364 2715 -913 4739 4687 517
-3181 -5887 928 2500 7383 6975 6365 1036 6490 7733 3172 -6597 910 -9739 -2833 9851 6776 -4489
7452 -2816 1345 8707 -2652 -1537 6377 1732 9728 -520 -8773 -3666 -82 2602 -6200 -6230 9224 -1363
7472 6532 -7714 -2688 -7875 -2231 1316 7034 -2609 4012 397 4517 -3730 6867 -7070 4919 -2797 9260
-4622 -6885 -7241 1887 423 6727 -6951 -4513 2668 -8460 1983 4543 9984 -84 4513 -1917 -6328 -7148
2971 3142 515 -3711 -9365 -3425 -108 -7692 650 -9209 9028 -4172 -1576 9074 9569 -2555 -4383 -3905
-1466 3018 -6126 -766 6830 -9346 -3605 6362 8430 -4321 -4514 -4306 -6677 4262 -5788 3312 7396 6287
-9723 4046 -7647 8108 254 -8730 8782 -4188 -7703 -8720 -4465 9620 5441 -2126 8497 37 3646 2735
-8077 6395 2682 7279 5405 8392 -2009 -8442 -340 -8723 -8349 5861 4209 -4720 6574 650 110 9933
6044 417 846 3901 6739 -2869 -5493 -9063 3352 8870 -9621 2594 -7060 -721 3085 8338 -2878 3469
-2620 -6354 -9744 -4009 6732 -3249 -8279 6498 8830 -5365 -9588 -1263 -8880 -1080 -393 -1525 9505 -7750
-9710 6008 -6652 5812 1092 -1145 -134 8623 -7051 274 -8914 9184 6610 -765 -3550 157 -8866 -2562
-5787 6664 1474 9055 -5239 8851 -6702 8778 -1041 -668 -6846 -6194 -5335 6133 -7885 -4584 4541 1791
1031 5723 8271 9183 -4504 -4739 -7686 4758 8674 7002 -9668 9765 102 2463 7398 -9874 -1404 5490
-8873 -4448 7367 -627 2831 -1445 9522 2898 -8143 3957 2004 983 6199 9543 -3839 -4503 2534 8460
-6973 -8104 8788 -5991 -8538 7323 2373 -2563 -2735 -4238 -2787 -633 -8613 -4112 2678 5483 5377 -2755
7567 7103 2173 -9633 -7760 -2751 -9629 -3533 2057 2861 -9901 2319 5218 3763 -1387 -4033 8149 -986
-6251 8875 -8457 -8738 3347 150 203 9741 -1217 8453 9793 2516 713 7242 3619 -1386 -4805 8953
2594 -9338 8257 -6254 1474 -1335 -2911 8461 -5487 5526 5950 -8614 3663 4971 4933 8460 -7564 -7542
-296 -3429 -1456 -266 -9665 -478 8469 3649 7382 -7659 7069 9849 3298 -481 5330 1974 7327 2824
-563 -3003 1999 4320 4230 -2690 9360 187 -5776 207 5040 -8996 -4728 -4636 8309 4090 30 -9052
6226 -6449 -9664 -995 19 -6362 -381 698 -8178 -8947 -1522 2090 -129 -8167 -3446 1027 323 8415
3808 -4202 3789 2533 4344 -3827 4719 9558 5894 7446 -8231 -98 -1913 8118 -2738 3122 2642 -8172
-6116 -9644 8597 -5826 -3274 671 -4306 -4962 -1197 7026 -938 -2950 -1821 7391 -1688 -9200 4808 -3288
4170 7441 5245 5300 5774 9296 -6690 -677 -8239 -901 4872 8947 8265 -1507 4858 -155 6960 -3589
4597 -6387 6261 -2030 -2335 -7215 -1179 -5516 -7691 -3979 8428 5250 8615 -870 9465 -8286 -1484 7532
-7993 -5371 -3216 -4205 5726 -5129 1114 -144 5704 8494 9451 -2422 -6714 -3324 -7351 3241 -4911 1164
-9380 -8387 -6684 5872 -9918 -2802 -9528 -4789 -7971 4326 1622 9815 7057 -6319 -2689 -9714 6667 885
-9721 9542 8667 -7194 9087 4456 4797 -2847 -8222 7352 8717 -8953 2705 8025 -7540 4140 5657 6884
9491 1942 -3618 9862 -7503 4962 7656 5696 4018 9296 -9969 -3767 8066 4288 1343 344 837 -7119
8164 2125 8655 -9705 -7734 3956 -8736 6642 5271 -4919 -1401 9122 4582 -3685 -845 9401 -6281 -8483
8090 -8176 211 6432 -6827 8057 -5862 5560 6705 -6180 467 7632 1554 -6709 8310 -9626 -591 6852
-9796 5124 9376 7769 -5432 -8016 5076 3438 4448 -3918 -1684 6844 5674 -4391 -2494 -6179 -2447 2223
8920 -8236 9225 4484 8937 -4578 -5176 -5110 5376 -4633 -9472 -8801 -3934 -5201 6670 -7380 2765 289
-1999 1513 8557 2093 5242 -8770 -3158 9667 -8939 -9304 63 -2009 3571 6394 -3713 -9655 -9487 -7654
1741 -6837 -2790 8721 -2518 8567 -8557 -278 -1738 232 8370 -8671 1770 -1807 -1395 -427 6333 -1781
-7424 9927 -4773 1391 4316 -1534 -4288 9494 7785 -4604 -9080 1850 8846 1609 -7282 9234 6047 -1141
-6324 -9525 3304 4189 6254 7376 7633 9265 7350 3593 -4965 -4810 -3681 3066 -2319 3468 4589 -6339
-4495 -6274 5019 -8383 5334 8802 -906 -7543 -9305 -2132 -9904 3954 5386 -1841 390 6797 -6009 5975
927 -1419 2412 -2433 -8906 6732 1575 -9482 -2947 6019 -2579 6272 6671 6246 -9686 4410 9185 5770
-3012 9314 -2290 -3532 -1847 -164 2728 -4235 4897 2601 -5317 -8630 7002 -425 3790 -5681 -3713 -9504
-4786 5971 8131 835 7701 -5419 -5720 -4117 -6158 7043 -9942 -8419 -9971 -8509 9135 2756 -5709 -3691
8941 -646 91 1233 -118 -8704 4230 6147 1463 -7388 -3024 -6812 -1539 5439 -7456 7802 236 -5453
8054 -5620 -3632 -7031 9093 -7927 -8324 9420 9996 6440 -6207 -1919 6986 2531 -3597 1388 -7712 -4947
-8741 6472 7340 1215 -7872 5831 3243 -8087 3763 2911 6548 6837 -952 -6822 -1473 9172 -2578 1323
6044 5480 7730 5239 -7839 6403 8604 7360 4571 -6187 9508 4030 -9954 -9960 5578 -6514 -7056 -5218
9369 -6893 5977 5341 -7350 6549 -8686 5815 1346 -8616 158 838 -3199 7867 8939 -462 6409 -528
216 5291 -3166 5796 6445 -3044 -7147 -1504 4717 -2862 -4988 820 596 -6823 -810 1435 9185 6448
-8803 3116 -8447 -4397 -458 -3057 -5385 9384 -510 2643 -7356 -5363 -8472 5676 -1514 -4858 7375 -8285
2632 6885 6655 9124 8281 5411 -2641 79 477 -9139 3215 -9061 -2497 6331 -8890 2497 2600 -4812
1664 -9241 4185 -7063 -3900 -1180 2652 -698 2522 -9461 -8086 6113 -5256 6564 -6218 6653 6761 -6617
-6662 2056 -3959 5997 -6606 -9583 -1304 -5135 -3813 -5785 9718 -2291 -9580 -8315 -8629 6857 -8214 7752
2865 -7307 -4915 -9824 -5541 -6130 6074 6495 -919 -5078 -8831 7438 4640 1861 -6884 -7612 106 -3570
-9224 2552 -1491 -417 -8879 -2552 9976 4886 -8402 331 7945 -7604 955 8211 1648 3679 -3318 -7969
-1977 8602 7160 2696 6154 4485 -3309 8540 7387 -1722 1468 -150 4228 -7643 -5321 6100 -8846 4593
8815 1501 462 3293 -6653 4495 6294 7648 -4140 6817 -66 -5676 4811 -2239 -469 795 1996 -746
7354 6081 2874 -2613 -2278 -530 -7128 6008 8704 -2114 -2215 8018 757 2516 -3596 9976 -4619 -4683
-6498 -4337 -3050 6021 1288 -5798 -9169 -9705 7468 8388 918 9635 -1973 -1172 -302 -6340 -7132 9529
-6013 -4595 2430 -9443 -542 248 3397 3390 7071 -899 1643 4597 -5439 6469 527 -6551 6068 -5958
2657 -881 -6923 387 3270 -6943 -248 7430 3322 2205 5827 4296 445 8644 -9845 9174 5869 -8688
8034 9800 5448 -4576 5470 -6784 -7079 5209 3456 5389 -6492 5593 -4566 -8637 6005 8447 -8970 -3480
1459 9038 9216 -384 6581 8297 -5991 -1808 -9992 6534 -4181 -3007 -456 4216 -8390 24 8494 -4548
6956 -3139 -758 9790 -6853 3839 2157 7960 2451 -9236 -2001 7193 -5324 -6263 1905 1727 -1871 4750
-2876 -5859 -1866 -1331 -3421 3125 -3801 8201 428 3337 -7020 7525 7714 2933 -1846 -4843 -9758 -5564
336 -3293 6811 4539 155 -1852 5926 -1512 -373 -9794 -4899 4645 -9074 -5480 4896 -5105 -2280 -7820
5807 6469 -7859 5266 6127 867 569 -7964 8914 5449 1316 6351 -3821 -6630 7353 2005 -1567 7443
-2798 -7458 -2295 3582 7116 7221 2164 -563 7672 -6266 469 3846 -2093 8298 -6032 -7256 112 3778
-5131 7123 8424 -3588 8525 -1290 -5682 1816 7937 -1057 2152 871 -1392 -3086 -2126 6100 1871 1860
4004 9202 -5162 -4127 4054 325 -4959 -7592 9462 -273 7960 6249 -7789 -7546 5504 -9451 -3782 6635
-6396 6545 -9340 6049 -2974 1626 -1687 -2432 -451 1311 2076 4102 7594 -9175 2778 3694 -4510 -8150
-8613 5354 430 -9885 8778 2289 5308 -586 -3847 -6868 -2488 -2290 9249 -8188 1828 917 -532 -3328
-4421 -9979 -4962 -517 4091 -2870 5344 4949 4661 6105 1546 1363 -2885 -6613 -3391 -6993 9086 4626
-2129 -5064 -5838 -7211 -4714 780 -9007 -6700 -1561 4173 1506 1905 5493 4431 -3646 -9152 -2842 -2871
5699 8980 -1166 171 3489 1458 4045 -3993 3329 -5370 2282 591 -5922 1731 4381 -259 -6704 -4950
8577 3489 6675 134 337 -923 -8431 -2280 9112 -6800 -7264 8958 -4874 4144 8458 9602 9327 -5579
-4883 8762 -364 4540 8377 -2151 6597 -1457 9101 5339 1576 1905 -7891 2999 -9376 2473 5914 -841
-2884 -4998 1570 4692 6326 -26 -1266 7323 5021 -2709 7081 -138 -768 5475 -8790 -1976 3302 7009
-2873 -6560 3365 -9580 8479 -2512 8348 9755 -9375 1565 -8356 -7924 -9316 9438 -3427 -6443 -8309 7282
8760 -5124 8978 7043 8549 -3544 6904 8746 6579 4240 4056 -2629 -4344 6583 5071 -76 2027 -7092
7158 -1663 9213 -5259 -505 3798 -2516 -240 3588 8166 -7869 -527 -7262 -1927 3665 1152 -1267 7342
-6963 4653 3888 -6629 5027 -5258 6574 -6942 2930 9555 -1672 3945 7645 -4183 707 6171 -5686 -8565
-8 -9125 9610 6117 7854 -9340 2837 605 6141 -2231 -6082 -4824 3877 5567 -8560 8020 4623 -1025
3858 -5865 -7697 9467 -3013 5344 -6359 275 907 2079 5325 -2594 -585 -2460 4016 -7903 5121 4864
7335 -9639 -6634 7937 3956 -4793 -1981 6444 923 -2806 2336 -4180 6318 -1078 7979 -7302 -4594 9102
-4688 6495 -1622 -8190 -1871 7758 -2167 6573 5908 -6119 -5908 4891 -3265 2842 6508 -1163 -5986 -4426
8864 7343 -9906 -2421 7003 -4181 9931 438 -3188 -5298 -2078 -6168 -9326 -7407 1014 8676 -9467 9569
-8754 2035 -4325 6335 811 4406 3368 -5189 -7203 16 -9524 5780 705 747 -5830 -738 -105 4325
-124 -6834 4053 -2609 -5435 -4070 9844 -5933 -6477 -1306 2830 -9319 -1277 -7302 7824 7220 -3075 7480
-3234 -3806 -4380 -4470 -2724 9476 4965 -990 -5013 3813 3804 4168 -7203 -4441 -2074 -915 156 5312
8665 342 -4471 3057 -8 4285 -4880 -5571 2191 8467 -8950 -1249 276 -1082 -7962 -558 5246 8853
9766 -2560 -3669 4465 4030 8254 -7675 3398 9800 -6725 160 1548 -679 5967 -1176 -6194 2381 3578
6746 4372 -2131 4963 -9193 -7726 -262 5182 5052 7683 -9481 7476 -2728 4705 5489 3246 -8453 6216
636 675 4909 6410 7532 -7405 6215 6656 8248 4244 -4622 -9691 -6565 -8463 -8923 -7914 -3313 -9546
5062 7636 8326 8201 -8800 -1061 1725 -3253 7345 1138 -4711 -637 -1781 6454 3225 -9191 -2635 -9215
-1756 1766 -3652 -1368 -729 8153 -710 -8033 7347 -4041 -9103 -1321 2809 2194 -3923 6200 6879 2618
-711 -4030 800 6829 1741 4329 5634 -8621 4572 5497 -4153 -8488 -3877 2231 9810 2161 -8558 -177
-9661 8834 2145 9017 -1600 -1001 4747 -6469 -6902 -5395 5591 7737 1084 -3633 -9484 188 8509 423
-2639 8580 -1379 -1988 -538 1786 8173 -1236 -1763 -5417 5732 8276 -6993 -9298 5035 548 6158 -174
-3499 -4067 -8206 4148 -9964 5226 5976 141 -7744 -9495 6702 -8870 -8756 3354 1725 -3682 -8031 -8900
-7637 -8110 -4499 -8326 -8610 9797 5137 7735 3176 9870 -7438 683 4164 -9119 7181 -4832 -8174 -3838
1734 -5269 223 -564 -2668 -779 -9706 6456 1020 4573 -7012 -1905 -978 -4388 -6620 -9500 -1245 -7529
-6114 -2043 2774 1283 4708 -5949 7748 9754 -375 -3203 -8401 -1770 5258 -6675 1929 6910 1951 9763
8875 9820 4363 1952 -4519 -3845 -80 -7415 8749 9636 -6762 -9565 4481 6512 -5343 -2729 9021 2793
988 -1908 -8950 -8604 6628 312 6536 -228 -6868 -2483 9981 8684 -4597 3396 -4924 2740 -7394 -8469
-2108 -6702 1921 6592 5748 4391 3291 2635 4854 2280 -6743 -5930 9878 -736 -3975 -5034 8544 -7627
9885 -7706 4400 7573 -2889 8743 -9125 -9902 -4553 729 -254 -8460 -657 7226 -2855 -5670 9017 -4955
-9765 4215 -4482 -3829 -2328 -8620 -132 2815 6971 -9186 -5550 -4226 -8065 2571 4733 -8271 -6777 2537
-515 5134 -4779 4317 7576 -9718 2323 2902 9521 -798 7756 698 1857 990 -1942 6575 2519 -1769
6354 8544 -4705 6088 -2449 -9307 1523 9737 -1447 -4994 -2866 5731 -3338 -1308 3170 2944 -746 7639
7910 8701 -2126 -3360 8711 -4259 9868 -3018 -8284 -4390 683 2062 -2476 -5864 -47 -8372 -9030 -5403
-5507 5271 3129 4205 -8649 5812 3674 9541 -6000 3189 -8294 -3447 4835 -518 3188 757 -2915 5684
3110 3257 9247 -9122 491 -1798 5209 -5607 -5616 7325 -6862 1614 8946 7174 6299 -5953 5776 4653
-1091 -5746 -8433 6523 141 -3689 9258 -1533 -550 2388 -9216 -654 6268 -3903 -461 6285 -2715 -6787
709 -3805 -5647 404 7575 -630 6208 2608 1906 -9221 -2903 9642 -3402 -5322 -4570 2718 -1352 8165
5623 -8543 616 -686 -3792 2027 -1314 5486 7365 7062 5442 7487 -9003 -2063 -4481 5140 6459 -9933
-7797 9959 5087 1842 -6844 492 6633 -2195 3353 -3997 743 -3280 -6621 -5917 -3401 -4842 -8804 7849
-6155 7194 5514 8326 -2062 -9111 8894 7648 -6973 2123 -1305 8715 -4500 6469 3993 -3088 1322 9672
-3376 -475 -9712 -2595 -5574 8477 304 4894 -5153 -7985 -5148 7065 7035 -9045 -3279 9808 511 5134
-8826 -6988 -1409 5679 -8361 5975 -5366 -1279 -8933 5826 -701 -3830 -7913 -420 -3132 -793 -939 440
-1175 -9924 5191 -995 -7235 -2174 -2211 -41 -5199 -6367 -5178 4911 3547 1305 -4111 -8009 3850 -1382
726 -7183 -1635 -4916 -1617 -2518 -4902 1800 177 8171 9067 -1001 -423 -7966 6182 -3105 -7891 -6061
7470 -4496 -1557 -259 1782 -985 3757 -9326 5112 -9638 -3481 -489 -5378 1624 -195 9097 -4466 5855
-1709 3898 8991 5997 -5983 -4822 -971 6482 -5913 -9568 6760 3160 3384 7709 9922 -2836 5471 5439
-4104 8354 4763 8389 6327 -6050 -6871 379 1476 7985 -5983 4392 2416 7214 7259 668 -791 -924
7654 3456 3182 -2634 468 7006 -8560 1218 6973 1454 1709 3046 3155 9210 5679 1032 4700 2476
-1066 1837 1406 -7465 -4391 9111 -5871 -8597 5911 3460 -2614 -3492 4600 9479 762 -1011 8583 -4518
-7778 6255 -8268 1545 -3544 -563 -4956 1513 -8597 -3671 299 -5446 -3946 479 5300 -8079 -7333 7032
8842 -5461 -3469 5953 3544 7021 -3612 -6743 4645 3776 -1362 -9119 -7086 -7211 -1527 5800 -232 -7261
-8966 9044 -7238 9056 5746 5200 9546 4548 -3067 -6932 -1579 -9778 -6154 8060 -6378 -8072 3241 6994
3463 -1551 7611 5882 -553 6657 -7795 -8637 4477 9369 3971 -3612 8308 1521 -4462 787 8326 -9712
-2657 7351 3834 4770 -8926 -5966 1911 -9115 7509 -7073 3018 7066 1902 -3399 4443 6419 -9974 2474
9731 939 -1989 -4206 2207 -6568 9096 1890 -9265 -7257 420 8306 5823 -2052 -7026 7437 -5797 7100
7836 298 -9982 -3820 -8154 -7935 -9271 3863 5779 -26 -4115 7734 -1774 4247 -3149 7567 -1772 2653
-4343 1309 9846 -694 1059 9376 1763 8363 -35 -7100 -4952 3234 -7682 1542 2207 -8095 7606 -3495
666 9036 -8925 4358 -6237 5436 -2189 7322 2430 5544 2784 5607 654 -6451 5007 -2540 -2152 -1246
-6085 -7479 1268 845 -3912 4134 1595 5647 -9530 -3773 -5204 -7977 -9829 -9623 3411 524 -997 8709
-9628 4440 871 -1767 8486 -6169 -9867 -7748 -1286 -6789 1065 -5533 351 3484 4557 1399 6265 8766
-9846 8765 6274 -1295 1572 -2590 -8162 6943 3829 4444 5143 -3660 -9916 -4797 5745 -8438 6340 1643
-2139 9697 2125 2817 -8547 9496 5261 -6964 234 9868 8874 -6638 9708 -1738 8751 -7968 -1631 -441
-832 9469 5193 6088 5325 -6524 6552 -583 513 251 -4347 4498 6118 6855 7650 6859 2613 -9253
3545 -6613 9649 2003 -4003 7402 3372 3879 -9822 -1402 9089 7297 2783 -1512 -2582 -5088 -7653 2001
2026 367 3949 5813 7113 -1610 1483 4077 2728 -8702 -9426 -7843 -3925 7607 5288 -1011 -3088 -1674
1764 -1291 5186 6554 -8125 2157 -992 -3947 52 -1103 -8884 -5635 -3589 -9650 -8074 -3859 9275 4716
7330 2280 -9744 -5751 9320 519 -5023 5557 7611 3093 -7394 3533 353 7086 7289 -465 -7926 -6893
4631 4457 -3032 7910 6331 -2688 -4325 6585 6118 9929 3642 -60 -9907 -1566 -765 2707 -5391 2086
9669 8198 4827 151 2952 5019 7043 7376 3906 1491 -2054 -1247 2419 -6613 3899 4133 -7944 611
-6597 3387 7134 8453 -4169 2657 -3580 -964 9589 2400 1523 8584 -7188 -2208 -1827 -3863 -278 2153
8449 -671 -4222 -5999 2124 2876 -5264 -1641 -4768 -4631 -9240 2949 3982 18 8675 -97 2161 -5027
5533 -6420 124 8824 6579 5176 -6482 6946 8756 -5310 -142 -5740 -5120 -9094 -8921 -9910 -8397 -9987
188 698 -5713 -6525 -9855 5151 -8084 5792 3086 121 -4821 2758 -1954 -727 837 -9136 -4750 -7174
-4498 8445 -4836 2953 -8044 9230 -9628 621 1144 -1126 -1554 -505 -7056 5142 -6094 -7459 8846 -7650
7416 6956 -304 674 -9670 3035 -8427 985 -7299 -7390 -7023 5803 -7084 2685 6418 7018 7033 -106
-2444 989 -4009 1397 4988 -8352 -1224 7859 3846 -7752 9705 4110 6292 -3645 7932 3133 -7944 -1266
-2701 -1001 -7861 -3263 4668 4363 -1186 -7181 -5136 -1826 5019 8829 -9678 -823 6320 -7334 -6387 -9111
8503 7944 921 -6372 -6013 7308 4643 9241 -9873 -13 -6800 -5843 -7427 -5766 6204 6375 6783 5288
-6887 2038 830 9453 -6537 7186 -7382 -5062 6851 339 4641 -9915 -9238 -8477 9410 -395 -5639 -6633
-1340 9433 6400 9891 -526 -9133 5352 -1376 -9547 4561 9885 -8345 1039 -4953 -2176 -8735 7140 -3624
-8295 5743 6152 -472 -932 1042 4536 2198 5589 -6147 1054 -8408 9196 1767 -1210 851 -6717 -3857
9085 9744 7150 -6740 523 -9771 -8197 9452 -3935 7538 -784 -4203 -8522 -2620 3209 -2007 -1814 9909
-9957 -2927 3646 1080 6868 -3447 -7595 2000 -3843 -8350 923 6921 -5779 6204 9337 -9511 1976 -7088
3239 -5124 6043 2505 8639 -2583 -1669 -2486 -6797 -615 -7781 -3799 -3094 6517 3472 2340 5238 1931
-6001 6425 8057 2043 6592 -6045 -2764 -3877 8770 6409 6230 99 -6160 -9446 4680 5262 -2681 1680
-8827 -7539 -3167 -3577 -2699 -7565 -6398 766 6127 2910 3677 8882 -1796 3076 -2995 -1601 8229 -3935
-7518 -2250 5522 62 7110 -8784 1390 -1303 7373 -2714 -3450 -8722 967 5964 -8304 -6427 -2989 -9349
-5618 9697 -7148 208 5289 5774 -4395 6859 -2941 5966 -3464 -4477 8767 1526 6428 -9774 9207 -6526
-9951 3205 -7930 -471 7836 2329 -3824 5934 2949 2473 -6133 -5217 1781 -3544 681 7469 6086 -8827
9454 -5082 4825 4557 1945 -4825 3865 8975 1141 9021 1658 -3296 -2662 -5790 9015 -6913 -8857 8967
1113 -6965 6514 5370 -147 6446 -3033 3241 -5316 8215 -1939 5167 48 -1569 9310 3274 -2464 8388
-1369 -1597 894 -1941 -7555 2264 -7975 622 4586 3254 6065 -306 7110 6509 -6287 -5125 -3856 8848
-1111 1246 -4096 -769 -116 -1564 -5995 5335 -7893 -5123 -8828 -3093 556 2886 -1495 6476 146 -9801
5398 -1901 -7994 3551 -8748 4714 -6119 9984 4099 4776 -7231 -8552 -732 -1245 -2105 -1636 1210 -3849
2170 -2253 1622 -6356 -9745 1531 -3024 -5003 1335 -9284 -1414 -6655 4771 946 -1653 6487 -3298 5181
3257 5819 -4235 -959 1860 9516 6038 4479 -4284 603 5331 -2587 -957 530 6959 -5098 -348 -1115
-6890 7540 4288 9855 7943 -7340 1514 -3917 8543 -6019 5258 -9478 1843 3332 -7850 -3073 5651 -9929
-4230 -398 1907 -6185 -9058 3032 288 6131 -8817 -7976 290 -3218 -7549 -7021 9915 -9825 6295 6915
9075 7631 -4442 -5107 -4138 1101 -4270 6419 3780 -6056 -4897 -8482 8093 -5592 -3171 7028 9383 -2569
-3975 -2197 -7524 385 -4960 3410 8829 8392 -9994 -9031 539 -5170 -8189 4738 -5946 -7333 -5392 -6903
1751 2236 -5019 3519 -507 -8915 -5087 6199 -1727 -8490 -8337 -3081 -1899 -8576 7670 -196 2229 4163
3644 591 -134 -7138 7927 -8975 -4524 -4974 5275 -4991 -7175 2925 -1820 -2853 -8138 5436 3853 4288
6581 6947 3 702 1994 8960 2521 7520 -1682 -9980 8204 7047 513 9580 5654 2595 1313 -8554
7450 -5560 -4158 -7593 6749 2534 -4040 -8306 -8583 -3381 2465 6879 -1180 4316 3274 -8151 4424 -2115
-4309 2466 7283 -9795 918 5565 5584 671 8913 -3125 5351 1576 1714 3525 -4564 5632 -6619 -3253
-8076 5251 -5345 -9615 5083 4211 464 -9134 -8025 -7679 8424 -5769 7846 3724 6415 -4138 -552 9469
-2587 8535 -6612 4938 -358 -5589 2643 2812 -9768 6603 4367 -7852 -9538 5937 -7889 -5780 730 8532
-4426 -4249 3381 9824 -8963 -9860 1507 661 -4434 7332 -8149 1105 8141 2936 -67 7527 -9181 7237
-4465 -1321 -6938 4708 -3342 -3689 -7642 4653 77 6002 -5751 -6378 6633 -6200 4902 -9813 -633 4304
-648 -7258 2627 -4165 -1490 936 300 -1722 -1885 1352 1237 9265 2706 -1920 -9945 -5709 7764 -1210
-8594 6402 3140 -3055 5845 -8914 901 769 5436 -8029 712 9594 7194 2983 -4112 8216 -7487 2565
-6777 -105 -9302 -4411 9744 8589 -5288 -1401 -494 -8897 7289 -6012 -6466 9711 5515 8757 6077 5940
2009 3458 -9743 6096 -9166 6959 -3730 -826 -3736 2665 -4758 -2220 -7485 1796 1878 2687 -7404 9371
-969 1645 -5637 -1500 -2706 3069 1949 -1365 -7223 -4748 -9346 -6617 -3848 -8316 -6563 -6486 -3870 -6838
-2851 798 -9533 7250 6598 8273 7631 -4227 4611 -7404 -7725 -9077 6176 4082 -2400 -9359 -5173 -9932
-2222 -6131 -627 -2781 3525 6312 -891 8405 -6024 -2656 -4378 -224 7958 -1349 -675 -6348 7818 5274
8850 -7137 -1097 9660 -8595 -7843 -2164 9331 2244 -7694 -7297 -1175 -8640 -7473 8283 6511 -4479 6855
-563 6924 3797 82 5784 9215 -5318 8888 -9194 -7628 -7064 3804 -1532 7820 4290 -2392 -9475 34
-3877 -4205 -2392 5769 2232 -5251 7216 2568 -152 3225 1766 7137 -3020 -7216 9793 -5760 -1742 -7208
3437 -3284 7360 -4379 5359 -2739 -5823 7667 -1819 -7409 4821 -8189 -406 610 2617 -3046 -3736 -8781
-1805 245 -360 -8632 -3202 -2363 -3193 5007 962 8369 -497 -1463 -3343 9041 4421 -7610 1025 2870
7934 9376 -129 -223 8348 408 -7034 -7101 -1173 -1770 -4633 7199 4101 -214 -7188 5753 4100 7846
-655 9360 -2392 -7490 -4694 -4901 9096 3218 -6217 9457 -8155 -8093 -6329 1658 -9532 -2095 7461 -7206
-4011 -4776 1873 6423 -3429 -7144 -525 -3774 -2955 8701 -610 -3644 -9652 7750 5247 -9882 -6002 5157
-1528 2587 -5268 4814 5052 -7202 -5555 -5939 -6085 -8873 524 5153 -4979 -2494 -6258 4112 -4681 6061
-3206 -2416 665 -8150 -3359 -1677 1858 5260 3760 -47 -7111 9760 1431 1587 -453 8576 8192 -7024
6504 -4059 6580 769 998 -1450 1292 6558 1246 2821 -124 -2724 7701 -6384 -908 -1375 5294 13
-9937 -7869 -5224 -6200 5336 6450 1279 -3740 987 3563 -1756 -1073 -3116 -9517 -5196 -6108 8237 -2921
4792 -679 -8415 -9321 5459 -4221 -1719 8037 4045 -989 -1316 -4677 337 4784 -9891 -3267 3320 -8568
-8296 2364 -9949 -4284 -628 -4026 4897 7629 3837 -6761 7241 -219 5027 -8844 5789 -3039 5839 -801
7604 1539 -1525 -7153 0 299 6415 142 -6601 8355 -4800 1858 3297 -4258 -4886 -4058 -537 -7648
8911 6828 471 -3201 7713 -9730 1732 4862 8183 -5704 -4894 3115 -5878 6928 8254 3387 -4401 -8718
1841 3660 8756 -1325 -7296 -8958 9386 366 1139 -7565 3439 8556 -9600 8515 7560 7267 -3447 -3325
2792 3731 -3183 -1483 -5432 916 -5513 -2444 2118 1800 8605 2735 -9580 6040 6466 3392 7799 9635
7107 -8710 2339 8236 -6099 -4655 184 -5295 4369 4681 -1100 -8447 -4647 5619 -1019 8901 -8342 8248
6664 8563 -3700 8176 -8856 4878 -9522 -881 9328 2949 1400 1923 1266 4865 6085 5663 9357 4576
9263 6430 4474 2006 3506 -552 -7867 -2928 9709 -9875 1812 -5817 6047 -312 -7415 -2096 3537 -9002
-1864 -9656 -3681 -9801 4341 -9043 4793 9805 2501 9331 -259 8856 -8636 -8384 5531 -4225 -8939 -8788
-9431 9538 2087 4337 3082 4803 -7556 1105 400 -3411 6063 -7268 9818 -9834 -4341 5506 9199 -8237
-6898 2140 5419 5714 474 1122 -1198 -6314 -5094 -5287 -8363 1584 -9683 -3808 8941 9802 9218 -3012
9561 -7606 7656 4319 -4243 831 6461 -32 -613 -2049 -8100 -9198 -7185 -2280 -1125 -8301 2677 -3547
-220 -8545 -5380 -8906 -7844 2348 7134 -9806 8247 3942 2631 -6787 -394 1785 -6144 3762 -140 -8394
-6219 -7578 -1236 9654 7108 -5251 -9326 -210 -8512 107 -9448 -2043 6592 -3052 636 4670 -827 -9851
912 6128 2204 -3939 6475 -5413 -3726 -9132 4952 8617 -8696 -2103 -2917 3867 -3236 9489 -6419 -5039
-1521 9080 -8581 -846 -9835 9087 2649 2366 -2186 -9749 -1108 -1766 5063 -1958 4598 785 -2346 1767
2252 1372 -4873 -8008 2588 -9503 7866 1911 2985 -4868 7619 8287 7147 -7818 9614 -2410 9197 8702
-5584 -7056 -4688 9500 7616 7537 6012 2737 5519 91 -7739 4174 4912 -1977 8455 -9329 5074 3934
-4533 3561 132 -8954 -3151 -7448 9888 3198 1324 735 7260 5048 -5300 1373 -9562 -1911 -5698 7061
-2101 8111 9094 1895 -5607 -260 -1425 -2721 6036 3658 -6415 1978 -7373 -7833 -7833 7074 -4687 8665
-6420 -3592 7736 6725 3597 3165 8782 4352 -5762 3223 5052 9059 -8986 5873 1185 -602 -9142 -7450
6161 -1446 3835 4202 -6294 5634 1766 7918 4915 289 6894 3422 -8757 6257 3711 101 5952 9499
7076 5142 2175 -3479 9751 -6561 5705 8514 2463 -113 625 -3050 9647 4665 -4072 -3775 -6033 -7820
-8773 -967 -7249 -5763 9700 -9974 -524 -1880 -3613 3436 -6600 -9838 9951 273 -9502 -4542 6057 -9299
-1197 4329 468 -2757 -8709 6176 9995 4441 -568 1333 -580 -9428 516 -8436 -7470 7061 1916 -193
-4634 1223 -4632 -198 9830 7943 4429 6241 5773 5930 -1780 6032 9671 4161 -5419 1327 -1962 -5845
5765 4941 -6309 -6321 9806 -1230 -7010 -2461 657 -4160 2170 1053 260 -3376 -9081 -8143 5648 233
1286 -4358 -5795 1119 84 -8528 229 -8090 -7116 2298 5898 2994 7734 -3715 -222 -489 6740 4584
5991 6315 -6385 -8811 -2812 1611 -4670 466 -5588 9811 5994 -1975 7020 -5699 -8909 -9481 -4240 699
174 29 -7863 -8742 6190 -1366 -2804 1014 -495 -1204 -7156 -3669 -5209 5212 8831 6436 -1102 3717
-1469 8610 -2187 -7116 6620 -2383 -9148 -6050 1814 17 -9794 4692 -2248 4009 -6042 -7141 -4823 5372
-9291 -5189 8534 197 3919 -5027 -9896 4977 -5883 -8260 -5205 -5277 7066 5441 -1267 -305 6050 -5986
-5237 -8590 -3625 -8018 -2015 -1479 218 -1601 4461 3201 9974 9338 -3790 -1328 -1819 600 -4396 -1523
-7824 -3771 2327 -1847 -8381 8467 -4022 -109 -3027 4802 -2532 843 7099 7688 -7662 -4309 -5930 2594
9109 -5926 -6660 3 -4202 3555 -2609 6973 7721 -1301 -9025 -6100 9718 6913 -3905 -7902 5905 -8319
4820 7821 99 3780 8095 8369 33 1166 -1361 5867 8474 8079 -3926 -5614 -5607 -5936 -7591 5995
7291 3473 5994 1393 7822 -3877 2085 728 -2186 9691 8122 -9758 2852 4510 1871 -9645 -9494 1359
535 832 -2647 -7108 8975 8632 7921 -675 -4856 -5920 -1335 9003 -9114 989 -9899 -5515 6202 6354
246 4738 -4869 -4768 2457 4120 1330 -3553 812 -1280 1545 4744 6165 716 -4979 5010 5973 -8623
-2961 4191 -8944 -6704 4664 6523 -7621 -7469 -7142 -2276 -8991 1243 9055 -6264 -5644 1464 4351 -319
1833 635 9415 -5376 -6949 -493 -6757 7790 1671 3069 -7094 1846 8068 -4895 -7614 8878 -6121 6992
-1357 -5307 -8386 1408 -6964 -2936 -7579 1525 6215 -6458 5135 6345 -5381 4469 9758 2793 6697 6809
-1541 -4803 -3012 4421 7246 2757 -3835 -9594 -8565 5679 -4804 7150 8015 -9464 -8285 -314 -1925 -4476
-3240 7997 -7631 6235 9974 -6097 -6805 2548 1424 8120 -4330 7283 8123 -6835 1554 -2759 3429 7687
8734 7247 7403 7882 9496 7835 -3724 -8409 717 7172 -861 724 -909 -2109 -11 7640 4512 -597
-6752 1073 4770 -3631 -9114 -2722 4631 3910 9265 -8024 -7522 213 -6157 -1233 7603 -2870 9847 9592
1300 9425 -2944 2906 -5139 -6724 -3202 -4839 7614 -5355 9310 1232 -1868 -1821 9575 -564 -8278 -2775
-252 6712 -2668 -4387 6318 -346 6996 1814 126 6960 950 6119 7349 8980 -8480 1433 9591 9933
8945 -1659 1199 -1535 2225 -4949 1937 2134 -1864 -7156 -6878 -8509 -8466 -2338 -4623 -680 -9916 -1551
-3896 -9266 6501 2870 4805 9695 1493 1059 4387 -2388 -9547 -2034 -3437 9627 -2901 4991 9480 4236
7128 -8505 5705 -8160 5054 6799 -1322 -2129 7319 -6653 -4232 6120 -5175 1600 -3931 -2121 -1990 7331
1028 -7477 -2422 1913 6063 5179 -5977 -3747 -8723 7071 9071 8974 -602 4200 -7847 -509 -922 -39
-4953 -3426 1656 -2670 7810 3075 9537 6260 -878 7381 4284 -8126 -5836 2271 -7429 9121 -6826 1772
-1894 -499 3776 -3348 -2336 -4526 -9762 -838 9335 8203 -7248 -2325 -8860 4235 -105 -8178 -1900 6749
7369 8765 -4070 7009 6159 -8776 -552 1629 -6771 -2108 -6168 1290 7875 6854 6866 6517 6887 2643
-9721 -3832 1601 -2450 -1697 4221 -9995 7811 1604 -9470 7005 -4678 4672 1131 5981 -4539 4813 3762
-5246 1687 877 -5817 -904 7516 9835 -1042 -3097 -3502 -676 -9701 -3847 835 -5697 -1388 -213 -739
5933 -1649 -9384 -5213 809 -7167 -589 2975 -1335 -6391 9255 -8669 -3320 41 -657 458 8522 -5305
1283 7596 -3769 174 -8900 3169 3079 -6964 9995 957 5541 387 -2956 -7458 -7514 -5183 6915 6614
9715 -6741 -4232 3812 -2010 -4565 8429 7670 2648 7491 9989 2344 2952 6451 -5068 -2292 -707 -8881
-3062 -7540 6360 -4954 -7535 -4131 -9575 7203 1250 -1233 -1156 -4033 -3144 -5567 -91 2046 -9641 -14
1190 -4010 361 -1103 4462 5882 -7618 -4719 5364 -9136 808 548 -4078 6091 -3490 3084 -1979 -5228
-6768 1546 6010 -7106 -4092 -7570 6515 2275 4015 -7496 -6397 -2439 -6907 6772 7429 2778 7537 2555
-5511 3110 7833 326 -2419 7468 5304 1944 -6360 7518 7537 6885 7537 8780 7594 -2898 -22 -585
140 1154 -2364 -7658 -2399 -1785 3633 6289 9499 -7422 -3501 1430 -1931 -686 -4278 -4803 -6716 -8333
2045 -6074 436 -9152 -9401 5953 3362 8827 5012 -8236 -3523 4763 -9368 -3149 8699 5687 -5037 2887
-7560 -7922 -6536 2848 737 -1070 8812 -4299 5688 -7033 1779 6284 1296 -3388 1831 6023 3845 -668
-4428 72 -7042 7001 1172 -3458 6426 9887 6904 3409 -8038 -97 1881 8763 8986 -2267 -2820 9977
3588 480 5409 7470 9760 -9567 -3094 8646 58 -4405 633 -2330 -1200 2597 7958 -3323 917 -7376
7373 -5947 9615 956 8350 5423 -4073 -9206 2399 2941 -6680 1940 -507 -1460 -9540 5009 7956 -3258
-4733 1756 -4033 2676 -6616 2175 2775 904 -5811 -1030 -2217 -9307 7459 -9965 -4410 -6631 3841 9577
5149 -2649 2222 -1514 1150 -3479 -2855 -5411 -4259 7523 9384 -6581 -1257 1647 -7181 106 4457 -3103
712 3039 -6799 5885 4530 9898 5695 5173 8429 -3299 -1575 1677 -7471 -9520 -1890 1774 8099 -3775
3393 -1274 -2210 8691 -8114 4044 4017 -262 683 -1559 -1347 1777 -1505 7951 -2894 -2004 -2517 900
9966 -40 2969 -8705 -4702 3211 9107 4299 4724 1521 -1338 9403 6432 -9618 -4987 -3096 -1791 386
4513 3341 -6356 -8879 -2681 1501 -5372 6186 4822 611 -6746 -20 1816 -7639 -3736 -3147 -8496 8358
-4841 -6716 1487 4676 -4899 3684 8858 -931 5723 455 2516 -3470 6980 8934 837 8779 -6830 7843
-7185 3335 8231 -4121 809 7773 -4531 -4951 -6975 4801 -5188 -8597 3825 3791 -9268 3758 -9956 4374
3956 1073 1382 -2269 -9902 -932 -6960 1200 -1689 -3276 -1306 -8154 -6873 3310 -8041 -5427 -7429 -3476
-5552 -9544 5690 2389 -1448 884 2629 -2439 3081 -6854 361 4601 9880 3088 -2786 921 -460 470
-693 -8035 -5660 -7358 -7974 9268 6543 -7843 -328 4050 168 3966 6382 -3086 4356 -2194 1481 -5689
6470 1396 2357 -7599 3047 98 -1981 -1097 -3276 -1366 6422 -6415 -2740 -9502 8726 -1981 -5200 -9298
-6417 -4794 3475 -2549 -5411 9717 3483 -1601 -5972 8969 -222 7092 -3970 -3752 5475 5247 2262 -3875
8122 -3550 -6702 2878 6924 6953 8751 -7456 -901 -856 9357 9227 3431 -6647 -5940 6296 -800 3591
-4716 -6912 8566 2872 5492 7733 579 3712 -1850 6758 4890 9473 -3763 -7944 -6669 2128 -8583 5869
-2536 2113 7002 -5594 238 5867 7826 -9288 9866 -3305 -9840 -2568 -5946 -5430 -5210 65 2710 517
-3615 -8625 -2743 1186 -7720 -2471 -5340 9237 3795 6646 4321 5184 -6777 -9658 5941 -3691 9595 -1098
6482 -1747 6383 719 4363 -5049 4213 6620 -1000 2498 1762 9680 -6171 -7408 7941 1188 -9074 1158
-1516 -6632 5355 -2177 -9918 9469 -2630 1796 -4816 -8114 -9414 -144 -9419 8887 -5737 -7994 2905 -9376
-2193 469 4173 -4996 -4375 7617 485 -5916 -9537 -1528 7022 1593 -6669 -6599 -7551 -7789 8173 6642
5861 -6773 -625 -3736 9395 -782 -9750 1194 9629 -9654 -9365 -9040 -9107 4919 1704 3724 3619 6841
-3859 -1709 -9134 -1445 1775 -4336 6113 132 6840 -4192 5489 5115 -5064 5232 7525 -6257 7860 1014
3577 -5821 4409 6896 -7960 -7617 -6721 7074 -528 1230 8192 -6685 1756 9523 3384 -8992 8435 1496
-2441 -202 3324 7474 4446 -5600 4544 -3730 -1912 1253 -2908 9968 -9023 -3398 1073 -8265 -6830 1650
8735 7230 -9499 431 -6607 -9696 -9973 -4036 3412 -6439 -9183 -9617 4351 -5561 8227 4627 2391 -2585
9767 3323 -7824 2979 -9299 492 2200 3978 7498 -8300 855 -24 -2743 8276 -3736 -9757 1232 -761
-6967 -3989 592 -3480 -958 -7407 2526 9155 5397 2032 4820 2034 -7326 6871 -2953 4848 6573 -4318
6472 6859 -3880 972 6824 3111 -2484 116 -1977 7715 -3203 -95 -4973 -169 -5608 -4652 -6100 -2043
4723 3380 -6775 8188 -6022 2057 -996 2021 9157 -4111 -8847 9370 1551 -2065 -277 2391 -2259 9276
8978 -4236 1275 6501 -2554 -964 -1866 -2180 -7933 6663 9096 -1562 4579 1373 2161 5812 8248 -3527
8127 5416 3067 -7278 -7547 7636 7578 -4590 6545 6423 5398 7248 -8420 339 4610 2707 -2021 6592
-1871 -571 -6304 8721 3157 -7679 4396 8528 7893 5993 -1314 2901 3558 -8878 1501 -3862 9926 386
8795 8405 -7558 9612 6621 -9041 -929 -282 7777 8738 -5004 5121 9096 982 3297 4211 2532 464
9730 -2489 3169 1990 -276 9165 7250 785 5742 -2625 3384 -8624 -6880 9398 -9955 7617 2486 6748
2467 -5527 -3064 -3790 2101 -7827 -7967 -7694 -8279 3387 -3193 6827 9316 4031 3838 -8934 3916 8322
-3422 6362 6432 8726 -7986 8596 -1318 1407 6813 2261 -6313 -2184 5079 9713 -9604 -6973 -4186 -8738
-4055 -8533 -1754 1687 -1426 647 3133 -1156 4344 -6472 8165 9946 762 -9855 -4407 -8817 439 -888
-9793 6276 7927 9636 5798 -395 2831 -5330 -1784 9528 2346 -4194 -6846 -2466 -3679 -9428 6785 -1181
-2000 -7272 7379 9953 3540 6187 -3984 -768 3458 3205 -5475 -4648 -903 7455 -1214 27 7275 -7408
5487 182 6215 -3027 -9487 5337 5881 5117 7025 5811 -4125 -3436 1424 -2624 -6032 -7279 -4727 7971
8451 2363 -8680 -7867 -2620 -3622 -8240 8717 -2138 -7606 6835 7590 8511 -73 1922 877 -1802 6642
1212 4413 4191 -3602 -3876 5007 -7130 -359 -3437 -840 6072 6841 -6835 -1157 6251 5539 8632 9981
3529 -8344 6303 -747 -2189 -4309 -5931 -5171 -958 -5582 -8232 -3307 -1236 8725 184 2149 -3912 -1794
-227 2156 -8800 -6871 -2773 -5901 9534 -5569 8035 6633 9736 2320 -6863 2235 -1468 4164 -2207 -6943
5650 2233 -9177 -4269 1897 -8029 -7686 757 -6476 -8611 7921 2067 -3991 -7774 -2083 2421 380 -6521
-937 243 -4801 7953 7485 -6463 -2669 2439 636 6478 -5361 2150 6484 -5648 -6292 34 -1940 -7587
-4264 1612 1474 4327 -6286 5927 -4458 -4188 -5980 -6732 -8873 9086 -4446 265 8347 3771 9533 -6998
-257 -130 -6918 -1247 -2437 8418 -274 6983 -6736 5489 -61 231 7366 -4887 -5159 5496 -2209 -3216
-3805 6760 4788 3155 -4192 9267 601 3563 -2514 -3811 1977 -1014 -5366 8291 -6340 4073 6662 7240
971 1887 -2706 -6837 -362 6941 7921 -2912 954 2195 9118 -1098 428 5628 3449 -8569 8029 -8009
2687 1282 8160 5388 -7431 7074 7481 8309 8221 5662 -1285 2717 -6629 7010 -1457 8845 6469 8309
7742 -2694 6859 7990 -8340 149 4100 -9769 9176 -3506 3591 607 8258 -1659 -8404 3498 -3751 -7776
-7181 1871 3005 2297 3638 -9918 5009 -9507 -5871 292 8583 -627 2002 -6828 334 -6693 -8418 -6548
2946 3590 944 1011 4449 -6866 -9646 -1915 -907 6348 -4902 3224 7940 -146 -4122 -7343 -2674 -375
9855 -361 3271 216 -4514 -7555 22 -8320 -5731 1620 798 9794 2543 -2889 8899 -4744 -3566 5898
7288 -2571 3097 -9218 4775 8286 1380 895 6930 2190 5013 -5370 9840 7095 -8532 5550 4853 2833
9613 -8052 -7583 -7902 9271 653 -6856 -260 5823 5728 -5768 6011 2974 -7330 -641 9382 6808 8742
176 4550 -5741 -9929 -2460 -8729 9114 6115 -9426 -367 8695 -7843 1733 7408 -5690 -9592 -4053 -4913
8635 -9608 2003 -5756 -6874 9194 -5720 -5154 8599 2228 2948 7125 -7903 5135 -9213 3658 -6830 -2565
4714 -2746 2699 8564 176 291 -2618 -3075 6512 1133 -7001 2557 -8582 3227 9610 4084 -7363 2528
1779 519 -4994 8872 -3035 8602 974 6913 -4802 -3744 -7274 2259 -6822 2797 -5973 8427 5910 6550
9923 246 8997 -9556 -7579 9328 -5273 6252 -9738 7229 5073 8101 -9072 -8056 -5261 -4157 -7003 3332
7354 -1054 -3023 3125 -2029 1520 -7263 5120 4971 -906 -8328 -8798 4513 7776 1711 -1198 -9363 -3569
-6691 -4566 -5833 2473 -5468 5925 3525 1940 3383 7961 582 -5574 -4535 1587 -5327 -6464 -4880 8265
7902 3474 8188 5139 -5136 -7618 4473 -9886 9899 3064 8066 3381 5019 -8275 3653 1017 -8383 -4672
-3088 6272 9092 -1775 -2859 -5817 -6484 -1341 245 -4870 9456 5777 193 -7034 -1897 7787 7072 3336
4793 1847 -125 7824 -914 6367 -7861 9539 -9509 6294 -1440 5771 -6998 -7952 704 3354 1525 2699
-45 -7670 -6635 -5950 -4198 3572 -2142 2197 -2387 5979 7307 3251 8006 8856 -7676 -199 5948 5119
-5287 -5240 7701 950 1019 3228 -6247 7514 9866 2987 -158 379 -3799 -5761 212 2250 5587 9241
1220 -5347 1662 2450 -6581 -5813 -124 1788 235 -1030 -9357 -8325 -8609 909 5049 8439 -845 9417
6202 -1256 5587 2187 -615 1630 -1120 8680 4117 4838 6920 1919 1260 -4006 6213 4238 -1722 -686
-5724 2592 5793 -1561 3627 -928 8565 -3970 5523 -7767 3984 -9265 1521 -5132 -8743 2180 -8961 3858
4355 4582 -7002 7714 -8096 -379 9713 7435 -2911 9194 -8882 -3684 733 -1310 7473 -5673 672 -8626
8674 2684 -9471 4550 -1708 -5752 -8962 8095 453 5352 -2972 -3995 7711 4719 -6800 -8425 8003 5066
1810 -3168 -1149 -6978 -4599 6856 6895 3000 -2311 -390 926 -9356 5745 1887 -3504 -8547 -3403 2045
268 242 -8652 -9906 -7776 -2953 -13 -4192 -6168 -4911 -32 5463 325 -3557 -8287 7845 5214 -8973
4151 -9882 -4866 4532 -6576 -5776 3176 -9075 7875 -5602 -1166 -4854 2458 6451 2648 1626 -4316 9434
3732 -5745 -7773 -9696 8252 3407 4330 -7769 -2978 5677 -4889 -2842 315 -8075 -3080 3241 8043 9274
7848 7812 3387 -7326 -455 -3551 -1943 -8339 -574 8826 -2746 7938 434 1938 -7497 9403 1468 1335
-9549 -3756 -8414 983 -4230 4727 1132 2390 -3713 4314 -7091 -6384 8461 -6284 -3506 -1221 -8650 -8479
-1133 -1290 7158 7016 -5561 -6646 -3470 6836 7619 6558 6684 3042 -8944 3867 530 -1710 -7343 3951
4878 -6324 -5472 -5709 5886 -5081 -3051 -8249 9851 2471 -9483 -1350 -2521 1219 9575 -5025 9755 -4639
-9940 -2654 -6451 4108 4878 5369 5052 3849 -39 5991 -782 -7637 4092 -3508 3276 731 -4327 -3267
2498 8586 -506 -8713 -3702 8281 -3300 -7920 -7187 -6347 1031 2161 92 -1038 4478 -8764 2006 3664
5478 3570 -2993 8627 2773 8922 7866 -594 8065 -2912 519 2227 567 6710 132 8290 -3378 8984
2514 -7991 -2550 -3152 9019 -1177 8219 315 3038 8216 -8492 -1416 -3775 7542 8311 9488 2570 2301
9718 7001 8452 -1514 -7628 7343 -3210 2621 840 -5651 -6578 -4868 -9962 4733 -6162 2642 -9201 3855
-1613 4860 -8250 -7394 -5916 1644 585 -3928 -8850 -4097 -2107 -5428 -7606 -2076 6638 7695 3579 6794
-9564 -8010 2891 -5504 3739 2892 -2375 8331 7070 1545 6229 -2702 -9594 -2868 -6169 -1980 -2140 5325
-650 5892 -3224 -6486 2352 7029 4366 -6603 7750 -3328 -4998 -8406 -3525 -350 1304 -1114 256 -1440
-7857 8713 8626 5239 675 5558 6276 1213 5551 -6169 8890 2682 -1593 7893 -4423 -4270 766 -6159
6028 -2663 3496 3662 540 7846 -8094 -7587 -9008 -9505 9652 -988 938 3644 4550 1311 2933 1329
9429 6035 -8809 7753 1142 4229 -2267 1351 -9122 -7147 -9866 -5947 8873 -6886 -999 1359 -3324 6195
-6711 8875 -9931 -3007 -8394 -9103 5775 6473 7620 6710 -4911 3306 -2318 -9800 -2461 -4637 8809 -1592
-2286 -8267 -4855 -5342 -1616 -4125 1015 -8119 -6968 517 -1285 -8242 -9078 4945 -857 5308 -2164 5300
3421 -9453 5596 -1496 -6394 -7162 -6491 -9554 -9371 3574 -5169 9053 -2406 2790 -8580 -7132 -3455 1355
9659 -4247 -3161 8361 806 -1639 3241 -680 -1125 6987 1879 -9176 -824 -9573 -7835 -2737 -9334 -4542
2826 -4763 5186 -8398 159 -8699 -3239 5746 6631 -1359 -5957 -2712 -2028 -1673 -936 -5596 -3153 -9237
-4613 2078 -8723 -7044 -1199 2522 -4103 7224 -6315 -1413 4190 -3012 8153 817 9838 -4759 -8878 8771
5281 1354 4406 7203 -4366 -8178 -7008 7772 -3910 572 6584 -3127 -9092 -5518 -4415 230 2143 -299
-5407 4874 6218 4435 -3418 9121 6473 -6211 -9141 1189 -177 2305 7942 -2923 5628 -168 4473 -1687
-5061 -3675 -8702 223 8189 1225 -2169 -8670 -484 3038 -4160 -5499 -4213 4717 -4233 -9506 8496 508
-1288 -5504 6618 9858 -2795 6304 8583 -5984 7897 4765 1460 -9041 9290 7086 5507 -5737 7618 3670
-7814 -8459 4037 9067 -6213 8078 6215 -299 -7221 -8709 -2535 -1043 9002 1620 6543 301 -7148 5513
-8762 9020 2551 -3921 -1134 -6791 -6340 -2917 -3188 4662 -1074 -4125 -3764 265 6618 896 2065 4506
-4534 9373 -7601 3762 -5685 832 452 -7037 4636 2074 2173 5256 -5974 -803 2632 5316 -1216 2327
4344 -3096 3737 -1323 -9385 5304 -2593 -473 7057 5287 -9346 -3201 -5599 -4811 -3079 -5184 -4294 7746
2215 -7120 -8877 -1664 2923 4295 3319 1197 -381 7475 6685 -5698 4960 -5280 3462 3472 -6175 -5660
-94 6398 -6212 -8294 5615 7141 4080 4877 9152 1783 1145 429 -6928 5837 -1070 5091 1491 4028
2013 -1163 3328 -6907 -267 5041 4320 -1794 -613 3340 -9031 -6337 6682 796 -487 8458 -8469 7027
-6933 7352 7313 8886 57 8085 1756 -9642 -2936 5344 7526 -6745 9200 2114 -9319 4373 -8832 -966
5096 4713 2084 2385 -9007 6395 -2758 1346 5692 -7105 9890 -4878 4721 8230 6193 575 1393 -9293
6474 1012 2997 -3127 -4133 6703 -8297 -8718 -2484 7794 8323 7708 -8566 -9766 7060 -2566 -7849 -4678
-664 -9782 8280 -6479 -5134 3609 -2883 -6850 -1927 6179 -2596 -5411 7986 -9657 -6610 -9389 -262 368
-6703 3472 -4220 -8793 -4670 -606 4966 3768 4345 -8963 -2396 -7732 -7683 8623 -5404 9267 5710 -9694
-1166 4037 -7103 -7568 6920 -137 -5272 -9704 9381 5924 -8586 -9953 -2531 9366 8792 2337 4704 3193
-2841 -1637 1260 -4394 5748 -1094 9327 -3589 6006 -2981 -2422 6125 6785 4951 2856 3402 -5441 5980
-2771 -3603 1825 1725 8492 -6293 -3219 -4383 -7690 511 -2585 3106 4047 -4475 3143 9275 8478 -5605
7110 4433 -4539 -4822 2267 -1634 -286 -8499 4378 3828 -7181 9053 5059 9932 5581 -8982 -2022 -3970
8861 8069 -8648 6736 -8997 -1425 9853 -1285 4 -5386 -948 -167 8520 -560 -4471 -8666 9855 -7988
-4228 -6354 3057 4225 6992 6434 -4772 6465 -7026 3551 -807 7092 -1908 -6512 -5348 1516 2613 5953
-9082 -3548 -7577 -4777 -602 4997 -3724 859 -6089 -1833 -6279 -3550 6989 8480 6817 6965 291 -8741
-1248 5389 -2782 -765 -7491 9224 -4101 -3890 -7300 7502 -9346 4679 3674 -1066 47 -4838 7061 -8186
9674 9335 -8170 6307 7797 6127 33 9746 1965 4275 1327 5555 -5280 7683 -591 6443 6547 9086
3493 -7535 4161 -2317 7958 4602 2283 6312 -6729 -5527 -2991 3851 -8670 798 -1097 8413 8357 -6750
3957 6997 8435 -5687 -9490 -2784 -9150 -226 274 -3293 4338 8466 -8400 -4130 -8619 1910 3068 -448
5651 4440 -4419 -6704 -4238 4490 -8954 -208 -1579 7609 -4217 1143 -5875 1888 6788 -7419 8521 6367
8975 3242 -7443 3100 1510 9661 4542 3456 1385 -2443 7250 9322 2329 -2420 3184 -203 -2789 -9367
1134 4028 2026 8377 -2855 -9191 9633 4561 3022 -4453 -8684 2801 5510 -4750 -5659 -3576 9247 -7858
-6390 6007 6646 -3464 5537 -9754 7806 9590 2284 -4242 -6409 -3428 -5538 1455 4998 -8743 444 3128
-8059 2079 -9599 -6171 -5431 675 3188 5713 247 3425 4207 8951 9343 6630 2375 -6674 -7098 5950
-5685 8163 -4622 725 -6107 6198 5527 -6204 -4749 7017 8588 7469 7416 5691 2873 6232 8657 2232
-6096 6852 -1319 -2506 9204 6486 -3196 -8857 6893 9422 4240 7325 1183 3074 -1399 3654 -2082 3866
-1257 9141 3276 3622 8117 6699 -1233 -2914 -5312 5836 5630 1199 -4401 1181 -8205 6773 4691 2442
4472 -6852 -9019 -8560 1569 6498 6259 -8160 4993 -7598 9903 7195 9007 3275 9046 -7047 6744 -8672
2225 -1995 8016 7648 4624 1458 -8474 -1956 3047 213 4633 -3733 -1254 -7013 -6226 5249 6218 -3588
-1329 6965 6113 -1175 -6542 -8442 357 7383 7849 6340 7640 -5881 -8535 -4682 7366 -3436 -5552 9827
-9779 -1421 7496 946 3448 6989 -5563 -5718 8994 9679 452 -2241 2617 -9251 9118 3055 -7893 8366
-8673 -8713 2722 -9056 -726 3574 7985 -2743 8595 7119 -6044 -3867 1798 -2583 -4904 -8657 -3892 7220
9873 7294 8845 2893 -5791 1196 3478 -1235 906 -2730 9461 -9876 3172 8670 -1023 -4537 -9619 2722
-6266 8613 -5829 -4897 4916 -8615 -6968 8591 -572 7334 -6509 2020 -4453 7297 -3982 5040 1125 7302
3791 4338 -2554 9486 2436 -3083 1871 6652 8864 -3929 -7592 1081 -2657 5695 7308 -1777 906 8523
2835 5895 -3739 3943 2319 -374 -9725 1007 -372 4739 -3796 2264 -9829 -4167 -2236 4034 -7424 4260
9186 8756 -5851 -5751 9364 -4975 3248 -1733 -1760 959 1702 -7712 -6471 6507 385 1551 -4068 -9681
-8914 -2541 940 6824 -2211 -3771 5377 -873 495 -63 6777 -6664 -5289 -9444 3757 9981 -286 -2358
-4523 -1883 -1253 -9736 8333 7740 4244 -6177 8002 6168 -8776 2383 4960 -6027 -8038 7127 -8392 6117
-4906 -8424 -889 -6087 2244 -5813 -7893 -6583 5322 8962 9379 -4091 -2385 4690 8633 6053 1780 -6555
3505 3385 7889 8964 -9088 -7253 4632 5543 -3112 -713 -3192 -1949 -981 -6343 -7769 -6284 -6401 3034
-8820 -3714 5649 -6418 1504 -6804 9902 -17 -7474 6375 889 7668 -9150 -2692 265 3367 -8784 6976
-530 -394 5518 1309 5876 8762 3108 2773 -9460 -7663 5513 -1291 5664 1027 8696 7057 9932 -8743
-4022 -9904 9805 -6230 -5256 -3198 -5074 -80 80 4475 -4253 1286 -1573 245 1513 8234 -5586 -6913
6719 3031 -6025 -3036 4166 -6821 6881 -4263 -7247 553 1810 -9548 -1897 -8006 -2914 -368 -5809 6960
192 -6796 4047 7889 -776 -9307 7709 8867 -646 4284 -4496 8248 7476 -2598 -5170 849 -1858 -585
8516 -4670 3895 7112 -7065 -7601 3162 -6454 -6064 9469 8798 -5110 8785 7374 -9581 -4064 -7814 4786
-6343 4833 -5464 -4045 9448 -2268 -9470 -2614 -3512 3907 6246 -904 9970 -7953 2832 6057 -254 8267
4907 5474 -8980 6536 -8169 5485 -9290 2088 -57 953 -7405 8478 -6104 -8055 4378 8894 -4765 -9474
9791 2349 6301 1510 8856 -4615 -2362 -7226 9445 -96 -3017 758 -6754 7764 7991 6815 9274 2752
-3187 9967 -1958 568 -5361 -8236 -479 -2559 -5640 -1179 8016 -2002 9440 -1321 7086 3025 -6844 -5386
7612 7734 6291 -4985 2176 -8846 -8539 2955 -1165 7285 2134 1584 7441 -1358 4530 968 1637 2795
478 1999 9617 -7448 9381 2997 -3179 388 -2587 4634 -6338 7772 -7945 -1192 -8585 9986 -9877 -2925
-599 -2909 -2616 4290 6573 1640 7906 -6934 664 -6219 1258 4665 7967 -5640 5687 -8023 6933 6670
5392 -9816 -1332 -2558 33 -9255 7472 7727 -5413 4332 -5454 4292 7672 8331 -2023 -7865 -3504 4535
2153 -1235 6503 2672 9708 -9132 3896 -4640 -874 -6022 -881 138 1141 -4224 -552 -5787 -2941 3652
-1186 -2518 -7902 -2845 2961 9552 6910 5932 -1894 -3710 390 -6171 1164 -8413 6887 -282 -251 9940
965 -4269 -31 -4523 -7168 -6509 -9750 3052 7539 -1024 -771 -2959 -8881 6644 -4116 3445 -3259 -6560
-9982 956 -5955 3308 1210 6581 -5246 2842 -5615 1463 -2287 -1316 -9914 -7471 6453 -2682 7624 -4429
2431 -2137 9183 -4589 7050 -1499 3041 8753 -4399 7162 -5993 5357 -3768 -2902 -783 -6841 -2897 -2049
-2595 2959 -5200 2968 9772 -1687 7193 2972 588 6226 3811 7705 -4362 -5682 -3107 5186 6647 -9970
6222 -292 -185 7556 878 -919 -3437 -1932 -8975 -8236 4644 8899 -7133 4509 7726 7306 -110 1127
-8428 -5596 3517 -6981 -5048 4943 -3692 2092 3408 -1482 812 6676 -6006 -2146 -2772 -8921 9106 -216
-7047 9395 7563 -5451 7198 4203 -8985 -957 -6254 -9234 -6158 -376 -4990 7361 -5350 -9868 -9500 2382
-2503 714 -7166 -1194 961 3099 -5590 6674 3199 7948 -2135 4219 1095 -106 -6548 -1772 -8359 5900
-3544 4302 -6337 2575 7771 -2378 -1960 -1956 -9231 -5159 4501 -5980 7577 -2252 -6829 3702 7906 -706
8945 -8886 -6472 2645 6869 7507 -8445 -6138 -3411 -9531 -375 -1173 -5947 1346 -3872 5073 -1448 6615
-1399 -894 3236 -1180 3403 -140 -2756 2709 9815 -1076 7543 2192 1666 8132 -1364 -6262 9638 5180
-1771 1846 7347 -2139 7017 2217 4347 -2436 685 8234 9167 2654 2267 6399 5515 2370 -7029 -3667
-5227 1836 -379 974 7899 -1155 6813 2596 -119 -6978 -8070 -9727 9834 -2004 -8870 -5590 -84 -2800
-5565 -6028 -3877 -6065 -1952 -7961 4154 -3691 -7977 5292 3423 7696 -8590 3087 -7636 3314 9000 1708
8146 3571 -2200 9450 -6059 4788 1354 8146 -3163 -2067 52 6763 9556 -4015 -8477 -7309 -925 562
-6729 -3642 -4708 8424 5653 -5215 2856 8485 3340 9713 9285 9963 -6625 5933 -7508 -7712 7949 5415
863 -2620 -9942 2909 8990 -5045 97 -1399 2192 1446 1587 -6543 -7044 3194 -5884 2914 2410 4512
-8377 -5511 9973 -8735 -5818 4966 4272 -9423 -8638 2793 -1498 -2696 5334 -8723 3290 7874 -8185 -1760
264 -7844 6992 7737 9372 3942 -1440 -521 -6859 702 8964 -8441 -9037 -6788 9016 -7856 6553 -4310
9970 -4275 1687 -2925 -7792 9559 -638 4053 -1349 5947 9488 -3531 -8976 5937 253 5749 -2909 -9882
8268 -3047 6994 2088 -9369 5084 6827 263 -7971 6284 7547 3616 -9994 -5463 -2628 6994 -8485 4499
-4223 -8372 3888 -8904 -2781 6461 -6651 6491 2710 5931 -5822 5077 7369 -190 1678 -2915 2072 744
-7947 1459 -2662 5127 2312 -1381 7551 -7106 -6637 -6288 3677 1904 9363 -8978 -7435 2517 -3481 -9883
-9013 7981 -5612 4390 -7476 6271 2881 -7395 -4569 9003 -1974 4069 9600 3030 -343 8078 -9245 374
4142 8226 -8 -7909 5281 -7759 -3198 1710 -3528 -2066 3688 3875 -2684 5925 -9476 3792 -2251 -257
-3262 3135 2834 3923 -497 8016 -8641 763 6006 4653 -8681 -3689 -2038 -1647 5474 -3753 6454 1446
-9957 2277 5284 5792 -303 9655 892 5471 1968 -3543 7027 5306 -5804 5246 2251 824 6132 7748
-1562 5293 1348 -6851 -1650 9447 540 -9345 -9533 9536 -115 6941 -848 9326 7556 9101 -1709 -8344
-8474 -6270 6544 5201 1789 -7231 -7681 2059 120 -3271 6591 -8234 493 5921 -8287 7399 -6706 -9669
4307 9368 -3553 8732 405 2523 6580 7698 920 -7782 -6648 -8886 5610 -5071 -9931 827 -6364 9086
3719 -952 -1156 1711 -2458 -6862 -2095 -3488 9263 -6592 -568 -972 -1882 4542 -7812 4501 3790 1290
534 4038 -9612 9029 5222 -5264 -1412 -154 -2340 9367 -939 4741 5787 -8730 -9680 -7397 -326 -9949
-5899 -3450 -5033 3737 -8588 -1703 2320 2996 -7631 -8862 920 3053 2944 -7800 4239 -1070 1763 4573
-3855 9620 -9953 -51 5477 6850 7862 2389 -2760 -5976 -220 3868 8505 -9013 3062 -7833 7177 -9754
1532 1807 1733 246 -1782 8601 60 1358 9913 -1539 5528 -9830 -3215 -8908 8398 -2265 -9865 9200
728 -2615 -8541 -6182 -7136 7744 5912 -3597 -340 6556 3319 8311 -5440 962 9846 -1722 -354 9846
3464 -1463 9790 3873 -3679 -9808 -965 -1141 -2843 8474 7322 8068 -3114 -1494 -4296 9098 -9539 2194
8149 -9050 -1843 6893 8082 -3079 -611 -3566 7764 8941 2198 -4825 -1337 8988 1530 5676 914 3182
9418 -9357 17 4219 -9792 -267 8876 -2264 3956 -8107 3318 8247 -8896 -6187 9218 -9712 1576 5146
9346 365 1410 -8889 8065 -4642 57 -6911 2009 -7011 -8535 -2122 -5137 -7 -7918 -3816 4360 3600
8892 -8997 -351 -8024 627 6513 -2888 -790 5248 -1908 -7188 528 -3141 -5900 -354 -6698 5153 -9959
7361 9513 517 5735 -6460 -4709 -2060 6121 3692 3136 2811 -3686 8573 -7523 -8209 -8449 -3149 4153
-8192 -7352 -8751 4493 -9622 7576 6297 4566 318 9811 -4195 -9734 -7993 -5948 8178 8835 -3699 -42
-2269 7462 -8747 4513 -9916 9573 -4264 -6348 9788 4445 3104 -6238 8319 -4242 -1971 -6302 519 4725
9605 -2065 7669 -6577 3893 1464 -4733 3919 8989 7091 3663 -1125 -4250 -4281 -314 -805 7327 -9714
7341 4386 603 3948 5765 -8770 -7335 -6851 -7484 -3598 -4552 6192 339 -1337 -8336 7960 5546 6243
-4852 -8629 -3896 5048 8740 -3765 -2406 -6691 2834 6110 5131 -1694 7710 3795 -603 781 2790 -3926
-5112 2679 -4075 8349 -1471 3826 -4153 -214 6749 3183 -9085 -426 -830 -9702 -2730 -5035 -2986 2562
9529 -8315 4367 -6060 -2850 -2651 420 -9261 -423 8522 805 93 3299 -7975 -3835 6768 -6035 1127
6069 3895 6634 -2745 -3587 -6705 7344 -2183 -1590 981 9071 804 -2684 3500 -4754 6763 9008 -9306
-6083 8774 -7469 559 -4279 -8925 -3251 -8219 -1245 6924 9229 9594 -6512 -3630 5474 -9402 -9158 -5497
6620 2124 6561 -9139 3757 1816 4993 -9424 -3042 -6979 -4593 -2077 7167 1623 3978 -7146 9064 9961
-5430 1182 3031 -6575 1408 9019 -5659 -4618 6821 2090 -2295 6048 7125 559 -4713 927 -198 9996
6332 4447 -4902 -912 -3489 -5588 5153 4737 5117 -7095 -6194 -4824 -1750 -738 167 -8297 6084 -9265
-864 -317 -7616 6478 -8077 9425 -5651 484 9769 -2422 952 -915 3926 9646 7877 8644 5073 -5724
-2830 9083 5253 9907 -242 -1161 5492 -5541 8937 6902 2189 -1382 2963 -2457 -4562 -6591 4865 3358
-7630 -7363 -2382 -7726 8679 834 2782 4101 1420 7352 760 2302 -3766 -2803 757 -3428 2098 -741
-1385 1853 -3241 2541 -9393 9451 -4067 1032 1349 -4192 9440 -2177 -6079 4620 -2634 9114 348 7902
9387 -1265 567 1605 393 3783 7975 1443 5516 2038 9719 -5462 7703 1740 -164 -7499 948 4390
-6639 1600 2319 1178 -452 -4388 -4105 -6330 2307 6987 1741 -630 6003 1986 -6948 -7194 -5278 -4646
-5418 2734 3139 -9787 5486 -3890 7127 -1232 -288 9428 -7803 9456 7032 -1902 7925 -3832 7899 4413
6488 -4837 5178 -5178 -6589 5309 5948 7040 8670 -2735 -3545 -2298 6285 7225 3345 -8876 -9503 880
4332 -156 -3323 3174 1388 -2477 -4904 -477 -393 -5123 5653 4094 4842 -781 1728 794 3289 8277
-8762 -7441 -3931 -1109 -6942 4600 -7997 1199 -3077 -2775 -8331 -1004 4914 -6158 5866 6800 2690 -208
1626 4349 -1442 -2374 -1112 -930 -1476 -5551 -9050 -2800 -4552 6965 -8144 -5842 423 -165 3804 4805
-5493 2983 7728 4204 8925 3483 -9836 -481 -8113 -2382 9527 3665 -9887 -1218 -5057 -8643 3232 6818
722 8142 -863 -5576 9641 -6912 8452 -3742 8127 5710 6226 -3639 6485 -2200 -1023 -470 7289 743
5206 2253 -4935 8986 7530 8853 -9621 -9752 4517 8430 1477 3122 393 -1723 -3420 -7314 721 9335
9967 4739 -7828 -621 4980 9306 -5470 9485 7065 -5989 3055 9476 9967 -2029 9308 7917 8232 6818
-1410 -7681 -890 -517 -7902 -4850 6997 7344 -8057 -8698 -6445 -3584 -2869 2627 6598 -6862 8663 -4836
-9083 4443 -8156 4682 -5876 -7300 -6046 -3812 -9330 -3837 5394 -7021 -2847 -4441 2433 910 2032 -2572
-322 3474 2895 -5151 -9598 -6677 -5633 -3827 2841 -4133 -166 2387 -9393 -9432 -9938 3743 5300 5550
1864 -3743 9509 -8846 -71 8725 -1745 8068 -5065 876 7053 -4351 1087 3269 -5298 -3934 6186 -414
-1080 -111 -2638 1922 -7044 8745 -4403 -279 1307 676 2166 -7046 2660 -6187 -9883 -9807 -1814 -6010
3901 2184 -6694 1940 314 -8436 -8933 5679 -6164 9316 5242 -6288 -486 -1369 -8726 -5322 -3492 -3244
3202 -920 5433 -4506 -5303 8696 2606 -9053 -7694 9318 4334 3146 -933 -7567 4369 -3804 -3415 1473
-2347 -457 3720 8272 -6532 1003 -4 -4678 -8858 -7817 -8138 9491 1400 -3111 9932 2814 6518 3188
-4670 5960 2383 9718 3246 -9959 -4402 6879 1866 2348 -1258 3536 -5240 -8325 -3066 -145 4878 8823
8796 -3109 8282 -2068 -5035 3568 -4293 4256 -2740 -8338 -9876 -5984 1648 -589 -1612 -8072 8123 -5608
5115 -7921 608 -3719 6921 7725 48 -9891 -4880 -4325 -6231 -9331 5037 851 4259 8662 48 -3296
-9503 -762 8460 7025 4929 3541 1379 4875 -752 3891 9675 -5819 2075 3213 8171 9656 1697 9361
5192 679 -3051 -5057 5579 -5275 9392 -6719 5312 6005 -79 1127 5866 4922 2881 8765 6396 -6027
879 8118 1927 5711 -6638 -511 5624 8427 2118 7555 3299 -4878 6819 7260 -1732 1447 -6276 -9808
-5322 8207 -9334 -7891 -2550 -5947 -8531 -7779 -3068 -5998 2884 4851 -3585 9402 -2794 -5892 -9380 4966
3666 -7818 -6709 -1500 1750 -8085 2007 -1052 9551 -5759
