1718.492 1718.579 1726.507 1727.031 1734.815 1738.619 1745.125 1751.745 1756.689 1765.991 1766.153
1768.100 1774.140 1775.716 1783.890 1790.585 1797.655 1806.763 1812.652 1813.210 1822.168 1830.623
1832.655 1832.890 1833.757 1833.853 1839.353 1839.929 1847.364 1847.562 1850.875 1851.040 1851.658
1859.765 1863.476 1865.956 1869.621 1877.072 1880.375 1880.413 1881.534 1882.216 1886.624 1887.585
1891.211 1892.904 1895.634 1901.813 1907.534 1912.197 1914.159 1921.576 1924.378 1933.505 1934.057
1936.908 1943.878 1947.478 1951.748 1952.759 1959.615 1968.281 1972.747 1973.647 1980.956 1990.659
2000.144 2001.821 2009.070 2009.238 2014.355 2015.465 2016.153 2021.129 2021.152 2021.594 2022.767
2023.384 2024.793 2030.295 2031.741 2035.875 2043.363 2049.524 2057.652 2066.509 2070.042 2071.695
2073.043 2076.969 2086.295 2092.020 2100.694 2109.582 2114.352 2123.766 2125.963 2131.902 2141.082
2150.069 2150.341 2158.670 2163.073 2169.268 2173.723 2177.835 2177.876 2183.970 2188.195 2192.567
2201.362 2202.163 2202.350 2206.391 2210.880 2213.630 2220.575 2226.547 2230.730 2231.474 2237.515
2240.662 2250.537 2257.966 2265.823 2271.048 2276.992 2278.500 2281.806 2291.669 2293.511 2298.968
2299.516 2301.731 2311.317 2313.995 2322.456 2325.531 2334.303 2338.100 2346.968 2354.318 2362.526
2367.297 2370.420 2371.612 2376.186 2376.737 2376.845 2384.013 2392.923 2396.479 2396.497 2404.582
2406.524 2408.927 2418.842 2428.176 2436.621 2437.858 2438.983 2445.490 2447.130 2456.673 2463.112
2472.515 2473.109 2474.844 2476.678 2481.669 2488.391 2489.692 2489.732 2490.971 2495.442 2503.808
2511.091 2517.166 2526.101 2526.442 2529.923 2533.592 2539.217 2548.227 2554.633 2561.111 2570.550
2580.422 2588.560 2594.261 2595.726 2602.176 2605.245 2607.060 2614.922 2616.496 2618.881 2621.948
2628.039 2633.604 2638.075 2645.817 2649.794 2653.563 2654.015 2654.574 2661.256 2664.815 2666.980
2672.607 2674.795 2676.794 2684.106 2691.941 2698.454 2705.504 2706.301 2707.113 2708.511 2709.443
2716.873 2721.289 2726.988 2733.006 2733.721 2737.436 2742.351 2751.637 2752.237 2754.222 2757.699
2765.091 2767.214 2772.868 2778.613 2779.612 2782.973 2783.939 2791.074 2797.194 2804.154 2810.152
2811.452 2812.570 2821.124 2823.214 2830.173 2831.584 2831.760 2836.249 2845.452 2849.538 2854.471
2862.869 2863.450 2873.288 2878.621 2887.973 2894.766 2902.588 2906.434 2908.662 2910.317 2919.014
2927.556 2934.293 2939.417 2939.616 2947.717 2953.129 2955.528 2962.833 2967.853 2973.178 2976.003
2981.165 2982.475 2984.165 2990.781 2997.635 3001.625 3002.820 3004.946 3010.193 3019.602 3023.000
3030.045 3033.339 3035.696 3040.780 3048.922 3053.121 3059.620 3067.855 3076.122 3078.106 3084.211
3090.728 3092.753 3095.972 3100.526 3102.975 3105.217 3110.146 3119.540 3127.733 3128.934 3129.632
3138.789 3146.281 3147.392 3153.787 3159.634 3169.630 3174.188 3179.155 3181.013 3189.015 3198.243
3202.108 3211.791 3215.512 3224.243 3232.619 3237.792 3245.072 3247.527 3251.075 3260.726 3264.930
3274.713 3276.793 3282.705 3283.399 3284.102 3289.167 3290.920 3293.784 3295.309 3298.083 3302.600
3308.550 3308.889 3312.962 3319.246 3326.721 3334.429 3342.866 3344.992 3351.385 3352.459 3361.442
3368.039 3375.324 3380.468 3387.118 3389.684 3399.150 3408.482 3409.192 3414.604 3417.289 3418.608
3423.753 3426.894 3431.255 3437.350 3442.158 3446.695 3454.587 3457.528 3463.072 3466.200 3474.249
3481.644 3482.132 3484.896 3491.560 3500.536 3508.793 3509.400 3514.987 3521.946 3524.587 3529.440
3536.458 3543.846 3544.874 3546.791 3554.520 3560.033 3569.078 3573.930 3579.066 3586.507 3592.990
3599.049 3605.085 3612.248 3614.527 3623.338 3627.774 3633.022 3638.051 3639.321 3647.999 3653.183
3654.912 3657.359 3661.634 3664.212 3665.880 3674.116 3676.780 3682.311 3692.166 3699.761 3707.599
3715.424 3720.815 3723.362 3731.199 3740.319 3745.473 3746.301 3746.410 3747.719 3749.760 3752.018
3757.615 3764.536 3771.158 3773.724 3780.435 3783.803 3784.003 3787.000 3787.019 3791.293 3793.433
3800.086 3801.858 3809.708 3815.794 3820.592 3826.432 3833.373 3837.270 3844.931 3854.350 3855.515
3861.006 3862.557 3866.483 3870.722 3880.150 3880.505 3884.181 3892.615 3895.016 3897.656 3903.414
3913.303 3914.075 3917.565 3927.412 3931.983 3939.413 3940.628 3950.486 3955.527 3958.151 3967.318
3971.617 3973.632 3974.430 3976.745 3981.836 3986.378 3988.207 3988.564 3996.444 4000.917 4000.940
4003.045 4010.473 4019.704 4020.220 4021.438 4027.027 4032.012 4040.335 4048.990 4056.587 4063.144
4063.530 4069.730 4075.149 4079.167 4088.601 4095.205 4101.247 4102.307 4110.185 4112.581 4121.565
4126.215 4135.948 4137.610 4144.675 4153.401 4159.607 4169.217 4177.774 4178.779 4188.335 4196.264
4201.639 4202.831 4210.921 4212.441 4220.025 4229.507 4231.947 4239.778 4242.038 4250.954 4251.401
4253.639 4256.162 4262.615 4264.481 4270.403 4277.957 4285.370 4287.919 4294.668 4304.071 4307.290
4311.516 4315.768 4315.938 4321.791 4330.697 4332.510 4332.976 4335.505 4344.802 4345.322 4345.722
4346.140 4351.753 4356.350 4364.195 4364.224 4366.248 4371.718 4375.440 4375.901 4380.097 4387.408
4393.039 4400.314 4405.336 4411.811 4416.951 4417.633 4418.247 4426.736 4427.852 4435.390 4443.948
4445.995 4452.714 4460.965 4468.262 4475.779 4480.386 4490.159 4494.790 4497.779 4500.208 4504.453
4509.259 4515.508 4516.512 4517.434 4517.492 4517.682 4522.008 4522.665 4528.561 4530.913 4540.416
4541.886 4551.261 4554.603 4560.818 4564.238 4571.311 4577.655 4578.250 4588.025 4588.602 4591.688
4595.238 4603.293 4613.065 4622.803 4626.767 4627.047 4632.628 4633.316 4635.843 4637.355 4645.767
4646.668 4650.346 4655.315 4658.410 4667.864 4668.810 4676.514 4677.350 4684.273 4686.852 4688.760
4690.493 4690.945 4693.668 4696.119 4698.532 4700.038 4709.103 4719.088 4720.162 4723.347 4726.451
4731.518 4737.265 4737.381 4739.814 4746.529 4750.573 4751.159 4752.982 4761.706 4764.674 4774.578
4776.275 4782.980 4783.610 4783.809 4788.166 4795.007 4797.566 4800.613 4803.128 4804.174 4806.021
4815.529 4824.969 4828.303 4834.753 4835.777 4839.973 4840.551 4848.800 4853.041 4861.999 4870.892
4879.321 4887.613 4896.275 4905.905 4910.765 4912.655 4916.930 4924.660 4925.157 4934.999 4936.806
4938.753 4942.785 4946.529 4956.392 4962.902 4971.304 4978.212 4978.859 4986.391 4987.733 4993.259
4995.537 5003.136 5012.089 5014.802 5017.680 5022.296 5024.472 5033.165 5036.843 5039.185 5041.236
5050.997 5058.744 5060.673 5062.645 5065.301 5074.746 5080.017 5089.601 5098.293 5099.331 5102.034
5109.647 5116.064 5117.200 5123.853 5130.578 5132.197 5135.260 5136.554 5144.107 5153.709 5155.386
5163.662 5172.680 5177.389 5185.834 5187.814 5188.146 5197.671 5206.945 5209.438 5213.003 5218.255
5219.488 5221.124 5230.624 5234.877 5239.064 5239.734 5244.035 5245.392 5247.192 5249.453 5251.473
5252.099 5256.780 5265.499 5272.410 5275.165 5280.233 5285.916 5294.533 5302.374 5311.587 5314.257
5321.022 5322.475 5328.694 5329.131 5333.971 5334.237 5343.750 5346.146 5348.164 5350.583 5360.461
5362.355 5368.560 5374.384 5380.879 5384.557 5389.836 5392.273 5399.060 5399.161 5402.774 5406.562
5409.162 5416.518 5423.119 5430.404 5433.280 5436.917 5438.067 5440.493 5444.251 5452.768 5457.800
5465.504 5473.470 5476.347 5477.108 5483.167 5486.929 5490.762 5492.708 5500.252 5506.679 5514.879
5523.134 5525.727 5527.383 5528.469 5529.875 5530.568 5540.177 5545.463 5550.552 5555.486 5557.012
5561.264 5568.490 5577.593 5577.818 5586.564 5594.667 5596.289 5598.842 5599.435 5608.193 5611.647
5613.551 5620.857 5630.355 5634.643 5644.402 5650.031 5656.173 5661.080 5668.385 5675.091 5678.780
5683.573 5689.667 5689.786 5692.382 5696.962 5700.051 5702.053 5706.909 5707.782 5709.777 5719.607
5728.082 5732.653 5734.414 5735.833 5743.973 5749.904 5750.036 5752.445 5758.042 5759.201 5764.665
5771.518 5774.143 5775.328 5780.631 5787.671 5794.397 5794.575 5795.493 5798.641 5799.365 5800.868
5804.396 5809.437 5819.219 5828.701 5833.503 5835.822 5836.247 5837.970 5839.810 5840.294 5846.889
5848.330 5849.680 5852.400 5861.430 5868.905 5871.073 5874.520 5884.285 5890.649 5891.479 5898.477
5904.835 5910.058 5911.084 5915.446 5921.215 5929.942 5939.298 5947.680 5949.896 5957.779 5958.291
5967.143 5972.070 5979.782 5980.252 5988.146 5992.095 6000.245 6007.504 6011.612 6012.167 6022.094
6029.700 6038.532 6044.481 6053.399 6057.797 6058.022 6066.221 6071.602 6077.164 6085.505 6092.596
6094.621 6095.013 6102.104 6106.776 6106.858 6116.316 6124.699 6130.359 6138.924 6148.121 6148.640
6156.885 6165.393 6165.957 6174.227 6174.751 6176.113 6177.863 6177.966 6186.617 6191.024 6193.851
6199.376 6200.856 6208.786 6211.406 6221.102 6228.265 6231.409 6231.684 6238.286 6241.371 6248.059
6253.292 6255.054 6260.912 6264.377 6266.120 6270.369 6279.097 6281.663 6286.230 6292.281 6298.793
6306.834 6314.374 6319.719 6326.835 6335.480 6339.887 6343.724 6348.390 6354.574 6363.098 6369.551
6372.399 6376.200 6377.204 6380.287 6381.463 6385.750 6389.482 6394.870 6402.116 6402.503 6404.412
6412.524 6416.996 6419.258 6427.975 6430.169 6435.598 6436.739 6443.946 6445.835 6447.828 6457.232
6459.230 6468.131 6473.467 6474.068 6476.764 6481.713 6482.354 6485.845 6488.502 6488.895 6490.812
6491.639 6495.419 6501.303 6507.086 6512.991 6522.433 6530.325 6535.747 6536.125 6536.809 6536.958
6541.943 6547.031 6553.594 6557.149 6565.400 6572.563 6573.094 6574.605 6575.349 6580.740 6585.566
6586.641 6590.839 6593.677 6595.052 6604.101 6604.812 6611.835 6614.236 6622.709 6630.667 6632.817
6633.599 6634.856 6642.407 6643.357 6645.187 6647.614 6657.411 6659.104 6668.222 6676.071 6676.197
6682.613 6688.830 6690.850 6699.635 6700.913 6708.933 6710.530 6713.142 6716.095 6718.384 6727.507
6727.634 6730.212 6738.250 6738.729 6744.926 6748.258 6757.944 6767.652 6768.071 6773.995 6775.900
6783.608 6792.145 6792.520 6795.360 6796.086 6801.584 6804.261 6811.865 6814.557 6818.204 6821.385
6823.680 6830.076 6830.572 6832.485 6841.239 6847.108 6847.273 6853.243 6856.948 6862.369 6866.555
6868.610 6870.022 6877.878 6878.392 6888.131 6892.714 6900.950 6906.035 6915.183 6923.364 6931.999
6934.892 6941.415 6949.511 6952.551 6954.844 6959.829 6961.961 6966.854 6967.177 6971.960 6977.821
6978.434 6980.994 6990.099 6994.745 6998.758 7001.291 7009.310 7013.081 7020.546 7022.626 7029.438
7036.959 7042.723 7045.290 7047.476 7049.392 7054.399 7055.083 7058.914 7061.316 7065.794 7070.516
7071.951 7081.622 7082.966 7084.789 7092.838 7097.133 7103.307 7106.494 7115.740 7118.471 7127.724
7130.980 7138.884 7142.090 7146.545 7149.178 7158.781 7160.717 7165.819 7175.507 7183.981 7186.434
7189.493 7191.776 7195.323 7201.049 7208.215 7211.566 7212.394 7216.426 7223.609 7231.065 7232.374
7233.993 7235.654 7237.094 7237.244 7237.458 7244.447 7253.509 7257.800 7262.969 7263.918 7272.190
7278.859 7283.639 7287.992 7294.100 7302.254 7309.116 7315.185 7324.412 7328.084 7334.284 7336.080
7336.695 7345.853 7349.584 7358.257 7366.584 7368.123 7372.418 7377.078 7384.327 7389.138 7393.583
7398.719 7408.014 7408.125 7410.805 7420.104 7425.901 7426.002 7427.889 7432.878 7433.583 7440.655
7443.197 7448.337 7456.261 7458.758 7462.420 7465.642 7467.034 7467.688 7470.970 7476.507 7486.046
7491.792 7500.196 7501.572 7502.599 7510.507 7516.058 7519.617 7521.963 7523.960 7524.598 7528.167
7532.956 7534.720 7540.964 7541.995 7544.258 7549.743 7550.557 7556.337 7564.628 7568.726 7578.460
7582.675 7591.212 7593.435 7600.100 7609.101 7615.085 7620.529 7627.116 7629.228 7636.818 7639.321
7642.450 7651.924 7658.968 7664.160 7664.384 7669.182 7677.364 7679.981 7683.578 7684.690 7688.347
7691.673 7698.269 7707.120 7712.709 7714.422 7720.746 7720.830 7724.235 7727.509 7735.471 7735.955
7738.151 7745.395 7754.809 7758.543 7765.986 7767.829 7776.896 7782.218 7785.475 7788.256 7794.299
7796.588 7802.126 7808.548 7812.118 7817.384 7819.666 7823.019 7827.260 7835.992 7837.804 7840.288
7847.006 7853.467 7860.161 7869.916 7877.462 7880.009 7888.609 7892.049 7893.717 7895.302 7896.707
7904.948 7914.080 7916.948 7924.564 7934.294 7940.800 7948.502 7955.625 7965.254 7966.982 7974.009
7980.925 7987.172 7996.385 7999.739 8000.172 8000.753 8007.925 8014.283 8021.320 8029.862 8030.594
8031.360 8038.883 8048.086 8052.607 8060.009 8065.540 8069.520 8072.107 8073.234 8082.925 8090.210
8095.239 8102.211 8110.739 8113.036 8116.093 8122.155 8124.648 8129.366 8137.816 8138.297 8140.683
8142.236 8147.542 8150.966 8154.871 8156.938 8160.375 8165.574 8165.635 8166.984 8171.501 8174.443
8175.487 8180.366 8182.406 8191.943 8200.742 8205.565 8214.692 8217.218 8221.593 8222.201 8223.265
8224.999 8229.073 8235.122 8238.056 8238.464 8244.926 8245.414 8247.405 8247.504 8251.909 8252.756
8253.891 8260.765 8261.295 8262.108 8268.176 8278.061 8278.777 8284.537 8285.162 8292.527 8298.239
8304.008 8309.814 8310.469 8318.112 8322.856 8328.776 8331.174 8334.974 8337.417 8343.990 8346.416
8346.439 8351.704 8354.891 8357.144 8364.295 8372.299 8374.116 8377.028 8383.257 8388.127 8394.181
8402.486 8411.651 8412.861 8420.173 8427.573 8433.814 8442.061 8450.965 8453.648 8460.192 8467.977
8477.022 8485.676 8486.084 8486.380 8493.418 8493.976 8498.543 8498.652 8507.064 8512.040 8512.662
8512.967 8522.197 8522.346 8528.818 8531.307 8535.146 8538.988 8548.581 8551.797 8559.578 8563.399
8570.321 8572.132 8575.231 8582.313 8583.597 8586.655 8595.921 8602.200 8604.547 8608.312 8614.204
8619.680 8620.830 8629.404 8637.717 8647.117 8654.185 8663.111 8672.996 8673.428 8674.348 8683.654
8684.663 8687.743 8692.335 8699.502 8705.454 8705.613 8710.951 8719.738 8728.304 8729.334 8734.038
8743.205 8744.545 8750.698 8758.601 8766.355 8776.346 8786.156 8790.806 8797.053 8802.287 8806.009
8809.037 8819.023 8825.736 8830.250 8837.432 8845.806 8849.318 8855.975 8857.652 8864.135 8870.969
8875.271 8885.206 8889.092 8898.826 8905.850 8907.562 8917.060 8926.083 8929.591 8938.495 8944.181
8953.345 8954.768 8957.559 8957.997 8960.188 8962.784 8964.325 8966.251 8975.892 8984.236 8993.615
8994.635 9001.137 9008.598 9015.947 9025.273 9033.534 9035.706 9041.230 9047.826 9051.213 9054.251
9058.970 9063.161 9064.673 9073.854 9075.456 9077.562 9085.700 9094.802 9097.276 9103.516 9103.661
9106.783 9111.302 9113.829 9120.872 9130.173 9139.536 9141.195 9149.323 9155.969 9161.379 9164.552
9164.864 9174.473 9182.739 9183.392 9185.708 9189.093 9194.362 9194.848 9196.723 9199.509 9201.690
9205.475 9209.537 9218.798 9226.870 9230.787 9237.441 9239.070 9248.458 9253.856 9260.932 9261.999
9266.596 9275.343 9276.664 9278.917 9284.401 9288.702 9295.933 9302.521 9309.027 9318.583 9322.191
9332.180 9336.601 9346.453 9346.762 9353.050 9358.644 9359.876 9364.518 9370.294 9379.650 9383.255
9387.095 9394.881 9400.940 9403.719 9405.706 9412.115 9421.228 9423.115 9432.312 9436.969 9440.610
9442.214 9442.384 9447.667 9451.500 9458.832 9460.462 9466.175 9476.097 9481.618 9483.534 9490.977
9496.766 9498.111 9499.736 9501.728 9510.312 9516.610 9517.937 9520.913 9526.907 9530.117 9532.171
9534.261 9539.400 9542.018 9545.330 9552.828 9557.731 9566.326 9574.058 9580.776 9585.988 9588.438
9591.701 9600.965 9602.023 9607.183 9610.708 9612.930 9613.253 9618.522 9624.887 9628.896 9630.571
9638.129 9647.455 9651.418 9652.388 9660.545 9667.717 9669.041 9670.216 9674.840 9681.200 9681.366
9689.197 9698.801 9699.744 9700.200 9706.775 9707.650 9708.004 9717.660 9719.634 9727.277 9728.683
9734.184 9734.550 9736.440 9742.468 9750.831 9753.379 9754.154 9755.070 9758.302 9759.636 9760.871
9763.796 9772.883 9782.537 9792.360 9795.376 9800.171 9802.407 9803.670 9804.532 9809.658 9815.418
9822.474 9827.729 9834.539 9841.203 9849.441 9853.390 9857.158 9863.924 9866.317 9869.022 9878.589
9879.043 9880.364 9884.600 9887.176 9894.951 9897.815 9902.942 9905.870 9911.989 9920.643 9924.562
9932.863 9933.507 9936.670 9946.433 9946.997 9951.766 9956.310 9962.423 9964.857 9965.582 9973.349
9975.574 9977.935 9979.433 9989.325 9991.180 9992.882 9999.951 10002.403 10003.265 10011.810 10021.155
10029.800 10032.259 10032.376 10035.265 10035.399 10044.023 10048.135 10048.237 10050.190 10050.440 10056.405
10056.530 10057.112 10061.030 10063.878 10072.035 10081.005 10081.188 10091.093 10097.492 10098.099 10105.990
10114.867 10123.298 10129.736 10136.358 10144.816 10152.586 10161.164 10163.579 10169.061 10176.845 10178.364
10179.822 10186.719 10193.371 10202.334 10208.964 10218.270 10222.184 10230.684 10232.532 10235.786 10237.475
10246.973 10251.788 10258.083 10258.124 10267.938 10269.995 10273.240 10277.102 10280.400 10287.062 10296.692
10302.529 10309.004 10309.024 10311.483 10319.881 10325.798 10330.833 10335.762 10338.837 10347.827 10356.269
10364.682 10367.146 10371.720 10381.688 10391.452 10395.128 10396.645 10398.965 10403.735 10404.534 10410.708
10418.099 10427.924 10432.544 10440.746 10450.682 10456.726 10461.095 10466.895 10467.137 10476.533 10482.417
10484.108 10489.908 10496.087 10499.207 10501.059 10506.444 10506.619 10514.628 10519.967 10528.104 10536.153
10537.285 10540.021 10546.781 10547.796 10549.863 10557.629 10557.654 10562.349 10565.445 10565.631 10569.509
10576.138 10577.721 10585.449 10586.683 10595.394 10603.674 10607.826 10613.761 10619.912 10626.141 10630.684
10639.310 10642.054 10645.567 10648.183 10654.986 10660.998 10662.936 10666.404 10667.053 10668.594 10669.467
10679.227 10682.720 10690.043 10694.531 10698.857 10700.326 10709.892 10715.983 10724.870 10732.515 10732.848
10734.489 10736.169 10738.754 10741.064 10747.196 10747.670 10749.852 10757.530 10765.849 10771.959 10777.104
10777.507 10783.300 10792.748 10802.668 10808.636 10811.108 10819.855 10826.223 10835.968 10840.511 10848.549
10858.036 10861.420 10862.622 10871.668 10872.343 10876.150 10883.623 10886.563 10888.685 10890.284 10892.351
10899.855 10906.923 10907.179 10913.048 10914.942 10921.355 10923.549 10928.177 10935.345 10939.336 10941.860
10948.211 10950.647 10958.847 10968.385 10973.857 10977.328 10983.928 10985.332 10994.969 11002.707 11006.833
11016.070 11022.960 11028.589 11036.704 11043.666 11050.467 11059.556 11067.595 11074.655 11074.739 11084.317
11094.063 11097.918 11105.224 11106.845 11109.579 11111.766 11113.183 11118.604 11123.311 11132.601 11136.053
11145.498 11153.437 11153.929 11157.294 11161.391 11166.023 11170.871 11179.162 11181.503 11189.433 11199.253
11200.348 11206.127 11206.836 11210.530 11211.574 11213.429 11216.223 11221.075 11221.625 11230.830 11232.963
11236.956 11241.856 11248.030 11257.805 11263.918 11271.590 11279.860 11284.217 11288.528 11291.295 11295.712
11302.281 11306.381 11315.977 11325.521 11325.720 11334.779 11337.597 11343.467 11346.646 11353.753 11357.067
11359.659 11367.020 11368.041 11369.850 11376.151 11381.700 11383.546 11393.512 11398.130 11400.318 11406.997
11415.816 11418.433 11425.739 11435.206 11436.911 11438.649 11439.566 11443.111 11444.952 11446.794 11450.076
11451.679 11452.015
