-1777 -1774 -1769 -1764 -1759 -1749 -1741 -1738 -1730 -1724 -1717 -1716 -1710 -1709 -1705 -1700 -1695 -1694
-1692 -1688 -1682 -1677 -1667 -1665 -1657 -1651 -1644 -1640 -1639 -1637 -1629 -1626 -1618 -1614 -1607 -1606
-1605 -1603 -1598 -1589 -1588 -1587 -1582 -1574 -1569 -1565 -1563 -1555 -1552 -1550 -1540 -1532 -1523 -1521
-1520 -1510 -1507 -1499 -1496 -1492 -1482 -1473 -1463 -1454 -1453 -1446 -1437 -1434 -1432 -1423 -1415 -1410
-1405 -1396 -1387 -1382 -1376 -1368 -1359 -1356 -1351 -1343 -1335 -1332 -1331 -1322 -1312 -1306 -1298 -1296
-1293 -1286 -1279 -1271 -1262 -1257 -1256 -1249 -1247 -1241 -1234 -1227 -1225 -1215 -1205 -1197 -1196 -1187
-1186 -1179 -1175 -1171 -1169 -1163 -1160 -1158 -1157 -1149 -1147 -1138 -1137 -1131 -1127 -1121 -1113 -1112
-1102 -1093 -1091 -1085 -1077 -1074 -1068 -1058 -1055 -1049 -1047 -1039 -1031 -1025 -1023 -1015 -1013 -1003
-996 -989 -987 -978 -971 -966 -959 -951 -948 -940 -931 -930 -927 -919 -911 -903 -893 -885
-882 -875 -866 -862 -853 -852 -850 -844 -837 -835 -825 -819 -813 -805 -803 -802 -798 -796
-793 -786 -784 -779 -777 -771 -767 -758 -755 -750 -744 -739 -737 -727 -726 -720 -714 -709
-705 -702 -692 -684 -681 -673 -672 -663 -653 -647 -637 -627 -625 -618 -609 -608 -598 -596
-594 -590 -588 -579 -575 -570 -561 -554 -546 -543 -538 -536 -527 -517 -516 -506 -504 -494
-493 -492 -482 -479 -471 -467 -464 -460 -457 -454 -445 -436 -430 -426 -421 -415 -412 -411
-408 -400 -391 -385 -375 -370 -365 -359 -353 -350 -340 -338 -330 -325 -319 -316 -310 -306
-300 -295 -292 -289 -279 -269 -262 -257 -256 -250 -241 -232 -231 -225 -220 -212 -209 -205
-201 -197 -192 -187 -183 -177 -169 -166 -156 -151 -148 -141 -136 -132 -130 -120 -118 -116
-109 -106 -100 -99 -91 -86 -76 -66 -63 -57 -47 -39 -35 -29 -19 -9 -6 -5
2 5 8 9 19 21 23 27 28 31 38 42 44 50 55 60 68 69
73 77 81 83 87 95 99 108 117 124 125 126 134 137 139 146 150 152
156 161 167 177 181 186 193 203 206 211 216 223 229 239 241 246 251 252
257 262 272 277 286 290 292 300 308 312 320 326 328 330 335 336 337 345
347 353 356 360 370 377 385 388 391 396 405 409 412 420 429 438 443 445
452 453 458 468 472 481 488 498 502 509 519 528 533 542 548 554 562 564
567 572 575 578 587 593 596 602 603 610 620 622 623 625 635 644 651 652
658 664 671 680 689 698 701 705 712 717 723 726 735 742 745 748 755 764
766 769 770 780 783 787 791 794 799 806 812 821 831 838 843 852 854 859
869 870 871 878 880 888 896 904 905 907 908 913 922 929 938 947 955 965
972 974 978 985 986 989 997 1004 1010 1011 1013 1022 1030 1035 1039 1041 1045 1050
1052 1061 1065 1069 1078 1079 1080 1082 1089 1094 1097 1099 1106 1113 1114 1115 1125 1132
1133 1139 1146 1153 1154 1157 1159 1166 1170 1174 1181 1182 1184 1193 1198 1203 1207 1208
1210 1215 1216 1225 1227 1231 1241 1247 1254 1256 1259 1264 1271 1277 1280 1288 1296 1300
1301 1310 1318 1328 1337 1338 1346 1354 1357 1361 1365 1368 1372 1373 1381 1388 1392 1394
1397 1406 1411 1419 1424 1429 1434 1438 1440 1442 1451 1452 1462 1471 1475 1481 1490 1500
1503 1513 1517 1518 1527 1533 1540 1546 1552 1553 1563 1572 1581 1587 1588 1593 1599 1605
1611 1620 1629 1630 1634 1637 1638 1639 1645 1646 1654 1662 1670 1676 1677 1686 1690 1697
1706 1715 1716 1718 1726 1731 1737 1746 1756 1760 1761 1771 1776 1782 1792 1801 1811 1818
1820 1826 1829 1832 1837 1839 1843 1851 1856 1859 1864 1869 1876 1883 1890 1895 1897 1902
1908 1917 1926 1934 1938 1939 1949 1959 1967 1972 1982 1989 1993 1999 2007 2009 2015 2019
2024 2026 2032 2042 2049 2052 2055 2063 2069 2074 2084 2089 2091 2099 2101 2104 2105 2115
2120 2123 2128 2134 2135 2137 2147 2156 2160 2170 2177 2179 2181 2183 2186 2195 2200 2204
2207 2217 2224 2226 2234 2240 2249 2259 2267 2275 2282 2292 2298 2307 2316 2323 2324 2325
2331 2336 2338 2342 2348 2355 2362 2366 2370 2373 2378 2383 2385 2392 2400 2403 2410 2418
2421 2422 2430 2440 2441 2446 2449 2458 2462 2467 2471 2480 2481 2491 2492 2494 2497 2498
2503 2507 2513 2517 2518 2520 2530 2536 2543 2552 2555 2562 2572 2576 2580 2582 2587 2596
2605 2607 2609 2615 2621 2622 2626 2631 2640 2642 2652 2655 2663 2668 2674 2684 2689 2697
2704 2705 2715 2725 2727 2737 2744 2754 2760 2767 2774 2776 2782 2787 2793 2799 2803 2812
2822 2830 2839 2849 2855 2862 2868 2874 2877 2878 2879 2884 2889 2897 2903 2907 2909 2916
2926 2933 2940 2941 2951 2952 2953 2955 2958 2961 2966 2967 2970 2978 2984 2988 2991 2997
3000 3009 3012 3022 3024 3033 3038 3047 3048 3050 3060 3062 3067 3068 3074 3076 3082 3085
3088 3098 3104 3112 3117 3120 3126 3130 3140 3150 3152 3153 3157 3162 3163 3172 3179 3183
3193 3194 3200 3204 3208 3215 3216 3217 3220 3230 3240 3245 3252 3257 3266 3271 3280 3289
3291 3292 3298 3304 3306 3309 3312 3313 3314 3323 3324 3334 3344 3354 3361 3363 3373 3381
3391 3393 3399 3402 3411 3419 3422 3427 3437 3438 3446 3456 3463 3469 3471 3477 3485 3488
3493 3500 3506 3507 3515 3516 3522 3532 3540 3546 3554 3563 3571 3581 3584 3592 3599 3600
3609 3612 3615 3619 3627 3632 3636 3637 3643 3644 3652 3655 3660 3666 3676 3684 3688 3693
3701 3705 3714 3716 3723 3726 3728 3730 3732 3735 3744 3749 3759 3762 3766 3774 3780 3789
3793 3803 3804 3805 3808 3812 3822 3828 3834 3841 3846 3848 3850 3857 3863 3867 3871 3876
3881 3886 3892 3896 3900 3909 3918 3922 3927 3937 3941 3951 3955 3965 3970 3975 3983 3984
3992 3994 3999 4000 4007 4010 4012 4016 4018 4020 4030 4035 4043 4052 4053 4063 4066 4068
4078 4086 4095 4104 4108 4118 4124 4131 4138 4147 4149 4158 4165 4167 4177 4187 4189 4196
4197 4206 4211 4216 4222 4226 4236 4244 4245 4253 4260 4261 4271 4275 4279 4284 4293 4302
4305 4312 4315 4323 4330 4335 4340 4344 4349 4353 4362 4371 4376 4380 4384 4391 4399 4405
4412 4418 4421 4430 4433 4442 4446 4454 4458 4461 4466 4472 4475 4476 4478 4486 4490 4494
4504 4510 4517 4522 4526 4527 4533 4536 4541 4543 4552 4554 4563 4570 4573 4582 4591 4597
4598 4601 4611 4618 4627 4629 4630 4631 4636 4645 4654 4659 4663 4670 4671 4678 4682 4684
4691 4698 4708 4715 4723 4724 4728 4736 4741 4743 4746 4755 4764 4774 4778 4787 4793 4798
4800 4809 4812 4817 4827 4837 4843 4852 4855 4861 4869 4879 4880 4886 4896 4906 4911 4919
4922 4924 4930 4938 4940 4948 4952 4955 4956 4965 4969 4973 4977 4986 4991 4995 4998 5008
5010 5018 5026 5030 5038 5047 5055 5064 5066 5076 5081 5088 5092 5094 5096 5100 5110 5111
5118 5119 5126 5128 5130 5139 5146 5152 5161 5162 5166 5176 5184 5185 5187 5195 5198 5206
5211 5212 5214 5221 5225 5235 5236 5246 5255 5263 5266 5267 5276 5280 5289 5290 5295 5296
5300 5305 5313 5318 5323 5328 5338 5340 5348 5354 5355 5356 5361 5369 5371 5372 5376 5384
5386 5393 5399 5400 5405 5411 5421 5422 5432 5433 5437 5446 5450 5454 5455 5458 5467 5471
5472 5475 5481 5490 5495 5504 5513 5520 5524 5526 5528 5533 5539 5543 5546 5549 5550 5556
5566 5573 5582 5592 5601 5609 5617 5618 5627 5630 5639 5640 5645 5655 5658 5659 5667 5669
5674 5679 5689 5692 5698 5706 5714 5720 5723 5725 5735 5740 5749 5757 5764 5765 5767 5772
5775 5780 5785 5794 5796 5805 5806 5812 5815 5816 5822 5832 5842 5849 5858 5864 5868 5870
5875 5877 5884 5889 5891 5897 5906 5912 5914 5917 5918 5923 5932 5936 5945 5955 5962 5966
5974 5981 5984 5989 5993 5995 5999 6008 6017 6023 6030 6040 6045 6053 6062 6065 6071 6073
6074 6078 6085 6087 6090 6093 6094 6102 6107 6110 6120 6129 6134 6135 6142 6148 6156 6162
6171 6173 6182 6192 6193 6199 6201 6211 6219 6221 6228 6230 6231 6232 6233 6238 6248 6252
6257 6263 6269 6277 6285 6286 6295 6302 6309 6315 6323 6327 6334 6341 6348 6353 6362 6363
6368 6372 6375 6379 6386 6395 6402 6409 6417 6418 6422 6423 6429 6430 6439 6445 6446 6450
6452 6459 6468 6475 6485 6486 6490 6499 6507 6512 6513 6521 6527 6530 6536 6542 6544 6548
6555 6564 6569 6577 6578 6587 6597 6600 6604 6611 6621 6631 6634 6643 6648 6657 6660 6668
6678 6688 6691 6694 6702 6706 6711 6717 6720 6728 6735 6738 6747 6748 6752 6756 6757 6759
6760 6770 6777 6778 6783 6792 6798 6799 6803 6807 6808 6815 6825 6831 6841 6851 6852 6856
6858 6864 6870 6871 6874 6880 6883 6885 6889 6897 6907 6914 6917 6920 6922 6929 6938 6947
6951 6961 6963 6973 6980 6989 6997 7004 7005 7006 7008 7015 7022 7030 7035 7040 7044 7050
7056 7064 7073 7074 7079 7084 7088 7093 7096 7105 7111 7121 7123 7131 7139 7147 7149 7158
7163 7167 7169 7172 7178 7180 7185 7188 7191 7200 7208 7216 7224 7234 7239 7249 7253 7258
7265 7269 7278 7285 7288 7289 7294 7295 7305 7315 7318 7322 7324 7332 7333 7335 7336 7337
7347 7351 7358 7363 7373 7376 7385 7392 7400 7409 7413 7421 7431 7432 7437 7445 7452 7462
7471 7472 7475 7478 7488 7494 7499 7509 7515 7519 7525 7533 7539 7542 7544 7548 7553 7554
7561 7571 7572 7582 7592 7601 7610 7619 7627 7632 7633 7636 7638 7640 7649 7658 7663 7664
7670 7674 7682 7685 7695 7698 7705 7709 7714 7723 7730 7736 7745 7749 7750 7753 7759 7768
7774 7775 7781 7783 7789 7799 7807 7816 7825 7832 7840 7846 7851 7856 7857 7867 7868 7870
7878 7883 7886 7891 7896 7897 7907 7917 7919 7925 7926 7927 7937 7941 7948 7954 7961 7968
7970 7974 7982 7992 8000 8004 8010 8015 8025 8035 8037 8040 8050 8059 8067 8074 8077 8079
8088 8097 8103 8109 8115 8124 8132 8141 8150 8160 8161 8164 8174 8182 8187 8197 8204 8211
8221 8229 8234 8235 8240 8249 8254 8259 8262 8269 8279 8288 8293 8300 8301 8304 8312 8316
8319 8323 8328 8329 8338 8340 8347 8355 8365 8372 8382 8391 8396 8406 8414 8417 8422 8432
8441 8451 8459 8461 8465 8469 8479 8485 8495 8500 8503 8510 8520 8522 8523 8528 8529 8538
8540 8547 8549 8553 8558 8562 8565 8572 8578 8585 8592 8596 8600 8610 8611 8617 8619 8624
8630 8633 8638 8640 8648 8651 8655 8659 8660 8668 8674 8677 8681 8683 8689 8692 8700 8702
8708 8712 8718 8721 8725 8734 8744 8750 8754 8759 8765 8773 8781 8783 8788 8791 8796 8801
8802 8803 8804 8805 8806 8816 8822 8830 8839 8840 8847 8855 8862 8864 8870 8880 8886 8887
8893 8898 8908 8917 8922 8925 8930 8932 8942 8947 8957 8959 8967 8969 8971 8975 8983 8990
8991 8999 9004 9008 9015 9021 9027 9034 9041 9042 9049 9059 9062 9068 9078 9083 9091 9100
9102 9105 9108 9117 9120 9121 9126 9133 9141 9148 9152 9161 9163 9165 9166 9169 9171 9173
9182 9186 9187 9189 9195 9200 9205 9211 9213 9216 9223 9224 9232 9241 9242 9249 9255 9265
9268 9273 9282 9285 9290 9300 9307 9309 9314 9324 9328 9336 9337 9339 9343 9347 9354 9363
9368 9375 9380 9387 9397 9401 9409 9413 9416 9425 9433 9442 9447 9448
