285.380 286.716 291.238 299.731 309.488 309.780 315.658 320.760 320.761 329.979 331.292
335.164 342.059 345.237 352.438 359.001 366.656 376.077 383.284 384.109 389.171 390.921
396.328 401.295 409.430 419.030 428.176 432.701 441.737 442.945 450.127 452.265 455.158
463.610 465.478 472.496 473.823 482.723 489.366 490.631 496.560 498.760 506.331 516.071
517.723 527.294 533.490 535.928 538.025 541.095 545.855 553.015 553.062 559.686 560.740
567.257 570.598 571.170 571.738 573.695 577.788 582.280 590.568 595.592 597.393 597.886
605.060 607.442 608.108 616.198 620.195 629.007 634.950 638.692 638.859 644.493 646.472
647.084 655.946 663.789 665.639 671.944 673.405 676.817 685.110 694.586 697.016 699.528
701.540 702.913 707.070 712.249 712.701 719.481 721.877 723.499 723.844 727.935 729.439
729.650 731.064 736.199 738.819 746.252 755.422 755.608 764.941 771.223 777.572 784.953
786.176 786.307 787.662 789.963 794.865 800.932 804.996 805.615 806.246 806.870 816.195
820.235 829.450 835.616 842.602 850.106 853.973 862.087 869.180 869.218 869.892 877.747
879.597 884.678 884.703 893.021 893.248 895.286 899.804 904.103 909.208 915.174 920.077
929.930 934.934 944.400 947.987 957.489 962.680 965.284 972.100 977.665 985.305 992.848
995.415 1003.591 1011.870 1016.815 1018.405 1026.130 1034.998 1036.589 1043.538 1050.253 1053.451
1059.741 1060.759 1066.619 1069.676 1070.870 1072.486 1077.140 1083.140 1091.676 1096.034 1100.637
1102.689 1103.057 1111.061 1115.970 1118.421 1120.788 1128.535 1131.013 1132.425 1140.202 1144.920
1150.039 1150.825 1155.983 1156.034 1158.449 1159.200 1167.061 1176.100 1176.643 1176.894 1180.096
1188.873 1190.364 1197.457 1202.237 1207.978 1210.949 1217.910 1225.712 1232.588 1233.295 1242.234
1243.970 1244.595 1254.267 1258.294 1264.610 1264.858 1272.870 1276.224 1283.790 1286.408 1295.204
1300.808 1305.551 1307.659 1315.003 1316.617 1319.810 1321.915 1331.197 1340.246 1341.045 1345.890
1351.269 1356.828 1360.914 1364.901 1373.823 1378.844 1388.633 1391.210 1394.440 1398.643 1401.404
1406.239 1411.461 1415.901 1418.377 1420.654 1426.509 1428.174 1432.069 1440.042 1447.865 1449.101
1451.018 1458.930 1466.409 1467.760 1469.385 1478.212 1485.138 1491.569 1500.644 1503.169 1506.828
1509.530 1516.858 1523.990 1532.361 1532.517 1533.581 1540.762 1543.966 1553.063 1559.858 1568.626
1569.507 1576.197 1585.611 1591.934 1592.061 1598.703 1604.914 1611.080 1612.551 1616.146 1617.745
1620.959 1626.413 1634.530 1635.889 1643.151 1651.272 1656.222 1665.859 1667.654 1674.394 1682.653
1692.301 1694.700 1695.929 1697.374 1701.649 1708.121 1716.822 1725.494 1729.613 1733.855 1737.710
1737.822 1741.296 1744.538 1746.526 1752.290 1753.180 1754.976 1759.109 1759.573 1768.202 1777.570
1784.045 1787.899 1789.886 1795.638 1802.738 1811.767 1816.405 1820.795 1829.026 1830.319 1833.439
1837.970 1838.803 1839.716 1849.562 1854.165 1855.157 1856.922 1861.630 1869.453 1873.158 1877.376
1887.225 1896.716 1899.745 1908.353 1911.285 1917.198 1919.752 1922.324 1926.875 1934.664 1940.847
1942.378 1947.941 1951.496 1960.247 1963.516 1964.753 1965.167 1971.176 1977.533 1987.044 1996.230
2003.565 2006.020 2014.766 2017.786 2017.873 2020.580 2023.278 2030.271 2035.382 2038.544 2044.514
2053.334 2057.986 2058.224 2063.562 2070.646 2076.474 2078.993 2084.287 2089.780 2091.501 2093.872
2100.481 2102.390 2102.703 2106.844 2107.822 2113.393 2122.854 2131.880 2136.630 2137.865 2142.176
2146.784 2150.342 2154.650 2160.450 2165.602 2174.756 2175.970 2181.074 2189.575 2190.461 2191.043
2195.266 2202.007 2207.274 2216.527 2217.466 2219.474 2228.499 2230.827 2232.566 2241.189 2249.458
2257.962 2266.574 2269.332 2274.210 2282.606 2286.544 2295.213 2296.905 2304.439 2309.360 2312.675
2321.781 2327.361 2335.741 2338.449 2346.052 2347.988 2356.594 2360.264 2364.451 2374.181 2379.260
2380.026 2381.298 2385.182 2395.175 2396.399 2406.392 2407.366 2413.753 2422.847 2423.460 2426.471
2430.365 2430.773 2436.340 2441.064 2444.591 2447.500 2453.157 2454.544 2459.221 2463.918 2470.213
2472.528 2482.107 2490.419 2490.616 2492.134 2495.021 2502.831 2508.842 2512.888 2520.484 2525.396
2529.764 2538.653 2546.097 2555.551 2564.076 2573.787 2582.806 2590.887 2592.602 2601.384 2604.608
2610.394 2611.082 2612.602 2621.959 2625.122 2625.711 2635.489 2645.235 2646.445 2655.785 2661.377
2671.261 2671.649 2678.738 2688.578 2691.686 2692.554 2696.824 2700.972 2703.553 2707.429 2712.696
2721.324 2726.962 2727.589 2730.314 2739.965 2739.990 2740.893 2743.627 2744.780 2751.870 2755.795
2762.521 2765.570 2768.558 2774.893 2783.326 2790.537 2796.418 2797.439 2797.672 2804.229 2808.286
2812.205 2819.259 2821.416 2825.429 2829.463 2837.953 2841.436 2849.319 2857.160 2863.233 2869.910
2879.179 2888.025 2892.034 2901.236 2904.234 2908.139 2910.970 2912.877 2912.905 2918.473 2919.188
2923.899 2924.151 2932.807 2937.027 2946.129 2952.851 2957.022 2959.605 2968.790 2968.846 2970.992
2979.556 2989.107 2990.108 2994.944 2995.385 2996.484 2996.571 3004.587 3010.406 3019.002 3027.156
3030.012 3034.350 3035.027 3040.828 3050.819 3053.376 3055.422 3058.188 3064.288 3068.982 3075.416
3081.133 3090.212 3096.731 3099.583 3100.612 3103.183 3105.420 3105.703 3111.353 3117.917 3122.168
3125.109 3134.167 3135.146 3138.652 3141.991 3143.734 3150.366 3159.134 3159.991 3164.451 3167.723
3176.706 3180.388 3185.424 3190.208 3199.600 3201.385 3201.464 3201.472 3203.791 3213.074 3221.296
3221.643 3228.628 3236.471 3240.848 3244.694 3245.817 3253.614 3257.117 3262.347 3264.327 3273.398
3274.452 3276.491 3282.569 3283.022 3289.929 3299.644 3307.453 3314.906 3315.919 3319.574 3328.870
3329.528 3335.565 3343.265 3346.545 3354.334 3358.966 3363.691 3371.482 3373.098 3380.138 3381.903
3384.409 3386.013 3387.317 3389.272 3390.985 3395.183 3396.806 3405.726 3406.732 3406.794 3409.008
3416.775 3419.403 3423.851 3424.992 3426.534 3432.058 3435.344 3435.563 3442.232 3443.870 3450.748
3453.625 3458.342 3463.900 3469.836 3472.349 3474.672 3474.989 3482.384 3490.867 3493.455 3494.817
3504.001 3511.625 3512.660 3515.220 3522.778 3528.459 3528.964 3536.478 3539.262 3544.912 3554.700
3555.640 3556.876 3558.384 3563.035 3564.462 3572.476 3582.083 3587.236 3588.452 3597.200 3601.100
3602.861 3602.886 3604.209 3612.531 3619.276 3619.997 3626.175 3631.006 3632.407 3642.241 3644.318
3646.896 3649.525 3659.516 3661.065 3666.687 3666.728 3671.342 3671.900 3678.726 3681.395 3682.433
3686.458 3691.961 3692.867 3700.361 3702.564 3704.389 3713.745 3714.759 3721.965 3722.615 3732.239
3734.113 3742.375 3750.762 3755.641 3763.245 3763.604 3766.240 3774.051 3781.340 3786.801 3789.023
3791.945 3798.360 3801.035 3803.930 3809.147 3817.031 3822.951 3826.508 3833.823 3833.922 3842.778
3843.209 3845.331 3852.422 3860.829 3861.006 3869.635 3874.196 3882.983 3891.925 3895.440 3901.431
3906.177 3906.492 3909.210 3909.319 3911.711 3913.360 3920.276 3921.371 3923.401 3929.436 3939.406
3944.188 3944.461 3952.142 3960.279 3961.803 3962.426 3966.743 3967.085 3967.391 3967.526 3977.090
3979.302 3987.050 3990.978 4000.224 4005.493 4012.493 4018.119 4021.448 4027.721 4034.683 4040.968
4043.339 4049.769 4050.461 4053.564 4062.228 4069.829 4069.841 4072.467 4075.550 4077.554 4086.145
4092.654 4098.789 4101.789 4109.521 4112.386 4119.546 4124.247 4133.099 4142.666 4147.575 4155.383
4160.376 4164.592 4167.170 4173.381 4179.096 4184.557 4191.657 4192.348 4198.647 4205.183 4213.122
4219.945 4225.067 4225.678 4226.581 4236.361 4238.858 4241.698 4242.014 4249.447 4254.094 4260.478
4269.158 4278.653 4280.451 4280.515 4288.546 4297.602 4297.681 4304.905 4312.117 4321.450 4321.658
4331.128 4331.659 4339.155 4340.558 4341.113 4343.390 4343.975 4350.879 4357.555 4360.310 4369.653
4372.130 4376.302 4381.701 4386.090 4390.024 4390.272 4391.775 4400.007 4403.079 4406.346 4408.053
4409.155 4411.701 4420.551 4425.777 4434.186 4439.223 4445.234 4453.953 4462.188 4462.199 4465.769
4474.355 4475.231 4481.606 4488.682 4493.838 4502.936 4507.083 4513.107 4513.550 4520.399 4530.015
4530.353 4532.736 4538.891 4542.756 4550.557 4554.393 4559.251 4563.780 4568.832 4574.713 4584.269
4586.155 4588.460 4593.388 4594.089 4596.015 4597.677 4600.860 4607.847 4610.256 4618.172 4618.283
4628.257 4630.672 4639.160 4647.163 4649.258 4649.582 4653.769 4660.747 4667.582 4669.822 4678.315
4679.140 4684.435 4688.735 4690.244 4697.103 4706.741 4712.503 4716.044 4716.646 4717.031 4723.995
4732.255 4732.394 4740.913 4749.329 4759.308 4759.632 4768.717 4776.592 4778.644 4786.701 4789.756
4789.911 4790.998 4792.814 4802.045 4803.934 4805.621 4809.079 4816.052 4817.115 4823.504 4830.235
4833.284 4834.690 4842.981 4845.448 4849.453 4857.977 4863.037 4871.507 4871.649 4880.733 4883.423
4883.472 4892.556 4893.585 4898.713 4900.079 4909.127 4917.399 4924.905 4930.939 4933.961 4934.733
4944.270 4953.371 4954.558 4959.554 4965.045 4968.374 4975.182 4978.058 4982.668 4991.978 5001.962
5010.242 5011.757 5012.203 5017.306 5017.952 5025.027 5034.152 5037.787 5044.263 5050.588 5051.255
5052.750 5062.347 5063.690 5072.727 5082.380 5083.076 5090.866 5100.866 5103.822 5105.343 5111.141
5112.237
