387 397 407 410 413 415 418 423 433 440 449 453 458 463 470 473 483 493
498 502 503 513 522 532 538 543 547 552 555 558 565 572 582 592 594 602
611 620 623 631 641 643 652 654 662 668 675 684 686 694 697 699 708 710
716 719 725 726 727 734 743 751 756 757 763 768 769 778 781 787 793 796
802 808 811 819 825 826 828 835 840 842 851 857 858 860 863 865 871 880
885 886 894 897 905 907 909 916 925 930 936 943 944 951 959 967 971 975
983 993 998 1000 1004 1011 1018 1023 1024 1032 1040 1042 1051 1061 1066 1076 1080 1088
1097 1102 1107 1115 1121 1126 1131 1139 1144 1150 1159 1161 1169 1172 1173 1177 1181 1185
1193 1197 1202 1212 1216 1224 1229 1238 1243 1250 1256 1259 1267 1272 1280 1287 1290 1296
1306 1307 1314 1319 1326 1332 1340 1341 1349 1357 1365 1372 1375 1383 1389 1392 1397 1399
1404 1410 1415 1423 1430 1436 1442 1452 1461 1462 1468 1476 1478 1486 1492 1502 1504 1514
1524 1527 1537 1543 1547 1557 1558 1560 1561 1566 1576 1579 1583 1587 1593 1603 1604 1608
1610 1616 1621 1627 1637 1639 1644 1649 1651 1655 1661 1671 1677 1678 1685 1693 1700 1701
1709 1715 1725 1731 1733 1743 1744 1754 1761 1765 1773 1781 1788 1796 1800 1803 1804 1813
1818 1820 1827 1831 1833 1835 1841 1844 1848 1850 1852 1857 1862 1869 1874 1883 1886 1893
1899 1901 1910 1920 1930 1931 1938 1942 1947 1954 1960 1961 1962 1970 1978 1983 1986 1987
1989 1993 1998 2005 2014 2019 2028 2035 2045 2050 2057 2063 2067 2071 2079 2086 2091 2092
2093 2096 2098 2102 2103 2109 2118 2126 2132 2139 2146 2154 2163 2166 2170 2178 2180 2182
2192 2201 2211 2213 2223 2233 2238 2244 2251 2259 2267 2273 2279 2288 2293 2300 2306 2315
2324 2334 2337 2339 2342 2351 2357 2361 2364 2367 2373 2377 2384 2393 2396 2402 2412 2415
2416 2417 2426 2427 2429 2439 2449 2452 2458 2460 2470 2471 2481 2488 2498 2506 2511 2512
2517 2526 2529 2539 2542 2545 2550 2560 2562 2567 2571 2578 2582 2591 2599 2609 2614 2616
2623 2628 2635 2636 2642 2647 2653 2661 2663 2665 2666 2671 2679 2681 2690 2699 2708 2717
2725 2728 2731 2738 2740 2747 2756 2761 2768 2773 2781 2783 2785 2792 2794 2801 2803 2807
2815 2823 2827 2832 2836 2842 2850 2853 2857 2860 2870 2872 2877 2882 2889 2897 2901 2904
2907 2910 2916 2920 2930 2940 2942 2947 2955 2961 2970 2977 2980 2989 2990 2992 3002 3004
3008 3011 3014 3021 3027 3028 3029 3033 3043 3050 3056 3061 3065 3073 3074 3082 3089 3095
3101 3110 3116 3125 3126 3132 3140 3147 3157 3166 3176 3186 3192 3194 3196 3205 3210 3212
3220 3223 3232 3240 3250 3255 3256 3264 3268 3276 3286 3291 3297 3307 3313 3314 3319 3327
3333 3337 3340 3345 3352 3362 3369 3373 3378 3385 3387 3393 3401 3406 3415 3420 3424 3426
3434 3435 3440 3448 3457 3462 3463 3472 3479 3482 3487 3493 3502 3508 3517 3525 3534 3539
3542 3543 3548 3558 3563 3573 3582 3583 3591 3596 3604 3613 3621 3628 3632 3637 3639 3641
3650 3655 3660 3661 3667 3672 3674 3683 3684 3691 3693 3700 3703 3710 3720 3728 3733 3737
3740 3745 3749 3751 3755 3756 3757 3761 3769 3773 3776 3785 3795 3800 3807 3815 3817 3822
3824 3829 3834 3837 3843 3850 3860 3861 3866 3867 3873 3881 3884 3890 3891 3898 3904 3912
3922 3932 3939 3940 3946 3948 3954 3957 3959 3961 3971 3973 3981 3989 3999 4000 4006 4015
4017 4023 4024 4033 4034 4039 4043 4050 4052 4059 4066 4075 4076 4085 4089 4095 4105 4113
4117 4123 4124 4131 4139 4140 4146 4153 4158 4160 4169 4178 4184 4190 4198 4202 4206 4211
4220 4227 4229 4235 4242 4247 4251 4261 4265 4267 4272 4280 4285 4295 4296 4298 4299 4301
4309 4311 4321 4327 4329 4335 4336 4339 4342 4347 4357 4359 4360 4368 4374 4382 4387 4389
4397 4403 4413 4418 4425 4430 4438 4443 4450 4451 4460 4469 4477 4487 4492 4502 4512 4517
4523 4531 4539 4546 4549 4554 4559 4561 4563 4564 4568 4574 4575 4577 4580 4584 4591 4601
4603 4610 4613 4617 4621 4626 4627 4628 4635 4641 4643 4648 4649 4655 4657 4660 4661 4668
4673 4679 4689 4691 4699 4709 4714 4720 4728 4731 4732 4737 4745 4753 4760 4766 4774 4780
4787 4795 4796 4805 4812 4819 4829 4839 4845 4852 4859 4869 4872 4877 4886 4895 4902 4906
4907 4913 4917 4918 4919 4921 4922 4929 4939 4940 4947 4954 4957 4961 4970 4972 4975 4980
4982 4989 4997 4999 5004 5012 5016 5026 5029 5039 5049 5053 5058 5066 5069 5074 5080 5089
5097 5105 5115 5125 5133 5135 5141 5143 5149 5152 5159 5164 5174 5178 5181 5191 5198 5202
5209 5218 5228 5230 5231 5235 5237 5241 5248 5251 5256 5260 5265 5269 5277 5278 5281 5285
5288 5291 5295 5303 5307 5317 5326 5333 5343 5344 5345 5348 5352 5359 5366 5376 5380 5384
5391 5401 5402 5407 5412 5422 5430 5437 5447 5454 5455 5465 5467 5468 5478 5481 5485 5494
5504 5512 5519 5528 5533 5539 5543 5550 5552 5558 5567 5575 5584 5587 5590 5595 5603 5604
5608 5609 5619 5620 5627 5634 5637 5645 5652 5658 5666 5669 5670 5679 5681 5690 5696 5701
5703 5705 5710 5720 5728 5738 5743 5746 5749 5756 5757 5758 5761 5771 5779 5780 5789 5796
5805 5813 5818 5828 5837 5842 5844 5852 5861 5871 5873 5877 5882 5890 5895 5896 5905 5910
5916 5919 5923 5928 5936 5946 5955 5959 5965 5970 5978 5982 5991 5999 6000 6003 6006 6011
6020 6025 6030 6039 6044 6052 6061 6067 6069 6076 6078 6086 6092 6102 6110 6118
