4002 4003 4011 4018 4026 4028 4033 4038 4040 4041 4047 4057 4059 4062 4069 4076 4083 4088
4093 4099 4106 4114 4116 4121 4125 4132 4141 4150 4155 4161 4169 4179 4186 4196 4203 4211
4217 4226 4231 4233 4240 4246 4255 4256 4259 4268 4273 4279 4285 4290 4292 4300 4304 4309
4311 4315 4318 4324 4329 4337 4345 4354 4358 4363 4372 4375 4378 4385 4390 4393 4402 4406
4410 4416 4426 4430 4437 4443 4451 4458 4459 4466 4475 4477 4486 4496 4500 4508 4511 4518
4520 4525 4532 4541 4549 4558 4559 4568 4572 4574 4579 4585 4591 4596 4599 4608 4611 4612
4622 4623 4628 4636 4644 4652 4656 4664 4672 4680 4681 4689 4694 4699 4701 4703 4707 4710
4711 4717 4724 4725 4726 4733 4741 4742 4751 4761 4763 4768 4776 4786 4793 4801 4808 4816
4819 4828 4834 4840 4849 4856 4860 4862 4866 4874 4880 4885 4892 4897 4906 4909 4912 4917
4921 4931 4939 4944 4948 4957 4960 4961 4970 4977 4984 4989 4990 4996 5005 5006 5014 5020
5027 5037 5040 5049 5059 5065 5074 5084 5086 5093 5097 5101 5109 5111 5115 5116 5121 5125
5134 5143 5149 5150 5155 5162 5164 5171 5174 5176 5178 5183 5188 5196 5199 5200 5207 5212
5221 5225 5235 5241 5245 5249 5259 5269 5274 5275 5283 5293 5299 5307 5316 5319 5320 5323
5331 5341 5345 5352 5358 5363 5371 5376 5381 5391 5392 5398 5406 5416 5419 5425 5426 5435
5438 5444 5449 5451 5460 5467 5475 5482 5483 5485 5490 5497 5507 5508 5512 5513 5518 5525
5527 5530 5532 5534 5542 5548 5553 5557 5562 5564 5571 5580 5584 5586 5591 5595 5596 5606
5610 5617 5622 5624 5628 5636 5639 5642 5646 5652 5662 5667 5674 5677 5685 5687 5690 5700
5705 5707 5716 5726 5727 5734 5744 5750 5759 5769 5774 5783 5793 5803 5807 5813 5816 5819
5820 5827 5833 5836 5842 5850 5859 5864 5866 5874 5879 5885 5892 5897 5906 5915 5920 5922
5924 5927 5931 5939 5949 5951 5956 5964 5968 5975 5979 5986 5993 5996 5997 6005 6012 6015
6021 6027 6036 6046 6052 6062 6065 6067 6077 6079 6089 6094 6104 6114 6115 6117 6126 6134
6137 6144 6154 6164 6171 6177 6182 6185 6187 6191 6197 6199 6207 6215 6223 6225 6226 6236
6246 6254 6263 6267 6277 6285 6294 6296 6301 6302 6306 6308 6309 6318 6322 6323 6332 6334
6343 6350 6360 6369 6371 6375 6379 6383 6392 6396 6399 6402 6403 6407 6414 6416 6425 6428
6435 6441 6446 6450 6458 6463 6465 6467 6472 6478 6485 6488 6491 6492 6502 6509 6514 6517
6527 6536 6541 6544 6547 6549 6556 6558 6564 6565 6567 6575 6581 6583 6587 6594 6602 6607
6610 6617 6625 6635 6642 6645 6653 6656 6664 6665 6667 6669 6671 6679 6682 6685 6686 6690
6694 6704 6714 6724 6727 6728 6729 6739 6740 6749 6753 6762 6769 6774 6781 6785 6789 6797
6800 6805 6811 6815 6821 6826 6830 6832 6837 6840 6847 6850 6851 6855 6859 6864 6871 6873
6879 6882 6887 6897 6907 6909 6912 6918 6923 6929 6933 6942 6945 6955 6965 6971 6981 6989
6994 7004 7011 7012 7014 7017 7026 7028 7034 7039 7048 7053 7055 7060 7070 7079 7081 7088
7092 7093 7094 7101 7109 7112 7114 7123 7125 7135 7137 7147 7154 7156 7161 7166 7171 7178
7184 7185 7193 7203 7212 7216 7222 7232 7241 7251 7255 7258 7262 7266 7270 7280 7290 7296
7303 7307 7313 7316 7323 7325 7335 7343 7344 7353 7363 7366 7367 7373 7381 7390 7398 7406
7416 7424 7427 7432 7435 7442 7451 7458 7468 7477 7481 7490 7493 7495 7496 7500 7504 7508
7511 7517 7525 7526 7532 7533 7539 7544 7548 7556 7557 7563 7568 7570 7573 7577 7584 7590
7598 7603 7610 7612 7614 7621 7624 7630 7637 7641 7647 7652 7654 7660 7661 7664 7668 7677
7686 7691 7697 7705 7711 7717 7725 7729 7733 7743 7752 7761 7762 7768 7777 7784 7788 7790
7792 7794 7796 7804 7810 7819 7827 7831 7840 7844 7847 7854 7859 7867 7868 7871 7880 7883
7889 7897 7898 7906 7916 7920 7930 7934 7942 7950 7954 7956 7957 7967 7977 7985 7994 8003
8011 8021 8029 8038 8048 8050 8054 8062 8065 8066 8072 8080 8081 8086 8088 8089 8095 8097
8101 8109 8119 8127 8137 8147 8150 8155 8158 8160 8167 8173 8179 8184 8189 8196 8205 8214
8221 8227 8228 8230 8231 8235 8244 8248 8250 8256 8263 8273 8276 8283 8290 8300 8302 8308
8311 8320 8329 8338 8346 8353 8361 8368 8376 8386 8392 8393 8399 8401 8407 8408 8412 8415
8418 8420 8429 8435 8438 8443 8451 8452 8457 8459 8462 8464 8474 8484 8489 8491 8497 8504
8513 8516 8517 8520 8528 8532 8539 8543 8548 8551 8558 8566 8575 8576 8579 8587 8595 8600
8606 8609 8618 8622 8631 8641 8649 8650 8655 8656 8658 8666 8675 8680 8685 8695 8699 8700
8703 8708 8712 8719 8723 8725 8733 8734 8737 8745 8751 8752 8753 8760 8767 8776 8781 8789
8790 8798 8803 8812 8819 8826 8828 8830 8836 8846 8856 8859 8864 8865 8869 8874 8880 8886
8887 8897 8905 8907 8908 8910 8916 8918 8923 8927 8934 8944 8949 8955 8956 8964 8969 8978
8984 8994 8998 9008 9013 9015 9024 9027 9030 9031 9036 9042 9049 9057 9061 9070 9076 9082
9089 9098 9105 9109 9117 9124 9126 9130 9139 9149 9155 9156 9160 9162 9169 9172 9175 9184
9185 9190 9193 9201 9205 9211 9221 9222 9230 9234 9237 9246 9250 9257 9265 9271 9279 9285
9292 9302 9304 9310 9315 9320 9324 9333 9334 9340 9346 9355 9361 9370 9378 9382 9392 9395
9405 9407 9417 9425 9431 9439 9443 9453 9455 9459 9466 9471 9481 9485 9488 9496 9498 9500
9506 9515 9524 9528 9529 9534 9535 9545 9554 9564 9572 9580 9590 9598 9608 9613 9621 9624
9634 9637 9644 9648 9649 9659 9668 9671 9673 9676 9684 9693 9701 9706 9711 9719 9726 9727
9737 9743 9744 9749 9756 9758 9760 9765 9771 9772 9773 9780 9784 9788 9794 9795 9799 9801
9810 9814 9818 9827 9836 9840 9842 9852 9855 9858 9859 9861 9862 9867 9870 9880 9881 9885
9895 9900 9910 9915 9916 9924 9929 9932 9933 9934 9940 9941 9946 9947 9957 9960 9970 9972
9980 9982 9992 9995 10000 10001 10006 10009 10011 10017 10024 10027 10037 10041 10044 10049 10051 10052
10058 10065 10075 10078 10084 10092 10100 10105 10107 10110 10115 10123 10129 10130 10136 10144 10153 10159
10165 10171 10180 10183 10189 10197 10199 10207 10215 10220 10227 10235 10238 10247 10255 10261 10262 10270
10279 10286 10288 10296 10299 10302 10308 10312 10313 10315 10317 10322 10330 10338 10341 10346 10355 10363
10364 10374 10380 10389 10398 10408 10412 10416 10423 10431 10438 10439 10443 10451 10454 10459 10467 10470
10479 10482 10487 10494 10496 10502 10509 10517 10525 10534 10538 10539 10543 10544 10547 10549 10559 10565
10572 10578 10581 10582 10583 10589 10590 10600 10603 10607 10617 10623 10629 10630 10639 10648 10651 10655
10660 10663 10670 10672 10681 10687 10689 10699 10706 10716 10725 10730 10731 10738 10740 10750 10756 10762
10771 10780 10787 10788 10797 10798 10803 10810 10817 10818 10819 10828 10833 10840 10849 10853 10859 10869
10874 10879 10884 10885 10895 10901 10902 10905 10909 10913 10920 10923 10925 10928 10937 10947 10951 10958
10962 10970 10973 10975 10985 10991 11001 11002 11005 11015 11016 11019 11023 11027 11036 11037 11046 11054
11058 11066 11069 11077 11083 11090 11098 11107 11117 11121 11125 11131 11137 11147 11155 11157 11167 11177
11186 11190 11199 11206 11215 11219 11220 11229 11235 11240 11244 11252 11257 11259 11265 11271 11277 11286
11295 11296 11301 11310 11312 11313 11317 11326 11328 11332 11338 11347 11350 11353 11357 11359 11369 11379
11380 11384 11385 11389 11395 11399 11407 11413 11418 11419 11429 11437 11438 11447 11456 11458 11462 11466
11467 11473 11475 11484 11487 11492 11502 11510 11511 11519 11525 11533 11543 11553 11562 11568 11572 11573
11583 11591 11599 11600 11601 11608 11611 11616 11620 11626 11635 11640 11648 11651 11659 11661 11671 11672
11673 11674 11676 11685 11687 11696 11697 11707 11714 11718 11726 11728 11729 11735 11736 11744 11745 11750
11759 11763 11773 11779 11786 11790 11800 11801 11806 11813 11814 11820 11828 11831 11836 11845 11850 11851
11860 11861 11866 11873 11879 11888 11891 11900 11909 11913 11917 11918 11923 11924 11934 11937 11944 11945
11954 11962 11970 11978 11981 11984 11989 11995 11996 12002 12010 12020 12024 12030 12033 12041 12046 12048
12056 12059 12069 12076 12084 12089 12092 12096 12101 12102 12111 12119 12124 12129 12131 12139 12143 12153
12155 12163 12165 12166 12169 12176 12186 12192 12195 12200 12210 12219 12224 12234 12237 12245 12248 12249
12253 12261 12269 12270 12277 12279 12287 12290 12293 12297 12301 12306 12311 12318 12326 12333 12342 12343
12347 12352 12360 12364 12370 12377 12384 12390 12397 12405 12415 12418 12427 12433 12440 12445 12455 12462
12470 12480 12485 12488 12497 12505 12514 12520 12529 12536 12542 12549 12558 12566 12576 12583 12589 12593
12600 12603 12609 12612 12614 12622 12626 12629 12633 12640 12649 12655 12656 12663 12664 12668 12670 12674
12679 12682 12688 12690 12693 12696 12705 12709 12713 12719 12723 12732 12741 12747 12750 12758 12762 12764
12772 12781 12788 12796 12798 12799 12809 12810 12811 12813 12821 12823 12829 12834 12844 12851 12861 12869
12875 12879 12887 12896 12901 12910 12911 12913 12917 12923 12929 12939 12941 12946 12952 12962 12966 12967
12977 12982 12984 12994 12995 13000 13008 13016 13024 13025 13026 13028 13035 13038 13046 13050 13055 13058
13067 13072 13075 13079 13082 13088 13092 13098 13104 13112 13118 13128 13137 13141 13147 13153 13158 13164
13171 13178 13186 13191 13201 13208 13215 13219 13224 13228 13237 13243 13245 13254 13256 13260 13270 13276
13285 13291 13301 13302 13304 13305 13311 13317 13320 13329 13337 13341 13346 13348 13357 13364 13370 13377
13381 13389 13393 13403 13407 13408 13412 13420 13422 13432 13438 13441 13442 13444 13454 13455 13459 13465
13466 13471 13476 13483 13492 13498 13499 13507 13514 13520 13530 13534 13544 13553 13561 13569 13575 13585
13594 13595 13601 13603 13608 13609 13614 13620 13626 13627 13630 13631 13640 13646 13655 13661 13670 13676
13677 13686 13690 13696 13702 13707 13709 13718 13724 13733 13740 13748 13755 13759 13768 13775 13783 13789
13798 13801 13804 13809 13818 13822 13823 13830 13835 13839 13845 13851 13853 13855 13863 13873 13880 13890
13899 13904 13914 13918 13928 13936 13945 13950 13955 13959 13962 13972 13979 13983 13984 13989 13991 13993
13998 14006 14007 14011 14017 14018 14024 14025 14026 14030 14036 14041 14047 14050 14054 14064 14072 14082
14090 14098 14108 14110 14118 14124 14132 14141 14144 14153 14154 14156 14160 14169 14173 14179 14186 14188
14189 14195 14203 14204 14207 14217 14223 14225 14234 14240 14249 14259 14269 14279 14283 14290 14291 14296
14300 14302 14307 14316 14324 14331 14335 14345 14348 14356 14366 14376 14379 14380 14388 14398 14406 14408
14413 14420 14427 14435 14443 14452 14461 14470 14479 14488 14498 14501 14506 14516 14525 14533 14538 14543
14550 14551 14557 14563 14570 14571 14581 14582 14585 14590 14592 14593 14594 14602 14605 14615 14621 14626
14636 14646 14647 14649 14650 14658 14666 14676 14680 14685 14688 14698 14701 14707 14716 14722 14723 14724
14730 14739 14740 14742 14749 14755 14762 14768 14776 14778 14783 14789 14794 14798 14804 14806 14816 14821
14831 14836 14840 14845 14849 14857 14866 14874 14878 14888 14890 14898 14908 14918 14922 14927 14930 14938
14939 14940 14947 14949 14953 14959 14968 14978 14986 14994 14998 15005 15013 15020 15023 15027 15031 15038
15044 15050 15058 15067 15073 15077 15082 15091 15096 15100 15107 15108 15110 15120 15122 15126 15129 15133
15142 15149 15152 15153 15160 15162 15168 15176 15179 15188 15192 15196 15206 15214 15220 15221 15222 15229
15238 15248 15257 15260 15266 15271 15275 15279 15287 15292 15301 15309 15312 15321 15328 15330 15334 15340
15346 15349 15352 15356 15365 15366 15375 15382 15385 15392 15400 15402 15404 15408 15415 15423 15427 15431
15441 15443 15449 15459 15468 15470 15477 15478 15485 15491 15499 15506 15508 15513 15516 15525 15530 15534
15538 15543 15548 15556 15558 15568 15576 15581 15591 15595 15604 15609 15614 15623 15626 15631 15639 15648
15658 15660 15666 15670 15676 15680 15684 15690 15697 15704 15713 15722 15724 15733 15741 15746 15756 15764
15770 15779 15786 15796 15799 15802 15806 15816 15823 15829 15834 15837 15847 15848 15856 15862 15870 15871
15881 15890 15893 15894 15901 15906 15907 15911 15920 15926 15933 15934 15941 15943 15950 15954 15960 15964
15971 15974 15984 15993 15995 15997 16002 16006 16014 16023 16028 16032 16034 16041 16048 16054 16061 16063
16064 16068 16078 16084 16088 16090 16095 16102 16107 16114 16121 16130 16135 16145 16153 16160 16165 16170
16178 16181 16189 16192 16199 16202 16207 16216 16221 16229 16231 16232 16236 16244 16254 16256 16266 16270
16271 16276 16280 16283 16286 16292 16301 16310 16314 16318 16321 16330 16335 16343 16345 16351 16355 16360
16364 16374 16382 16384 16392 16395 16405 16415 16417 16420 16425 16434 16436 16444 16447 16453 16456 16466
16475 16484 16492 16494 16503 16513 16519 16529 16538 16545 16550 16551 16560 16565 16570 16578 16581 16589
16596 16604 16605 16607 16617 16621 16624 16633 16643 16651 16654 16655 16658 16668 16677 16686 16696 16705
16710 16719 16728 16735 16737 16747 16749 16755 16757 16767 16770 16772 16781 16783 16791 16801 16810 16812
16819 16824 16833 16837 16838 16841 16842 16848 16853 16862 16865 16871 16873 16880 16890 16895 16898 16906
16914 16916 16926 16932 16941 16949 16954 16958 16962 16969 16978 16983 16993 16997 17005 17008 17012 17013
17023 17026 17031 17039 17044 17053 17061 17068 17069 17073 17083 17088 17093 17094 17095 17097 17104 17109
17113 17117 17120 17124 17126 17136 17144 17149 17155 17165 17172 17176 17181 17185 17190 17191 17196 17200
17201 17209 17214 17224 17232 17234 17238 17242 17249 17255 17258 17259 17264 17270 17279 17286 17296 17300
17309 17310 17315 17321 17330 17337 17343 17344 17353 17357 17364 17373 17380 17390 17396 17402 17403 17405
17414 17417 17425 17432 17440 17447 17449 17455 17456 17464 17473 17481 17488 17498 17502 17503 17505 17511
17512 17521 17529 17539 17545 17555 17557 17561 17565 17571 17572 17573 17583 17587 17589 17598 17601 17604
17609 17614 17623 17626 17628 17637 17645 17648 17650 17657 17662 17670 17677 17680 17689 17698 17704 17712
17718 17723 17726 17728 17731 17734 17743 17749 17754 17756 17760 17761 17765 17774 17784 17787 17790 17797
17805 17813 17823 17829 17831 17834 17842 17849 17857 17864 17866 17871 17878 17881 17889 17895 17898 17907
17913 17920 17922 17927 17933 17936 17938 17948 17952 17954 17959 17964 17970 17975 17979 17985 17987 17988
17994 18002 18010 18014 18024 18029 18036 18039 18044 18054 18062 18066 18070 18079 18080 18083 18091 18092
18097 18100 18109 18113 18122 18128 18129 18139 18145 18149 18158 18160 18169 18171 18173 18182 18192 18196
18198 18201 18209 18215 18225 18232 18236 18240 18241 18243 18244 18254 18257 18258 18265 18270 18273 18283
18290 18296 18301 18303 18307 18313 18318 18319 18326 18332 18336 18338 18346 18354 18361 18362 18370 18379
18389 18399 18406 18412 18415 18416 18420 18421 18422 18425 18427 18432 18441 18449 18451 18456 18466 18471
18477 18484 18487 18496 18506 18515 18518 18527 18529 18539 18540 18543 18548 18556 18559 18562 18567 18576
18586 18595 18599 18608 18612 18619 18621 18625 18632 18636 18638 18642 18645 18652 18662 18671 18681 18688
18695 18697 18707 18711 18712 18715 18724 18725 18726 18733 18734 18738 18745 18748 18752 18756 18766 18775
18785 18789 18798 18803 18810 18812 18819 18827 18835 18839 18846 18848 18856 18865 18869 18876 18878 18884
18891 18896 18901 18910 18913 18918 18919 18921 18924 18926 18930 18933 18941 18943 18952 18957 18963 18970
18975 18979 18988 18992 18993 18998 18999 19006 19011 19012 19019 19027 19032 19035 19039 19043 19046 19053
19058 19064 19072 19074 19075 19080 19090 19096 19102 19110 19117 19123 19127 19130 19140 19147 19154 19157
19162 19164 19168 19174 19182 19192 19195 19200 19204 19207 19217 19222 19231 19238 19245 19248 19251 19255
19259 19264 19266 19269 19278 19286 19287 19289 19296 19297 19307 19312 19316 19318 19323 19327 19328 19332
19340 19341 19343 19349 19355 19356 19364 19372 19382 19386 19389 19392 19402 19407 19409 19413 19421 19429
19435 19437 19447 19448 19455 19463 19472 19477 19479 19481 19490 19492 19493 19496 19506 19511 19521 19531
19534 19541 19546 19553 19563 19569 19577 19580 19584 19585 19589 19591 19594 19595 19600 19608 19617 19618
19628 19638 19642 19650 19659 19666 19670 19674 19676 19685 19686 19687 19693 19699 19701 19708 19715 19719
19722 19731 19732 19740 19742 19750 19754 19760 19767 19769 19775 19784 19794 19796 19801 19809 19813 19819
19821 19823 19826 19836 19842 19847 19856 19865 19873 19874 19881 19888 19896 19900 19910 19911 19921 19929
19937 19943 19953 19959 19966 19972 19979 19987 19994 20000 20009 20011 20020 20029 20032 20038 20040 20050
20057 20065 20071 20080 20085 20094 20103 20108 20118 20125 20133 20137 20140 20150 20156 20157 20164 20173
20179 20182 20188 20195 20200 20209 20218 20227 20231 20234 20236 20244 20250 20252 20260 20264 20273 20277
20284 20291 20299 20308 20314 20322 20323 20325 20333 20335 20338 20345 20352 20360 20367 20375 20377 20387
20390 20393 20397 20399 20407 20409 20411 20416 20420 20421 20428 20429 20436 20440 20442 20448 20455 20456
20460 20465 20471 20476 20486 20491 20501 20508 20518 20522 20528 20530 20536 20538 20544 20548 20551 20554
20561 20564 20565 20571 20575 20579 20585 20593 20599 20608 20609 20610 20615 20619 20621 20630 20633 20635
20636 20641 20648 20649 20659 20663 20668 20677 20685 20690 20696 20701 20702 20707 20717 20724 20733 20737
20744 20747 20749 20750 20755 20756 20760 20765 20767 20777 20786 20793 20794 20802 20811 20816 20817 20825
20827 20836 20840 20843 20849 20859 20868 20870 20873 20879 20887 20889 20890 20899 20903 20904 20905 20906
20913 20923 20926 20936 20941 20948 20958 20964 20971 20974 20977 20981 20984 20989 20994 20998 21007 21010
21013 21021 21022 21029 21033 21040 21041 21042 21045 21053 21062 21066 21074 21075 21077 21083 21088 21089
21094 21095 21104 21111 21118 21124 21128 21138 21147 21157 21164 21170 21180 21188 21189 21199 21207 21211
21213 21221 21230 21238 21244 21246 21256 21262 21271 21277 21280 21281 21285 21287 21296 21306 21314 21323
21327 21328 21338 21348 21356 21359 21369 21372 21378 21380 21388 21391 21393 21398 21401 21407 21408 21415
21423 21431 21439 21444 21446 21449 21453 21459 21469 21471 21472 21478 21480 21483 21490 21496 21497 21501
21506 21512 21520 21526 21528 21530 21537 21541 21550 21558 21560 21566 21574 21578 21583 21584 21588 21593
21597 21600 21602 21609 21613 21618 21621 21630 21639 21640 21645 21648 21658 21663 21673 21676 21682 21683
21686 21688 21698 21702 21703 21706 21715 21722 21725 21732 21742 21750 21759 21760 21763 21770 21780 21790
21799 21807 21817 21820 21829 21833 21837 21840 21845 21846 21850 21859 21868 21878 21879 21887 21888 21895
21897 21900 21910 21912 21918 21928 21929 21931 21938 21943 21945 21948 21958 21959 21960 21968 21975 21978
21988 21993 22001 22005 22015 22016 22020 22030 22033 22040 22044 22046 22053 22059 22060 22064 22068 22071
22078 22086 22090 22097 22099 22107 22112 22114 22121 22131 22137 22147 22155 22162 22167 22174 22176 22185
22190 22194 22202 22206 22210 22216 22219 22225 22232 22239 22246 22252 22259 22268 22278 22285 22289 22297
22305 22314 22320 22329 22331 22340 22341 22348 22350 22360 22363 22370 22371 22378 22379 22386 22391 22393
22397 22403 22412 22416 22417 22421 22424 22427 22437 22443 22453 22463 22473 22476 22479 22485 22491 22496
22499 22507 22515 22516 22524 22529 22536 22542 22545 22555 22556 22563 22564 22568 22572 22579 22588 22590
22591 22599 22602 22603 22612 22622 22627 22633 22643 22648 22653 22658 22659 22660 22669 22672 22673 22678
22682 22692 22698 22701 22708 22711 22718 22725 22727 22731 22739 22744 22746 22752 22757 22759 22767 22773
22779 22785 22792 22801 22809 22811 22821 22825 22828 22834 22841 22847 22851 22861 22864 22873 22878 22882
22884 22885 22886 22890 22896 22902 22906 22908 22916 22923 22926 22928 22936 22944 22952 22961 22964 22973
22977 22982 22984 22987 22988 22991 22994 23004 23014 23017 23021 23028 23030 23034 23036 23041 23050 23052
23060 23065 23072 23077 23078 23081 23083 23085 23092 23099 23106 23110 23117 23124 23132 23135 23136 23143
23146 23152 23156 23163 23170 23176 23179 23188 23191 23192 23194 23202 23212 23222 23232 23241 23247 23248
23256 23261 23266 23267 23270 23273 23274 23284 23286 23292 23297 23307 23313 23316 23317 23321 23325 23326
23331 23338 23347 23352 23360 23369 23372 23376 23377 23380 23382 23390 23399 23400 23410 23420 23426 23429
23434 23435 23436 23437 23444 23452 23456 23461 23465 23470 23476 23477 23481 23491 23494 23496 23501 23511
23515 23516 23523 23529 23535 23543 23546 23549 23553 23555 23564 23573 23578 23585 23592 23595 23602 23607
23611 23621 23628 23636 23644 23652 23656 23662 23663 23665 23667 23674 23675 23683 23692 23700 23704 23710
23717 23725 23731 23735 23742 23748 23758 23759 23760 23765 23766 23774 23775 23782 23786 23794 23796 23806
23808 23810 23812 23813 23818 23826 23830 23837 23844 23853 23863 23869 23878 23884 23894 23904 23905 23910
23912 23921 23931 23933 23939 23948 23956 23961 23965 23974 23980 23990 23999 24008 24017 24024 24032 24033
24040 24047 24056 24066 24070 24075 24083 24084 24089 24099 24108 24111 24114 24118 24119 24129 24130 24135
24137 24144 24153 24154 24161 24165 24172 24178 24185 24195 24204 24213 24219 24226 24227 24232 24240 24243
24252 24258 24260 24268 24269 24277 24278 24281 24286 24291 24301 24302 24309 24316 24324 24327 24333 24340
24342 24349 24358 24368 24375 24381 24387 24395 24398 24401 24409 24410 24415 24419 24422 24428 24430 24439
24447 24455 24464 24469 24472 24481 24484 24491 24498 24500 24510 24518 24525 24532 24535 24538 24546 24556
24565 24567 24575 24578 24587 24593 24598 24605 24613 24614 24615 24619 24625 24634 24642 24646 24647 24653
24655 24658 24664 24665 24669 24676 24682 24690 24693 24697 24707 24714 24715 24721 24728 24731 24741 24743
24750 24758 24766 24773 24775 24782 24785 24795 24801 24809 24810 24814 24815 24824 24829 24830 24833 24835
24842 24846 24847 24855 24859 24862 24871 24878 24887 24888 24895 24900 24908 24918 24919 24927 24937 24940
24949 24958 24961 24964 24974 24984 24986 24987 24995 25003 25007 25011 25020 25025 25032 25035 25039 25045
25049 25053 25061 25071 25076 25081 25087 25092 25094 25096 25099 25103 25107 25108 25113 25122 25132 25142
25146 25148 25156 25157 25165 25170 25173 25183 25184 25190 25194 25197 25202 25207 25210 25216 25221 25223
25228 25233 25235 25236 25241 25251 25257 25258 25266 25275 25282 25283 25284 25287 25289 25296 25303 25312
25319 25329 25334 25337 25342 25348 25354 25356 25366 25367 25369 25374 25376 25379 25384 25388 25389 25390
25392 25396 25402 25410 25418 25423 25428 25434 25444 25454 25456 25465 25471 25481 25483 25486 25493 25494
25501 25502 25512 25517 25526 25536 25540 25547 25550 25552 25555 25557 25559 25563 25572 25582 25587 25593
25597 25607 25613 25619 25629 25636 25646 25652 25660 25668 25671 25678 25686 25690 25694 25704 25713 25715
25725 25730 25733 25738 25740 25742 25751 25756 25764 25773 25782 25792 25802 25806 25809 25815 25817 25825
25833 25839 25844 25851 25860 25863 25870 25876 25877 25879 25883 25884 25889 25893 25897 25901 25902 25905
25911 25920 25921 25929 25934 25941 25946 25953 25954 25956 25963 25967 25976 25981 25989 25995 25997 26003
26009 26011 26013 26014 26022 26030 26033 26038 26045 26048 26056 26064 26074 26082 26088 26097 26105 26115
26118 26119 26122 26132 26142 26145 26149 26152 26162 26172 26182 26189 26197 26205 26213 26217 26223 26228
26229 26235 26245 26254 26256 26265 26269 26270 26273 26281 26285 26288 26295 26302 26311 26312 26315 26324
26330 26336 26339 26346 26351 26357 26360 26366 26369 26375 26380 26385 26393 26400 26407 26410 26413 26420
26426 26436 26440 26442 26450 26454 26462 26472 26481 26491 26496 26503 26509 26516 26524 26530 26535 26541
26543 26548 26551 26560 26565 26566 26570 26574 26584 26594 26597 26601 26611 26617 26627 26629 26634 26639
26644 26648 26655 26659 26663 26664 26671 26680 26687 26689
