-3043 -3038 -3030 -3021 -3020 -3014 -3005 -3001 -2998 -2994 -2990 -2983 -2975 -2965 -2961 -2951 -2943 -2939
-2932 -2931 -2925 -2919 -2912 -2908 -2898 -2888 -2885 -2879 -2873 -2866 -2863 -2857 -2851 -2843 -2840 -2837
-2828 -2819 -2816 -2808 -2806 -2803 -2796 -2793 -2792 -2782 -2781 -2779 -2771 -2767 -2765 -2759 -2757 -2752
-2750 -2740 -2730 -2721 -2715 -2713 -2705 -2703 -2699 -2696 -2687 -2682 -2675 -2670 -2665 -2660 -2657 -2655
-2645 -2635 -2632 -2625 -2621 -2611 -2601 -2591 -2587 -2585 -2580 -2570 -2564 -2555 -2553 -2547 -2546 -2537
-2535 -2528 -2522 -2518 -2514 -2506 -2497 -2487 -2484 -2478 -2474 -2464 -2454 -2444 -2440 -2431 -2421 -2417
-2410 -2405 -2398 -2393 -2384 -2378 -2370 -2364 -2361 -2356 -2346 -2343 -2336 -2332 -2325 -2319 -2309 -2304
-2303 -2297 -2292 -2283 -2281 -2280 -2274 -2269 -2265 -2262 -2259 -2251 -2242 -2240 -2237 -2236 -2232 -2230
-2225 -2221 -2214 -2210 -2206 -2201 -2200 -2198 -2189 -2182 -2177 -2173 -2168 -2162 -2152 -2151 -2148 -2138
-2130 -2123 -2116 -2112 -2102 -2098 -2090 -2083 -2081 -2071 -2064 -2061 -2055 -2045 -2035 -2027 -2018 -2009
-2002 -1994 -1993 -1990 -1986 -1980 -1974 -1969 -1965 -1956 -1951 -1945 -1937 -1936 -1935 -1930 -1923 -1919
-1911 -1907 -1906 -1905 -1897 -1890 -1881 -1880 -1877 -1873 -1868 -1860 -1858 -1855 -1853 -1849 -1839 -1838
-1830 -1822 -1815 -1805 -1802 -1795 -1787 -1780 -1771 -1767 -1760 -1758 -1754 -1750 -1742 -1740 -1736 -1732
-1731 -1721 -1714 -1712 -1707 -1698 -1695 -1685 -1681 -1680 -1678 -1677 -1669 -1665 -1659 -1656 -1655 -1654
-1645 -1636 -1634 -1631 -1623 -1622 -1616 -1607 -1599 -1597 -1596 -1595 -1592 -1585 -1582 -1578 -1572 -1562
-1559 -1551 -1544 -1534 -1530 -1526 -1522 -1519 -1509 -1502 -1495 -1485 -1478 -1469 -1468 -1463 -1462 -1455
-1445 -1441 -1437 -1436 -1433 -1431 -1430 -1428 -1426 -1419 -1414 -1407 -1404 -1397 -1396 -1389 -1381 -1377
-1368 -1365 -1360 -1354 -1345 -1335 -1334 -1330 -1327 -1323 -1320 -1319 -1310 -1302 -1300 -1299 -1296 -1292
-1285 -1281 -1278 -1277 -1272 -1266 -1263 -1253 -1246 -1241 -1236 -1233 -1227 -1226 -1225 -1224 -1216 -1208
-1206 -1202 -1197 -1189 -1180 -1175 -1165 -1163 -1160 -1155 -1153 -1144 -1135 -1134 -1128 -1124 -1123 -1116
-1110 -1106 -1102 -1095 -1085 -1080 -1076 -1073 -1066 -1063 -1055 -1049 -1046 -1045 -1035 -1033 -1031 -1024
-1016 -1015 -1006 -1001 -998 -992 -985 -983 -977 -976 -972 -963 -960 -950 -941 -933 -925 -922
-915 -906 -901 -899 -893 -886 -879 -874 -872 -867 -857 -849 -841 -832 -830 -822 -816 -810
-801 -791 -784 -778 -768 -767 -758 -756 -752 -751 -749 -747 -742 -734 -727 -717 -711 -710
-708 -706 -704 -698 -696 -691 -684 -681 -679 -676 -667 -666 -656 -648 -646 -636 -627 -618
-616 -606 -603 -598 -592 -584 -574 -571 -561 -558 -548 -541 -538 -537 -528 -519 -518 -510
-504 -499 -493 -488 -485 -479 -469 -463 -461 -460 -459 -454 -448 -443 -442 -440 -439 -430
-425 -424 -418 -411 -406 -397 -390 -388 -381 -376 -372 -367 -361 -356 -348 -347 -343 -334
-329 -323 -322 -314 -304 -297 -295 -290 -282 -274 -273 -271 -263 -257 -247 -237 -230 -229
-221 -220 -212 -202 -196 -191 -189 -179 -173 -171 -170 -169 -162 -153 -151 -141 -138 -137
-131 -129 -120 -110 -100 -92 -82 -76 -73 -65 -56 -46 -43 -34 -32 -22 -14 -8
0 10 17 20 24 28 38 43 44 48 57 65 71 77 84 94 104 110
120 128 131 136 146 147 153 160 170 179 183 185 189 194 199 209 216 217
227 228 231 232 237 240 241 245 247 251 253 256 259 266 271 281 289 294
297 301 303 304 305 310 317 319 325 333 335 340 347 351 361 369 374 381
384 393 402 411 421 425 435 440 443 447 455 459 468 473 474 477 482 484
489 492 499 506 510 515 520 528 538 547 555 558 563 567 572 581 587 594
596 605 610 611 620 629 634 638 646 652 659 668 676 679 684 694 696 704
711 716 724 728 729 737 742 749 754 762 768 775 781 784 793 800 805 806
815 822 823 825 833 840 849 859 860 862 865 873 881 883 884 886 891 892
895 900 909 911 914 919 927 929 938 947 948 953 961 971 972 980 989 995
1005 1012 1022 1027 1031 1036 1046 1050 1051 1059 1067 1071 1077 1086 1092 1102 1108 1111
1115 1122 1128 1130 1132 1134 1136 1144 1152 1155 1159 1167 1172 1174 1184 1190 1193 1199
1205 1213 1214 1219 1226 1227 1235 1238 1240 1249 1259 1261 1264 1273 1282 1284 1286 1292
1298 1302 1307 1310 1319 1327 1333 1335 1344 1354 1362 1371 1375 1382 1385 1395 1397 1398
1404 1410 1414 1423 1429 1434 1442 1449 1452 1457 1460 1462 1464 1468 1477 1482 1492 1498
1499 1500 1505 1512 1515 1522 1526 1527 1535 1544 1549 1554 1564 1568 1572 1578 1587 1597
1604 1612 1619 1621 1623 1631 1632 1633 1640 1643 1653 1656 1657 1658 1668 1673 1675 1682
1684 1693 1696 1703 1705 1714 1715 1719 1726 1730 1731 1740 1741 1749 1750 1753 1758 1768
1778 1780 1781 1786 1793 1799 1801 1809 1811 1819 1823 1824 1830 1834 1840 1845 1853 1854
1860 1861 1867 1876 1877 1882 1885 1887 1895 1900 1908 1913 1918 1919 1927 1935 1942 1952
1954 1961 1968 1971 1975 1978 1979 1980 1982 1983 1984 1990 1999 2008 2013 2017 2021 2028
2031 2035 2045 2047 2053 2061 2070 2077 2079 2088 2092 2094 2098 2103 2112 2117 2127 2131
2133 2136 2139 2141 2143 2151 2159 2163 2169 2178 2180 2184 2189 2198 2199 2206 2214 2218
2227 2234 2236 2240 2250 2260 2270 2273 2282 2288 2292 2294 2295 2305 2307 2309 2317 2327
2329 2337 2343 2344 2353 2358 2365 2370 2375 2385 2388 2392 2394 2397 2402 2407 2412 2419
2425 2431 2437 2442 2444 2454 2457 2464 2471 2476 2482 2489 2490 2491 2493 2501 2510 2512
2519 2523 2527 2532 2536 2537 2540 2543 2548 2550 2556 2563 2568 2570 2575 2577 2578 2583
2589 2595 2596 2606 2615 2617 2618 2624 2629 2634 2636 2645 2650 2660 2662 2672 2678 2680
2681 2684 2688 2694 2697 2703 2707 2711 2715 2717 2718 2727 2737 2739 2747 2757 2764 2772
2773 2778 2787 2796 2800 2806 2812 2816 2821 2830 2838 2846 2848 2856 2861 2864 2873 2880
2882 2887 2896 2905 2914 2915 2922 2929 2930 2936 2942 2950 2957 2965 2969 2971 2979 2988
2991 2993 2999 3003 3004 3008 3012 3018 3027 3030 3034 3039 3041 3043 3046 3056 3057 3063
3067 3075 3083 3086 3094 3104 3105 3112 3119 3122 3131 3133 3136 3139 3142 3143 3153 3157
3164 3173 3174 3176 3179 3182 3184 3188 3190 3195 3205 3206 3214 3220 3221 3230 3236 3241
3244 3248 3258 3265 3270 3274 3282 3283 3293 3300 3306 3316 3324 3332 3335 3339 3342 3352
3360 3368 3372 3379 3381 3387 3388 3398 3406 3416 3423 3425 3426 3431 3436 3437 3444 3449
3458 3467 3468 3470 3475 3476 3479 3480 3485 3492 3502 3507 3511 3515 3519 3520 3524 3531
3537 3538 3546 3556 3566 3570 3580 3583 3591 3594 3598 3605 3607 3616 3623 3630 3640 3649
3654 3656 3666 3673 3683 3693 3694 3700 3706 3707 3709 3713 3715 3720 3721 3728 3732 3734
3739 3748 3749 3754 3760 3765 3771 3772 3774 3776 3785 3787 3796 3801 3806 3814 3816 3825
3827 3829 3831 3838 3847 3855 3861 3864 3873 3875 3882 3884 3894 3904 3910 3915 3917 3921
3929 3934 3942 3952 3960 3966 3967 3973 3975 3981 3987 3989 3991 3996 3997 4007 4014 4016
4017 4019 4023 4025 4030 4033 4040 4042 4050 4060 4067 4073 4076 4077 4087 4091 4092 4095
4098 4107 4112 4120 4127 4137 4138 4141 4149 4152 4154 4163 4165 4173 4177 4180 4185 4194
4200 4208 4212 4213 4215 4224 4226 4232 4239 4240 4247 4253 4256 4259 4265 4267 4274 4281
4291 4298 4301 4311 4314 4320 4329 4331 4339 4348 4350 4358 4359 4364 4371 4379 4389 4398
4402 4409 4419 4429 4435 4437 4439 4443 4449 4455 4464 4467 4477 4481 4486 4491 4498 4500
4508 4517 4519 4526 4535 4542 4543 4553 4562 4571 4578 4583 4587 4590 4597 4604 4610 4616
4618 4624 4625 4634 4639 4640 4642 4645 4646 4648 4656 4665 4675 4679 4688 4692 4699 4708
4715 4723 4726 4728 4734 4741 4748 4749 4750 4754 4758 4759 4760 4765 4774 4784 4789 4794
4800 4806 4812 4818 4822 4825 4830 4840 4845 4848 4858 4868 4875 4877 4882 4890 4897 4904
4910 4916 4922 4931 4938 4942 4946 4947 4948 4952 4958 4965 4969 4973 4974 4982 4990 4997
5004 5009 5019 5025 5031 5036 5044 5051 5052 5061 5063 5070 5074 5081 5089 5099 5102 5104
5106 5114 5118 5122 5126 5135 5137 5138 5147 5153 5163 5168 5176 5180 5181 5182 5184 5186
5195 5198 5208 5217 5221 5229 5233 5234 5238 5247 5252 5253 5262 5264 5273 5279 5284 5287
5291 5301 5308 5316 5326 5335 5341 5349 5354 5357 5365 5374 5376 5382 5390 5392 5395 5403
5404 5410 5417 5424 5433 5440 5442 5451 5456 5465 5468 5470 5478 5480 5489 5494 5501 5506
5510 5520 5526 5528 5534 5536 5546 5554 5559 5569 5573 5574 5582 5586 5587 5589 5599 5609
5617 5619 5622 5624 5626 5630 5631 5639 5647 5654 5655 5657 5663 5669 5671 5672 5678 5681
5688 5693 5700 5701 5706 5710 5720 5725 5732 5735 5745 5747 5756 5760 5769 5771 5773 5781
5789 5794 5802 5810 5814 5823 5831 5836 5843 5847 5851 5857 5861 5869 5872 5875 5877 5884
5892 5894 5898 5901 5909 5914 5918 5919 5923 5929 5935 5937 5947 5948 5949 5958 5968 5970
5978 5986 5988 5996 6001 6005 6010 6017 6023 6032 6039 6040 6050 6059 6068 6077 6087 6091
6099 6108 6111 6116 6125 6135 6142 6151 6155 6161 6168 6172 6173 6176 6184 6185 6194 6196
6204 6209 6211 6215 6224 6233 6242 6245 6246 6249 6250 6259 6265 6272 6274 6283 6285 6292
6293 6303 6304 6310 6320 6321 6330 6338 6344 6349 6358 6367 6377 6384 6392 6402 6406 6415
6420 6426 6429 6439 6446 6456 6460 6463 6468 6469 6477 6485 6488 6489 6496 6500 6503 6509
6514 6515 6517 6518 6528 6533 6534 6541 6549 6552 6555 6562 6567 6571 6577 6582 6590 6596
6602 6607 6616 6624 6633 6635 6636 6637 6647 6655 6656 6660 6665 6672 6678 6679 6687 6690
6695 6703 6711 6713 6719 6721 6731 6738 6747 6756 6761 6770 6778 6783 6790 6797 6806 6812
6814 6819 6825 6831 6837 6846 6849 6854 6857 6861 6868 6874 6881 6884 6886 6892 6901 6911
6915 6919 6922 6926 6933 6941 6948 6957 6966 6975 6982 6988 6991 6998 7001 7006 7015 7018
7024 7028 7037 7038 7047 7049 7052 7053 7062 7068 7076 7077 7087 7093 7097 7102 7112 7114
7124 7126 7130 7134 7139 7147 7157 7159 7164 7173 7178 7183 7186 7187 7191 7192 7200 7209
7217 7225 7226 7236 7245 7246 7247 7248 7251 7259 7266 7267 7277 7287 7295 7302 7306 7314
7323 7324 7334 7339 7342 7348 7354 7364 7373 7382 7388 7389 7393 7395 7396 7400 7401 7405
7414 7416 7418 7420 7421 7428 7430 7432 7438 7445 7451 7461 7469 7471 7478 7482 7485 7494
7504 7509 7513 7514 7519 7524 7529 7539 7542 7544 7552 7560 7568 7578 7579 7585 7589 7592
7597 7604 7613 7616 7618 7624 7629 7639 7643 7653 7655 7657 7662 7667 7670 7671 7678 7687
7689 7699 7708 7711 7715 7722 7723 7729 7734 7742 7748 7758 7763 7767 7772 7777 7786 7792
7802 7804 7807 7813 7817 7822 7825 7833 7840 7842 7847 7849 7854 7858 7867 7869 7879 7884
7891 7898 7906 7916 7920 7929 7938 7943 7947 7957 7966 7972 7977 7980 7982 7987 7988 7997
8007 8012 8020 8022 8032 8036 8042 8045 8051 8058 8060 8069 8077 8082 8089 8097 8107 8110
8117 8122 8126 8132 8137 8142 8149 8151 8160 8170 8174 8183 8187 8188 8195 8198 8202 8211
8217 8223 8230 8234 8236 8241 8248 8249 8255 8265 8266 8273 8274 8279 8286 8296 8301 8308
8309 8317 8325 8331 8341 8350 8358 8359 8365 8366 8368 8374 8376 8386 8393 8397 8399 8402
8403 8406 8415 8425 8430 8437 8446 8448 8457 8458 8459 8465 8470 8477 8478 8483 8487 8489
8498 8508 8518 8523 8527 8537 8542 8544 8548 8552 8558 8560 8567 8577 8584 8586 8591 8597
8604 8609 8613 8621 8626 8635 8637 8642 8652 8658 8665 8674 8679 8686 8694 8703 8707 8713
8718 8728 8734 8739 8742 8750 8751 8759 8765 8768 8772 8775 8783 8786 8788 8795 8796 8797
8802 8809 8810 8812 8816 8825 8827 8835 8845 8852 8862 8871 8877 8882 8889 8897 8906 8914
8924 8934 8944 8946 8952 8955 8956 8959 8969 8971 8979 8982 8991 8993 8999 9000 9002 9011
9016 9022 9032 9035 9038 9043 9053 9061 9069 9072 9074 9080 9087 9088 9091 9092 9102 9109
9116 9124 9125 9133 9140 9145 9147 9155 9163 9170 9175 9178 9185 9190 9192 9194 9200 9204
9207 9209 9215 9216 9225 9228 9235 9239 9241 9250 9255 9260 9269 9274 9277 9280 9284 9289
9294 9295 9305 9309 9311 9319 9324 9334 9341 9348 9354 9356 9363 9369 9373 9378 9387 9389
9391 9396 9403 9411 9417 9422 9426 9428 9436 9445 9454 9457 9461 9469 9475 9480 9486 9493
9503 9509 9517 9518 9521 9524 9527 9528 9529 9532 9536 9537 9538 9546 9553 9559 9566 9571
9575 9577 9578 9580 9581 9591 9597 9599 9609 9619 9623 9626 9629 9637 9646 9651 9657 9658
9665 9672 9679 9681 9684 9691 9693 9696 9699 9706 9712 9718 9723 9732 9739 9740 9749 9758
9760 9766 9770 9778 9786 9795 9796 9801 9805 9807 9809 9819 9824 9832 9838 9847 9853 9858
9864 9872 9876 9882 9892 9902 9912 9922 9925 9934 9937 9940 9946 9949 9957 9958 9966 9967
9975 9979 9982 9984 9989 9992 9995 10004 10012 10017 10020 10025 10032 10037 10039 10049 10056 10062
10066 10067 10070 10076 10081 10089 10093 10100 10109 10113 10122 10131 10134 10143 10150 10154 10162 10163
10173 10174 10176 10177 10187 10196 10198 10200 10208 10217 10225 10230 10233 10237 10241 10242 10247 10254
10259 10263 10268 10269 10279 10282 10287 10289 10294 10303 10308 10313 10320 10322 10328 10333 10334 10340
10346 10355 10360 10366 10371 10381 10384 10391 10397 10398 10402 10410 10411 10421 10430 10433 10435 10437
10443 10445 10450 10451 10460 10468 10476 10478 10485 10487 10494 10501 10511 10513 10515 10517 10518 10522
10529 10532 10539 10546 10547 10555 10562 10567 10568 10575 10580 10589 10598 10608 10610 10618 10620 10628
10636 10644 10649 10652 10653 10660 10669 10677 10686 10693 10694 10698 10703 10713 10716 10723 10730 10731
10741 10745 10751 10759 10762 10763 10770 10780 10782 10789 10791 10799 10806 10808 10814 10818 10828 10837
10840 10845 10851 10858 10862 10867 10868 10878 10880 10887 10888 10889 10891 10892 10893 10901 10908 10917
10923 10933 10940 10941 10949 10957 10960 10966 10974 10983 10988 10990 10996 11002 11004 11008 11015 11024
11033 11042 11048 11052 11055 11058 11067 11075 11081 11086 11089 11098 11107 11113 11119 11128 11133 11136
11146 11156 11164 11170 11171 11172 11174 11176 11177 11182 11186 11196 11203 11212 11222 11223 11228 11237
11247 11248 11255 11256 11265 11274 11282 11287 11290 11299 11305 11311 11312 11320 11328 11331 11332 11339
11343 11344 11354 11364 11371 11378 11387 11396 11402 11410 11412 11419 11421 11430 11437 11438 11442 11452
11454 11461 11467 11474 11477 11483 11489 11499 11508 11517 11523 11532 11539 11549 11550 11560 11562 11564
11565 11568 11577 11586 11592 11595 11601 11609 11616 11621 11626 11628 11629 11633 11639 11648 11656 11660
11670 11679 11681 11689 11699 11707 11711 11712 11717 11718 11723 11731 11741 11751 11754 11758 11763 11768
11769 11777 11784 11794 11798 11804 11807 11815 11824 11828 11830 11835 11840 11849 11850 11859 11866 11873
11876 11879 11886 11893 11902 11909 11917 11918 11924 11931 11941 11949 11954 11961 11963 11973 11982 11986
11988 11991 11997 12007 12012 12015 12019 12023 12030 12036 12046 12052 12055 12057 12066 12076 12083 12091
12097 12099 12101 12111 12115 12124 12132 12142 12149 12158 12160 12168 12170 12179 12189 12196 12202 12210
12215 12225 12235 12245 12253 12260 12265 12273 12281 12291 12299 12308 12314 12315 12323 12331 12334 12337
12338 12346 12353 12361 12367 12372 12380 12385 12394 12403 12409 12419 12428 12436 12439 12443 12445 12453
12461 12471 12472 12481 12486 12489 12497 12507 12514 12517 12527 12532 12536 12541 12544 12548 12550 12552
12559 12564 12573 12575 12578 12581 12589 12594 12597 12603 12610 12616 12622 12623 12626 12635 12638 12645
12646 12650 12658 12664 12669 12670 12675 12676 12685 12694 12696 12706 12707 12716 12720 12727 12731 12733
12734 12737 12741 12743 12745 12755 12760 12770 12774 12784 12785 12788 12792 12796 12803 12808 12815 12824
12826 12836 12845 12849 12859 12863 12868 12877 12887 12897 12901 12910 12914 12922 12927 12937 12942 12943
12949 12959 12961 12966 12968 12972 12980 12990 12991 13001 13005 13015 13024 13028 13036 13041 13042 13050
13054 13063 13071 13079 13082 13086 13092 13096 13102 13108 13113 13119 13127 13130 13134 13140 13145 13148
13150 13159 13165 13172 13176 13182 13187 13193 13198 13200 13210 13219 13220 13229 13235 13244 13254 13256
13257 13261 13267 13272 13275 13280 13281 13282 13287 13288 13291 13292 13295 13298 13304 13314 13317 13318
13323 13329 13334 13338 13348 13353 13361 13365 13373 13379 13381 13384 13390 13391 13398 13400 13406 13414
13417 13424 13431 13436 13442 13451 13455 13464 13468 13471 13476 13480 13483 13490 13491 13498 13499 13500
13508 13515 13521 13526 13533 13542 13546 13553 13563 13569 13578 13586 13593 13603 13611 13616 13625 13627
13628 13635 13644 13650 13656 13659 13663 13664 13667 13669 13678 13684 13688 13694 13700 13710 13712 13719
13728 13736 13739 13743 13744 13753 13760 13770 13774 13779 13786 13791 13800 13808 13809 13815 13824 13830
13838 13843 13851 13859 13865 13870 13873 13874 13884 13887 13888 13892 13897 13902 13908 13913 13916 13924
13934 13936 13946 13953 13957 13964 13970 13979 13982 13989 13995 13999 14007 14010 14017 14027 14036 14037
14041 14044 14048 14052 14053 14054 14055 14063 14071 14077 14081 14089 14099 14102 14106 14107 14117 14122
14130 14136 14137 14146 14147 14155 14165 14175 14182 14185 14191 14201 14202 14210 14219 14227 14228 14233
14238 14239 14244 14246 14251 14256 14260 14269 14271 14279 14284 14286 14289 14293 14301 14303 14310 14318
14326 14327 14337 14339 14340 14348 14349 14358 14359 14368 14378 14385 14387 14395 14404 14412 14417 14427
14431 14436 14443 14453 14457 14465 14472 14473 14479 14485 14487 14491 14497 14505 14514 14520 14524 14530
14536 14540 14542 14543 14545 14552 14561 14565 14575 14585 14591 14596 14602 14608 14617 14623 14629 14637
14642 14651 14652 14656 14661 14667 14676 14678 14680 14685 14686 14691 14698 14705 14712 14716 14717 14724
14727 14729 14733 14739 14740 14745 14753 14758 14763 14767 14770 14777 14786 14787 14790 14793 14795 14801
14805 14815 14823 14830 14834 14844 14848 14854 14862 14872 14876 14882 14890 14898 14900 14901 14902 14905
14909 14919 14920 14927 14937 14941 14949 14950 14955 14961 14967 14974 14983 14984 14994 15001 15008 15018
15027 15028 15032 15041 15051 15060 15068 15073 15078 15081 15082 15088 15095 15096 15102 15111 15120 15130
15136 15140 15146 15147 15148 15151 15155 15164 15166 15172 15174 15177 15178 15185 15194 15199 15207 15211
15212 15218 15228 15234 15244 15249 15255 15257 15266 15270 15275 15284 15286 15291 15297 15303 15305 15313
15320 15321 15323 15325 15332 15338 15347 15352 15353 15355 15363 15370 15375 15376 15385 15389 15391 15394
15400 15410 15414 15415 15420 15421 15427 15433 15434 15444 15446 15454 15461 15468 15473 15478 15481 15486
15496 15501 15504 15508 15517 15526 15536 15541 15549 15557 15563 15566 15567 15573 15579 15583 15587 15596
15597 15603 15613 15616 15623 15633 15635 15644 15645 15648 15652 15655 15660 15669 15676 15683 15687 15696
15698 15700 15701 15708 15709 15719 15726 15730 15732 15738 15748 15752 15755 15760 15767 15776 15781 15787
15793 15797 15801 15802 15804 15805 15806 15812 15818 15819 15825 15834 15844 15845 15854 15862 15864 15866
15876 15883 15888 15892 15899 15905 15907 15915 15919 15923 15931 15937 15946 15950 15956 15961 15971 15972
15981 15987 15989 15993 16001 16011 16019 16025 16028 16029 16039 16045 16047 16057 16058 16065 16072 16074
16081 16089 16090 16095 16102 16112 16122 16130 16140 16143 16147 16157 16161 16169 16173 16179 16185 16188
16198 16199 16201 16209 16215 16225 16235 16241 16246 16248 16252 16256 16263 16270 16272 16281 16288 16294
16300 16304 16307 16311 16318 16324 16334 16340 16348 16349 16354 16364 16370 16378 16382 16384 16393 16399
16402 16412 16416 16417 16422 16431 16438 16446 16456 16459 16466 16467 16473 16481 16482 16492 16493 16498
16502 16507 16515 16519 16523 16524 16528 16529 16538 16539 16541 16545 16548 16558 16560 16568 16574 16583
16584 16594 16602 16611 16615 16618 16627 16631 16638 16642 16646 16656 16660 16670 16679 16683 16684 16692
16694 16698 16708 16712 16721 16725 16726 16732 16741 16745 16746 16752 16756 16766 16775 16779 16788 16795
16796 16803 16809 16813 16823 16828 16830 16836 16837 16842 16851 16856 16861 16866 16871 16874 16882 16886
16896 16901 16906 16909 16916 16922 16925 16931 16938 16944 16945 16953 16959 16964 16974 16978 16979 16982
16985 16987 16989 16991 17000 17010 17015 17025 17026 17034 17038 17041 17047 17049 17055 17061 17068 17072
17082 17088 17093 17102 17104 17111 17121 17128 17134 17143 17152 17160 17161 17162 17167 17168 17172 17174
17179 17187 17192 17196 17205 17215 17223 17225 17233 17236 17239 17247 17256 17262 17263 17273 17282 17290
17300 17302 17312 17322 17332 17335 17337 17347 17349 17354 17362 17365 17367 17369 17374 17379 17382 17390
17399 17406 17411 17412 17416 17423 17432 17437 17438 17440 17448 17458 17467 17476 17481 17482 17492 17493
17494 17499 17508 17509 17513 17518 17519 17522 17528 17536 17539 17543 17545 17549 17557 17566 17574 17582
17583 17586 17595 17599 17607 17614 17616 17621 17622 17626 17629 17636 17644 17647 17650 17657 17664 17674
17679 17683 17687 17695 17704 17709 17715 17717 17722 17727 17729 17735 17742 17751 17756 17766 17774 17777
17781 17785 17790 17799 17809 17817 17823 17826 17828 17835 17845 17850 17851 17857 17862 17865 17872 17875
17884 17893 17895 17901 17906 17913 17919 17925 17934 17938 17942 17949 17950 17959 17969 17974 17980 17985
17995 18004 18006 18013 18020 18028 18037 18040 18043 18052 18062 18068 18071 18074 18080 18085 18092 18093
18098 18100 18106 18110 18117 18119 18128 18129 18139 18143 18153 18162 18164 18166 18173 18175 18184 18187
18196 18201 18208 18213 18222 18224 18232 18233 18237 18246 18249 18255 18263 18270 18273 18275 18285 18289
18298 18307 18314 18323 18332 18342 18352 18355 18358 18360 18368 18372 18379 18380 18390 18399 18400 18410
18411 18412 18417 18423 18432 18437 18444 18454 18457 18458 18463 18468 18471 18474 18484 18486 18494 18500
18503 18510 18513 18521 18527 18530 18537 18541 18543 18544 18547 18556 18557 18565 18569 18573 18580 18589
18593 18595 18597 18598 18600 18603 18611 18614 18619 18627 18633 18637 18647 18652 18657 18663 18668 18675
18683 18689 18690 18691 18693 18697 18705 18709 18718 18722 18723 18727 18735 18738 18745 18755 18760 18762
18764 18774 18775 18782 18792 18796 18800 18805 18807 18808 18810 18819 18829 18834 18841 18849 18850 18854
18864 18869 18874 18883 18886 18889 18899 18901 18909 18916 18919 18928 18933 18941 18951 18961 18970 18971
18979 18983 18990 18997 19005 19013 19015 19020 19023 19026 19034 19035 19041 19045 19052 19060 19063 19065
19074 19075 19078 19082 19089 19096 19100 19108 19118 19123 19129 19137 19141 19151 19157 19160 19169 19177
19181 19186 19187 19194 19203 19206 19212 19218 19220 19221 19225 19235 19239 19247 19248 19254 19262 19268
19278 19288 19292 19296 19306 19312 19314 19321 19329 19334 19335 19337 19342 19346 19348 19351 19352 19353
19360 19370 19371 19380 19381 19387 19394 19401 19408 19410 19413 19422 19428 19429 19439 19449 19455 19458
19468 19475 19479 19482 19485 19495 19500 19505 19511 19521 19524 19527 19531 19536 19546 19555 19556 19566
19567 19571 19576 19577 19585 19590 19599 19600 19601 19602 19606 19615 19621 19622 19625 19627 19628 19634
19643 19652 19658 19667 19675 19684 19694 19698 19704 19713 19720 19721 19726 19735 19741 19747 19751 19753
19754 19756 19757 19759 19760 19769 19775 19778 19784 19789 19797 19798 19807 19808 19812 19814 19824 19832
19841 19842 19843 19844 19849 19852 19853 19862 19866 19872 19874 19881 19891 19893 19900 19905 19907 19908
19917 19922 19930 19939 19940 19947 19949 19953 19955 19963 19973 19976 19978 19984 19988 19995 20005 20010
20015 20017 20022 20026 20029 20036 20039 20049 20058 20066 20076 20079 20088 20090 20097 20104 20107 20114
20119 20129 20134 20137 20142 20148 20157 20164 20171 20175 20180 20185 20186 20196 20204 20211 20213 20218
20220 20222 20226 20230 20232 20234 20243 20249 20256 20257 20265 20273 20279 20281 20286 20290 20299 20308
20316 20322 20325 20335 20344 20349 20359 20366 20367 20368 20369 20377 20387 20388 20396 20400 20404 20414
20421 20424 20428 20431 20439 20449 20452 20457 20462 20464 20471 20476 20481 20489 20491 20494 20497 20499
20505 20506 20511 20514 20524 20527 20536 20542 20543 20544 20550 20553 20562 20563 20573 20575 20584 20586
20594 20601 20608 20618 20623 20629 20632 20641 20645 20648 20657 20663 20673 20674 20684 20694 20703 20712
20716 20725 20734 20741 20750 20753 20755 20759 20764 20773 20781 20786 20791 20793 20803 20809 20819 20824
20831 20841 20843 20849 20851 20858 20859 20861 20870 20877 20879 20880 20884 20893 20903 20913 20922 20925
20930 20940 20945 20953 20954 20957 20959 20967 20977 20981 20990 20991 21001 21006 21015 21021 21023 21028
21036 21042 21043 21049 21051 21057 21061 21065 21074 21078 21081 21090 21097 21103 21112 21115 21120 21123
21126 21132 21136 21139 21143 21150 21152 21157 21164 21170 21172 21173 21179 21182 21191 21193 21194 21195
21196 21198 21204 21208 21213 21221 21226 21231 21237 21247 21254 21263 21264 21271 21280 21285 21286 21292
21296 21300 21307 21315 21323 21326 21333 21337 21341 21348 21349 21352 21356 21359 21368 21375 21380 21387
21396 21400 21408 21415 21422 21431 21432 21439 21443 21447 21453 21462 21464 21466 21470 21479 21481 21487
21493 21496 21506 21509 21519 21522 21523 21532 21536 21537 21538 21541 21547 21548 21551 21552 21555 21561
21562 21564 21565 21571 21579 21581 21587 21591 21596 21606 21608 21611 21618 21619 21625 21626 21636 21643
21648 21650 21656 21659 21662 21672 21676 21682 21689 21697 21700 21705 21715 21723 21727 21728 21738 21739
21744 21754 21759 21764 21772 21774 21781 21789 21793 21796 21800 21808 21816 21818 21823 21824 21834 21835
21843 21852 21858 21859 21869 21879 21884 21894 21899 21907 21909 21912 21913 21923 21925 21931 21933 21943
21949 21956 21957 21961 21966 21974 21977 21986 21992 22002 22004 22005 22008 22010 22019 22026 22031 22035
22043 22045 22052 22056 22062 22069 22076 22083 22086 22090 22094 22098 22105 22115 22125 22134 22141 22151
22152 22158 22159 22160 22164 22169 22177 22182 22190 22198 22204 22207 22214 22219 22222 22225 22232 22233
22239 22243 22252 22257 22259 22267 22275 22281 22282 22283 22284 22286 22289 22294 22297 22305 22309 22315
22316 22323 22331 22332 22335 22343 22351 22359 22367 22371 22374 22381 22389 22395 22397 22401 22411 22412
22416 22423 22426 22436 22438 22444 22450 22454 22455 22461 22471 22478 22485 22492 22500 22504 22511 22513
22523 22529 22536 22540 22550 22553 22563 22564 22567 22572 22582 22584 22586 22590 22596 22606 22615 22623
22625 22629 22632 22641 22645 22655 22665 22674 22682 22689 22699 22701 22708 22714 22719 22728 22729 22739
22749 22756 22763 22768 22775 22781 22791 22792 22793 22798 22802 22810 22814 22816 22818 22822 22824 22834
22840 22845 22851 22860 22865 22874 22881 22890 22898 22908 22909 22910 22911 22919 22924 22929 22931 22934
22942 22949 22955 22964 22973 22975 22983 22989 22992 23000 23010 23011 23019 23024 23030 23031 23040 23043
23045 23047 23054 23061 23068 23078 23080 23081 23083 23091 23095 23096 23105 23114 23116 23124 23131 23136
23143 23151 23154 23159 23166 23168 23169 23178 23186 23193 23203 23209 23216 23219 23229 23234 23242 23247
23257 23264 23273 23280 23290 23297 23298 23306 23308 23309 23311 23316 23317 23319 23329 23332 23341 23350
23359 23362 23367 23374 23384 23387 23397 23406 23414 23421 23425 23434 23437 23442 23445 23455 23460 23464
23465 23475 23478 23488 23489 23497 23502 23512 23516 23523 23528 23531 23534 23537 23544 23551 23553 23554
23563 23566 23575 23581 23584 23585 23589 23599 23601 23608 23617 23624 23628 23638 23641 23648 23652 23657
23664 23668 23674 23681 23686 23691 23695 23703 23710 23713 23720 23728 23735 23743 23751 23760 23761 23766
23775 23779 23789 23794 23799 23800 23808 23816 23819 23820 23824 23834 23837 23844 23845 23846 23850 23856
23859 23864 23873 23877 23884 23889 23894 23900 23902 23906 23911 23916 23918 23928 23936 23940 23948 23956
23959 23968 23972 23974 23979 23982 23992 24000 24009 24017 24021 24022 24027 24031 24041 24051 24060 24061
24065 24069 24078 24087 24088 24089 24090 24097 24100 24104 24113 24119 24126 24135 24141 24149 24157 24158
24168 24170 24171 24180 24190 24200 24210 24217 24218 24219 24229 24236 24237 24240 24246 24247 24250 24259
24263 24264 24273 24275 24277 24286 24293 24296 24306 24315 24316 24325 24326 24330 24337 24347 24353 24363
24370 24374 24377 24383 24386 24396 24404 24413 24421 24422 24427 24429 24430 24434 24440 24449 24456 24459
24460 24462 24463 24464 24467 24476 24483 24489 24498 24502 24507 24512 24522 24529 24531 24535 24537 24538
24542 24546 24556 24564 24568 24569 24577 24581 24582 24585 24587 24590 24594 24604 24613 24622 24631 24633
24641 24645 24649 24651 24653 24657 24659 24669 24673 24681 24683 24688 24691 24698 24702 24709 24717 24720
24727 24729 24730 24731 24736 24742 24746 24751 24752 24756 24765 24770 24775 24785 24792 24797 24804 24807
24813 24822 24829 24836 24844 24849 24853 24861 24867 24869 24871 24876 24880 24881 24888 24895 24903 24905
24911 24916 24924 24928 24930 24935 24944 24949 24957 24958 24965 24967 24968 24975 24976 24984 24991 24995
25004 25008 25018 25025 25033 25037 25038 25047 25052 25057 25063 25069 25077 25084 25093 25099 25108 25116
25123 25128 25131 25141 25142 25150 25152 25153 25162 25172 25174 25176 25186 25189 25190 25196 25199 25203
25212 25220 25227 25232 25236 25244 25248 25255 25261 25270 25275 25284 25285 25289 25294 25304 25305 25312
25321 25323 25325 25331 25340 25344 25348 25350 25358 25366 25368 25374 25376 25378 25386 25392 25402 25408
25413 25420 25427 25431 25439 25440 25446 25450 25458 25467 25468 25474 25479 25484 25492 25493 25503 25513
25514 25523 25526 25534 25538 25543 25544 25545 25548 25550 25559 25566 25567 25571 25577 25586 25591 25596
25600 25604 25608 25615 25624 25632 25640 25648 25655 25660 25661 25669 25675 25679 25687 25690 25693 25698
25705 25711 25721 25724 25727 25729 25733 25741 25744 25750 25753 25763 25767 25768 25778 25783 25793 25803
25811 25819 25825 25835 25836 25841 25850 25851 25856 25863 25868 25875 25883 25885 25892 25897 25900 25901
25906 25913 25923 25929 25934 25938 25943 25946 25949 25959 25961 25971 25974 25975 25978 25987 25996 26005
26015 26023 26033 26043 26049 26059 26069 26076 26079 26083 26086 26093 26101 26103 26110 26115 26118 26124
26130 26138 26146 26151 26152 26156 26166 26174 26179 26188 26195 26201 26202 26208 26213 26220 26230 26235
26241 26244 26254 26258 26263 26271 26275 26281 26287 26292 26301 26309 26316 26320 26330 26334 26336 26345
26346 26355 26359 26362 26367 26377 26387 26395 26401 26410 26411 26414 26420 26429 26434 26442 26444 26449
26459 26464 26465 26475 26477 26482 26488 26492 26493 26498 26499 26506 26508 26514 26521 26530 26539 26547
26557 26565 26575 26583 26589 26593 26597 26606 26613 26617 26626 26636 26644 26649 26653 26663 26667 26676
26682 26690 26695 26702 26710 26717 26727 26732 26733 26740 26747 26749 26755 26756 26766 26769 26779 26785
26792 26801 26805 26807 26810 26817 26827 26836 26841 26842 26847 26854 26855 26860 26864 26873 26880 26881
26889 26896 26900 26903 26908 26913 26919 26925 26931 26932 26936 26937 26940 26942 26951 26953 26961 26966
26971 26975 26978 26982 26990 26991 27001 27006 27016 27024 27030 27038 27047 27049 27056 27061 27062 27070
27074 27079 27086 27087 27094 27103 27108 27114 27119 27129 27133 27135 27144 27147 27151 27157 27160 27164
27165 27167 27170 27174 27183 27185 27190 27193 27194 27204 27207 27209 27215 27219 27228 27238 27243 27252
27258 27259 27264 27270 27274 27284 27289 27293 27297 27300 27306 27315 27318 27324 27329 27336 27342 27347
27355 27359 27368 27377 27384 27386 27388 27393 27395 27396 27406 27412 27422 27427 27428 27430 27437 27439
27448 27455 27458 27466 27473 27478 27482 27491 27500 27501 27508 27518 27522 27530 27538 27539 27545 27547
27557 27565 27568 27572 27577 27584 27587 27595 27604 27613 27617 27627 27635 27645 27653 27662 27669 27678
27684 27694 27697 27701 27709 27719 27722 27730 27738 27745 27749 27758 27763 27773 27776 27777 27780 27784
27792 27800 27806 27811 27812 27822 27826 27832 27834 27838 27843 27848 27853 27858 27861 27866 27867 27871
27875 27877 27886 27891 27895 27905 27908 27911 27918 27921 27923 27927 27931 27936 27938 27940 27942 27950
27956 27965 27970 27980 27985 27990 27996 27999 28000 28004 28014 28017 28020 28022 28027 28028 28036 28041
28043 28049 28054 28063 28071 28077 28085 28090 28092 28102 28105 28110 28118 28122 28131 28132 28137 28146
28154 28158 28168 28171 28181 28183 28190 28195 28205 28213 28217 28225 28234 28236 28237 28242 28246 28251
28257 28264 28272 28280 28281 28288 28292 28298 28300 28304 28312 28319 28329 28337 28339 28341 28351 28357
28360 28366 28374 28381 28387 28397 28398 28406 28413 28415 28416 28419 28424 28425 28427 28430 28432 28434
28436 28439 28449 28458 28460 28469 28472 28475 28482 28488 28490 28500 28504 28509 28516 28520 28523 28527
28531 28538 28540 28550 28553 28559 28561 28565 28574 28584 28590 28598 28603 28611 28615 28622 28623 28627
28637 28642 28647 28649 28654 28660 28665 28671 28677 28683 28690 28697 28703 28713 28717 28722 28727 28734
28737 28739 28743 28750 28753 28755 28757 28762 28768 28776 28785 28793 28802 28805 28812 28817 28821 28829
28839 28841 28844 28846 28854 28855 28856 28865 28874 28884 28891 28898 28901 28909 28914 28915 28921 28928
28933 28937 28943 28944 28945 28948 28955 28962 28971 28981 28984 28988 28990 29000 29002 29009 29015 29024
29031 29036 29043 29048 29054 29060 29066 29076 29077 29087 29093 29103 29104 29105 29106 29107 29112 29115
29117 29126 29136 29142 29152 29157 29167 29174 29177 29183 29190 29195 29198 29203 29212 29220 29228 29233
29234 29235 29244 29254 29257 29262 29263 29270 29277 29285 29286 29287 29295 29303 29307 29311 29316 29326
29327 29333 29336 29339 29343 29348 29354 29357 29358 29361 29365 29366 29375 29378 29385 29389 29394 29398
29405 29409 29415 29421 29431 29441 29448 29451 29452 29461 29463 29465 29475 29484 29492 29502 29507 29514
29524 29527 29533 29540 29544 29546 29551 29554 29562 29563 29572 29580 29586 29590 29595 29600 29604 29611
29619 29628 29635 29643 29645 29649 29654 29659 29668 29670 29674 29679 29687 29693 29700 29701 29711 29713
29718 29719 29725 29732 29740 29745 29754 29764 29769 29774 29778 29784 29786 29792 29798 29804 29811 29820
29827 29831 29838 29842 29843 29846 29848 29858 29860 29861 29864 29867 29870 29879 29880 29889 29897 29901
29908 29912 29917 29927 29934 29937 29940 29946 29950 29958 29962 29965 29974 29981 29988 29989 29990 29991
29995 30002 30012 30022 30026 30027 30037 30043 30053 30057 30059 30067 30073 30082 30090 30092 30102 30103
30107 30108 30112 30114 30122 30123 30127 30134 30141 30143 30152 30161 30167 30176 30181 30188 30193 30198
30206 30210 30215 30217 30223 30227 30229 30234 30239 30248 30254 30256 30258 30263 30270 30280 30285 30290
30295 30300 30301 30302 30311 30316 30319 30324 30326 30330 30331 30332 30333 30336 30346 30349 30353 30359
30365 30368 30374 30376 30383 30393 30398 30400 30403 30407 30414 30417 30425 30431 30433 30440 30448 30456
30459 30461 30470 30474 30478 30483 30486 30494 30499 30507 30511 30520 30527 30529 30538 30546 30550 30558
30564 30569 30577 30586 30587 30590 30598 30603 30607 30612 30614 30617 30626 30633 30634 30641 30646 30655
30659 30669 30676 30686 30689 30699 30706 30709 30716 30718 30725 30726 30730 30739 30749 30756 30760 30765
30768 30773 30780 30790 30793 30803 30811 30815 30821 30822 30832 30836 30846 30849 30858 30867 30870 30876
30884 30890 30894 30904 30905 30915 30925 30932 30938 30946 30947 30948 30952 30962 30966 30967 30972 30973
30978 30981 30987 30996 31000 31009 31016 31023 31031 31039 31041 31044 31045 31053 31056 31058 31063 31064
31073 31077 31078 31083 31092 31096 31101 31105 31115 31120 31122 31130 31132 31134 31139 31146 31156 31166
31175 31178 31180 31190 31195 31200 31203 31210 31219 31222 31224 31228 31230 31233 31242 31251 31253 31261
31271 31274 31284 31285 31293 31299 31302 31304 31311 31318 31321 31324 31325 31335 31338 31344 31345 31352
31358 31361 31367 31372 31381 31383 31393 31395 31404 31406 31414 31421 31428 31433 31438 31444 31451 31458
31465 31471 31478 31481 31487 31493 31503 31505 31511 31514 31520 31529 31539 31541 31550 31553 31559 31563
31564 31570 31572 31580 31583 31586 31590 31595 31600 31606 31612 31613 31620 31625 31635 31642 31643 31646
31656 31663 31665 31668 31670 31678 31685 31688 31696 31704 31709 31711 31714 31716 31720 31726 31727 31729
31733 31740 31745 31754 31760 31768 31777 31783 31787 31795 31804 31810 31813 31818 31822 31826 31835 31841
31842 31843 31852 31861 31866 31867 31877 31882 31885 31894 31903 31904 31911 31921 31931 31932 31937 31939
31944 31951 31953 31955 31963 31973 31978 31979 31988 31998 32002 32005 32011 32016 32023 32027 32037 32045
32054 32064 32066 32069 32073 32080 32088 32092 32098 32104 32110 32116 32125 32133 32135 32138 32139 32144
32146 32154 32159 32165 32167 32168 32169 32171 32176 32179 32189 32194 32198 32203 32208 32210 32214 32221
32222 32228 32231 32240 32241 32251 32254 32259 32267 32272 32279 32288 32294 32297 32303 32308 32311 32316
32325 32332 32335 32340 32343 32353 32357 32365 32368 32378 32386 32387 32389 32393 32398 32400 32403 32408
32413 32420 32421 32426 32434 32435 32444 32452 32453 32459 32467 32475 32481 32485 32495 32505 32508 32511
32521 32526 32533 32542 32550 32556 32562 32567 32572 32578 32582 32585 32589 32596 32606 32607 32617 32624
32633 32640 32648 32653 32655 32659 32664 32668 32677 32685 32688 32698 32708 32714 32718 32727 32731 32733
32734 32735 32745 32748 32755 32761 32769 32772 32778 32788 32797 32806 32811 32821 32826 32829 32831 32832
32833 32843 32850 32852 32860 32867 32868 32872 32874 32878 32886 32893 32903 32907 32911 32920 32924 32930
32934 32941 32942 32947 32951 32952 32953 32963 32967 32969 32974 32976 32980 32982 32992 32996 33006 33015
33019 33025 33029 33031 33041 33050 33056 33066 33076 33081 33083 33088 33093 33097 33104 33110 33116 33123
33131 33140 33150 33152 33161 33169 33174 33177 33181 33183 33188 33193 33200 33207 33212 33215 33225 33226
33227 33230 33237 33238 33244 33251 33258 33266 33268 33270 33274 33280 33287 33297 33301 33302 33305 33314
33320 33325 33330 33338 33340 33346 33349 33358 33364 33367 33369 33378 33381 33387 33388 33390 33395 33402
33407 33417 33421 33425 33434 33438 33443 33449 33455 33456 33459 33464 33469 33473 33483 33491 33499 33506
33515 33525 33534 33537 33541 33551 33557 33563 33565 33575 33582 33584 33588 33590 33597 33605 33609 33618
33619 33629 33638 33639 33647 33651 33654 33658 33668 33669 33679 33689 33694 33700 33708 33711 33715 33724
33729 33736 33739 33741 33751 33757 33767 33769 33772 33781 33786 33793 33797 33805 33810 33814 33822 33823
33832 33837 33840 33843 33852 33855 33857 33859 33865 33866 33867 33877 33883 33892 33899 33900 33910 33916
33925 33930 33940 33948 33956 33965 33975 33978 33986 33991 33995 34003 34013 34022 34030 34035 34038 34045
34046 34048 34050 34051 34061 34064 34072 34080 34085 34089 34090 34097 34098 34102 34103 34111 34117 34123
34128 34135 34141 34145 34155 34158 34166 34170 34180 34181 34191 34201 34204 34213 34215 34220 34226 34231
34236 34241 34246 34250 34254 34264 34273 34281 34288 34297 34305 34312 34316 34318 34322 34332 34342 34345
34351 34353 34360 34365 34368 34369 34376 34381 34383 34391 34397 34401 34404 34407 34413 34416 34426 34436
34442 34444 34445 34447 34454 34457 34462 34467 34474 34482 34490 34499 34507 34513 34523 34529 34537 34538
34545 34549 34551 34561 34563 34570 34580 34581 34582 34588 34594 34598 34607 34616 34619 34627 34637 34643
34653 34662 34664 34669 34673 34675 34685 34690 34695 34697 34707 34712 34716 34721 34727 34728 34738 34742
34747 34752 34753 34763 34771 34772 34777 34785 34793 34797 34801 34810 34817 34823 34829 34834 34839 34841
34850 34858 34864 34866 34868 34870 34872 34877 34878 34888 34890 34891 34901 34910 34920 34923 34931 34939
34940 34947 34957 34962 34967 34971 34973 34978 34982 34991 34994 34999 35005 35006 35011 35019 35023 35032
35039 35043 35051 35058 35064 35070 35079 35086 35088 35095 35104 35111 35116 35123 35132 35139 35147 35154
35164 35165 35170 35178 35181 35182 35191 35200 35203 35212 35222 35223 35225 35235 35244 35248 35250 35258
35266 35271 35276 35285 35289 35293 35297 35303 35311 35313 35317 35327 35330 35338 35341 35346 35348 35350
35360 35363 35365 35374 35379 35380 35383 35392 35395 35397 35402 35405 35410 35413 35416 35425 35433 35437
35446 35447 35455 35456 35465 35475 35477 35486 35492 35494 35495 35499 35505 35508 35513 35523 35531 35535
35536 35542 35551 35556 35558 35565 35570 35580 35588 35598 35604 35614 35623 35630 35632 35636 35638 35643
35647 35648 35650 35657 35665 35671 35676 35680 35681 35691 35692 35696 35700 35708 35712 35713 35715 35721
35724 35725 35727 35736 35742 35752 35758 35765 35766 35774 35776 35778 35786 35791 35796 35799 35807 35815
35818 35826 35833 35837 35843 35852 35857 35863 35870 35874 35876 35878 35881 35885 35887 35891 35893 35896
35905 35915 35918 35922 35929 35934 35937 35943 35947 35955 35959 35967 35975 35978 35988 35995 36004 36011
36021 36030 36039 36043 36051 36055 36060 36066 36067 36072 36075 36082 36086 36096 36099 36108 36113 36114
36121 36126 36135 36143 36148 36155 36160 36162 36164 36165 36174 36182 36188 36189 36198 36204 36213 36222
36227 36228 36235 36241 36251 36261 36266 36276 36277 36281 36282 36284 36291 36298 36306 36315 36323 36324
36327 36329 36335 36340 36341 36344 36347 36356 36362 36367 36374 36375 36382 36383 36389 36394 36399 36404
36405 36411 36421 36424 36431 36436 36443 36444 36446 36450 36452 36459 36461 36465 36473 36477 36478 36481
36489 36499 36506 36516 36521 36526 36531 36541 36551 36556 36564 36574 36578 36586 36595 36598 36606 36612
36621 36624 36627 36636 36637 36645 36652 36653 36656 36664 36670 36671 36681 36684 36687 36694 36695 36697
36706 36709 36713 36722 36725 36733 36739 36746 36754 36757 36765 36775 36777 36781 36789 36799 36805 36807
36816 36825 36831 36841 36848 36854 36862 36867 36868 36871 36879 36880 36886 36890 36897 36906 36915 36920
36930 36935 36944 36952 36955 36960 36964 36971 36973 36976 36982 36991 37000 37003 37009 37015 37022 37030
37036 37040 37041 37050 37055 37064 37069 37079 37086 37092 37098 37100 37109 37119 37120 37121 37131 37133
37140 37148 37156 37160 37163 37166 37175 37181 37183 37185 37189 37196 37200 37202 37210 37211 37213 37217
37220 37225 37230 37239 37241 37250 37252 37256 37258 37261 37271 37281 37286 37291 37300 37307 37314 37315
37322 37326 37333 37339 37342 37346 37354 37356 37365 37374 37384 37385 37391 37397 37407 37410 37416 37425
37434 37439 37444 37454 37456 37464 37466 37471 37479 37487 37493 37499 37507 37517 37521 37530 37538 37548
37552 37558 37561 37563 37572 37578 37579 37585 37591 37596 37598 37603 37609 37616 37619 37625 37630 37638
37644 37654 37661 37665 37671 37678 37686 37688 37692 37699 37700 37704 37706 37710 37717 37725 37732 37739
37748 37750 37758 37764 37767 37777 37778 37787 37797 37799 37808 37818 37825 37830 37831 37834 37843 37848
37856 37864 37867 37871 37880 37884 37894 37904 37905 37915 37918 37926 37935 37940 37943 37946 37953 37958
37966 37969 37971 37973 37974 37983 37987 37990 37992 38000 38001 38006 38015 38016 38022 38025 38026 38029
38030 38032 38038 38047 38054 38056 38057 38060 38070 38080 38083 38091 38095 38102 38112 38115 38117 38125
38130 38135 38136 38139 38147 38153 38162 38170 38172 38177 38178 38186 38196 38202 38203 38210 38211 38219
38223 38229 38236 38237 38247 38257 38266 38271 38275 38283 38292 38297 38302 38306 38310 38319 38323 38333
38342 38348 38352 38360 38368 38371 38376 38386 38387 38392 38402 38411 38412 38418 38424 38427 38430 38437
38445 38455 38463 38468 38470 38476 38485 38491 38499 38506 38511 38515 38524 38530 38539 38540 38544 38554
38557 38558 38563 38570 38571 38572 38576 38586 38587 38591 38600 38605 38613 38615 38618 38625 38627 38635
38641 38651 38658 38667 38671 38674 38676 38680 38689 38697 38700 38702 38704 38711 38721 38729 38731 38737
38743 38751 38755 38763 38768 38775 38784 38791 38801 38806 38811 38818 38821 38830 38835 38843 38850 38859
38860 38866 38875 38881 38882 38886 38895 38902 38906 38911 38916 38923 38927 38928 38930 38936 38945 38954
38962 38964 38971 38974 38983 38986 38987 38996 39006 39009 39013 39021 39022 39025 39031 39033 39037 39046
39051 39055 39064 39065 39074 39083 39091 39095 39105 39112 39114 39116 39121 39126 39134 39138 39148 39152
39160 39163 39171 39174 39178 39180 39187 39193 39203 39204 39212 39221 39231 39233 39239 39245 39249 39255
39265 39266 39275 39285 39290 39296 39302 39309 39316 39321 39322 39331 39338 39342 39345 39347 39349 39350
39351 39354 39361 39365 39367 39373 39382 39392 39398 39400 39409 39417 39425 39431 39440 39447 39454 39455
39465 39468 39476 39483 39491 39495 39505 39511 39515 39522 39530 39533 39534 39539 39544 39546 39549 39555
39563 39565 39573 39582 39590 39592 39594 39596 39602 39606 39609 39610 39613 39618 39627 39635 39644 39652
39658 39664 39669 39671 39672 39674 39680 39682 39692 39693 39696 39700 39709 39711 39717 39722 39729 39735
39745 39750 39758 39760 39770 39777 39780 39783 39792 39796 39804 39814 39815 39824 39825 39831 39835 39841
39850 39855 39858 39866 39874 39879 39880 39887 39891 39900 39908 39914 39917 39918 39922 39923 39925 39926
39930 39931 39932 39936 39941 39946 39950 39959 39965 39967 39975 39977 39978 39987 39996 40001 40005 40013
40016 40022 40027 40031 40040 40050 40053 40059 40066 40076 40079 40086 40094 40097 40102 40110 40111 40115
40118 40128 40130 40138 40145 40155 40157 40163 40166 40176 40181 40190 40197 40206 40212 40214 40215 40221
40227 40228 40231 40240 40245 40248 40255 40263 40265 40273 40276 40277 40280 40282 40285 40291 40293 40302
40309 40316 40320 40322 40323 40333 40335 40340 40342 40346 40352 40354 40358 40366 40376 40379 40382 40383
40391 40397 40401 40408 40417 40421 40428 40434 40442 40451 40459 40468 40477 40486 40496 40503 40504 40514
40517 40520 40521 40529 40539 40547 40557 40562 40567 40576 40577 40581 40584 40589 40592 40593 40594 40599
40601 40610 40615 40625 40635 40642 40651 40655 40659 40666 40676 40683 40684 40693 40700 40710 40720 40727
40732 40736 40742 40751 40759 40769 40771 40781 40788 40793 40795 40805 40814 40819 40823 40832 40837 40841
40846 40852 40862 40868 40873 40883 40886 40896 40906 40911 40912 40915 40925 40932 40936 40944 40948 40952
40955 40957 40961 40964 40966 40976 40981 40989 40995 41001 41003 41007 41017 41026 41027 41037 41042 41052
41059 41064 41074 41078 41081 41086 41090 41099 41103 41112 41119 41126 41134 41138 41144 41147 41154 41158
41166 41170 41172 41179 41189 41198 41202 41204 41208 41212 41215 41220 41223 41232 41233 41241 41250 41257
41262 41272 41279 41283 41289 41292 41300 41301 41311 41312 41318 41326 41336 41339 41346 41355 41364 41370
41374 41383 41393 41400 41403 41405 41412 41422 41423 41427 41430 41432 41434 41442 41448 41452 41462 41467
41474 41476 41480 41481 41487 41491 41495 41501 41506 41513 41516 41517 41525 41529 41533 41543 41552 41562
41564 41568 41575 41577 41581 41589 41591 41592 41600 41601 41608 41615 41616 41617 41619 41629 41636 41645
41648 41653 41657 41659 41668 41677 41684 41692 41693 41702 41704 41705 41713 41722 41728 41732 41739 41740
41742 41751 41761 41769 41776 41777 41782 41787 41789 41799 41802 41803 41804 41811 41819 41824 41834 41843
41852 41859 41863 41864 41874 41879 41889 41894 41897 41902 41906 41913 41919 41929 41930 41938 41944 41951
41953 41960 41966 41972 41974 41975 41985 41990 41997 42002 42008 42012 42022 42026 42033 42042 42050 42051
42060 42061 42068 42069 42072 42073 42079 42084 42091 42094 42103 42104 42105 42110 42113 42119 42128 42135
42140 42144 42152 42160 42163 42171 42180 42185 42189 42197 42205 42212 42215 42225 42228 42235 42241 42247
42256 42260 42264 42268 42273 42275 42279 42285 42294 42297 42299 42304 42313 42316 42317 42325 42331 42333
42334 42344 42353 42361 42362 42365 42372 42375 42378 42385 42386 42388 42395 42396 42399 42406 42410 42411
42413 42420 42430 42432 42435 42436 42438 42441 42445 42451 42452 42455 42456 42465 42471 42476 42481 42484
42486 42494 42500 42509 42518 42526 42532 42534 42536 42537 42543 42551 42553 42558 42562 42564 42569 42571
42580 42588 42591 42594 42600 42607 42616 42626 42635 42644 42654 42661 42663 42664 42673 42680 42684 42685
42687 42692 42702 42710 42713 42717 42718 42726 42731 42739 42747 42749 42759 42769 42777 42783 42793 42796
42802 42808 42812 42820 42824 42826 42830 42837 42842 42846 42850 42858 42868 42874 42878 42881 42885 42893
42896 42897 42905 42911 42914 42916 42921 42926 42936 42938 42945 42951 42956 42960 42961 42962 42964 42967
42973 42974 42982 42990 42992 42999 43003 43009 43019 43021 43022 43029 43039 43049 43053 43063 43066 43072
43074 43078 43086 43088 43097 43106 43111 43115 43125 43126 43128 43132 43135 43139 43143 43149 43151 43156
43165 43172 43177 43187 43193 43200 43209 43212 43213 43223 43225 43228 43231 43240 43244 43248 43251 43253
43262 43265 43271 43272 43282 43283 43291 43297 43299 43306 43312 43317 43324 43329 43337 43339 43346 43354
43363 43366 43369 43373 43379 43382 43388 43389 43392 43397 43399 43404 43412 43421 43422 43427 43429 43439
43448 43451 43454 43455 43458 43463 43469 43479 43486 43496 43503 43511 43514 43518 43528 43532 43533 43535
43542 43549 43552 43561 43571 43577 43587 43593 43598 43605 43614 43620 43627 43631 43632 43642 43649 43651
43660 43666 43672 43677 43687 43697 43705 43714 43721 43722 43728 43732 43733 43738 43739 43746 43751 43754
43759 43762 43766 43772 43782 43792 43799 43800 43803 43811 43820 43825 43834 43835 43839 43840 43847 43848
43857 43867 43870 43877 43887 43892 43902 43911 43919 43923 43931 43939 43947 43952 43954 43960 43967 43971
43980 43988 43990 43993 43995 44003 44012 44017 44019 44022 44026 44035 44040 44047 44056 44062 44072 44076
44082 44089 44093 44098 44107 44117 44126 44134 44141 44143 44144 44150 44156 44163 44166 44175 44181 44186
44191 44196 44203 44211 44221 44231 44241 44248 44258 44267 44277 44280 44285 44293 44302 44312 44322 44325
44327 44331 44338 44343 44347 44351 44360 44367 44372 44374 44377 44378 44385 44389 44394 44401 44407 44414
44420 44422 44424 44428 44430 44436 44444 44448 44451 44455 44457 44458 44463 44466 44473 44482 44486 44493
44500 44506 44515 44517 44527 44532 44538 44547 44549 44557 44558 44561 44565 44567 44576 44579 44582 44587
44591 44601 44602 44604 44611 44621 44622 44625 44631 44638 44640 44649 44656 44662 44664 44667 44674 44675
44679 44688 44698 44705 44708 44716 44725 44726 44730 44735 44736 44743 44752 44759 44762 44763 44770 44778
44782 44792 44802 44805 44812 44821 44824 44828 44837 44845 44847 44857 44867 44875 44884 44885 44895 44900
44907 44916 44921 44925 44931 44932 44935 44936 44942 44944 44954 44959 44968 44971 44977 44987 44989 44991
44998 45001 45011 45018 45026 45031 45037 45041 45042 45047 45056 45066 45068 45073 45079 45081 45085 45092
45096 45105 45107 45110 45119 45122 45129 45135 45145 45153 45159 45167 45174 45178 45187 45196 45203 45207
45217 45219 45229 45231 45233 45235 45244 45245 45248 45253 45263 45273 45276 45282 45291 45296 45298 45300
45308 45315 45323 45333 45339 45340 45346 45354 45357 45361 45366 45369 45375 45381 45391 45400 45408 45409
45419 45423 45430 45431 45435 45444 45454 45456 45461 45463 45464 45470 45479 45487 45494 45503 45505 45510
45511 45512 45520 45524 45527 45535 45541 45547 45550 45560 45562 45568 45570 45571 45577 45587 45590 45593
45598 45603 45609 45616 45619 45626 45631 45635 45645 45651 45657 45661 45671 45675 45685 45686 45692 45698
45706 45707 45717 45725 45729 45734 45742 45743 45748 45757 45765 45775 45777 45783 45788 45794 45796 45802
45805 45809 45814 45820 45826 45834 45844 45853 45859 45866 45867 45869 45878 45881 45889 45896 45898 45900
45904 45906 45912 45922 45931 45940 45946 45955 45959 45966 45972 45982 45987 45994 45999 46002 46011 46013
46015 46018 46026 46031 46036 46042 46046 46051 46058 46063 46072 46080 46087 46093 46101 46102 46103 46104
46114 46119 46126 46133 46138 46142 46149 46155 46165 46168 46178 46179 46187 46194 46199 46202 46210 46220
46228 46233 46235 46242 46244 46251 46258 46268 46271 46276 46280 46281 46286 46292 46297 46303 46313 46319
46325 46327 46332 46339 46348 46350 46357 46364 46374 46384 46387 46388 46396 46403 46410 46414 46421 46422
46423 46425 46435 46437 46438 46443 46451 46461 46464 46474 46477 46478 46486 46490 46494 46502 46506 46509
46513 46521 46531 46541 46542 46544 46554 46559 46569 46573 46578 46585 46592 46601 46606 46612 46616 46622
46630 46639 46644 46651 46659 46660 46664 46674 46684 46691 46694 46699 46704 46714 46723 46731 46740 46745
46749 46759 46760 46770 46779 46787 46788 46792 46801 46803 46813 46818 46827 46831 46841 46844 46849 46853
46856 46862 46870 46871 46875 46877 46884 46892 46899 46902 46908 46909 46912 46922 46931 46937 46940 46944
46952 46953 46958 46966 46976 46986 46993 47003 47009 47011 47017 47019 47021 47031 47035 47039 47045 47050
47060 47063 47073 47079 47089 47098 47104 47105 47111 47117 47121 47124 47130 47138 47141 47147 47149 47157
47166 47169 47179 47188 47196 47205 47214 47224 47231 47237 47240 47243 47247 47255 47260 47267 47276 47280
47289 47295 47303 47312 47316 47323 47333 47343 47350 47355 47363 47369 47376 47378 47381 47391 47399 47406
47412 47420 47427 47431 47437 47447 47449 47458 47462 47463 47469 47476 47486 47488 47493 47500 47504 47509
47512 47521 47529 47539 47548 47552 47555 47558 47566 47567 47576 47584 47592 47596 47598 47602 47607 47615
47624 47633 47636 47644 47652 47653 47654 47657 47664 47673 47683 47693 47701 47707 47711 47720 47728 47729
47733 47737 47742 47746 47755 47762 47772 47777 47781 47790 47792 47794 47799 47805 47806 47815 47825 47835
47840 47843 47852 47859 47866 47870 47874 47875 47879 47885 47895 47897 47901 47904 47905 47906 47916 47917
47918 47924 47931 47934 47943 47947 47954 47958 47962 47964 47972 47977 47985 47989 47997 47999 48000 48003
48011 48013 48017 48021 48030 48036 48042 48047 48053 48055 48063 48073 48079 48080 48087 48095 48102 48103
48109 48112 48120 48122 48127 48129 48130 48133 48141 48151 48158 48163 48170 48171 48174 48180 48183 48190
48196 48203 48213 48214 48220 48226 48236 48239 48245 48247 48249 48254 48260 48261 48271 48273 48279 48286
48296 48305 48313 48321 48330 48332 48336 48339 48349 48352 48358 48363 48367 48373 48376 48378 48382 48386
48391 48399 48409 48419 48429 48438 48439 48441 48447 48455 48464 48468 48478 48479 48488 48494 48495 48504
48509 48511 48514 48516 48517 48520 48527 48537 48542 48545 48549 48555 48564 48574 48582 48588 48596 48599
48602 48603 48605 48608 48611 48621 48628 48637 48638 48647 48648 48651 48656 48657 48661 48669 48672 48675
48677 48687 48694 48702 48711 48718 48725 48728 48734 48742 48749 48750 48755 48763 48770 48780 48789 48792
48794 48795 48800 48806 48810 48812 48816 48821 48831 48832 48839 48847 48857 48859 48869 48875 48881 48891
48898 48900 48907 48913 48914 48918 48922 48929 48935 48944 48950 48960 48967 48970 48980 48981 48985 48992
48998 49003 49007 49011 49017 49022 49029 49037 49043 49046 49053 49058 49067 49071 49076 49077 49079 49082
49091 49093 49095 49101 49104 49108 49117 49121 49130 49139 49142 49150 49160 49163 49165 49172 49181 49189
49193 49199 49208 49210 49214 49221 49225 49228 49236 49239 49241 49244 49254 49256 49259 49269 49278 49287
49290 49291 49295 49299 49302 49307 49314 49315 49323 49333 49337 49339 49345 49350 49355 49359 49361 49369
49378 49385 49387 49391 49392 49396 49406 49416 49422 49428 49431 49435 49440 49447 49448 49458 49460 49463
49471 49472 49480 49487 49490 49492 49496 49501 49502 49505 49509 49515 49521 49526 49529 49532 49541 49551
49556 49564 49568 49576 49585 49595 49601 49611 49618 49628 49635 49641 49642 49648 49655 49662 49665 49666
49671 49681 49687 49695 49704 49708 49718 49728 49733 49736 49738 49741 49745 49746 49750 49754 49755 49757
49758 49763 49764 49768 49776 49786 49794 49803 49804 49808 49814 49816 49818 49821 49824 49831 49834 49838
49841 49844 49850 49859 49867 49870 49879 49885 49892 49900 49906 49907 49916 49923 49927 49931 49941 49944
49949 49951 49953 49958 49967 49973 49976 49984 49993 49995 49997 50004 50013 50018 50022 50030 50037 50045
50049 50059 50061 50063 50070 50071 50081 50083 50087 50094 50095 50104 50110 50119 50129 50137 50145 50147
50148 50157 50166 50169 50174 50181 50187 50190 50196 50198 50206 50216 50218 50219 50220 50226 50229 50233
50240 50249 50254 50259 50260 50265 50273 50281 50286 50296 50299 50302 50309 50317 50327 50337 50344 50350
50355 50358 50359 50366 50367 50371 50374 50376 50382 50392 50394 50395 50405 50406 50407 50416 50425 50428
50433 50442 50451 50455 50465 50469 50475 50479 50480 50481 50485 50487 50493 50494 50495 50496 50500 50503
50508 50516 50519 50527 50532 50536 50546 50556 50562 50566 50574 50579 50585 50588 50593 50602 50612 50613
50615 50616 50625 50627 50630 50633 50640 50641 50646 50655 50656 50661 50663 50664 50672 50679 50685 50689
50690 50697 50706 50711 50721 50731 50732 50741 50743 50745 50753 50756 50758 50768 50773 50782 50788 50790
50795 50802 50810 50820 50824 50825 50827 50835 50839 50844 50854 50857 50863 50867 50875 50883 50892 50897
50905 50907 50917 50927 50934 50943 50947 50950 50956 50960 50968 50974 50981 50984 50992 51001 51004 51014
51017 51024 51032 51036 51045 51054 51064 51067 51074 51082 51083 51087 51088 51092 51098 51107 51111 51114
51118 51127 51128 51129 51132 51135 51138 51140 51144 51152 51161 51164 51170 51176 51181 51191 51194 51202
51203 51204 51206 51210 51215 51224 51229 51231 51241 51246 51250 51255 51257 51259 51263 51268 51274 51279
51281 51286 51291 51296 51305 51310 51314 51319 51328 51333 51336 51342 51345 51347 51357 51362 51366 51373
51375 51380 51386 51389 51390 51398 51401 51410 51418 51420 51421 51423 51431 51439 51445 51446 51455 51465
51474 51477 51485 51494 51499 51505 51507 51509 51514 51519 51528 51535 51545 51554 51555 51562 51570 51578
51587 51592 51601 51610 51613 51622 51631 51637 51639 51649 51657 51664 51668 51677 51680 51683 51685 51686
51691 51693 51699 51705 51715 51725 51732 51734 51743 51750 51759 51764 51773 51777 51779 51787 51791 51798
51805 51808 51818 51824 51826 51832 51837 51847 51851 51861 51867 51873 51875 51882 51889 51895 51902 51908
51918 51923 51925 51933 51939 51947 51948 51952 51954 51960 51968 51974 51983 51987 51990 51996 52003 52007
52015 52020 52024 52029 52032 52039 52041 52044 52045 52052 52061 52071 52076 52080 52087 52093 52102 52107
52108 52115 52116 52126 52133 52139 52143 52146 52147 52150 52152 52158 52166 52168 52172 52173 52178 52188
52197 52207 52212 52217 52225 52227 52236 52241 52245 52249 52258 52260 52263 52272 52282 52289 52294 52298
52306 52311 52314 52324 52334 52338 52348 52349 52352 52357 52365 52369 52371 52376 52378 52387 52395 52396
52405 52407 52415 52424 52428 52436 52439 52440 52450 52460 52461 52467 52475 52479 52485 52491 52500 52506
52512 52517 52523 52526 52534 52540 52546 52553 52561 52567 52575 52583 52591 52600 52605 52615 52618 52622
52628 52632 52633 52639 52644 52649 52650 52651 52660 52667 52670 52678 52685 52690 52698 52705 52709 52719
52728 52729 52738 52743 52750 52753 52763 52771 52781 52787 52797 52802 52808 52813 52814 52823 52824 52826
52835 52838 52839 52848 52851 52854 52864 52866 52874 52879 52887 52891 52898 52899 52900 52905 52913 52915
52916 52923 52926 52929 52936 52946 52953 52962 52969 52970 52976 52977 52987 52989 52999 53001 53002 53005
53011 53012 53017 53020 53026 53032 53034 53043 53047 53049 53058 53062 53066 53071 53078 53088 53090 53091
53099 53101 53104 53106 53112 53120 53121 53123 53124 53125 53132 53139 53146 53156 53160 53167 53175 53177
53179 53181 53187 53188 53192 53193 53203 53208 53217 53223 53229 53230 53237 53247 53255 53257 53261 53266
53271 53272 53279 53281 53285 53295 53297 53307 53308 53313 53314 53323 53325 53326 53327 53330 53335 53344
53345 53349 53357 53365 53375 53384 53390 53396 53398 53406 53416 53425 53433 53440 53441 53443 53451 53460
53469 53477 53481 53486 53489 53496 53503 53510 53512 53513 53518 53525 53529 53531 53532 53541 53544 53554
53557 53565 53574 53579 53589 53598 53603 53613 53617 53621 53630 53640 53642 53643 53649 53653 53661 53671
53681 53683 53687 53690 53694 53697 53704 53709 53712 53721 53722 53724 53732 53742 53747 53750 53753 53754
53756 53759 53768 53769 53775 53784 53785 53786 53795 53799 53809 53811 53813 53818 53823 53832 53839 53843
53852 53854 53860 53861 53867 53876 53882 53883 53888 53889 53896 53902 53904 53909 53918 53924 53932 53939
53945 53949 53956 53958 53962 53968 53974 53977 53984 53986 53994 54002 54005 54014 54020 54029 54037 54046
54051 54055 54062 54065 54073 54081 54082 54083 54086 54093 54096 54098 54108 54114 54122 54125 54135 54145
54154 54162 54163 54165 54168 54172 54175 54184 54187 54197 54205 54214 54223 54224 54233 54234 54238 54248
54252 54259 54261 54271 54272 54273 54274 54284 54288 54295 54300 54302 54306 54312 54318 54320 54326 54332
54335 54342 54349 54356 54363 54365 54366 54375 54383 54384 54388 54390 54396 54402 54405 54406 54414 54418
54422 54432 54438 54446 54452 54460 54470 54471 54480 54487 54493 54500 54503 54511 54517 54519 54523 54526
54534 54539 54547 54557 54559 54562 54572 54577 54583 54593 54597 54607 54609 54614 54622 54630 54634 54640
54648 54654 54657 54661 54663 54668 54670 54674 54678 54685 54686 54688 54694 54695 54702 54703 54704 54707
54709 54710 54714 54721 54731 54734 54739 54746 54749 54754 54756 54760 54766 54774 54777 54783 54789 54792
54795 54796 54806 54809 54814 54824 54826 54829 54835 54842 54852 54856 54858 54864 54874 54880 54889 54892
54896 54906 54912 54914 54917 54921 54931 54938 54944 54950 54956 54961 54964 54971 54978 54984 54989 54997
55001 55006 55009 55016 55022 55028 55037 55043 55051 55053 55058 55068 55075 55078 55081 55089 55091 55095
55104 55112 55116 55122 55130 55136 55141 55147 55154 55162 55172 55173 55177 55179 55189 55198 55204 55210
55219 55221 55226 55229 55238 55240 55250 55258 55262 55265 55273 55280 55289 55291 55297 55300 55309 55311
55312 55316 55326 55329 55333 55340 55344 55347 55352 55362 55370 55376 55381 55387 55396 55400 55401 55407
55408 55415 55420 55429 55432 55438 55447 55448 55451 55455 55459 55462 55469 55477 55486 55495 55501 55506
55516 55521 55527 55528 55535 55537 55542 55543 55553 55561 55569 55577 55584 55585 55587 55591 55600 55609
55611 55617 55622 55625 55632 55635 55639 55642 55644 55645 55647 55648 55649 55656 55662 55663 55673 55677
55687 55692 55693 55703 55709 55713 55716 55718 55724 55733 55740 55744 55748 55750 55755 55757 55762 55767
55776 55785 55792 55797 55804 55813 55823 55833 55836 55844 55851 55861 55863 55868 55877 55878 55882 55883
55887 55894 55898 55904 55909 55912 55921 55925 55930 55934 55940 55941 55951 55957 55958 55961 55968 55977
55987 55992 55994 56004 56006 56014 56017 56023 56028 56029 56038 56040 56049 56057 56060 56063 56072 56080
56086 56091 56095 56097 56107 56110 56112 56116 56120 56123 56127 56130 56138 56139 56147 56157 56158 56165
56172 56175 56183 56191 56199 56205 56207 56217 56218 56222 56225 56234 56235 56244 56250 56253 56255 56264
56266 56276 56284 56290 56299 56305 56314 56320 56321 56322 56329 56336 56338 56341 56346 56351 56356 56365
56374 56377 56384 56385 56390 56395 56403 56404 56412 56414 56420 56421 56431 56432 56442 56445 56449 56459
56469 56476 56486 56495 56502 56507 56510 56511 56514 56524 56528 56534 56540 56543 56553 56560 56563 56566
56569 56570 56571 56575 56577 56581 56583 56584 56586 56590 56596 56606 56610 56611 56613 56618 56627 56628
56631 56640 56649 56656 56660 56666 56674 56679 56682 56689 56690 56695 56701 56706 56707 56711 56716 56720
56730 56733 56734 56744 56748 56749 56756 56765 56771 56776 56782 56790 56796 56799 56803 56806 56809 56817
56819 56820 56829 56835 56841 56848 56858 56868 56876 56881 56884 56887 56894 56900 56910 56920 56924 56934
56941 56950 56956 56966 56971 56976 56980 56987 56994 56995 56997 56998 56999 57002 57004 57012 57022 57024
57032 57037 57039 57042 57045 57049 57056 57059 57064 57066 57071 57079 57082 57087 57092 57096 57104 57113
57118 57119 57128 57134 57144 57152 57159 57163 57171 57178 57182 57191 57196 57199 57201 57210 57216 57225
57228 57235 57244 57245 57248 57253 57257 57267 57271 57272 57276 57280 57289 57295 57303 57312 57314 57322
57327 57331 57333 57337 57340 57350 57359 57363 57369 57378 57382 57385 57387 57396 57400 57406 57409 57415
57420 57425 57429 57436 57442 57452 57461 57467 57468 57477 57482 57488 57489 57496 57497 57500 57508 57509
57513 57518 57520 57525 57533 57534 57536 57546 57552 57560 57564 57565 57569 57579 57588 57594 57597 57598
57608 57612 57620 57622 57629 57631 57634 57635 57637 57640 57645 57649 57650 57651 57654 57663 57666 57668
57672 57680 57684 57688 57698 57702 57709 57715 57716 57723 57728 57734 57742 57751 57754 57755 57760 57765
57769 57779 57781 57789 57799 57800 57808 57816 57822 57824 57830 57833 57836 57843 57853 57857 57866 57870
57879 57889 57894 57897 57899 57903 57912 57921 57927 57928 57938 57941 57944 57948 57950 57957 57961 57962
57964 57969 57977 57987 57995 57999 58004 58006 58009 58011 58021 58030 58039 58048 58052 58061 58067 58070
58073 58080 58083 58090 58097 58101 58102 58112 58113 58117 58127 58133 58137 58140 58145 58155 58163 58164
58171 58172 58173 58183 58184 58192 58201 58209 58219 58224 58231 58239 58249 58255 58256 58257 58266 58274
58283 58287 58295 58303 58308 58314 58321 58325 58331 58339 58348 58356 58362 58367 58376 58384 58385 58389
58396 58397 58400 58401 58404 58414 58420 58424 58433 58440 58446 58453 58459 58466 58475 58481 58489 58491
58498 58505 58510 58511 58519 58526 58528 58536 58540 58548 58555 58562 58571 58577 58587 58594 58600 58609
58618 58628 58631 58634 58644 58646 58650 58660 58663 58669 58670 58679 58689 58697 58707 58715 58724 58731
58733 58734 58744 58752 58753 58760 58761 58769 58776 58783 58793 58799 58807 58816 58824 58831 58839 58841
58845 58853 58859 58860 58863 58872 58881 58882 58884 58894 58904 58907 58917 58926 58933 58942 58951 58955
58956 58958 58959 58964 58965 58966 58973 58977 58987 58991 58993 59003 59005 59006 59012 59017 59025 59026
59036 59040 59048 59057 59060 59070 59077 59084 59088 59093 59097 59099 59106 59116 59118 59128 59131 59135
59141 59142 59151 59156 59159 59166 59176 59178 59182 59191 59193 59194 59196 59205 59210 59219 59222 59223
59229 59237 59246 59250 59260 59268 59275 59278 59284 59286 59288 59296 59306 59307 59316 59324 59331 59340
59341 59350 59353 59356 59366 59370 59374 59375 59380 59385 59389 59393 59394 59396 59397 59400 59407 59416
59419 59429 59437 59442 59448 59455 59459 59460 59466 59468 59472 59473 59476 59480 59482 59485 59491 59501
59511 59520 59525 59528 59529 59535 59540 59549 59554 59564 59567 59575 59576 59582 59591 59597 59604 59614
59623 59627 59636 59642 59644 59653 59658 59661 59663 59665 59671 59676 59678 59685 59690 59695 59705 59711
59714 59715 59717 59725 59729 59731 59736 59741 59750 59755 59759 59761 59768 59773 59777 59782 59787 59792
59797 59801 59805 59813 59814 59818 59826 59832 59837 59839 59840 59841 59850 59857 59858 59861 59869 59877
59880 59881 59888 59897 59900 59906 59909 59913 59915 59919 59923 59924 59932 59935 59937 59945 59955 59962
59971 59975 59982 59983 59988 59991 59999 60005 60006 60008 60015 60024 60033 60034 60041 60051 60058 60060
60065 60067 60068 60078 60082 60091 60097 60103 60111 60121 60124 60129 60136 60140 60148 60156 60158 60159
60164 60171 60180 60190 60193 60203 60211 60213 60218 60225 60234 60242 60252 60254 60260 60267 60270 60275
60281 60282 60292 60298 60300 60310 60312 60317 60326 60336 60338 60342 60352 60353 60359 60361 60371 60375
60376 60382 60392 60399 60400 60404 60413 60421 60426 60429 60436 60442 60449 60456 60459 60466 60470 60479
60482 60492 60499 60509 60512 60517 60521 60531 60537 60541 60542 60549 60551 60560 60566 60575 60585 60591
60601 60605 60606 60614 60623 60624 60631 60639 60644 60645 60652 60653 60660 60661 60666 60669 60675 60677
60685 60689 60696 60702 60703 60708 60712 60722 60725 60733 60740 60744 60752 60760 60764 60771 60780 60787
60792 60800 60804 60809 60812 60814 60820 60825 60831 60836 60840 60844 60849 60858 60860 60870 60872 60874
60876 60886 60891 60897 60900 60906 60910 60919 60927 60932 60942 60943 60947 60956 60963 60972 60976 60977
60979 60987 60996 61004 61012 61021 61025 61027 61031 61040 61043 61050 61051 61056 61060 61066 61068 61075
61076 61078 61082 61091 61100 61109 61111 61118 61128 61136 61139 61143 61147 61155 61162 61167 61175 61183
61192 61200 61209 61212 61217 61226 61236 61240 61245 61250 61251 61258 61259 61264 61273 61280 61286 61292
61299 61302 61303 61309 61312 61313 61317 61327 61335 61337 61346 61351 61354 61356 61361 61370 61376 61379
61385 61394 61397 61398 61401 61405 61406 61410 61416 61418 61423 61433 61439 61445 61447 61457 61461 61463
61469 61478 61481 61489 61495 61499 61502 61512 61514 61517 61519 61525 61527 61534 61536 61538 61548 61555
61560 61564 61571 61578 61587 61591 61593 61597 61607 61612 61615 61619 61624 61634 61636 61637 61645 61655
61656 61661 61670 61680 61688 61694 61698 61704 61705 61714 61722 61732 61735 61737 61740 61741 61750 61751
61761 61767 61774 61781 61790 61795 61803 61804 61811 61819 61826 61832 61838 61840 61841 61849 61854 61855
61857 61865 61870 61880 61881 61891 61896 61898 61907 61908 61912 61921 61930 61939 61944 61952 61960 61966
61970 61980 61987 61993 62002 62004 62013 62023 62033 62034 62041 62050 62057 62067 62073 62083 62084 62085
62094 62097 62100 62109 62119 62124 62129 62137 62147 62148 62149 62156 62157 62160 62162 62172 62181 62184
62186 62190 62199 62207 62211 62217 62224 62233 62234 62239 62249 62252 62256 62262 62265 62275 62285 62288
62294 62297 62304 62310 62314 62324 62333 62336 62338 62346 62353 62354 62356 62361 62371 62374 62381 62388
62395 62402 62403 62408 62412 62416 62426 62427 62433 62438 62447 62456 62465 62466 62475 62481 62483 62488
62489 62491 62493 62496 62505 62508 62513 62518 62519 62523 62532 62537 62542 62550 62555 62562 62572 62578
62581 62588 62591 62600 62608 62609 62611 62620 62625 62630 62631 62635 62645 62651 62659 62669 62675 62684
62693 62699 62705 62708 62710 62720 62728 62729 62732 62740 62747 62753 62757 62760 62769 62779 62786 62787
62794 62796 62804 62814 62820 62830 62831 62841 62842 62845 62849 62859 62860 62866 62867 62875 62884 62889
62896 62901 62911 62912 62918 62922 62928 62938 62943 62949 62951 62952 62962 62967 62977 62983 62989 62998
63003 63011 63013 63015 63019 63021 63028 63035 63041 63043 63046 63050 63052 63061 63070 63075 63084 63094
63095 63098 63108 63113 63115 63121 63123 63125 63126 63130 63135 63138 63142 63151 63156 63162 63171 63181
63188 63189 63196 63206 63216 63220 63223 63226 63231 63240 63248 63251 63257 63263 63269 63271 63273 63282
63290 63295 63297 63305 63314 63323 63333 63340 63344 63352 63362 63363 63373 63378 63384 63390 63400 63403
63409 63413 63422 63423 63429 63436 63439 63441 63447 63450 63459 63469 63474 63476 63481 63490 63499 63504
63506 63508 63518 63526 63535 63537 63542 63544 63545 63547 63548 63557 63567 63577 63585 63590 63592 63593
63595 63603 63605 63606 63613 63617 63625 63632 63639 63645 63648 63653 63654 63660 63670 63679 63681 63687
63694 63695 63700 63710 63713 63716 63725 63727 63731 63735 63739 63746 63747 63757 63760 63761 63762 63766
63768 63774 63784 63786 63794 63803 63811 63817 63818 63822 63824 63827 63828 63834 63844 63853 63855 63860
63862 63864 63870 63878 63881 63888 63894 63903 63909 63916 63919 63923 63930 63936 63940 63943 63947 63955
63957 63959 63969 63978 63984 63991 63999 64007 64014 64016 64019 64024 64025 64031 64041 64049 64057 64058
64063 64065 64073 64079 64086 64093 64101 64111 64113 64115 64116 64122 64124 64126 64130 64135 64139 64144
64152 64157 64167 64172 64174 64183 64189 64193 64196 64199 64209 64212 64221 64228 64232 64238 64240 64247
64251 64261 64266 64267 64275 64276 64285 64294 64302 64311 64321 64328 64329 64339 64341 64351 64357 64362
64368 64376 64377 64381 64389 64394 64403 64409 64411 64417 64426 64428 64434 64443 64450 64457 64458 64465
64466 64474 64479 64485 64491 64493 64495 64502 64507 64517 64524 64530 64539 64544 64545 64552 64557 64559
64567 64575 64578 64581 64589 64597 64601 64608 64610 64616 64625 64631 64636 64642 64646 64651 64661 64664
64668 64672 64679 64684 64686 64696 64701 64709 64719 64727 64730 64738 64743 64751 64761 64768 64771 64775
64780 64781 64786 64794 64796 64805 64806 64812 64819 64827 64835 64840 64849 64859 64860 64869 64878 64881
64887 64895 64904 64914 64923 64930 64932 64941 64950 64958 64965 64975 64981 64985 64993 65002 65003 65005
65014 65020 65023 65028 65033 65038 65041 65045 65050 65057 65067 65073 65074 65080 65090 65093 65096 65106
65116 65121 65129 65133 65134 65142 65152 65156 65163 65173 65183 65191 65201 65205 65215 65224 65233 65243
65249 65250 65259 65264 65270 65274 65275 65280 65290 65295 65296 65306 65308 65316 65319 65321 65326 65336
65338 65339 65341 65346 65350 65354 65359 65360 65365 65367 65377 65383 65391 65397 65400 65401 65406 65416
65422 65425 65431 65437 65443 65445 65446 65448 65449 65455 65456 65465 65469 65474 65483 65486 65495 65503
65505 65515 65525 65533 65541 65546 65547 65556 65564 65570 65574 65583 65586 65596 65602 65605 65609 65613
65619 65629 65639 65645 65647 65651 65659 65663 65673 65680 65687 65696 65703 65710 65719 65722 65723 65729
65736 65743 65752 65758 65767 65772 65776 65783 65786 65792 65801 65805 65814 65816 65817 65820 65830 65838
65846 65854 65860 65865 65875 65879 65888 65895 65904 65907 65916 65921 65926 65932 65941 65945 65954 65963
65965 65972 65976 65985 65991 65997 66006 66015 66016 66025 66029 66038 66046 66055 66059 66061 66071 66072
66080 66084 66085 66095 66103 66107 66108 66111 66116 66126 66128 66132 66134 66138 66143 66144 66148 66151
66153 66157 66160 66165 66170 66178 66179 66181 66183 66188 66196 66200 66201 66208 66210 66215 66220 66229
66239 66245 66248 66258 66267 66271 66281 66284 66293 66298 66305 66307 66308 66315 66322 66329 66331 66333
66334 66343 66345 66351 66359 66366 66368 66371 66376 66385 66388 66391 66396 66401 66409 66418 66421 66424
66430 66439 66445 66453 66457 66458 66466 66471 66479 66488 66496 66499 66509 66513 66517 66522 66530 66540
66543 66548 66558 66565 66571 66572 66580 66582 66588 66589 66590 66593 66599 66602 66607 66611 66617 66619
66626 66632 66640 66642 66643 66653 66655 66656 66660 66664 66670 66679 66687 66695 66700 66710 66718 66719
66728 66736 66738 66746 66749 66757 66760 66763 66769 66772 66778 66785 66789 66793 66803 66807 66811 66812
66813 66814 66821 66827 66836 66843 66846 66849 66856 66865 66874 66875 66883 66889 66897 66905 66908 66918
66922 66925 66930 66937 66944 66946 66949 66958 66963 66973 66976 66981 66991 66997 67004 67014 67015 67024
67027 67028 67034 67043 67048 67051 67059 67069 67079 67087 67096 67106 67112 67122 67123 67125 67130 67136
67146 67150 67155 67165 67172 67177 67183 67186 67188 67195 67196 67206 67210 67215 67220 67223 67224 67228
67234 67241 67248 67256 67266 67269 67275 67282 67288 67292 67301 67309 67311 67313 67318 67320 67329 67333
67336 67338 67345 67347 67350 67359 67360 67369 67379 67384 67389 67394 67396 67397 67403 67404 67410 67415
67421 67431 67439 67443 67444 67446 67456 67459 67464 67474 67475 67478 67488 67491 67494 67502 67510 67520
67524 67530 67540 67541 67543 67551 67555 67562 67566 67568 67573 67574 67575 67581 67583 67590 67598 67606
67607 67617 67623 67628 67636 67638 67646 67652 67655 67662 67663 67667 67668 67670 67679 67688 67693 67699
67706 67713 67718 67721 67724 67731 67736 67740 67746 67755 67761 67766 67772 67780 67781 67783 67788 67789
67799 67805 67811 67813 67819 67829 67833 67842 67851 67861 67865 67875 67882 67889 67896 67904 67914 67923
67926 67929 67939 67946 67953 67954 67964 67972 67978 67987 67995 68005 68009 68013 68023 68026 68032 68036
68045 68049 68059 68067 68074 68076 68083 68088 68097 68099 68107 68109 68113 68114 68115 68119 68127 68131
68137 68146 68155 68156 68162 68171 68181 68188 68190 68194 68196 68201 68211 68212 68219 68229 68235 68244
68248 68252 68258 68260 68265 68275 68281 68283 68286 68290 68293 68296 68303 68305 68308 68310 68312 68320
68323 68324 68325 68334 68337 68344 68350 68351 68359 68369 68376 68382 68384 68393 68395 68403 68409 68418
68423 68430 68434 68443 68447 68449 68455 68460 68464 68471 68478 68483 68488 68495 68502 68503 68508 68513
68522 68528 68536 68545 68548 68550 68557 68558 68562 68571 68572 68574 68582 68591 68601 68605 68614 68616
68620 68622 68626 68627 68629 68632 68641 68645 68648 68656 68658 68668 68678 68679 68687 68694 68696 68704
68708 68717 68719 68729 68738 68740 68742 68752 68760 68765 68772 68775 68784 68794 68798 68799 68806 68808
68818 68824 68829 68839 68840 68850 68851 68857 68862 68872 68879 68882 68890 68898 68905 68915 68920 68925
68926 68933 68937 68939 68945 68951 68959 68963 68971 68975 68977 68984 68986 68994 68996 69000 69009 69010
69019 69026 69035 69038 69045 69050 69055 69058 69066 69069 69071 69081 69085 69087 69091 69098 69106 69107
69117 69125 69133 69136 69140 69150 69160 69164 69169 69179 69187 69192 69198 69200 69206 69216 69224 69230
69240 69246 69250 69260 69264 69269 69272 69282 69292 69298 69307 69316 69324 69329 69338 69342 69348 69358
69360 69363 69367 69369 69376 69382 69391 69394 69404 69405 69413 69419 69423 69432 69436 69446 69448 69453
69461 69471 69475 69482 69490 69498 69506 69511 69515 69524 69528 69531 69533 69537 69540 69547 69549 69552
69556 69557 69561 69569 69572 69577 69579 69580 69590 69599 69600 69601 69610 69613 69617 69626 69632 69642
69644 69650 69659 69665 69671 69681 69684 69686 69692 69701 69703 69706 69708 69716 69720 69727 69732 69737
69741 69744 69751 69756 69760 69766 69772 69773 69777 69784 69794 69798 69802 69812 69817 69818 69821 69823
69833 69843 69849 69855 69864 69873 69880 69887 69896 69903 69911 69914 69923 69933 69934 69938 69943 69949
69957 69960 69965 69966 69969 69974 69982 69992 69994 69995 69999 70000 70002 70011 70019 70022 70029 70036
70044 70053 70059 70068 70072 70078 70082 70092 70095 70103 70107 70114 70115 70121 70123 70131 70139 70146
70154 70160 70161 70168 70174 70182 70189 70193 70194 70204 70208 70212 70214 70218 70224 70231 70232 70235
70243 70251 70253 70261 70271 70273 70283 70287 70293 70300 70303 70308 70318 70323 70333 70335 70341 70343
70351 70361 70363 70373 70383 70391 70397 70403 70407 70412 70418 70421 70427 70433 70438 70439 70440 70448
70450 70459 70468 70474 70480 70487 70495 70505 70513 70522 70523 70530 70538 70543 70548 70554 70562 70571
70576 70582 70584 70587 70593 70594 70598 70601 70605 70607 70614 70617 70621 70627 70634 70636 70642 70644
70654 70661 70668 70669 70677 70682 70684 70694 70699 70705 70707 70708 70716 70719 70720 70727 70734 70742
70750 70758 70762 70772 70773 70778 70781 70785 70793 70794 70798 70803 70812 70813 70823 70824 70834 70839
70843 70845 70854 70862 70871 70880 70883 70893 70902 70910 70916 70917 70921 70928 70930 70933 70938 70948
70951 70954 70960 70965 70972 70977 70983 70984 70994 70996 70997 71000 71009 71019 71028 71036 71042 71047
71054 71055 71063 71073 71074 71083 71090 71096 71100 71108 71117 71120 71128 71135 71137 71146 71149 71157
71166 71169 71177 71184 71188 71196 71206 71211 71220 71227 71228 71230 71236 71237 71247 71251 71260 71263
71265 71269 71275 71279 71286 71287 71294 71301 71307 71315 71320 71330 71332 71341 71349 71357 71367 71370
71379 71387 71392 71393 71395 71399 71407 71415 71418 71423 71427 71436 71441 71443 71445 71455 71460 71468
71473 71479 71481 71487 71492 71501 71510 71515 71522 71525 71529 71532 71541 71549 71556 71563 71566 71571
71579 71581 71589 71590 71600 71607 71617 71622 71624 71631 71634 71644 71651 71661 71668 71671 71672 71680
71685 71687 71695 71698 71702 71712 71722 71729 71730 71734 71743 71751 71755 71764 71768 71773 71783 71786
71787 71795 71804 71814 71822 71823 71832 71838 71846 71848 71850 71860 71868 71874 71882 71887 71889 71891
71898 71904 71914 71917 71922 71923 71929 71932 71933 71939 71942 71947 71956 71962 71970 71979 71982 71984
71994 71998 72008 72016 72018 72022 72025 72035 72039 72049 72059 72063 72066 72076 72086 72091 72095 72103
72109 72116 72119 72126 72129 72139 72148 72157 72166 72170 72180 72187 72196 72205 72210 72213 72217 72224
72234 72239 72243 72252 72259 72263 72268 72269 72271 72281 72286 72291 72297 72299 72309 72314 72322 72331
72336 72338 72344 72351 72353 72363 72370 72373 72383 72384 72387 72394 72403 72407 72409 72410 72413 72419
72428 72429 72439 72441 72444 72448 72458 72463 72472 72474 72482 72485 72488 72496 72499 72504 72511 72521
72531 72533 72538 72542 72550 72553 72555 72559 72566 72567 72575 72576 72580 72586 72591 72595 72597 72605
72611 72612 72621 72627 72634 72641 72651 72653 72657 72662 72671 72674 72684 72688 72692 72699 72700 72705
72711 72717 72726 72735 72743 72748 72755 72756 72761 72762 72771 72778 72788 72793 72801 72807 72816 72824
72828 72834 72843 72844 72847 72856 72859 72867 72876 72884 72892 72902 72912 72916 72925 72931 72937 72943
72949 72959 72961 72969 72977 72980 72981 72987 72989 72992 72998 73000 73003 73011 73016 73018 73022 73024
73027 73032 73035 73043 73053 73055 73059 73064 73071 73073 73078 73088 73089 73099 73105 73115 73118 73123
73130 73133 73135 73143 73146 73150 73152 73154 73164 73170 73171 73173 73176 73186 73194 73199 73202 73203
73211 73219 73222 73232 73241 73247 73256 73262 73266 73273 73274 73279 73281 73286 73296 73302 73311 73320
73321 73325 73329 73332 73338 73342 73346 73349 73354 73364 73366 73372 73380 73388 73398 73402 73406 73411
73414 73421 73422 73426 73430 73436 73445 73450 73459 73468 73473 73475 73485 73493 73495 73502 73509 73519
73527 73535 73537 73542 73545 73554 73563 73572 73573 73580 73582 73588 73591 73593 73599 73609 73610 73618
73621 73629 73634 73640 73648 73650 73655 73657 73658 73667 73675 73676 73683 73690 73698 73706 73710 73711
73712 73716 73718 73723 73730 73736 73746 73751 73756 73758 73761 73763 73770 73776 73785 73793 73795 73803
73810 73813 73822 73824 73834 73840 73848 73850 73860 73865 73875 73879 73885 73890 73896 73903 73911 73920
73924 73925 73929 73931 73941 73951 73956 73960 73962 73971 73977 73978 73984 73986 73994 73998 74000 74008
74009 74015 74019 74020 74026 74035 74037 74039 74041 74046 74055 74064 74070 74078 74079 74085 74092 74101
74104 74106 74112 74117 74127 74136 74140 74147 74155 74163 74165 74173 74179 74183 74188 74190 74198 74208
74214 74222 74231 74236 74238 74240 74242 74244 74245 74254 74258 74263 74266 74267 74270 74277 74285 74291
74292 74295 74299 74304 74306 74309 74311 74321 74322 74328 74337 74347 74356 74358 74361 74364 74371 74378
74387 74396 74399 74401 74411 74416 74425 74431 74435 74445 74447 74456 74463 74472 74478 74482 74491 74498
74499 74501 74504 74505 74507 74517 74526 74532 74534 74544 74549 74550 74560 74570 74572 74576 74585 74590
74594 74597 74607 74608 74609 74611 74612 74614 74616 74621 74631 74641 74643 74650 74656 74665 74674 74676
74678 74685 74692 74695 74698 74700 74706 74711 74716 74724 74731 74732 74733 74740 74748 74753 74759 74761
74764 74767 74770 74778 74781 74788 74795 74800 74803 74805 74814 74822 74826 74830 74835 74838 74839 74842
74847 74853 74857 74864 74867 74874 74878 74887 74893 74903 74904 74914 74923 74925 74935 74942 74944 74953
74961 74969 74977 74980 74988 74989 74996 75000 75009 75011 75019 75022 75032 75041 75048 75049 75055 75063
75071 75076 75077 75083 75090 75094 75097 75100 75101 75108 75118 75121 75122 75123 75131 75136 75140 75148
75154 75157 75164 75174 75177 75178 75184 75186 75187 75195 75204 75212 75222 75230 75234 75242 75245 75252
75260 75263 75269 75270 75273 75275 75285 75294 75301 75304 75306 75313 75316 75325 75330 75333 75338 75340
75341 75343 75345 75347 75354 75357 75361 75368 75370 75379 75381 75382 75385 75388 75389 75397 75406 75413
75421 75429 75435 75437 75447 75454 75464 75471 75481 75484 75491 75492 75499 75502 75509 75514 75524 75525
75532 75537 75543 75548 75549 75555 75561 75562 75568 75575 75584 75591 75593 75599 75605 75608 75612 75613
75618 75626 75630 75637 75645 75647 75652 75659 75667 75676 75681 75684 75688 75695 75697 75703 75713 75721
75728 75736 75742 75750 75753 75755 75760 75768 75773 75780 75786 75787 75793 75799 75801 75808 75813 75817
75824 75831 75834 75837 75840 75848 75855 75860 75867 75875 75878 75883 75884 75894 75899 75902 75912 75921
75926 75931 75936 75941 75942 75948 75949 75950 75951 75952 75958 75962 75965 75974 75981 75985 75993 75995
76004 76014 76015 76021 76027 76028 76037 76039 76048 76049 76053 76058 76061 76069 76070 76079 76087 76091
76095 76105 76114 76115 76117 76119 76129 76136 76138 76143 76150 76153 76159 76163 76170 76177 76178 76185
76195 76196 76199 76205 76212 76215 76224 76225 76229 76238 76246 76249 76256 76259 76268 76277 76283 76287
76288 76293 76299 76300 76309 76316 76322 76326 76333 76340 76347 76356 76365 76371 76376 76384 76389 76392
76401 76405 76409 76412 76421 76425 76426 76435 76437 76445 76447 76450 76455 76465 76473 76482 76485 76494
76496 76500 76503 76506 76508 76513 76522 76526 76531 76535 76537 76544 76545 76555 76561 76564 76573 76577
76584 76586 76596 76604 76614 76618 76625 76634 76635 76643 76652 76653 76660 76667 76668 76673 76683 76686
76691 76693 76703 76708 76713 76722 76726 76730 76738 76742 76745 76755 76763 76769 76770 76771 76774 76782
76792 76796 76803 76807 76808 76818 76819 76824 76829 76833 76840 76849 76852 76854 76857 76860 76863 76873
76882 76886 76895 76904 76908 76916 76917 76921 76928 76929 76934 76942 76947 76956 76960 76970 76980 76984
76986 76992 77002 77006 77014 77022 77028 77033 77037 77042 77044 77052 77062 77070 77073 77074 77075 77079
77088 77095 77105 77107 77117 77126 77130 77136 77142 77149 77151 77160 77169 77170 77172 77174 77184 77188
77194 77203 77210 77213 77219 77222 77230 77234 77236 77238 77245 77248 77255 77265 77271 77274 77280 77284
77291 77299 77309 77316 77326 77332 77341 77346 77352 77356 77357 77360 77362 77367 77375 77382 77384 77388
77389 77395 77405 77409 77415 77423 77431 77432 77440 77441 77450 77457 77462 77472 77480 77487 77493 77499
77505 77510 77520 77530 77533 77536 77540 77545 77546 77555 77558 77560 77567 77574 77581 77591 77595 77600
77608 77614 77621 77625 77631 77641 77642 77651 77654 77658 77667 77670 77675 77683 77693 77699 77703 77711
77718 77727 77733 77738 77739 77745 77753 77755 77764 77767 77770 77773 77783 77785 77786 77793 77797 77800
77804 77811 77819 77822 77832 77834 77841 77844 77853 77863 77866 77869 77872 77876 77882 77889 77896 77904
77908 77915 77924 77931 77935 77944 77947 77954 77957 77963 77967 77977 77984 77990 77993 77994 77998 78002
78010 78019 78026 78029 78036 78037 78046 78056 78062 78070 78078 78082 78090 78092 78102 78110 78114 78124
78132 78138 78148 78150 78155 78165 78174 78175 78182 78190 78192 78202 78204 78207 78210 78219 78229 78233
78237 78240 78242 78248 78254 78259 78260 78269 78271 78276 78284 78292 78296 78297 78299 78304 78309 78313
78315 78316 78317 78320 78324 78329 78334 78340 78350 78354 78363 78366 78368 78373 78377 78384 78389 78393
78398 78408 78418 78419 78420 78425 78434 78438 78446 78453 78459 78465 78469 78479 78482 78491 78496 78502
78510 78515 78523 78526 78530 78535 78536 78541 78544 78547 78556 78563 78565 78566 78572 78575 78581 78590
78592 78596 78600 78602 78606 78611 78613 78615 78619 78621 78631 78632 78635 78637 78640 78641 78651 78654
78659 78660 78662 78664 78672 78677 78679 78684 78685 78693 78700 78708 78715 78724 78734 78740 78750 78756
78765 78766 78767 78773 78775 78777 78779 78784 78789 78794 78800 78808 78814 78821 78823 78831 78837 78839
78840 78849 78857 78860 78863 78866 78873 78882 78885 78889 78896 78901 78905 78915 78921 78926 78931 78932
78937 78945 78952 78957 78967 78972 78974 78979 78986 78987 78989 78996 78998 79005 79013 79017 79023 79028
79032 79042 79047 79053 79055 79057 79065 79073 79078 79082 79087 79096 79099 79101 79104 79106 79113 79119
79122 79126 79127 79134 79137 79139 79149 79159 79166 79172 79182 79192 79197 79200 79210 79218 79227 79232
79235 79239 79249 79250 79254 79259 79266 79271 79273 79277 79283 79291 79294 79297 79306 79312 79319 79323
79328 79330 79335 79336 79343 79348 79352 79358 79365 79372 79380 79383 79386 79394 79403 79407 79416 79420
79422 79424 79431 79439 79440 79444 79453 79463 79470 79476 79482 79484 79486 79492 79495 79503 79507 79514
79521 79526 79530 79536 79538 79539 79543 79547 79557 79561 79569 79573 79574 79583 79590 79595 79596 79598
79602 79606 79607 79612 79619 79620 79626 79636 79643 79652 79658 79664 79668 79669 79674 79683 79691 79700
79709 79719 79720 79728 79734 79743 79753 79755 79764 79772 79777 79778 79781 79788 79791 79798 79805 79806
79812 79819 79826 79833 79843 79847 79850 79851 79853 79854 79858 79867 79877 79885 79894 79902 79911 79919
79928 79933 79940 79943 79945 79948 79952 79954 79964 79971 79975 79982 79987 79992 79999 80009 80018 80028
80037 80044 80048 80051 80057 80060 80067 80075 80081 80082 80088 80092 80096 80097 80102 80112 80122 80123
80132 80136 80141 80145 80148 80156 80164 80169 80178 80188 80189 80196 80198 80199 80200 80204 80210 80213
80221 80227 80237 80244 80245 80249 80250 80259 80264 80267 80268 80270 80279 80286 80291 80293 80296 80297
80302 80310 80312 80313 80318 80324 80325 80328 80338 80342 80349 80358 80361 80362 80366 80372 80378 80387
80391 80397 80406 80415 80423 80430 80433 80442 80452 80460 80466 80467 80477 80478 80483 80486 80493 80495
80498 80501 80511 80520 80523 80529 80536 80545 80553 80555 80556 80560 80564 80567 80568 80575 80585 80587
80589 80596 80606 80609 80619 80627 80629 80637 80639 80648 80657 80662 80671 80680 80687 80697 80700 80702
80709 80719 80720 80722 80724 80730 80734 80743 80747 80750 80752 80758 80765 80774 80777 80785 80794 80800
80804 80809 80811 80817 80822 80827 80828 80832 80835 80843 80853 80861 80870 80871 80881 80889 80895 80902
80905 80913 80923 80933 80934 80944 80954 80956 80965 80969 80972 80978 80983 80986 80990 80998 81001 81008
81018 81022 81026 81035 81042 81050 81059 81062 81067 81076 81084 81089 81097 81105 81113 81120 81128 81130
81138 81148 81153 81159 81165 81171 81180 81188 81190 81198 81204 81212 81213 81222 81228 81237 81244 81250
81253 81254 81263 81271 81276 81282 81285 81294 81295 81297 81307 81317 81318 81322 81329 81334 81341 81342
81349 81352 81353 81360 81368 81377 81387 81390 81399 81405 81413 81419 81429 81437 81445 81451 81459 81462
81465 81474 81476 81484 81487 81491 81492 81498 81506 81515 81521 81524 81527 81537 81541 81547 81556 81564
81573 81579 81589 81592 81599 81605 81614 81615 81621 81629 81639 81640 81649 81651 81656 81665 81667 81677
81684 81689 81691 81700 81710 81715 81719 81725 81728 81732 81736 81743 81753 81757 81758 81767 81777 81778
81782 81792 81802 81810 81820 81821 81824 81829 81833 81834 81836 81839 81840 81847 81849 81859 81865 81873
81883 81892 81896 81906 81911 81921 81925 81931 81938 81947 81955 81961 81967 81976 81981 81989 81991 81998
82000 82002 82007 82012 82022 82028 82031 82037 82042 82043 82049 82057 82060 82069 82077 82085 82086 82095
82101 82103 82107 82108 82109 82117 82125 82132 82142 82150 82158 82160 82168 82173 82178 82187 82190 82194
82204 82205 82209 82212 82222 82228 82233 82235 82239 82249 82255 82256 82261 82268 82270 82273 82282 82290
82292 82298 82307 82310 82320 82323 82333 82343 82352 82359 82361 82364 82370 82371 82373 82377 82386 82395
82400 82401 82408 82410 82419 82426 82433 82436 82438 82444 82452 82454 82459 82463 82471 82473 82474 82484
82494 82501 82503 82505 82512 82521 82530 82540 82550 82558 82563 82573 82577 82578 82588 82596 82605 82610
82619 82625 82628 82635 82637 82644 82654 82658 82659 82668 82675 82676 82679 82686 82691 82700 82703 82713
82719 82723 82729 82736 82739 82749 82754 82757 82765 82771 82780 82781 82790 82798 82805 82808 82816 82826
82832 82834 82836 82842 82852 82856 82861 82863 82865 82871 82879 82880 82889 82899 82909 82915 82925 82931
82936 82941 82946 82952 82959 82961 82964 82972 82981 82983 82984 82992 82997 83007 83013 83020 83029 83038
83045 83047 83054 83064 83069 83075 83078 83084 83094 83100 83110 83119 83121 83125 83128 83134 83140 83150
83157 83161 83170 83171 83173 83183 83193 83198 83204 83208 83210 83220 83223 83233 83241 83248 83252 83256
83260 83269 83277 83287 83296 83302 83303 83304 83309 83314 83320 83325 83335 83342 83347 83352 83353 83357
83360 83367 83373 83381 83389 83395 83397 83402 83405 83414 83419 83422 83431 83434 83437 83439 83445 83450
83455 83464 83471 83475 83481 83491 83498 83501 83511 83512 83514 83516 83522 83523 83529 83535 83541 83547
83550 83554 83555 83558 83561 83570 83571 83581 83588 83593 83598 83607 83608 83616 83620 83625 83629 83636
83645 83652 83653 83654 83657 83664 83668 83674 83675 83685 83690 83694 83699 83704 83709 83710 83713 83716
83721 83729 83732 83738 83746 83747 83748 83757 83760 83766 83767 83770 83774 83784 83790 83799 83800 83805
83806 83808 83809 83810 83816 83817 83826 83836 83841 83850 83859 83867 83873 83876 83886 83893 83903 83905
83913 83915 83925 83933 83938 83948 83955 83965 83967 83976 83978 83988 83994 84000 84005 84011 84020 84024
84031 84032 84040 84048 84049 84055 84058 84059 84061 84071 84077 84081 84083 84091 84100 84109 84111 84112
84113 84120 84124 84132 84135 84137 84147 84150 84157 84159 84161 84167 84176 84177 84180 84184 84186 84191
84201 84211 84220 84226 84232 84238 84247 84248 84254 84264 84272 84273 84276 84284 84287 84294 84301 84310
84316 84318 84326 84332 84337 84343 84353 84363 84365 84370 84371 84381 84386 84390 84398 84405 84407 84415
84418 84421 84431 84437 84444 84446 84454 84463 84472 84473 84479 84489 84494 84498 84502 84510 84513 84518
84520 84524 84533 84539 84544 84546 84550 84555 84557 84565 84575 84578 84581 84583 84585 84588 84595 84597
84604 84614 84617 84625 84631 84639 84643 84644 84652 84659 84663 84672 84676 84678 84686 84691 84697 84699
84708 84709 84718 84723 84725 84727 84734 84737 84742 84746 84753 84755 84763 84764 84774 84778 84787 84793
84801 84808 84818 84826 84827 84832 84837 84839 84846 84851 84857 84863 84871 84881 84885 84888 84890 84898
84901 84907 84910 84911 84914 84915 84917 84925 84929 84936 84945 84947 84950 84960 84968 84971 84981 84989
84998 85004 85012 85019 85028 85029 85037 85039 85041 85047 85049 85052 85057 85060 85069 85070 85071 85076
85084 85092 85098 85107 85112 85114 85119 85125 85134 85136 85143 85148 85156 85164 85166 85167 85171 85177
85186 85195 85201 85211 85213 85215 85216 85222 85225 85227 85237 85244 85245 85246 85251 85255 85265 85269
85279 85280 85289 85299 85302 85312 85316 85317 85318 85325 85329 85335 85336 85344 85353 85360 85365 85367
85370 85373 85380 85382 85383 85387 85388 85389 85395 85402 85405 85415 85423 85428 85429 85432 85435 85441
85444 85447 85456 85464 85465 85475 85481 85482 85487 85488 85489 85493 85496 85497 85503 85504 85511 85521
85530 85538 85543 85546 85551 85554 85561 85565 85570 85576 85584 85591 85600 85603 85609 85617 85618 85622
85630 85633 85634 85636 85640 85646 85654 85660 85669 85670 85677 85678 85684 85688 85690 85694 85700 85708
85716 85721 85730 85734 85736 85745 85755 85759 85762 85769 85774 85777 85786 85789 85794 85803 85809 85819
85828 85838 85847 85852 85857 85859 85864 85872 85877 85880 85881 85885 85889 85894 85898 85901 85906 85911
85920 85924 85927 85929 85938 85948 85950 85958 85959 85964 85973 85983 85990 85999 86004 86010 86017 86020
86023 86028 86030 86040 86046 86047 86053 86055 86056 86063 86070 86078 86083 86090 86093 86098 86103 86110
86113 86119 86124 86128 86133 86141 86142 86151 86157 86165 86171 86174 86183 86185 86195 86202 86203 86210
86215 86225 86233 86235 86238 86245 86253 86263 86271 86272 86281 86285 86294 86302 86305 86310 86318 86319
86327 86331 86333 86341 86348 86358 86364 86369 86370 86371 86381 86390 86393 86400 86409 86413 86423 86428
86429 86430 86440 86450 86453 86455 86456 86458 86464 86473 86482 86488 86490 86492 86499 86505 86506 86510
86519 86522 86531 86536 86545 86547 86554 86562 86566 86570 86578 86584 86592 86594 86600 86610 86619 86628
86629 86632 86642 86650 86654 86657 86664 86670 86674 86679 86687 86693 86694 86696 86704 86707 86717 86720
86726 86730 86738 86748 86756 86759 86761 86767 86770 86779 86785 86787 86791 86800 86801 86810 86813 86823
86832 86837 86839 86842 86849 86857 86863 86872 86875 86879 86889 86893 86897 86902 86911 86921 86928 86937
86939 86945 86953 86957 86963 86968 86971 86976 86982 86986 86990 86995 87005 87006 87007 87015 87022 87028
87032 87035 87045 87051 87059 87062 87069 87071 87081 87091 87101 87109 87111 87113 87118 87121 87127 87136
87137 87141 87149 87157
