3261.255 3263.861 3266.799 3267.997 3274.054 3278.633 3281.004 3284.329 3284.984 3286.061 3286.943
3293.282 3297.113 3303.533 3306.003 3309.747 3312.370 3320.947 3320.977 3322.303 3331.925 3340.104
3340.188 3342.806 3344.386 3349.691 3350.852 3357.604 3358.779 3358.988 3367.299 3370.377 3376.576
3378.521 3383.227 3392.199 3395.012 3403.928 3409.273 3409.738 3412.129 3413.248 3417.932 3421.590
3429.589 3429.737 3431.887 3440.558 3442.084 3448.018 3448.767 3451.989 3454.144 3459.359 3466.991
3470.548 3478.836 3487.395 3490.483 3497.973 3498.611 3505.545 3505.586 3506.463 3508.646 3511.761
3514.420 3522.036 3524.561 3528.398 3528.739 3533.864 3540.218 3543.740 3545.253 3545.742 3546.989
3554.172 3563.826 3567.777 3570.586 3570.706 3573.003 3582.772 3583.172 3592.684 3595.649 3605.316
3609.214 3618.305 3622.926 3625.870 3630.766 3632.759 3633.063 3640.448 3644.487 3647.301 3652.202
3659.372 3663.710 3669.974 3670.924 3671.803 3674.577 3683.129 3690.202 3698.114 3703.248 3709.821
3710.937 3713.698 3719.458 3727.079 3732.177 3733.454 3736.141 3737.651 3743.375 3743.595 3749.613
3750.185 3755.890 3756.740 3762.282 3763.853 3765.982 3766.608 3768.655 3768.743 3776.757 3786.672
3792.437 3799.824 3799.917 3800.919 3802.019 3805.306 3812.549 3814.564 3817.544 3821.950 3826.721
3830.229 3831.880 3831.926 3839.981 3843.049 3843.224 3843.608 3850.181 3857.134 3860.303 3867.634
3870.254 3874.207 3881.205 3890.097 3892.439 3893.528 3902.000 3903.874 3906.027 3913.005 3922.921
3930.056 3936.233 3943.620 3950.849 3956.314 3966.090 3968.289 3973.066 3974.107 3980.140 3988.901
3992.639 3996.762 4005.939 4012.480 4014.872 4018.920 4020.583 4020.808 4029.429 4034.405 4036.226
4044.534 4045.520 4051.436 4060.227 4066.416 4071.208 4073.132 4073.544 4076.343 4080.776 4082.180
4086.351 4090.747 4097.018 4104.958 4114.790 4118.733 4126.546 4133.817 4143.464 4148.711 4150.436
4152.136 4153.247 4156.888 4165.818 4167.734 4174.209 4182.605 4184.701 4192.776 4199.949 4203.232
4210.824 4211.395 4218.975 4226.477 4232.645 4237.290 4243.354 4250.181 4251.039 4258.632 4260.394
4269.246 4271.802 4274.955 4282.165 4285.437 4294.877 4303.037 4311.649 4313.807 4320.036 4327.012
4333.694 4343.316 4345.529 4354.902 4359.646 4365.329 4367.857 4375.869 4385.816 4387.375 4397.113
4399.402 4400.774 4407.075 4416.819 4426.386 4432.334 4439.691 4444.956 4445.100 4448.300 4448.967
4458.593 4462.792 4469.142 4475.895 4481.273 4488.781 4495.733 4495.811 4496.731 4506.004 4509.358
4509.644 4517.142 4525.985 4531.680 4533.213 4538.516 4539.807 4540.327 4546.686 4549.861 4559.098
4564.649 4572.666 4574.547 4583.115 4585.732 4586.193 4588.286 4589.445 4593.199 4596.488 4601.195
4604.955 4609.593 4616.627 4620.807 4621.426 4623.911 4628.735 4633.583 4639.380 4639.842 4640.123
4642.994 4648.944 4656.823 4659.145 4666.933 4676.468 4678.680 4682.899 4684.921 4688.777 4693.607
4694.154 4699.539 4705.420 4708.682 4709.741 4715.586 4725.369 4732.323 4738.346 4740.888 4743.290
4751.849 4753.620 4760.848 4762.381 4770.893 4771.728 4773.539 4776.880 4779.934 4783.660 4791.217
4791.806 4794.375 4800.194 4801.225 4803.482 4803.696 4805.915 4808.076 4809.862 4812.039 4812.448
4814.730 4823.892 4833.608 4839.920 4849.315 4850.443 4850.563 4858.432 4867.219 4870.265 4879.509
4886.978 4895.717 4898.742 4903.642 4911.425 4916.252 4925.605 4935.352 4941.709 4944.250 4947.339
4947.704 4949.958 4958.021 4959.342 4966.468 4969.988 4973.363 4973.534 4976.813 4981.706 4982.748
4982.863 4988.545 4990.773 4996.451 5003.797 5012.624 5017.377 5022.923 5032.191 5032.953 5034.128
5039.890 5049.266 5059.033 5062.998 5066.356 5067.220 5069.321 5076.543 5079.252 5088.375 5092.961
5101.751 5110.117 5118.292 5121.249 5130.306 5135.818 5136.244 5137.701 5139.307 5141.430 5145.297
5145.874 5153.999 5157.229 5158.249 5160.693 5165.762 5168.204 5169.664 5171.492 5171.973 5172.916
5173.750 5176.007 5176.147 5176.697 5179.493 5181.344 5181.722 5181.969 5188.458 5196.338 5200.314
5200.949 5201.408 5210.995 5211.306 5215.326 5222.495 5224.173 5225.866 5228.294 5230.657 5238.042
5239.143 5247.026 5248.802 5254.629 5263.229 5266.010 5271.143 5278.631 5284.923 5287.455 5296.606
5306.377 5313.141 5322.975 5325.394 5329.696 5338.424 5338.593 5346.924 5352.541 5354.139 5356.921
5366.781 5373.084 5373.461 5375.104 5384.390 5393.701 5403.086 5403.931 5404.902 5409.703 5411.266
5420.639 5423.075 5426.234 5431.061 5434.608 5443.832 5445.102 5447.925 5451.228 5451.579 5457.848
5460.765 5460.783 5462.909 5463.379 5466.331 5469.424 5474.883 5484.605 5494.204 5496.139 5504.862
5507.432 5509.255 5518.748 5520.382 5521.753 5528.667 5533.072 5542.179 5548.341 5554.340 5563.537
5570.866 5572.210 5579.598 5588.840 5598.326 5604.133 5606.199 5616.137 5619.794 5623.760 5629.440
5636.869 5646.298 5652.308 5659.351 5664.585 5673.072 5673.454 5673.538 5682.440 5691.416 5698.371
5699.972 5704.255 5707.596 5710.103 5718.008 5718.438 5720.817 5727.492 5733.398 5736.151 5741.206
5747.821 5757.443 5759.958 5766.746 5767.885 5775.515 5779.159 5781.725 5785.060 5793.048 5797.893
5807.620 5808.838 5817.141 5822.780 5828.476 5837.279 5839.362 5848.606 5854.577 5855.548 5864.452
5864.471 5866.741 5866.828 5869.736 5879.655 5882.866 5891.823 5893.450 5903.420 5903.601 5908.757
5910.547 5916.849 5926.742 5928.687 5931.280 5935.277 5941.819 5943.226 5951.236 5959.957 5965.195
5966.226 5973.577 5974.231 5982.173 5992.158 5994.788 5996.987 6006.095 6014.097 6015.868 6022.178
6031.665 6041.399 6043.573 6043.893 6045.807 6046.070 6050.121 6052.033 6058.046 6063.292 6067.146
6071.597 6081.509 6081.823 6083.477 6089.650 6096.203 6096.906 6097.747 6098.012 6102.380 6110.173
6112.749 6120.507 6129.788 6136.973 6146.050 6155.042 6156.252 6159.555 6168.341 6169.474 6175.336
6181.737 6184.613 6185.679 6186.832 6187.626 6189.466 6196.406 6203.763 6211.649 6221.582 6228.841
6231.917 6240.426 6247.708 6253.119 6255.422 6262.957 6265.926 6270.292 6277.098 6278.353 6286.805
6288.532 6298.269 6302.952 6312.494 6319.790 6321.709 6322.319 6331.397 6338.387 6341.087 6348.846
6350.734 6356.001 6357.481 6367.334 6369.842 6371.622 6372.148 6372.784 6381.091 6390.863 6391.601
6396.732 6404.763 6411.780 6419.547 6428.785 6432.131 6432.793 6441.225 6444.267 6447.029 6455.502
6461.875 6469.657 6473.197 6474.426 6478.723 6483.183 6485.501 6493.024 6498.601 6503.874 6505.811
6506.599 6509.630 6513.783 6515.126 6521.120 6526.152 6535.463 6537.952 6538.672 6540.810 6542.534
6542.762 6550.193 6550.316 6554.488 6562.341 6572.047 6576.757 6578.942 6587.241 6595.677 6597.900
6600.711 6608.219 6612.348 6613.341 6618.442 6625.468 6634.670 6636.243 6643.209 6652.496 6654.437
6663.803 6668.849 6678.560 6684.997 6685.192 6693.175 6697.789 6698.602 6701.934 6706.405 6712.687
6713.074 6721.123 6730.078 6736.607 6737.873 6741.328 6741.989 6748.690 6749.114 6750.935 6758.056
6765.639 6769.721 6776.727 6784.148 6793.647 6796.676 6803.179 6806.762 6812.821 6816.772 6824.864
6826.155 6827.377 6835.709 6838.707 6838.760 6840.810 6848.023 6849.055 6853.251 6862.394 6867.616
6869.346 6870.570 6879.680 6882.311 6882.684 6883.930 6884.085 6890.162 6895.834 6897.691 6901.753
6901.843 6907.069 6908.015 6911.823 6918.498 6927.883 6937.542 6941.610 6946.706 6946.948 6948.773
6955.408 6957.913 6958.147 6959.788 6960.578 6964.105 6968.406 6977.538 6987.079 6991.183 6991.268
6999.217 7001.478 7010.709 7019.763 7020.494 7027.416 7030.052 7038.603 7042.253 7051.958 7055.094
7061.521 7068.600 7074.241 7076.580 7082.853 7083.608 7088.434 7094.699 7101.131 7103.050 7112.001
7114.612 7116.507 7126.397 7128.454 7136.568 7136.661 7138.812 7145.864 7153.433 7156.973 7163.023
7169.828 7178.312 7188.219 7194.927 7202.435 7209.838 7211.042 7216.735 7222.629 7223.280 7224.250
7227.180 7232.875 7240.698 7242.658 7251.649 7252.887 7254.290 7259.456 7262.014 7266.495 7273.329
7275.574 7276.847 7285.314 7285.562 7293.272 7294.036 7295.831 7296.513 7304.998 7311.237 7317.267
7324.287 7325.515 7327.997 7329.261 7329.776 7338.421 7345.087 7347.102 7349.155 7353.490 7355.437
7356.182 7359.940 7369.914 7373.584 7377.791 7387.620 7392.152 7393.214 7396.063 7396.093 7397.609
7399.822 7404.922 7406.106 7407.683 7413.111 7420.313 7429.954 7435.540 7441.327 7445.944 7446.633
7448.601 7449.062 7449.916 7457.625 7466.716 7475.756 7476.295 7483.964 7493.854 7494.377 7495.256
7501.632 7504.210 7505.939 7513.664 7519.278 7525.320 7528.550 7535.542 7544.357 7548.569 7549.800
7558.229 7559.623 7565.324 7568.258 7569.971 7577.915 7586.620 7594.074 7603.783 7612.801 7613.466
7616.694 7618.949 7626.500 7631.530 7640.609 7648.084 7653.431 7656.786 7663.708 7672.133 7674.106
7674.880 7682.167 7688.720 7693.536 7701.559 7709.989 7710.377 7714.086 7722.122 7728.920 7736.309
7736.875 7744.391 7747.410 7750.027 7750.248 7758.994 7766.787 7769.397 7775.683 7781.120 7789.128
7792.810 7797.021 7804.707 7810.476 7815.162 7821.777 7824.578 7828.625 7831.489 7836.702 7843.766
7847.559 7848.865 7856.035 7859.959 7868.934 7875.998 7878.526 7883.491 7890.206 7892.515 7894.583
7901.387 7908.678 7909.191 7912.057 7921.872 7930.716 7935.037 7935.492 7943.321 7945.522 7950.489
7952.409 7962.196 7969.615 7973.347 7975.564 7982.521 7987.500 7990.647 7991.471 7996.928 7997.111
8004.943 8013.803 8021.652 8023.469 8033.358 8036.510 8044.989 8049.259 8058.007 8062.027 8062.193
8066.958 8073.503 8075.213 8075.499 8077.473 8077.474 8081.710 8090.679 8100.221 8109.476 8117.217
8124.477 8125.077 8130.946 8133.059 8137.195 8141.864 8151.707 8155.306 8164.003 8165.955 8169.327
8170.149 8173.635 8179.414 8186.159 8193.524 8198.782 8205.324 8206.214 8214.436 8217.598 8219.464
8226.329 8235.137 8242.410 8243.682 8245.420 8253.905 8261.777 8268.488 8273.185 8280.293 8286.135
8286.269 8290.015 8299.959 8300.494 8301.508 8307.266 8309.498 8312.225 8312.309 8319.937 8324.841
8334.483 8337.113 8338.704 8347.415 8353.669 8355.305 8360.688 8363.610 8366.242 8373.131 8375.141
8378.031 8384.653 8392.038 8393.354 8394.932 8400.840 8408.637 8414.162 8419.678 8421.379 8428.784
8436.794 8440.894 8445.603 8453.849 8461.935 8466.347 8469.648 8471.772 8476.239 8476.713 8476.960
8482.969 8491.900 8496.539 8500.461 8509.140 8512.176 8516.065 8519.369 8520.444 8527.967 8537.946
8543.632 8545.618 8550.298 8555.869 8565.432 8571.424 8577.939 8579.232 8584.509 8591.027 8593.424
8595.614 8595.943 8599.483 8605.742 8610.242 8619.611 8620.715 8628.161 8633.205 8643.088 8650.053
8653.867 8663.758 8667.677 8672.733 8679.853 8687.654 8690.983 8692.982 8702.475 8711.406 8716.422
8721.425 8724.430 8728.934 8729.380 8736.811 8738.103 8743.702 8752.216 8753.121 8754.533 8757.268
8763.454 8769.399 8772.418 8776.568 8777.956 8779.035 8780.554 8784.200 8788.615 8797.033 8797.168
8799.213 8805.386 8807.328 8816.859 8817.415 8822.323 8825.273 8825.360 8832.330 8837.304 8841.923
8845.247 8851.344 8859.397 8859.520 8862.471 8870.433 8874.220 8883.705 8889.119 8898.124 8907.085
8911.769 8914.497 8922.349 8923.667 8929.101 8930.434 8935.426 8944.093 8947.556 8951.586 8955.861
8957.977 8959.515 8959.681 8959.713 8960.610 8966.929 8974.482 8983.098 8992.216 9000.562 9005.693
9005.748 9011.676 9021.159 9030.132 9035.338 9041.387 9046.358 9056.354 9064.308 9066.458 9067.311
9073.761 9076.685 9083.772 9088.508 9095.276 9102.286 9103.796 9113.633 9116.885 9119.476 9125.856
9130.156 9134.932 9142.723 9146.459 9151.134 9160.745 9167.502 9170.015 9179.200 9179.589 9187.653
9194.227 9197.027 9201.640 9204.163 9204.847 9213.177 9215.317 9216.601 9219.274 9219.464 9221.863
9229.687 9237.813 9242.231 9245.792 9252.637 9255.111 9257.794 9261.122 9262.489 9270.357 9272.064
9276.409 9283.784 9290.305 9292.763 9293.897 9298.242 9304.433 9312.825 9319.736 9329.693 9336.238
9339.312 9342.215 9350.152 9357.500 9361.823 9363.119 9370.268 9377.301 9381.442 9389.707 9392.474
9395.079 9397.711 9407.622 9415.709 9421.914 9423.700 9424.030 9433.539 9440.528 9442.327 9446.345
9447.891 9449.822 9454.105 9460.570 9463.271 9471.495 9472.509 9480.256 9480.575 9480.854 9490.494
9496.217 9502.986 9504.651 9513.384 9517.223 9521.835 9528.691 9536.413 9542.532 9544.404 9547.366
9553.151 9561.329 9564.875 9571.811 9576.148 9582.559 9584.079 9584.199 9592.305 9598.171 9602.146
9605.449 9612.088 9620.885 9628.556 9631.207 9639.867 9642.739 9648.455 9648.560 9650.570 9656.068
9658.773 9662.303 9665.136 9669.906 9670.162 9671.814 9673.476 9673.750 9680.307 9685.145 9687.526
9693.481 9701.493 9708.280 9714.913 9716.410 9719.450 9724.588 9729.765 9731.422 9740.044 9740.833
9744.254 9748.886 9757.894 9764.608 9770.266 9776.688 9780.318 9781.021 9782.590 9785.017 9792.819
9801.628 9808.851 9818.707 9828.590 9836.340 9839.365 9843.254 9844.323 9852.468 9853.346 9860.035
9869.994 9872.992 9873.673 9878.040 9885.045 9890.939 9892.298 9899.618 9907.208 9915.173 9923.875
9924.895 9925.888 9926.115 9926.242 9935.703 9941.995 9948.331 9950.976 9956.534 9965.179 9967.279
9975.269 9983.222 9990.658 9995.559 9997.377 10002.509 10010.533 10019.295 10028.352 10037.412 10047.253
10047.949 10048.311 10057.113 10063.528 10064.035 10067.285 10072.994 10077.963 10080.418 10083.307 10086.092
10095.132 10098.571 10099.782 10105.300 10107.681 10112.375 10113.812 10115.528 10122.944 10125.220 10127.467
10133.385 10137.764 10142.975 10148.432 10152.220 10159.554 10163.629 10171.054 10179.731 10181.527 10190.585
10194.781 10199.449 10202.087 10210.687 10211.929 10214.076 10223.674 10224.517 10229.388 10232.985 10236.080
10244.182 10253.261 10262.774 10264.265 10267.312 10268.866 10269.902 10274.571 10278.748 10286.877 10288.874
10297.498 10300.633 10303.865 10308.512 10308.559 10311.529 10314.573 10317.112 10319.055 10322.507 10327.849
10330.221 10332.863 10333.093 10334.309 10334.884 10340.577 10348.801 10358.673 10363.579 10370.583 10378.054
10382.977 10389.037 10395.306 10401.862 10410.338 10414.536 10422.786 10426.932 10427.265 10434.170 10438.701
10439.717 10448.785 10454.600 10459.107 10462.179 10466.181 10473.523 10479.141 10485.203 10492.340 10497.975
10498.666 10506.695 10512.307 10512.478 10520.236 10526.123 10526.646 10530.886 10540.031 10543.571 10544.529
10548.466 10555.973 10563.170 10568.260 10576.223 10580.600 10580.633 10584.139 10586.882 10592.558 10593.341
10597.645 10606.353 10611.012 10611.753 10615.629 10617.876 10622.481 10624.977 10632.533 10634.020 10643.437
10652.962 10660.855 10662.357 10663.567 10671.039 10677.903 10684.804 10688.297 10695.332 10695.757 10702.908
10708.121 10711.258 10718.486 10725.352 10734.681 10737.565 10741.958 10750.503 10758.123 10760.375 10760.825
10768.878 10773.387 10774.459 10780.028 10780.600 10783.272 10792.914 10802.130 10806.868 10808.385 10813.207
10822.986 10823.354 10829.569 10838.540 10844.885 10846.392 10851.552 10851.741 10859.328 10867.663 10869.042
10878.404 10885.463 10886.986 10889.204 10889.992 10895.217 10901.023 10910.624 10913.750 10921.872 10930.994
10940.196 10940.863 10948.338 10952.602 10957.101 10960.448 10962.588 10971.632 10974.149 10984.140 10985.388
10991.046 10997.668 10999.163 11000.214 11002.967 11003.985 11005.187 11010.152 11019.968 11021.645 11027.619
11034.546 11037.640 11038.164 11043.197 11049.688 11052.638 11052.714 11053.409 11054.290 11054.789 11055.968
11060.828 11069.835 11078.635 11080.921 11087.197 11095.422 11101.257 11110.339 11114.644 11116.245 11126.040
11131.536 11135.582 11136.063 11139.175 11145.482 11148.028 11149.666 11150.516 11159.815 11163.549 11170.132
11176.184 11177.975 11181.921 11189.928 11199.722 11209.208 11209.341 11210.732 11219.277 11224.987 11225.479
11226.087 11236.069 11242.446 11245.891 11248.201 11255.290 11257.695 11261.771 11264.636 11265.695 11268.042
11273.248 11276.481 11277.616 11279.483 11284.911 11287.086 11290.243 11293.056 11293.274 11293.694 11296.338
11299.965 11309.022 11311.330 11317.179 11319.128 11328.097 11330.588 11331.823 11338.260 11338.631 11342.370
11346.747 11354.151 11357.445 11358.553 11359.415 11361.459 11365.811 11366.665 11374.092 11378.301 11379.749
11383.368 11383.750 11385.120 11394.913 11399.849 11406.931 11415.238 11416.128 11420.829 11422.028 11426.804
11430.200 11435.923 11436.246 11439.817 11449.668 11451.330 11460.115 11464.409 11465.986 11469.645 11476.822
11483.734 11487.581 11490.784 11493.768 11498.625 11507.542 11512.718 11519.288 11522.776 11527.140 11534.964
11538.225 11539.545 11541.099 11550.403 11555.835 11556.921 11566.022 11567.425 11568.013 11569.291 11570.791
11579.162 11581.283 11585.417 11585.964 11586.987 11587.247 11588.602 11598.527 11605.173 11611.212 11616.871
11619.582 11622.472 11623.377 11624.980 11632.502 11636.198 11636.518 11636.632 11644.529 11645.665 11648.390
11656.675 11660.335 11660.487 11661.198 11668.562 11676.351 11682.421 11688.184 11695.725 11702.366 11708.227
11714.229 11715.173 11721.885 11727.524 11730.023 11734.242 11738.675 11740.375 11740.385 11741.239 11744.926
11745.728 11747.273 11752.075 11759.036 11761.570 11764.544 11767.773 11771.654 11771.744 11776.781 11781.214
11786.248 11790.695 11791.975 11792.854 11800.630 11810.587 11812.807 11815.308 11816.135 11823.727 11828.453
11837.900 11838.720 11842.861 11848.515 11849.136 11850.291 11860.209 11863.579 11870.805 11875.428 11875.942
11879.380 11880.257 11887.481 11889.082 11896.533 11896.656 11903.154 11912.408 11919.413 11919.713 11923.044
11924.922 11933.956 11940.233 11942.472 11945.896 11946.360 11955.359 11960.160 11966.917 11969.363 11979.208
11987.973 11988.847 11994.804 12000.399 12005.283 12010.399 12019.423 12027.068 12033.859 12041.334 12044.232
12045.014 12054.822 12062.192 12064.095 12065.234 12067.519 12071.965 12077.947 12078.898 12086.608 12086.996
12095.953 12096.145 12098.387 12100.931 12103.545 12113.482 12117.062 12121.866 12130.411 12139.196 12145.224
12150.046 12157.463 12160.003 12169.150 12176.819 12179.158 12186.127 12191.638 12196.179 12205.727 12215.099
12215.579 12219.075 12227.718 12229.715 12238.149 12245.965 12248.596 12251.180 12257.248 12257.266 12258.532
12264.234 12268.202 12275.159 12276.493 12282.009 12290.158 12291.594 12297.089 12299.220 12305.197 12314.805
12322.158 12329.846 12336.056 12339.498 12345.109 12354.378 12356.673 12358.648 12364.973 12365.468 12373.678
12374.946 12381.856 12385.025 12389.514 12391.206 12397.671 12399.136 12404.173 12404.933 12412.501 12420.374
12420.793 12422.807 12427.104 12436.945 12437.938 12438.088 12447.392 12449.587 12451.150 12451.879 12458.277
12465.612 12472.683 12474.773 12482.838 12490.670 12498.908 12500.821 12507.529 12512.200 12515.668 12522.058
12522.162 12526.505 12536.082 12541.893 12548.359 12552.279 12555.032 12561.429 12563.364 12571.580 12572.365
12574.537 12575.327 12576.870 12584.673 12590.138 12599.207 12602.480 12606.108 12609.964 12612.923 12616.300
12623.304 12633.134 12633.450 12635.846 12642.635 12646.535 12651.256 12653.740 12661.971 12671.400 12675.489
12677.144 12683.396 12692.408 12695.644 12695.827 12701.915 12709.189 12714.557 12722.016 12730.323 12732.386
12740.263 12745.116 12751.958 12754.884 12764.001 12770.110 12778.240 12780.310 12787.370 12790.680 12795.159
12795.220 12796.200 12798.112 12804.628 12809.516 12809.984 12819.030 12822.241 12823.146 12824.804 12832.493
12836.373 12836.685 12837.371 12839.616 12843.033 12849.487 12852.513 12852.522 12859.403 12860.361 12863.528
12868.669 12869.938 12879.038 12886.975 12894.870 12903.788 12906.878 12907.843 12909.770 12914.778 12915.826
12923.123 12930.439 12937.082 12939.086 12946.452 12952.594 12953.218 12953.885 12960.879 12970.660 12973.146
12982.049 12987.018 12987.483 12996.568 13000.130 13007.127 13012.155 13017.677 13020.446 13020.793 13030.327
13039.916 13048.728 13052.439 13057.478 13061.366 13070.643 13073.662 13076.048 13083.353 13087.128 13093.332
13101.020 13106.997 13112.942 13116.780 13119.630 13125.516 13132.335 13139.081 13145.260 13149.706 13152.786
13156.638 13157.443 13159.151 13168.396 13170.229 13178.352 13183.952 13185.537 13186.418 13189.946 13192.380
13193.057 13194.610 13203.312 13213.208 13213.606 13218.483 13219.163 13220.748 13226.533 13228.097 13230.493
13238.941 13244.827 13251.983 13260.298 13261.750 13267.470 13271.958 13281.842 13286.329 13294.877 13297.756
13307.044 13310.146 13312.554 13313.265 13314.615 13318.216 13321.582 13323.895 13324.881 13333.429 13340.533
13348.500 13356.686 13361.763 13369.857 13371.364 13379.766 13382.101 13389.444 13396.382 13400.870 13401.204
13401.312 13403.681 13403.731 13412.246 13419.769 13420.495 13425.301 13430.527 13431.713 13435.388 13442.926
13447.817 13448.027 13457.297 13466.047 13467.181 13468.660 13474.160 13474.462 13483.265 13486.486 13491.174
13491.490 13495.250 13499.431 13502.317 13506.755 13513.999 13522.039 13522.084 13525.544 13526.884 13533.951
13537.323 13545.720 13549.955 13553.358 13560.714 13565.860 13567.492 13576.239 13579.109 13586.352 13592.715
13594.623 13597.470 13605.511 13610.438 13614.371 13620.676 13628.911 13638.325 13639.040 13646.652 13649.481
13653.802 13661.684 13662.289 13665.567 13671.071 13674.028 13682.329 13690.353 13692.803 13697.125 13703.426
13709.960 13717.236 13717.261 13721.533 13722.014 13731.341 13734.964 13743.679 13752.138 13758.751 13759.925
13760.861 13762.557 13766.617 13772.760 13782.201 13789.346 13790.841 13795.908 13802.703 13810.914 13819.474
13819.768 13823.800 13824.344 13824.923 13828.656 13831.938 13840.815 13844.422 13846.800 13855.709 13856.176
13861.214 13867.363 13877.359 13885.264 13893.248 13894.397 13898.860 13900.166 13908.104 13917.415 13927.378
13930.477 13938.745 13946.911 13954.306 13960.995 13962.495 13964.203 13966.193 13968.825 13976.686 13986.606
13989.686 13990.540 13999.672 14007.169 14013.430 14013.823 14015.396 14021.774 14025.729 14031.999 14041.191
14041.677 14044.421 14052.617 14053.315 14056.312 14062.996 14064.500 14068.638 14073.446 14073.958 14074.345
14075.682 14083.148 14084.651 14089.540 14090.321 14091.256 14093.899 14098.142 14099.638 14102.311 14103.283
14108.778 14118.110 14120.510 14123.179 14129.344 14134.802 14140.908 14141.187 14145.105 14149.717 14158.026
14165.684 14167.029 14167.180 14170.964 14178.989 14181.059 14181.576 14189.824 14195.453 14203.595 14206.836
14215.750 14223.859 14226.461 14226.961 14229.956 14232.321 14239.964 14248.284 14254.620 14258.864 14261.914
14262.766 14263.154 14270.788 14275.326 14280.357 14283.577 14283.611 14288.758 14296.430 14299.575 14309.155
14318.483 14328.160 14330.926 14339.836 14349.758 14353.640 14353.808 14359.100 14366.498 14367.271 14376.525
14386.163 14389.679 14397.463 14404.928 14406.617 14413.267 14421.113 14429.983 14432.728 14440.433 14445.299
14449.725 14455.706 14460.473 14462.885 14465.203 14471.118 14471.178 14480.199 14482.514 14487.255 14487.823
14490.020 14493.858 14494.166 14500.675 14502.150 14508.117 14511.754 14512.923 14514.304 14516.943 14526.000
14527.384 14535.880 14539.753 14547.834 14549.361 14551.299 14554.174 14558.271 14561.978 14570.496 14579.004
14582.929 14588.252 14590.325 14592.965 14601.359 14605.722 14610.996 14612.390 14616.996 14624.167 14629.918
14638.223 14643.025 14644.673 14645.015 14650.477 14654.971 14661.124 14663.220 14671.081 14673.727 14674.819
14674.824 14681.434 14690.134 14694.656 14702.236 14710.594 14712.601 14713.505 14721.195 14723.309 14723.455
14730.119 14739.260 14744.559 14754.118 14760.709 14769.726 14779.477 14788.739 14794.731 14800.998 14810.341
14820.325 14825.542 14829.042 14832.375 14838.232 14839.261 14844.333 14850.988 14858.218 14860.276 14868.691
14868.712 14873.579 14875.142 14879.250 14883.682 14887.170 14889.146 14891.678 14895.729 14900.446 14908.907
14914.468 14916.051 14919.790 14922.366 14925.006 14930.015 14934.044 14934.379 14943.635 14946.706 14947.929
14950.627 14960.560 14970.307 14975.721 14979.413 14979.760 14986.854 14992.566 14994.630 14995.964 14998.205
14998.570 15004.668 15013.413 15022.101 15025.435 15033.406 15039.803 15048.419 15048.592 15049.889 15053.822
15055.705 15062.582 15071.869 15078.070 15086.655 15092.274 15102.226 15103.113 15107.826 15116.096 15121.266
15126.930 15130.058 15137.837 15139.093 15139.407 15139.601 15145.605 15150.101 15152.438 15160.405 15168.007
15174.958 15176.026 15185.545 15195.193 15199.659 15209.337 15210.466 15213.676 15214.186 15223.395 15228.466
15238.392 15239.378 15246.172 15253.555 15253.996 15260.575 15267.488 15277.158 15277.507 15278.515 15288.434
15294.128 15298.626 15300.370 15305.623 15314.465 15319.332 15319.365 15325.871 15330.485 15334.703 15335.169
15340.942 15344.738 15348.585 15356.756 15365.488 15366.189 15369.177 15372.596 15374.057 15377.646 15384.794
15387.868 15390.887 15398.521 15400.351 15408.751 15416.955 15422.169 15423.238 15430.196 15436.388 15437.070
15438.344 15446.276 15451.303 15454.637 15457.009 15464.731 15465.154 15468.545 15470.559 15472.762 15478.206
15478.470 15481.895 15484.990 15486.416 15493.884 15501.176 15506.664 15512.545 15515.364 15521.486 15526.965
15533.643 15539.166 15546.449 15546.497 15552.785 15554.345 15557.854 15560.449 15564.397 15569.524 15578.568
15580.380 15585.002 15586.377 15587.208 15596.653 15598.830 15608.128 15615.077 15616.480 15625.961 15635.500
15643.620 15645.234 15654.056 15658.343 15664.712 15671.645 15674.425 15674.442 15674.943 15684.209 15688.050
15690.147 15696.905 15697.810 15707.321 15708.118 15713.251 15713.578 15717.733 15719.280 15726.646 15728.470
15730.914 15733.455 15737.627 15744.772 15745.060 15750.650 15750.866 15754.618 15755.325 15757.737 15759.789
15765.958 15767.752 15776.630 15784.026 15791.212 15796.035 15798.651 15800.370 15800.395 15809.713 15812.534
15819.680 15820.948 15827.819 15834.703 15840.348 15842.974 15852.258 15855.744 15864.011 15869.635 15877.817
15887.168 15896.804 15905.170 15908.253 15917.568 15926.429 15928.888 15933.188 15940.271 15949.082 15956.648
15958.292 15967.204 15968.912 15971.039 15973.601 15980.752 15989.735 15989.757 15996.408 15997.198 16001.154
16004.572 16011.525 16018.251 16021.849 16022.181 16029.958 16031.007 16038.935 16043.483 16048.431 16049.093
16055.795 16064.815 16066.907 16067.149 16075.083 16076.728 16081.746 16082.603 16086.210 16090.121 16096.838
16102.692 16108.565 16112.650 16118.783 16124.654 16130.539 16131.050 16139.170 16148.223 16151.693 16153.310
16162.307 16168.637 16176.724 16183.841 16186.185 16196.013 16205.476 16212.929 16213.903 16222.176 16225.875
16232.654 16235.767 16236.002 16237.109 16241.753 16242.799 16249.549 16251.741 16260.647 16269.203 16271.394
16273.709 16273.847 16280.175 16280.303 16285.793 16292.447 16292.726 16297.175 16302.230 16310.505 16312.332
16319.749 16325.734 16335.219 16341.349 16350.555 16356.234 16360.339 16364.414 16373.039 16378.073 16384.060
16384.743 16391.388 16398.670 16405.448 16410.063 16414.176 16415.036 16416.893 16422.640 16429.612 16431.071
16432.118 16435.640 16444.321 16446.798 16447.703 16450.582 16455.426 16464.273 16470.360 16479.747 16485.022
16488.033 16492.037 16496.892 16503.716 16512.796 16519.053 16521.778 16524.576 16524.699 16530.216 16532.754
16537.835 16544.592 16551.638 16553.021 16555.496 16561.949 16564.080 16564.152 16566.117 16568.469 16569.722
16571.238 16576.169 16582.703 16586.793 16589.504 16598.627 16606.697 16615.357 16616.097 16617.000 16619.661
16625.271 16632.710 16639.591 16640.386 16642.496 16644.706 16653.985 16655.679 16665.518 16668.972 16673.915
16680.670 16689.869 16699.225 16700.765 16702.655 16710.119 16714.939 16724.900 16728.638 16736.888 16742.278
16744.731 16750.928 16755.256 16762.256 16769.456 16776.173 16784.993 16790.601 16797.775 16802.286 16811.590
16820.360 16829.426 16833.841 16835.687 16836.930 16838.126 16843.914 16850.172 16859.882 16862.072 16869.037
16869.708 16878.603 16878.718 16879.354 16879.473 16884.256 16887.336 16891.394 16893.538 16897.186 16901.114
16908.893 16909.768 16912.546 16915.325 16922.729 16926.871 16927.396 16931.763 16937.677 16943.361 16951.368
16958.226 16961.454 16968.017 16973.369 16982.455 16986.979 16987.426 16995.446 17005.412 17013.878 17019.219
17024.699 17029.115 17033.045 17042.079 17045.568 17051.732 17060.411 17068.200 17070.882 17075.862 17076.765
17084.280 17084.557 17086.840 17096.513 17096.859 17106.775 17114.178 17121.711 17129.894 17135.709 17144.935
17149.618 17154.494 17155.214 17163.339 17168.369 17170.973 17175.875 17182.155 17184.189 17186.030 17191.277
17192.113 17196.741 17198.877 17199.311 17199.921 17207.050 17211.845 17214.777 17217.881 17226.387 17235.555
17244.019 17248.252 17256.554 17257.226 17257.782 17263.623 17266.967 17270.033 17276.091 17280.557 17280.944
17290.024 17298.677 17299.573 17302.856 17309.691 17317.000 17321.628 17327.002 17332.253 17333.401 17338.272
17346.098 17350.123 17355.044 17358.353 17366.986 17367.899 17376.160 17379.364 17380.663 17381.481 17384.830
17394.699 17398.621 17400.661 17410.540 17417.190 17417.826 17427.253 17429.661 17438.790 17445.970 17446.659
17453.928 17455.784 17456.050 17457.820 17467.052 17471.045 17476.929 17478.492 17482.514 17484.706 17484.943
17486.004 17487.155 17492.094 17501.436 17507.314 17512.200 17517.025 17525.867 17528.916 17533.054 17534.508
17539.674 17540.260 17542.391 17549.365 17553.837 17555.801 17559.234 17561.721 17562.248 17569.910 17578.023
17586.428 17595.007 17596.650 17597.283 17602.739 17607.866 17617.691 17627.522 17636.170 17636.982 17637.723
17646.391 17656.363 17665.931 17667.343 17668.718 17673.637 17679.340 17685.849 17694.625 17702.437 17711.725
17713.387 17722.836 17725.896 17734.660 17742.864 17745.908 17754.586 17760.172 17770.115 17772.428 17776.706
17782.537 17791.589 17791.795 17791.843 17793.431 17795.124 17802.009 17808.431 17808.551 17809.174 17813.854
17819.455 17821.542 17827.224 17831.408 17839.253 17847.320 17851.998 17854.244 17857.500 17863.511 17873.347
17877.972 17886.537 17888.970 17894.709 17900.295 17902.082 17904.834 17908.758 17917.642 17919.333 17919.506
17926.169 17929.858 17930.756 17931.441 17940.552 17941.936 17942.579 17949.083 17952.951 17953.618 17954.732
17955.800 17956.336 17958.456 17968.292 17972.649 17982.054 17992.020 17997.910 17999.890 18003.246 18007.745
18015.065 18018.311 18018.839 18025.746 18028.211 18033.713 18036.158 18045.354 18051.783 18053.156 18060.359
18064.839 18073.157 18073.454 18078.390 18083.040 18091.351 18100.203 18106.671 18116.283 18124.801 18130.711
18136.053 18137.934 18139.697 18141.542 18144.142 18148.532 18153.373 18158.610 18163.832 18173.167 18178.197
18184.944 18193.541 18197.900 18200.282 18205.600 18208.698 18218.433 18225.653 18234.325 18236.093 18241.880
18246.595 18253.523 18260.297 18260.651 18267.252 18276.616 18283.864 18284.333 18285.178 18289.816 18297.428
18304.405 18304.616 18310.196 18311.972 18318.684 18318.946 18327.999 18330.114 18339.094 18343.900 18345.692
18347.261 18348.523 18354.453 18359.524 18366.679 18376.021 18376.220 18381.912 18383.430 18390.218 18390.971
18400.518 18406.432 18410.951 18418.280 18421.833 18429.695 18433.387 18433.844 18438.815 18441.194 18448.307
18456.407 18463.096 18467.606 18468.928 18476.721 18477.581 18480.278 18481.449 18488.618 18489.168 18490.300
18492.739 18502.337 18502.434 18504.770 18505.051 18512.890 18513.958 18517.171 18519.797 18527.918 18534.735
18537.596 18541.422 18542.839 18543.081 18545.881 18547.123 18554.018 18558.343 18559.464 18568.273 18574.030
18580.875 18584.851 18594.504 18599.673 18601.924 18606.774 18610.002 18611.744 18614.708 18614.818 18619.038
18624.400 18634.293 18635.406 18641.502 18642.593 18652.102 18661.315 18669.567 18673.562 18682.356 18682.457
18686.996 18695.258 18701.289 18703.437 18704.483 18706.285 18713.329 18719.560 18726.032 18729.719 18737.981
18744.165 18753.269 18753.347 18757.860 18765.224 18771.119 18774.981 18782.808 18785.895 18787.562 18796.551
18797.433 18804.304 18813.594 18813.606 18814.343 18816.285 18822.568 18827.446 18832.677 18836.481 18837.291
18840.894 18847.263 18848.859 18851.397 18859.237 18860.870 18868.491 18872.587 18879.620 18886.090 18888.831
18890.180 18894.181 18902.811 18909.364 18913.328 18921.297 18923.002 18931.554 18940.135 18949.102 18952.751
18960.495 18966.912 18973.441 18982.296 18986.184 18995.327 18998.090 19000.897 19003.018 19012.160 19012.742
19014.452 19015.811 19022.463 19030.088 19039.147 19048.031 19057.126 19057.169 19057.477 19062.795 19071.285
19079.031 19086.010 19095.650 19104.068 19112.746 19114.459 19119.514 19119.779 19125.661 19126.901 19132.451
19134.366 19135.418 19140.089 19148.765 19151.220 19154.654 19162.552 19169.435 19170.596 19173.115 19181.708
19187.265 19187.558 19196.196 19205.110 19210.704 19213.638 19216.317 19218.246 19219.435 19221.875 19231.179
19232.810 19234.178 19238.468 19240.946 19247.522 19248.735 19256.728 19262.532 19266.165 19273.020 19278.365
19283.151 19289.297 19296.521 19297.102 19298.032 19299.073 19300.981 19307.358 19311.965 19318.828 19327.201
19329.070 19337.381 19340.636 19347.645 19350.914 19357.685 19361.713 19362.170 19370.481 19379.245 19386.367
19388.226 19395.494 19398.758 19403.254 19404.496 19411.803 19414.864 19419.828 19421.737 19425.892 19433.313
19439.560 19448.381 19453.300 19453.615 19463.314 19466.309 19472.964 19482.409 19489.323 19490.612 19494.672
19498.075 19504.676 19509.043 19513.615 19522.406 19529.483 19532.773 19535.492 19544.425 19553.805 19558.093
19566.253 19568.594 19573.882 19578.841 19588.561 19589.871 19598.934 19606.340 19611.716 19619.465 19625.183
19628.003 19630.841 19631.287 19639.551 19649.175 19655.386 19659.661 19669.342 19676.262 19686.240 19689.635
19691.731 19699.857 19709.059 19711.679 19712.075 19715.835 19722.386 19724.334 19732.828 19735.571 19742.929
19751.349 19757.893 19762.903 19771.151 19772.541 19773.697 19775.725 19776.887 19778.856 19788.544 19789.947
19797.621 19798.824 19799.648 19807.371 19814.519 19821.029 19830.442 19838.388 19845.394 19852.488 19862.301
19867.490 19869.362 19876.140 19879.990 19884.921 19886.050 19891.482 19901.265 19906.257 19912.167 19921.485
19930.654 19934.763 19939.406 19941.181 19945.647 19952.085 19953.636 19957.326 19960.082 19965.206 19969.473
19970.194 19971.358 19976.562 19980.486 19983.158 19989.595 19992.242 19996.275 20002.304 20007.359 20016.267
20018.681 20028.641 20036.487 20043.026 20045.069 20050.335 20060.295 20066.618 20073.833 20079.628 20087.006
20087.573 20089.734 20090.620 20091.462 20100.906 20109.842 20111.002 20119.372 20121.202 20125.699 20131.092
20132.783 20134.746 20136.395 20145.852 20151.941 20161.309 20162.760 20163.815 20168.333 20170.183 20175.963
20183.161 20189.266 20192.114 20201.272 20207.930 20216.130 20221.834 20228.860 20232.110 20235.273 20243.568
20249.129 20257.302 20259.129 20266.502 20267.331 20274.596 20275.119 20280.087 20287.994 20288.932 20296.210
20302.250 20311.734 20319.935 20329.720 20331.771 20331.855 20337.604 20342.198 20343.535 20348.345 20350.351
20353.241 20356.964 20362.502 20362.805 20365.108 20366.427 20375.410 20384.365 20388.961 20390.232 20390.269
20397.145 20400.270 20400.505 20403.134 20405.438 20414.724 20418.312 20419.394 20425.191 20427.683 20430.678
20430.691 20431.106 20436.128 20436.369 20444.165 20444.412 20447.480 20455.848 20457.776 20462.005 20467.782
20472.408 20478.158 20483.312 20491.381 20491.950 20501.028 20508.619 20514.449 20516.287 20516.874 20520.901
20526.574 20529.363 20535.917 20542.664 20552.403 20559.204 20561.314 20569.052 20572.345 20574.413 20579.816
20589.299 20590.834 20591.612 20592.798 20595.738 20598.693 20606.316 20606.529 20613.191 20621.613 20625.467
20628.567 20638.057 20645.212 20652.512 20653.702 20660.484 20663.741 20667.841 20668.788 20673.700 20682.729
20690.668 20696.142 20703.545 20709.356 20711.443 20713.722 20718.202 20726.307 20733.559 20734.807 20735.469
20738.913 20747.784 20756.143 20764.924 20766.356 20774.891 20784.453 20792.884 20802.374 20804.910 20812.840
20817.152 20826.368 20833.713 20835.266 20842.986 20845.101 20846.702 20851.989 20852.299 20854.750 20860.860
20861.010 20865.033 20874.237 20878.459 20885.608 20891.447 20900.960 20901.641 20906.059 20910.979 20918.089
20920.647 20924.035 20926.708 20933.774 20943.524 20944.051 20951.195 20954.919 20959.549 20967.798 20972.209
20977.509 20980.494 20989.243 20989.318 20990.276 20999.921 21007.503 21007.826 21015.485 21016.889 21025.047
21026.047 21030.984 21037.334 21038.349 21042.702 21049.730 21054.511 21059.721 21062.049 21067.021 21069.734
21078.812 21087.661 21094.086 21094.915 21100.927 21104.905 21114.085 21121.015 21130.120 21138.492 21139.108
21139.286 21141.305 21151.163 21157.276 21159.180 21164.187 21167.498 21172.494 21179.636 21184.598 21191.963
21193.298 21194.977 21199.119 21205.466 21212.556 21219.906 21221.714 21222.081 21224.863 21225.133 21227.645
21230.209 21237.678 21239.298 21243.339 21249.160 21250.851 21252.677 21256.958 21257.225 21262.828 21268.002
21268.189 21271.440 21278.661 21283.543 21285.322 21293.982 21301.252 21307.112 21308.257 21310.584 21310.624
21312.409 21316.244 21318.188 21324.024 21330.502 21334.178 21335.334 21339.403 21346.706 21353.443 21360.774
21363.093 21363.209 21363.734 21365.166 21371.102 21372.878 21381.945 21385.440 21387.533 21397.128 21407.092
21410.938 21420.938 21426.085 21431.399 21432.638 21436.855 21446.166 21451.347 21455.544 21463.243 21463.247
21463.842 21473.359 21479.688 21483.619 21485.624 21492.616 21493.824 21497.003 21503.307 21508.225 21511.015
21517.306 21525.499 21526.943 21531.314 21531.685 21536.402 21537.810 21546.657 21556.476 21556.892 21564.001
21569.181 21576.816 21578.580 21583.831 21586.333 21594.794 21597.150 21598.614 21603.958 21605.838 21607.807
21616.276 21624.837 21629.996 21639.265 21641.307 21645.658 21648.524 21655.794 21659.446 21662.608 21669.178
21672.375 21674.575 21684.571 21687.533 21691.525 21698.213 21705.301 21706.738 21709.695 21715.604 21717.941
21718.056 21722.376 21722.757 21725.705 21730.897 21732.280 21739.536 21743.016 21749.430 21752.594 21759.048
21762.964 21766.093 21771.919 21777.034 21783.997 21788.160 21789.819 21792.704 21799.044 21801.174 21802.447
21808.828 21817.952 21826.759 21835.147 21842.647 21852.079 21861.336 21863.764 21864.293 21865.882 21866.299
21872.907 21873.019 21881.862 21883.532 21891.322 21896.198 21900.424 21902.468 21911.663 21916.583 21918.362
21922.851 21925.544 21926.275 21929.325 21929.797 21930.028 21934.718 21942.409 21947.467 21950.744 21960.355
21967.270 21974.495 21982.632 21983.975 21992.166 22001.164 22001.649 22010.303 22013.906 22023.112 22025.170
22031.348 22038.984 22039.961 22040.489 22044.454 22051.932 22060.904 22064.719 22066.595 22073.985 22076.320
22076.790 22080.999 22090.934 22093.422 22101.440 22104.675 22114.186 22116.379 22121.564 22128.181 22128.948
22133.780 22134.290 22137.185 22139.791 22146.461 22153.133 22162.980 22165.332 22173.615 22178.150 22185.025
22185.959 22188.599 22191.198 22193.840 22200.285 22208.817 22215.561 22218.075 22219.294 22221.041 22225.917
22235.266 22243.513 22252.788 22261.575 22266.982 22268.007 22269.296 22270.156 22275.227 22279.389 22281.537
22281.982 22286.450 22288.063 22291.719 22294.603 22295.677 22298.034 22302.009 22304.184 22304.636 22307.445
22308.383 22308.808 22311.404 22316.282 22321.176 22330.382 22337.271 22337.939 22342.192 22346.177 22348.002
22357.166 22362.663 22367.706 22369.593 22372.441 22380.058 22381.041 22385.559 22392.218 22399.207 22401.891
22404.682 22407.452 22409.080 22417.987 22421.930 22423.381 22424.358 22426.207 22426.228 22430.489 22434.322
22434.337 22435.563 22445.404 22454.924 22456.084 22463.862 22468.390 22471.755 22478.278 22487.456 22497.397
22500.512 22505.770 22510.149 22513.745
