-3597.574 -3595.664 -3590.070 -3590.066 -3584.894 -3575.438 -3571.031 -3565.092 -3558.217 -3557.978 -3554.432
-3547.613 -3545.678 -3537.033 -3529.350 -3525.314 -3517.281 -3512.244 -3507.765 -3505.521 -3501.449 -3499.701
-3495.646 -3492.139 -3491.336 -3489.437 -3489.363 -3486.908 -3481.964 -3473.586 -3473.077 -3467.156 -3463.815
-3454.977 -3446.129 -3445.922 -3443.029 -3434.255 -3433.548 -3427.929 -3423.884 -3423.034 -3418.242 -3416.382
-3406.839 -3400.890 -3400.191 -3397.788 -3397.062 -3396.353 -3389.410 -3380.913 -3380.005 -3376.381 -3368.947
-3362.324 -3359.299 -3356.953 -3350.741 -3344.063 -3341.250 -3339.150 -3338.626 -3335.177 -3327.106 -3325.571
-3322.423 -3321.280 -3320.018 -3313.937 -3308.387 -3303.934 -3303.909 -3301.534 -3295.807 -3289.284 -3281.530
-3271.718 -3269.395 -3262.085 -3255.389 -3245.828 -3244.363 -3243.356 -3238.287 -3233.497 -3229.257 -3223.688
-3221.947 -3214.428 -3209.954 -3208.178 -3206.330 -3203.240 -3195.736 -3191.959 -3191.413 -3182.237 -3182.006
-3181.746 -3179.009 -3175.734 -3170.453 -3167.780 -3159.934 -3159.415 -3150.289 -3147.919 -3143.999 -3134.860
-3133.591 -3130.010 -3124.813 -3124.491 -3118.901 -3118.031 -3115.500 -3113.383 -3106.869 -3101.683 -3101.061
-3096.466 -3089.405 -3088.367 -3087.365 -3082.985 -3077.975 -3070.790 -3060.978 -3053.704 -3053.025 -3050.722
-3047.750 -3040.013 -3032.378 -3022.650 -3018.060 -3012.435 -3005.821 -2997.565 -2993.436 -2986.810 -2986.402
-2976.682 -2968.844 -2968.021 -2963.384 -2961.370 -2954.437 -2948.168 -2942.178 -2932.650 -2931.421 -2928.799
-2926.548 -2924.894 -2924.163 -2918.602 -2917.842 -2911.905 -2904.635 -2903.118 -2903.032 -2895.418 -2890.754
-2890.108 -2882.832 -2881.320 -2876.097 -2870.651 -2863.061 -2857.192 -2853.988 -2850.764 -2845.688 -2836.705
-2828.126 -2823.517 -2820.743 -2815.080 -2813.355 -2804.419 -2798.621 -2796.752 -2792.045 -2783.990 -2780.656
-2779.774 -2776.779 -2775.065 -2772.892 -2771.379 -2766.403 -2765.867 -2762.975 -2756.372 -2749.895 -2748.463
-2747.130 -2743.991 -2738.621 -2737.943 -2733.177 -2725.144 -2720.438 -2716.761 -2714.759 -2706.452 -2704.416
-2697.321 -2695.376 -2688.431 -2684.878 -2677.587 -2671.593 -2665.202 -2665.117 -2657.590 -2655.144 -2651.872
-2646.150 -2644.440 -2643.618 -2641.777 -2637.208 -2633.445 -2632.134 -2624.089 -2618.279 -2617.728 -2609.403
-2600.468 -2592.997 -2587.413 -2580.479 -2578.379 -2571.912 -2563.694 -2563.317 -2559.475 -2557.067 -2551.497
-2546.858 -2541.342 -2540.772 -2532.931 -2531.067 -2526.267 -2517.517 -2513.512 -2504.015 -2499.501 -2498.389
-2492.943 -2487.730 -2479.200 -2476.389 -2474.509 -2470.868 -2462.857 -2461.288 -2453.500 -2444.264 -2441.818
-2439.965 -2439.825 -2431.930 -2430.907 -2428.620 -2427.749 -2424.195 -2417.702 -2408.685 -2408.420 -2406.229
-2396.829 -2394.397 -2391.822 -2387.268 -2382.022 -2379.281 -2373.111 -2372.630 -2372.271 -2367.707 -2366.633
-2360.320 -2356.846 -2355.266 -2346.134 -2342.949 -2339.238 -2337.846 -2337.735 -2328.524 -2322.094 -2318.128
-2314.701 -2314.405 -2305.517 -2303.583 -2301.364 -2299.553 -2294.244 -2287.943 -2284.658 -2276.481 -2269.796
-2267.801 -2260.521 -2257.313 -2247.750 -2239.605 -2237.800 -2235.867 -2226.476 -2220.725 -2220.188 -2213.706
-2209.759 -2206.346 -2200.864 -2196.000 -2193.584 -2191.928 -2182.577 -2182.256 -2177.695 -2173.319 -2173.082
-2168.520 -2159.744 -2154.760 -2151.961 -2146.835 -2139.979 -2136.158 -2134.784 -2129.762 -2125.934 -2121.244
-2115.250 -2109.658 -2105.324 -2098.081 -2096.442 -2088.276 -2082.482 -2076.633 -2072.597 -2072.052 -2064.545
-2059.651 -2049.659 -2041.054 -2039.592 -2039.351 -2034.826 -2033.260 -2025.230 -2016.458 -2007.529 -2000.334
-1999.894 -1998.450 -1995.975 -1988.340 -1979.724 -1970.699 -1969.248 -1968.019 -1963.440 -1962.593 -1956.044
-1954.104 -1947.049 -1937.918 -1935.182 -1932.843 -1929.028 -1927.026 -1921.464 -1916.747 -1906.887 -1903.624
-1901.722 -1894.074 -1890.289 -1886.526 -1882.550 -1873.675 -1869.198 -1866.772 -1863.196 -1860.719 -1857.025
-1854.198 -1852.064 -1851.664 -1848.844 -1842.668 -1840.359 -1832.816 -1831.757 -1831.157 -1828.891 -1819.480
-1816.738 -1815.945 -1808.074 -1802.686 -1796.614 -1796.525 -1796.394 -1791.484 -1790.024 -1789.145 -1786.820
-1782.738 -1774.817 -1774.475 -1764.634 -1763.995 -1758.773 -1750.275 -1750.153 -1742.153 -1736.501 -1728.816
-1723.432 -1719.249 -1713.870 -1710.906 -1710.759 -1707.205 -1698.984 -1691.698 -1683.137 -1676.579 -1669.256
-1667.691 -1661.534 -1659.973 -1654.729 -1654.465 -1653.448 -1646.715 -1644.734 -1639.511 -1634.194 -1631.961
-1626.723 -1622.658 -1615.682 -1609.040 -1605.471 -1604.668 -1598.287 -1590.853 -1589.061 -1586.827 -1578.897
-1569.458 -1565.267 -1561.376 -1552.802 -1543.402 -1542.322 -1541.042 -1533.009 -1525.845 -1524.367 -1522.929
-1520.512 -1519.325 -1512.481 -1511.068 -1508.554 -1498.602 -1496.596 -1490.468 -1489.199 -1483.919 -1476.751
-1473.458 -1469.430 -1465.834 -1463.796 -1456.590 -1450.706 -1448.477 -1445.281 -1442.783 -1437.355 -1432.106
-1428.507 -1421.621 -1413.016 -1404.488 -1397.005 -1393.613 -1391.002 -1381.829 -1377.798 -1370.577 -1367.229
-1364.860 -1362.878 -1360.021 -1354.543 -1353.277 -1343.638 -1335.095 -1328.810 -1324.638 -1321.127 -1318.773
-1315.336 -1314.658 -1312.293 -1303.297 -1302.036 -1292.123 -1291.117 -1283.417 -1277.788 -1269.096 -1261.933
-1255.240 -1254.879 -1252.716 -1246.300 -1242.064 -1239.585 -1237.664 -1230.802 -1224.424 -1216.907 -1213.151
-1211.316 -1202.056 -1198.570 -1191.506 -1187.610 -1177.835 -1175.028 -1166.317 -1164.954 -1160.642 -1151.974
-1143.519 -1133.553 -1126.510 -1123.957 -1120.937 -1111.737 -1110.400 -1101.394 -1098.690 -1091.031 -1087.855
-1083.717 -1083.341 -1079.183 -1074.321 -1069.942 -1067.197 -1059.970 -1054.013 -1050.344 -1047.501 -1038.786
-1035.836 -1029.162 -1028.494 -1027.181 -1026.630 -1017.646 -1013.942 -1012.218 -1002.948 -994.275 -984.315
-982.074 -981.967 -977.528 -971.824 -964.471 -961.598 -954.544 -949.091 -947.548 -937.926 -937.519
-936.504 -926.684 -923.328 -918.318 -910.714 -900.812 -897.150 -891.963 -889.829 -883.134 -879.840
-876.407 -866.850 -863.048 -860.170 -850.863 -850.824 -846.237 -838.471 -829.508 -822.661 -816.854
-810.320 -801.312 -791.420 -783.547 -780.271 -772.441 -770.405 -770.382 -767.014 -761.037 -755.796
-754.912 -753.906 -753.512 -751.358 -750.782 -744.002 -738.369 -730.924 -724.407 -724.314 -718.367
-710.227 -706.664 -698.939 -697.733 -695.816 -691.970 -687.364 -686.825 -685.283 -681.557 -673.467
-667.712 -662.423 -656.423 -648.637 -643.759 -634.819 -634.064 -631.658 -628.291 -620.766 -611.409
-605.267 -597.687 -595.939 -586.252 -578.531 -570.863 -567.422 -566.736 -561.013 -559.123 -553.068
-543.824 -543.716 -536.963 -528.418 -522.187 -516.084 -512.356 -502.799 -494.520 -493.928 -487.879
-487.433 -484.859 -475.553 -467.252 -462.134 -457.059 -452.747 -448.545 -448.430 -447.279 -439.757
-437.886 -434.757 -430.633 -421.086 -416.952 -414.391 -414.316 -414.092 -405.833 -397.032 -396.627
-390.928 -388.267 -387.520 -381.756 -377.219 -375.640 -374.006 -365.811 -362.531 -361.098 -356.639
-350.908 -347.590 -346.667 -342.986 -341.147 -341.061 -333.548 -332.209 -329.967 -326.251 -322.192
-313.919 -309.463 -307.324 -304.813 -299.792 -298.637 -297.961 -295.952 -288.849 -287.490 -284.968
-284.686 -277.562 -269.955 -266.263 -265.331 -259.884 -258.467 -253.489 -245.397 -238.429 -233.686
-225.186 -217.521 -217.316 -213.732 -213.420 -210.911 -208.073 -202.170 -195.680 -185.878 -185.329
-176.559 -173.295 -168.377 -158.491 -158.030 -157.904 -152.950 -147.099 -141.467 -140.515 -132.140
-128.089 -126.642 -120.555 -110.905 -108.077 -107.437 -105.039 -98.189 -97.263 -95.549 -93.280
-92.649 -90.991 -84.467 -79.310 -79.041 -75.014 -68.474 -62.125 -60.187 -59.935 -53.870
-45.290 -44.406 -37.644 -37.513 -31.617 -25.523 -18.663 -18.230 -8.976 -8.635 -6.347
-5.472 0.275 9.665 14.968 24.442 29.045 32.215 42.043 45.319 48.864 55.652
57.589 59.218 60.200 63.946 67.117 75.743 83.811 86.446 93.820 101.147 101.704
101.817 107.621 109.985 118.489 119.479 121.121 128.844 129.657 132.180 141.480 148.261
153.693 160.988 169.550 177.524 186.071 188.764 192.014 201.980 204.731 207.788 215.189
224.270 229.697 234.069 237.609 247.074 252.235 254.553 263.389 266.144 271.236 272.648
280.353 288.081 290.824 292.586 298.456 298.828 302.958 310.560 317.493 317.609 324.247
328.549 329.305 333.020 333.784 339.482 348.027 357.641 363.921 366.839 372.641 375.387
377.711 382.089 386.577 388.539 395.645 405.311 411.028 414.489 414.922 415.919 417.930
422.016 424.157 427.406 429.549 438.323 445.619 454.052 458.866 464.602 474.199 479.337
480.767 488.722 494.401 501.507 510.651 516.305 521.102 521.975 529.332 537.802 542.890
547.367 553.278 555.129 562.785 572.706 577.035 577.879 579.523 582.016 585.289 585.729
591.922 593.238 598.763 600.227 609.281 611.794 614.902 615.159 623.972 623.992 626.583
634.980 637.815 644.291 650.546 654.894 659.826 662.279 668.720 674.503 676.760 681.244
685.027 692.729 702.028 708.604 715.444 719.894 729.875 736.807 741.699 747.552 751.757
752.911 755.383 759.880 760.379 767.893 773.190 781.853 783.842 784.029 791.668 793.629
800.527 801.304 808.471 816.033 820.854 829.526 833.884 842.848 847.565 849.189 858.279
859.192 866.915 868.300 868.951 870.293 876.576 883.793 886.300 892.986 896.129 896.805
903.174 908.017 913.097 916.076 917.016 921.322 925.192 931.400 933.838 941.389 943.503
950.656 960.367 967.589 968.927 976.034 985.374 994.115 998.128 998.656 1000.320 1008.806
1009.998 1019.890 1019.979 1026.708 1027.684 1034.113 1040.255 1040.688 1047.704 1049.289 1049.585
1053.806 1057.939 1061.032 1068.406 1076.240 1078.640 1080.011 1087.024 1094.775 1100.931 1102.782
1105.045 1105.903 1113.224 1119.581 1128.897 1131.186 1132.459 1132.928 1142.039 1146.755 1149.620
1158.285 1159.160 1162.497 1163.171 1165.458 1166.287 1166.478 1172.278 1176.120 1185.915 1186.714
1190.828 1193.043 1195.520 1198.247 1200.810 1210.797 1219.112 1226.242 1226.986 1235.513 1237.561
1246.390 1251.810 1255.089 1261.462 1264.696 1270.209 1272.800 1277.921 1285.723 1294.202 1296.729
1297.921 1298.264 1304.305 1308.689 1310.834 1311.650 1315.392 1319.359 1325.627 1332.052 1335.882
1342.460 1342.671 1343.505 1350.512 1350.673 1353.666 1363.136 1366.926 1375.173 1383.702 1385.261
1393.974 1402.494 1407.558 1410.277 1415.609 1419.358 1423.283 1423.757 1427.959 1433.589 1436.973
1444.808 1453.207 1458.463 1462.976 1464.045 1472.337 1479.072 1485.418 1485.885 1495.864 1498.453
1506.301 1507.598 1508.553 1509.573 1514.194 1516.430 1516.452 1518.700 1518.718 1522.093 1523.878
1532.095 1540.659 1547.923 1550.678 1557.814 1558.114 1561.941 1565.183 1574.494 1576.753 1580.175
1581.594 1588.136 1595.501 1598.041 1601.977 1609.924 1610.746 1611.183 1617.254 1625.783 1626.217
1630.614 1630.678 1633.395 1634.332 1639.208 1641.263 1649.372 1654.744 1662.343 1665.834 1670.899
1676.180 1682.626 1683.712 1692.599 1694.932 1696.721 1698.728 1708.498 1709.748 1710.906 1714.798
1714.856 1723.838 1725.188 1733.551 1742.441 1742.623 1743.990 1745.801 1745.887 1752.218 1759.929
1769.727 1776.154 1785.527 1788.814 1790.904 1800.020 1809.545 1813.767 1822.424 1825.209 1830.224
1835.439 1840.796 1845.039 1846.463 1852.047 1853.223 1853.613 1855.401 1856.949 1866.680 1871.710
1874.361 1874.653 1878.186 1881.135 1890.211 1894.948 1895.899 1899.022 1909.001 1913.415 1913.932
1922.747 1924.267 1929.614 1932.597 1940.258 1949.914 1954.910 1955.751 1956.336 1956.367 1959.643
1961.523 1962.910 1969.659 1977.231 1984.629 1986.817 1987.978 1992.291 1997.491 2000.042 2000.550
2001.699 2009.073 2012.532 2021.612 2024.552 2025.218 2027.826 2031.418 2031.931 2039.856 2045.728
2047.161 2049.779 2052.489 2056.034 2060.588 2066.166 2068.506 2075.506 2079.490 2089.039 2093.894
2094.270 2103.371 2103.548 2105.141 2112.968 2114.858 2123.246 2130.465 2131.593 2136.827 2141.971
2144.056 2147.141 2148.606 2154.492 2159.442 2160.361 2163.061 2167.911 2173.300 2182.380 2182.479
2183.890 2185.489 2189.465 2190.254 2199.172 2201.662 2202.181 2207.943 2217.346 2226.483 2235.156
2236.667 2240.859 2248.740 2256.344 2264.230 2273.386 2282.909 2286.811 2286.863 2289.358 2292.426
2302.405 2309.604 2319.540 2320.757 2321.362 2327.505 2329.369 2329.920 2330.860 2337.983 2346.932
2349.261 2352.830 2353.838 2357.407 2358.466 2367.423 2367.533 2374.953 2381.352 2389.735 2392.827
2394.994 2402.416 2406.950 2412.475 2413.694 2420.200 2424.396 2433.126 2434.911 2437.672 2440.988
2446.862 2451.993 2452.925 2459.018 2462.321 2471.147 2476.468 2476.986 2484.333 2488.775 2491.476
2500.289 2505.924 2514.071 2518.925 2520.080 2529.851 2534.485 2540.686 2546.936 2553.202 2556.529
2563.872 2566.530 2574.642 2583.034 2587.944 2592.376 2593.493 2603.459 2610.264 2619.096 2621.411
2627.672 2629.423 2638.636 2645.514 2648.588 2653.400 2662.998 2665.537 2671.850 2673.022 2676.625
2682.264 2691.901 2698.554 2699.994 2708.875 2712.934 2716.157 2725.350 2732.121 2736.314 2737.056
2746.864 2747.205 2748.143 2754.743 2757.489 2765.092 2766.377 2771.489 2779.241 2784.746 2786.546
2791.924 2801.129 2804.004 2804.315 2809.954 2819.245 2827.870 2830.072 2835.851 2845.095 2848.698
2853.783 2861.749 2869.682 2870.955 2873.348 2880.612 2889.385 2894.736 2896.083 2896.604 2898.675
2900.818 2904.693 2913.253 2914.096 2923.223 2931.583 2937.912 2940.236 2941.592 2951.027 2957.967
2965.149 2972.996 2982.069 2985.225 2985.887 2994.350 2997.779 3007.464 3009.143 3010.726 3017.867
3019.677 3022.223 3027.161 3028.244 3028.722 3037.143 3041.507 3051.250 3051.267 3057.826 3059.893
3063.023 3063.148 3072.055 3074.757 3075.859 3080.933 3089.520 3092.228 3101.065 3102.215 3106.647
3115.536 3123.496 3127.713 3137.352 3141.956 3150.790 3151.959 3156.220 3162.240 3163.523 3166.228
3168.906 3176.470 3178.958 3181.861 3186.375 3187.555 3197.486 3201.556 3208.502 3209.633 3216.248
3224.769 3228.226 3231.348 3239.140 3239.373 3240.211 3242.309 3245.669 3253.510 3257.624 3264.033
3265.205 3272.388 3274.489 3283.786 3286.419 3290.049 3295.030 3303.391 3306.448 3314.818 3317.108
3318.108 3324.598 3331.530 3334.061 3343.308 3350.301 3352.092 3358.945 3366.223 3367.681 3368.235
3372.193 3373.451 3380.223 3382.422 3392.355 3395.809 3396.916 3401.646 3411.210 3420.873 3423.846
3427.460 3427.948 3428.592 3437.922 3440.743 3447.216 3447.814 3454.187 3460.522 3461.351 3463.676
3464.788 3464.865 3470.226 3472.781 3482.692 3485.418 3487.421 3495.570 3501.270 3510.495 3519.473
3527.999 3532.754 3534.550 3543.997 3547.163 3548.257 3557.381 3566.141 3573.521 3582.285 3584.395
3587.124 3587.411 3594.520 3599.670 3608.444 3614.784 3622.761 3627.319 3628.855 3636.098 3637.996
3640.198 3646.266 3654.676 3656.875 3665.868 3669.470 3669.476 3669.911 3675.957 3683.216 3690.103
3695.852 3705.507 3712.255 3719.579 3721.132 3727.346 3728.893 3731.564 3732.803 3740.042 3743.354
3746.308 3746.910 3753.519 3762.853 3771.519 3773.427 3778.699 3780.141 3788.527 3796.599 3803.193
3805.548 3812.975 3818.711 3821.856 3825.738 3830.085 3839.453 3840.941 3843.129 3844.741 3846.872
3856.482 3859.479 3860.118 3868.354 3874.665 3875.385 3876.273 3882.200 3884.504 3892.252 3898.088
3904.514 3912.823 3913.064 3915.336 3921.446 3930.891 3931.191 3934.810 3942.884 3943.474 3944.505
3949.736 3957.738 3964.208 3973.076 3979.904 3986.395 3986.468 3993.791 3997.845 4006.952 4013.947
4014.325 4017.381 4022.420 4024.500 4025.441 4031.673 4035.630 4037.744 4044.782 4053.371 4053.782
4057.498 4062.952 4065.350 4068.405 4075.186 4082.375 4084.572 4091.364 4093.546 4100.929 4102.758
4106.531 4113.826 4121.130 4123.929 4130.638 4140.381 4142.942 4143.513 4152.695 4154.114 4163.444
4169.353 4169.963 4174.036 4175.550 4181.764 4186.587 4189.568 4195.542 4202.267 4211.569 4221.285
4225.931 4227.992 4231.575 4240.062 4249.508 4257.045 4260.911 4269.857 4277.357 4284.058 4287.483
4297.401 4297.430 4306.436 4316.112 4321.371 4327.648 4334.021 4342.786 4342.940 4351.490 4351.722
4359.000 4366.962 4368.882 4369.468 4379.251 4386.436 4392.343 4396.100 4403.464 4403.478 4407.303
4410.427 4419.025 4423.534 4426.197 4434.482 4444.331 4446.213 4454.930 4455.873 4458.807 4460.640
4464.012 4468.669 4474.631 4476.668 4477.083 4478.759 4487.550 4493.366 4496.660 4500.645 4507.230
4513.465 4514.208 4520.461 4524.456 4530.198 4538.339 4540.159 4542.698 4546.132 4555.306 4557.766
4562.370 4565.895 4572.118 4576.602 4583.877 4592.683 4594.622 4600.818 4601.926 4605.039 4609.723
4615.609 4616.494 4617.107 4619.740 4628.050 4636.613 4638.065 4647.905 4652.728 4657.556 4662.359
4671.869 4678.691 4681.376 4685.315 4688.624 4689.674 4691.663 4698.350 4702.635 4708.423 4709.360
4715.080 4722.847 4728.714 4736.611 4742.032 4750.277 4759.384 4768.971 4773.233 4775.575 4775.798
4784.781 4793.119 4795.576 4795.925 4803.376 4809.456 4812.183 4816.745 4825.961 4827.892 4832.282
4832.567 4833.707 4839.509 4839.808 4844.480 4849.337 4850.944 4852.800 4859.404 4869.169 4869.182
4870.676 4879.776 4889.692 4892.244 4893.904 4901.845 4904.689 4904.745 4907.722 4910.918 4916.621
4922.611 4923.898 4924.610 4925.032 4933.554 4935.531 4937.477 4946.416 4947.420 4950.842 4957.717
4963.501 4967.590 4976.612 4980.521 4981.719 4991.327 4991.619 4993.335 4999.424 5003.486 5010.579
5015.585 5016.331 5019.706 5029.482 5035.450 5043.631 5052.101 5061.883 5068.070 5069.315 5076.010
5079.478 5082.342 5087.618 5088.421 5090.900 5093.548 5103.187 5108.174 5115.765 5116.972 5121.772
5129.301 5129.716 5131.093 5134.147 5136.910 5146.785 5148.030 5151.305 5158.330 5163.605 5167.710
5177.499 5186.453 5189.581 5194.891 5200.626 5202.379 5206.584 5212.398 5214.654 5217.820 5225.804
5229.384 5234.797 5241.247 5250.319 5252.354 5258.524 5266.031 5270.247 5274.848 5277.894 5279.783
5286.220 5291.144 5295.592 5298.320 5308.309 5314.163 5318.920 5325.719 5329.032 5338.413 5338.537
5348.473 5358.134 5361.229 5368.008 5374.434 5380.383 5380.467 5387.837 5396.608 5402.298 5409.710
5414.006 5421.735 5429.356 5431.759 5437.133 5444.440 5448.002 5453.531 5463.436 5466.807 5466.880
5475.135 5480.987 5490.034 5495.764 5498.051 5499.312 5502.096 5503.295 5512.970 5514.248 5521.875
5523.833 5529.130 5533.473 5535.680 5536.958 5546.428 5549.790 5559.019 5563.869 5571.629 5572.621
5578.259 5578.808 5581.784 5586.786 5596.732 5597.265 5604.737 5605.098 5605.847 5608.409 5615.946
5617.364 5620.979 5625.044 5634.573 5634.762 5635.110 5640.594 5649.653 5657.186 5662.867 5664.575
5670.245 5672.842 5680.394 5685.108 5690.943 5691.007 5699.157 5703.063 5703.328 5710.722 5718.941
5727.478 5731.849 5732.174 5739.351 5746.791 5748.476 5750.707 5751.171 5752.876 5754.279 5757.097
5766.083 5775.453 5776.400 5777.099 5786.230 5789.974 5795.737 5805.353 5805.460 5814.538 5815.816
5821.588 5826.779 5835.809 5842.084 5844.768 5850.724 5851.123 5858.841 5864.304 5865.478 5868.766
5873.970 5881.499 5886.299 5894.767 5895.808 5897.505 5897.965 5898.755 5905.863 5915.731 5920.257
5928.151 5935.836 5943.389 5945.361 5947.174 5954.891 5956.826 5961.627 5969.432 5971.927 5978.394
5984.980 5985.777 5989.519 5993.470 5999.966 6004.786 6014.402 6022.697 6022.713 6030.244 6032.957
6037.738 6047.009 6054.985 6061.171 6063.411 6071.900 6078.796 6080.400 6087.536 6087.796 6093.857
6102.521 6109.167 6117.919 6124.463 6134.239 6140.657 6149.436 6156.773 6157.016 6161.596 6170.766
6178.371 6180.328 6187.831 6191.033 6200.560 6204.861 6208.375 6211.831 6214.081 6217.917 6227.382
6229.547 6238.976 6244.523 6244.695 6254.662 6262.790 6267.097 6275.504 6281.300 6286.234 6295.116
6303.518 6306.070 6314.658 6315.615 6318.752 6319.392 6325.617 6334.370 6339.976 6344.623 6349.925
6350.420 6354.921 6362.315 6363.835 6372.803 6382.684 6387.164 6389.384 6391.820 6394.465 6399.109
6401.111 6410.272 6413.214 6415.027 6415.872 6419.130 6423.041 6431.670 6431.888 6438.542 6440.154
6443.643 6450.490 6457.693 6467.377 6477.018 6477.448 6483.018 6490.891 6494.348 6500.645 6509.273
6513.522 6523.497 6528.705 6528.983 6535.201 6537.239 6543.248 6545.321 6545.458 6553.980 6557.956
6560.034 6565.326 6566.082 6574.050 6575.778 6576.107 6584.716 6592.508 6593.341 6595.707 6597.825
6599.074 6605.996 6610.559 6617.949 6626.804 6632.817 6640.894 6642.902 6648.620 6649.481 6653.053
6655.559 6660.734 6664.479 6668.662 6678.017 6685.692 6686.160 6687.598 6692.798 6693.837 6696.494
6701.294 6702.483 6710.387 6714.768 6718.326 6724.564 6727.205 6728.026 6728.681 6737.479 6742.994
6745.676 6746.706 6754.553 6758.526 6760.008 6760.218 6761.197 6761.985 6766.770 6766.974 6773.106
6778.214 6779.174 6787.436 6790.291 6795.354 6800.390 6805.648 6812.382 6818.668 6824.006 6828.646
6830.419 6830.505 6836.083 6837.559 6846.396 6849.089 6851.186 6854.953 6862.041 6863.662 6864.874
6873.663 6876.523 6883.258 6887.179 6888.275 6890.831 6896.747 6898.275 6904.910 6907.560 6916.432
6922.187 6930.732 6936.734 6941.014 6945.600 6947.894 6949.889 6957.342 6959.680 6963.270 6973.181
6980.919 6987.525 6988.706 6993.088 7000.835 7001.521 7010.576 7019.861 7025.195 7034.130 7035.355
7037.520 7039.182 7040.537 7049.232 7055.817 7063.422 7065.961 7067.760 7071.207 7073.409 7076.987
7077.705 7085.932 7093.920 7099.844 7109.534 7112.815 7119.733 7126.148 7126.636 7133.910 7139.017
7144.698 7152.609 7153.041 7158.052 7158.438 7160.675 7169.864 7175.007 7179.746 7186.218 7195.763
7197.516 7207.099 7212.594 7220.853 7221.469 7221.502 7229.816 7234.842 7241.389 7249.043 7254.042
7258.973 7260.544 7262.261 7270.532 7280.234 7284.696 7293.876 7298.116 7299.617 7307.082 7315.030
7322.226 7327.431 7330.997 7334.844 7343.942 7348.814 7350.445 7353.814 7362.930 7365.139 7368.716
7373.666 7378.786 7381.987 7387.183 7394.801 7401.116 7410.126 7414.280 7416.031 7421.538 7427.325
7429.835 7436.925 7443.304 7444.331 7451.611 7451.625 7459.278 7465.479 7471.053 7479.299 7487.542
7494.041 7499.477 7503.738 7510.296 7517.901 7518.772 7519.108 7519.295 7529.012 7531.194 7541.072
7549.563 7558.104 7559.026 7564.857 7568.938 7573.850 7582.370 7590.853 7594.511 7596.480 7601.949
7606.049 7606.553 7613.161 7620.362 7624.745 7632.808 7634.830 7641.581 7644.388 7651.096 7651.099
7655.615 7658.210 7661.508 7661.674 7671.632 7675.872 7678.575 7688.092 7694.275 7694.381 7696.507
7696.648 7699.506 7701.641 7709.055 7713.651 7720.360 7723.068 7729.536 7730.157 7737.364 7741.864
7746.516 7750.201 7750.901 7753.659 7754.833 7760.413 7769.756 7772.851 7773.082 7774.071 7783.414
7792.079 7793.979 7800.812 7805.057 7806.739 7812.865 7818.737 7828.646 7830.557 7838.704 7846.842
7853.933 7857.623 7863.416 7865.694 7867.190 7868.087 7871.872 7872.265 7882.238 7883.672 7892.953
7897.570 7901.993 7903.685 7913.671 7915.897 7925.845 7935.044 7935.175 7943.328 7951.956 7952.019
7954.265 7954.888 7960.532 7961.185 7967.555 7971.259 7980.818 7990.169 7998.905 8002.005 8002.739
8004.555 8009.701 8009.763 8011.757 8019.056 8027.345 8036.012 8045.818 8046.326 8052.084 8058.969
8060.323 8061.371 8067.238 8068.823 8075.013 8081.451 8086.701 8093.707 8093.895 8098.821 8105.867
8109.155 8110.709 8119.550 8120.880 8123.931 8132.673 8135.233 8136.912 8145.083 8152.541 8152.839
8161.760 8166.931 8169.957 8179.430 8184.922 8193.719 8194.722 8203.446 8206.417 8213.971 8216.930
8223.700 8229.485 8233.199 8235.453 8236.978 8242.318 8243.267 8243.586 8243.823 8251.205 8259.288
8267.991 8268.854 8274.204 8280.510 8280.679 8281.204 8288.794 8292.952 8293.840 8295.383 8301.325
8305.739 8307.028 8309.783 8319.057 8322.998 8324.649 8332.962 8339.217 8343.558 8353.361 8357.635
8361.639 8370.114 8372.390 8373.257 8379.856 8381.127 8384.475 8385.231 8392.396 8396.630 8400.403
8405.897 8407.886 8408.867 8413.900 8422.831 8432.750 8441.661 8451.172 8454.364 8459.685 8464.940
8467.522 8468.851 8476.894 8481.817 8489.912 8492.812 8500.208 8507.529 8514.626 8520.755 8521.143
8530.075 8532.562 8537.594 8547.574 8550.880 8558.500 8567.519 8575.121 8580.356 8583.125 8589.867
8591.124 8600.832 8601.694 8602.314 8607.259 8613.503 8622.503 8626.779 8633.862 8634.140 8635.326
8642.482 8646.593 8648.970 8649.441 8652.477 8657.102 8658.787 8666.241 8673.383 8676.553 8678.976
8680.815 8687.867 8690.750 8692.100 8697.146 8699.093 8707.364 8707.915 8715.105 8722.344 8727.489
8734.959 8737.550 8740.990 8748.306 8749.784 8756.906 8765.965 8766.431 8775.314 8783.030 8791.305
8795.624 8798.526 8802.928 8804.665 8805.591 8810.567 8811.468 8816.901 8824.777 8827.027 8832.873
8836.993 8846.149 8847.130 8854.845 8858.008 8859.587 8863.505 8865.827 8875.141 8877.234 8887.142
8892.475 8898.256 8904.464 8905.901 8907.499 8915.160 8917.391 8918.516 8921.481 8921.983 8928.624
8937.689 8942.530 8943.173 8946.137 8948.764 8953.632 8958.835 8964.470 8967.693 8975.966 8976.321
8980.953 8984.918 8987.272 8990.716 8996.250 9001.289 9008.534 9010.756 9020.514 9029.992 9033.295
9035.412 9040.112 9046.257 9051.269 9056.704 9058.451 9063.401 9065.766 9071.500 9075.083 9080.022
9089.481 9096.108 9099.957 9102.379 9111.038 9112.233 9112.641 9121.525 9128.208 9137.781 9146.602
9155.490 9161.358 9169.931 9178.139 9180.495 9184.255 9191.939 9194.181 9203.473 9207.135 9207.366
9207.768 9210.433 9217.564 9219.456 9228.124 9233.240 9234.763 9241.173 9249.956 9251.592 9254.081
9254.801 9259.015 9266.280 9275.267 9276.732 9285.717 9289.998 9291.352 9298.335 9298.788 9301.008
9308.040 9310.150 9310.655 9316.466 9319.461 9325.503 9328.369 9335.951 9341.392 9347.076 9356.366
9357.628 9361.912 9368.152 9377.252 9381.524 9383.908 9386.654 9389.833 9397.764 9404.182 9405.065
9405.132 9413.080 9423.052 9424.898 9431.426 9431.858 9439.288 9439.544 9445.318 9450.871 9460.134
9466.597 9475.526 9485.147 9489.480 9489.586 9496.520 9505.916 9510.997 9518.343 9518.513 9527.753
9537.111 9541.727 9547.320 9553.041 9562.876 9569.451 9571.060 9573.470 9578.229 9580.231 9580.704
9585.550 9593.155 9594.636 9597.360 9599.984 9604.456 9608.448 9612.090 9614.923 9621.076 9628.429
9631.245 9636.911 9639.557 9649.169 9649.832 9655.805 9659.466 9659.637 9661.552 9671.423 9676.617
9681.164 9691.081 9697.898 9704.071 9706.039 9713.946 9720.801 9722.849 9725.976 9735.846 9744.838
9745.661 9754.023 9755.187 9760.067 9769.739 9776.691 9782.659 9788.549 9794.482 9799.989 9807.092
9808.262 9810.398 9811.620 9819.407 9822.009 9828.911 9833.030 9834.795 9837.190 9843.917 9852.710
9852.997 9858.563 9861.361 9865.974 9875.782 9883.105 9889.717 9891.023 9898.474 9906.709 9914.374
9919.864 9927.066 9934.259 9938.896 9939.255 9944.830 9950.972 9959.680 9960.182 9964.202 9972.455
9974.944 9980.706 9983.662 9988.889 9992.357 9993.122 10000.147 10000.470 10009.316 10010.823 10014.957
10020.055 10026.875 10029.314 10031.658 10037.496 10042.531 10049.204 10050.829 10054.673 10058.253 10067.429
10070.290 10071.349 10079.957 10084.018 10088.523 10094.182 10101.707 10104.163 10111.099 10117.173 10127.126
10130.878 10133.678 10138.590 10146.948 10150.873 10151.470 10157.375 10163.142 10172.445 10176.089 10179.748
10181.438 10189.194 10190.877 10194.037 10196.195 10203.561 10203.576 10207.486 10211.677 10213.489 10215.414
10217.660 10222.900 10226.039 10227.284 10236.150 10243.455 10245.490 10252.006 10260.072 10260.801 10268.975
10272.144 10274.448 10283.965 10290.228 10298.446 10298.569 10308.530 10315.954 10317.866 10319.715 10320.745
10323.096 10324.385 10331.474 10340.855 10343.768 10344.924 10349.332 10356.327 10357.125 10363.671 10373.392
10376.446 10383.278 10385.081 10387.619 10395.226 10395.673 10397.463 10402.788 10408.668 10416.538 10422.896
10431.605 10438.365 10439.353 10445.042 10453.276 10455.433 10464.540 10473.022 10475.644 10478.749 10485.602
10493.060 10501.684 10505.276 10507.812 10516.150 10518.119 10525.015 10530.166 10534.642 10538.600 10544.658
10545.966 10553.529 10554.870 10560.270 10565.248 10567.104 10575.859 10582.283 10589.195 10593.073 10600.854
10600.934 10605.553 10612.729 10618.655 10621.065 10630.051 10630.469 10640.053 10646.407 10648.847 10653.701
10661.203 10669.440 10671.829 10675.893 10680.399 10681.068 10689.962 10693.493 10700.424 10704.171 10713.834
10714.031 10716.320 10724.148 10727.610 10736.250 10741.478 10751.412 10754.942 10758.633 10764.162 10765.502
10766.954 10773.867 10782.561 10790.522 10796.374 10804.838 10813.535 10814.625 10823.760 10829.197 10829.696
10834.719 10837.502 10844.788 10853.679 10854.482 10863.846 10870.973 10873.094 10878.039 10879.961 10882.250
10889.769 10898.139 10905.182 10914.854 10917.973 10920.217 10925.871 10934.379 10940.228 10950.041 10951.904
10956.635 10959.102 10960.015 10960.977 10970.789 10979.060 10981.324 10987.758 10997.293 10999.348 11003.256
11009.751 11013.155 11019.199 11025.320 11035.296 11044.041 11047.480 11054.213 11054.785 11060.424 11067.479
11073.697 11073.872 11081.951 11085.956 11088.934 11097.073 11106.258 11111.247 11113.426 11122.967 11129.029
11129.243 11132.566 11135.064 11138.703 11140.441 11142.678 11148.128 11155.668 11157.622 11159.034 11159.494
11162.064 11169.604 11175.228 11177.150 11184.613 11191.988 11199.203 11203.160 11207.191 11207.696 11217.366
11219.690 11221.207 11230.477 11230.492 11230.494 11234.592 11241.676 11248.665 11254.615 11255.480 11259.117
11265.691 11265.729 11268.528 11271.716 11275.261 11280.331 11288.544 11293.419 11302.963 11308.737 11311.817
11319.126 11319.309 11326.247 11334.209 11342.289 11352.271 11353.461 11361.159 11369.292 11376.487 11378.288
11382.602 11386.100 11388.360 11395.545 11403.616 11412.239 11415.211 11423.843 11426.849 11427.258 11427.565
11428.723 11433.624 11439.916 11440.511 11443.542 11451.150 11456.458 11460.562 11469.327 11472.845 11477.242
11483.625 11492.002 11496.989 11506.502 11507.225 11507.231 11510.549 11520.335 11522.243 11522.474 11525.031
11525.040 11530.217 11538.316 11547.924 11556.370 11559.865 11565.542 11569.186 11576.123 11578.541 11585.062
11586.296 11590.601 11593.036 11602.343 11609.726 11610.665 11612.580 11616.966 11617.578 11620.551 11624.927
11626.757 11635.637 11644.472 11646.781 11649.083 11651.408 11651.841 11653.400 11663.181 11663.885 11670.279
11674.460 11677.001 11678.966 11685.015 11691.582 11697.298 11706.837 11713.508 11715.334 11722.893 11727.961
11734.637 11737.391 11740.115 11747.675 11751.404 11752.230 11752.282 11760.892 11763.217 11763.242 11772.211
11775.030 11779.740 11782.217 11782.957 11787.250 11787.412 11788.720 11796.347 11805.158 11811.373 11818.157
11820.934 11823.013 11823.525 11823.896 11827.358 11827.641 11831.130 11832.374 11836.702 11840.059 11849.728
11850.680 11853.330 11856.023 11857.628 11864.569 11864.677 11867.349 11868.673 11869.739 11874.518 11874.560
11881.865 11883.548 11891.854 11900.942 11910.659 11911.615 11914.176 11921.172 11925.706 11928.926 11934.156
11943.024 11949.059 11958.487 11962.656 11968.188 11969.268 11976.443 11985.792 11990.827 11998.263 12001.027
12002.790 12004.026 12010.795 12010.949 12014.005 12021.180 12026.216 12033.325 12035.344 12040.271 12043.029
12044.435 12053.187 12057.903 12061.793 12062.272 12066.192 12071.636 12076.788 12077.066 12077.550 12085.251
12092.724 12099.461 12103.100 12111.947 12115.511 12124.355 12128.119 12136.375 12140.087 12141.422 12144.711
12145.350 12152.737 12154.125 12161.223 12162.468 12165.039 12165.742 12170.807 12177.184 12185.891 12192.810
12197.262 12201.201 12202.097 12208.285 12209.868 12218.111 12221.483 12221.724 12226.080 12229.243 12232.974
12234.609 12235.593 12238.371 12240.472 12242.506 12249.226 12256.845 12262.504 12269.721 12273.484 12274.041
12274.405 12276.990 12281.584 12286.508 12294.670 12296.481 12304.246 12308.678 12312.975 12314.724 12314.972
12320.936 12329.472 12332.347 12335.554 12336.795 12340.031 12344.745 12346.030 12352.314 12362.219 12365.853
12371.712 12378.262 12379.312 12380.098 12388.848 12393.019 12400.270 12401.407 12401.673 12405.775 12412.651
12413.829 12416.963 12419.965 12426.662 12430.620 12436.204 12442.631 12447.271 12450.488 12452.859 12459.305
12461.804 12463.474 12471.536 12475.727 12480.477 12485.737 12493.912 12493.994 12499.133 12508.786 12512.786
12513.934 12520.210 12523.142 12527.694 12531.408 12531.761 12531.920 12535.109 12541.703 12543.002 12546.928
12553.096 12559.817 12565.233 12567.156 12568.918 12576.986 12586.106 12593.004 12598.058 12603.853 12604.675
12608.550 12608.980 12610.351 12615.315 12620.848 12629.707 12633.727 12635.727 12641.444 12643.131 12647.357
12655.272 12662.599 12669.420 12672.379 12674.328 12678.620 12682.088 12684.433 12692.250 12695.328 12697.704
12698.703 12705.381 12709.429 12715.046 12720.168 12723.256 12725.417 12731.033 12736.363 12743.031 12748.465
12749.136 12754.567 12761.459 12763.368 12764.696 12768.705 12771.347 12774.908 12783.421 12785.855 12787.926
12796.242 12797.584 12800.954 12805.096 12813.280 12814.167 12818.202 12826.479 12831.152 12835.748 12838.490
12840.918 12842.539 12846.786 12855.743 12856.377 12863.006 12872.383 12880.738 12881.822 12891.522 12895.673
12897.522 12907.040 12911.597 12914.867 12922.814 12929.917 12931.175 12940.252 12946.574 12947.390 12956.960
12958.858 12958.949 12960.339 12961.461 12968.932 12971.644 12975.980 12976.220 12981.586 12982.423 12987.690
12988.262 12989.089 12990.094 12992.978 13001.929 13004.978 13012.368 13017.069 13018.965 13019.589 13021.296
13027.396 13032.065 13041.367 13041.544 13049.320 13059.143 13068.738 13075.246 13081.276 13085.990 13092.423
13095.441 13101.476 13104.047 13108.138 13112.090 13120.172 13123.574 13124.955 13132.807 13132.951 13137.185
13143.494 13147.329 13148.728 13150.295 13153.336 13154.739 13163.547 13170.970 13173.051 13173.663 13182.291
13186.751 13194.949 13196.440 13198.613 13200.758 13204.818 13211.257 13218.513 13220.748 13230.567 13230.758
13230.764 13231.862 13234.026 13241.261 13242.672 13247.640 13251.138 13259.477 13269.379 13277.196 13282.154
13283.927 13285.938 13291.110 13296.566 13297.913 13299.422 13308.511 13315.106 13323.181 13323.781 13330.952
13334.921 13335.122 13335.280 13343.800 13350.806 13355.968 13359.815 13367.621 13375.942 13385.880 13391.767
13397.215 13403.631 13407.432 13414.083 13421.925 13422.497 13430.259 13437.223 13438.392 13448.277 13451.329
13453.384 13454.871 13459.894 13468.978 13470.542 13479.347 13482.128 13483.034 13491.744 13496.041 13502.517
13512.512 13514.762 13518.645 13520.465 13529.488 13530.611 13539.806 13546.008 13554.740 13560.585 13562.358
13571.711 13577.738 13578.139 13585.786 13585.869 13587.742 13589.383 13599.233 13605.676 13608.877 13613.714
13619.737 13621.437 13625.436 13625.520 13626.948 13629.515 13633.795 13643.258 13649.921 13653.506 13655.587
13664.141 13670.256 13674.379 13682.648 13683.020 13689.909 13699.028 13706.823 13709.529 13714.857 13717.184
13726.303 13727.070 13733.637 13737.308 13741.876 13745.706 13751.461 13760.291 13766.405 13768.800 13778.581
13780.958 13790.115 13796.186 13799.871 13801.065 13804.502 13814.296 13816.573 13818.356 13822.471 13829.533
13836.196 13837.353 13842.261 13849.415 13857.351 13864.237 13869.038 13875.146 13882.227 13883.924 13892.275
13894.094 13901.906 13902.883 13904.610 13914.229 13915.185 13916.977 13919.961 13921.003 13921.323 13926.657
13930.725 13938.832 13948.545 13952.989 13956.670 13957.583 13961.593 13964.383 13964.584 13969.934 13972.622
13980.559 13985.411 13991.175 13996.048 14000.601 14007.237 14013.585 14017.923 14020.594 14027.955 14037.089
14037.165 14040.197 14041.411 14047.787 14057.185 14065.034 14068.406 14074.232 14077.689 14079.002 14079.231
14081.896 14090.184 14091.600 14093.052 14095.814 14103.268 14110.219 14116.646 14121.064 14124.285 14124.309
14132.850 14142.085 14148.881 14154.673 14161.310 14170.152 14170.264 14178.497 14185.584 14192.607 14201.222
14203.483 14205.289 14212.950 14220.919 14222.054 14231.723 14232.253 14238.284 14246.272 14254.625 14258.730
14264.323 14273.302 14273.788 14277.810 14279.804 14286.877 14289.439 14291.521 14298.992 14300.816 14308.367
14310.471 14311.527 14318.264 14318.389 14326.979 14327.969 14332.648 14342.247 14350.783 14357.725 14359.579
14369.376 14370.457 14373.117 14373.913 14375.475 14377.615 14383.523 14387.946 14393.545 14394.380 14396.832
14399.687 14399.806 14404.683 14409.953 14410.078 14410.434 14411.711 14412.692 14419.912 14423.434 14431.074
14439.872 14447.558 14453.657 14462.137 14464.171 14468.557 14470.056 14471.047 14473.407 14478.732 14481.128
14488.797 14498.437 14507.724 14513.137 14513.351 14515.324 14520.236 14525.810 14526.032 14535.898 14545.205
14550.493 14557.508 14566.221 14574.526 14582.537 14590.901 14598.677 14605.918 14614.077 14619.163 14623.049
14624.447 14632.757 14639.276 14646.688 14648.658 14656.412 14661.321 14666.215 14675.937 14684.733 14692.775
14702.491 14712.100 14718.673 14726.186 14730.326 14738.239 14744.879 14745.794 14753.733 14756.108 14757.099
14759.654 14761.666 14771.337 14774.278 14775.261 14780.709 14788.638 14790.170 14790.891 14800.402 14802.428
14803.852 14809.688 14818.389 14824.818 14833.750 14838.832 14845.496 14846.211 14850.846 14858.779 14867.116
14870.725 14872.255 14882.252 14885.597 14888.871 14894.171 14899.157 14903.339 14905.519 14910.580 14916.775
14918.190 14922.933 14927.481 14927.679 14927.747 14930.846 14937.392 14941.416 14948.537 14951.954 14956.810
14958.721 14960.837 14962.610 14968.275 14976.081 14978.590 14986.728 14994.267 14998.004 14999.130 15007.273
15016.877 15023.079 15027.394 15036.235 15044.581 15051.440 15060.492 15069.877 15073.576 15076.637 15082.526
15086.261 15089.403 15094.363 15095.640 15103.823 15109.993 15118.741 15127.930 15134.277 15135.979 15144.091
15145.374 15147.927 15149.344 15159.153 15162.983 15170.038 15178.849 15184.742 15187.554 15193.702 15196.649
15198.976 15203.475 15211.795 15215.277 15221.355 15223.464 15224.198 15227.365 15229.919 15233.649 15234.674
15238.463 15246.734 15253.928 15257.550 15259.288 15263.901 15273.112 15281.633 15291.443 15298.833 15303.296
15305.466 15310.718 15311.112 15311.394 15315.314 15317.052 15318.084 15319.151 15320.253 15326.796 15331.178
15331.851 15335.265 15342.893 15344.663 15352.215 15360.195 15362.758 15362.800 15371.523 15379.439 15380.207
15383.992 15393.500 15399.435 15404.087 15406.930 15415.868 15420.437 15428.377 15428.964 15429.063 15438.093
15447.159 15453.689 15463.467 15471.122 15477.180 15487.015 15489.681 15492.249 15500.457 15509.262 15517.130
15521.582 15531.270 15537.759 15540.284 15542.006 15545.819 15550.983 15553.891 15556.532 15563.035 15566.082
15568.932 15571.118 15580.261 15586.426 15593.109 15601.931 15608.767 15615.196 15620.928 15621.320 15621.675
15623.900 15627.922 15636.493 15637.215 15643.621 15643.719 15646.062 15647.420 15649.265 15658.637 15662.861
15665.107 15667.476 15670.753 15673.857 15681.072 15681.834 15682.254 15685.381 15691.854 15696.271 15702.764
15712.748 15715.022 15718.299 15724.544 15731.541 15737.999 15741.228 15743.081 15744.366 15745.509 15745.732
15754.241 15758.150 15764.816 15769.249 15778.667 15782.512 15784.753 15792.167 15797.201 15799.653 15809.523
15813.422 15822.422 15823.469 15823.829 15830.543 15833.123 15834.585 15838.889 15848.568 15858.453 15861.468
15863.715 15870.860 15876.077 15876.125 15879.339 15883.758 15884.578 15884.633 15884.759 15893.995 15898.218
15904.358 15910.096 15912.819 15922.446 15926.247 15936.184 15945.415 15952.837 15960.317 15961.125 15967.348
15972.569 15975.887 15982.327 15991.196 15993.999 15996.198 15999.033 15999.233 16008.042 16013.556 16015.345
16016.515 16018.730 16026.280 16031.777 16033.096 16039.961 16048.318 16048.847 16051.094 16059.803 16068.931
16070.701 16075.907 16085.807 16086.986 16093.345 16100.331 16101.530 16109.949 16110.778 16114.846 16115.259
16120.720 16124.967 16126.778 16136.772 16145.284 16147.710 16157.411 16159.405 16161.659 16170.887 16172.215
16176.325 16180.636 16186.013 16186.381 16189.082 16197.473 16198.647 16199.624 16201.855 16202.752 16206.098
16209.794 16212.776 16219.340 16225.589 16227.458 16235.672 16238.677 16245.288 16245.340 16245.795 16252.127
16257.532 16261.928 16266.009 16274.820 16280.866 16290.656 16293.463 16297.556 16306.048 16312.842 16314.408
16320.940 16330.619 16335.442 16337.282 16340.184 16346.671 16349.786 16354.166 16356.102 16360.528 16362.890
16365.755 16366.838 16369.559 16377.832 16383.011 16391.681 16395.732 16397.641 16397.973 16406.073 16410.443
16416.354 16422.369 16425.265 16427.750 16437.713 16439.738 16446.632 16452.973 16455.687 16461.959 16462.067
16465.439 16466.804 16470.309 16473.790 16481.976 16482.594 16482.831 16489.723 16491.749 16496.705 16501.045
16501.917 16505.330 16512.960 16514.485 16521.492 16522.522 16532.250 16540.221 16540.929 16546.591 16554.812
16555.352 16555.614 16561.526 16570.826 16573.121 16578.491 16588.090 16596.592 16597.532 16602.627 16604.337
16613.360 16617.689 16624.417 16630.778 16634.963 16636.404 16636.514 16642.285 16643.706 16644.385 16648.069
16657.940 16665.280 16670.220 16679.523 16688.629 16697.346 16697.751 16703.468 16705.637 16706.492 16707.149
16710.018 16712.497 16717.266 16720.940 16728.484 16734.710 16737.021 16740.790 16747.572 16748.435 16757.619
16764.898 16767.454 16774.152 16774.631 16776.984 16782.612 16783.719 16786.702 16790.961 16793.239 16801.405
16807.711 16812.920 16819.462 16828.519 16837.722 16838.100 16842.258 16849.101 16856.711 16857.101 16865.634
16868.725 16871.646 16878.039 16881.719 16890.429 16894.226 16896.514 16905.594 16911.808 16920.159 16921.195
16930.919 16933.102 16933.537 16942.966 16946.310 16952.401 16956.689 16958.785 16959.815 16965.320 16970.257
16972.325 16976.194 16982.604 16986.472 16987.905 16989.352 16997.588 17004.149 17006.167 17006.470 17016.032
17016.997 17019.554 17020.748 17028.656 17030.008 17032.289 17035.118 17037.480 17041.163 17041.778 17043.778
17047.945 17048.903 17055.211 17059.133 17065.433 17070.538 17074.688 17075.709 17079.335 17086.176 17087.988
17091.342 17098.946 17104.992 17106.123 17111.363 17119.096 17120.843 17130.761 17138.915 17139.073 17140.302
17149.212 17153.419 17160.925 17163.028 17165.279 17172.149 17180.810 17187.199 17196.712 17203.176 17207.242
17213.234 17221.960 17231.376 17235.132 17242.686 17252.169 17255.418 17260.818 17270.716 17272.478 17276.478
17277.543 17286.201 17294.032 17296.074 17298.390 17298.797 17301.678 17307.900 17311.329 17314.186 17323.789
17332.243 17336.268 17345.416 17350.982 17354.112 17363.950 17367.819 17375.381 17378.890 17380.554 17387.699
17388.376 17391.652 17394.121 17397.460 17402.030 17410.219 17416.750 17417.474 17422.199 17423.931 17425.595
17435.339 17438.177 17447.077 17453.343 17455.701 17460.265 17465.837 17469.142 17477.558 17483.755 17486.738
17493.556 17496.177 17501.724 17510.493 17511.402 17518.973 17528.206 17535.045 17536.318 17542.150 17543.788
17550.738 17555.328 17562.915 17568.972 17571.362 17571.381 17571.588 17571.658 17576.602 17582.859 17588.091
17592.954 17593.592 17595.824 17600.904 17602.247 17611.978 17613.211 17613.271 17620.930 17622.781 17626.384
17635.011 17637.085 17637.728 17645.530 17647.897 17652.608 17653.308 17654.417 17663.856 17664.276 17664.784
17674.574 17682.353 17684.817 17690.535 17697.767 17707.433 17715.621 17719.040 17724.420 17725.053 17729.544
17733.241 17741.701 17747.562 17753.715 17754.566 17756.906 17761.965 17764.027 17769.220 17775.850 17780.623
17781.137 17782.602 17791.031 17800.975 17801.490 17811.376 17818.060 17822.144 17823.460 17832.716 17839.675
17840.655 17847.608 17848.956 17851.326 17858.788 17866.516 17870.386 17874.707 17876.824 17879.306 17888.830
17889.326 17891.747 17891.934 17901.018 17901.990 17903.332 17906.521 17915.746 17925.027 17926.896 17935.228
17942.710 17952.628 17955.275 17955.849 17963.885 17970.227 17977.619 17980.036 17987.157 17993.053 17995.193
18000.818 18001.051 18003.516 18011.439 18012.569 18018.041 18027.321 18035.523 18041.454 18041.565 18051.048
18053.335 18053.459 18053.898 18061.818 18062.703 18063.864 18069.036 18074.042 18074.571 18074.746 18080.009
18085.854 18093.794 18098.321 18102.119 18108.914 18117.405 18124.702 18132.430 18133.583 18137.682 18138.604
18145.239 18145.388 18152.269 18155.822 18164.615 18173.056 18180.049 18183.232 18189.531 18191.695 18192.347
18197.088 18203.244 18204.740 18211.060 18217.334 18217.671 18217.755 18222.326 18222.346 18224.488 18230.722
18233.593 18236.408 18245.541 18247.592 18257.301 18263.393 18270.557 18271.519 18273.570 18281.798 18282.698
18290.817 18299.720 18304.742 18308.839 18310.812 18318.061 18321.442 18328.145 18333.494 18343.242 18348.775
18350.408 18355.796 18356.730 18362.961 18365.529 18371.924 18381.237 18384.104 18385.418 18391.280 18396.424
18400.781 18402.861 18407.348 18414.993 18424.957 18427.866 18436.173 18439.711 18447.278 18451.194 18453.095
18453.158 18458.670 18460.015 18460.969 18463.821 18467.970 18468.453 18472.666 18475.977 18483.766 18485.734
18486.538 18495.834 18496.443 18499.468 18508.119 18514.162 18523.365 18527.333 18530.516 18539.794 18544.204
18545.428 18551.969 18552.373 18560.699 18562.838 18572.690 18576.683 18577.517 18581.862 18587.255 18589.654
18598.446 18600.334 18601.551 18608.815 18618.264 18623.911 18627.907 18628.952 18636.772 18637.652 18643.052
18645.218 18647.145 18656.094 18660.490 18663.581 18669.657 18672.347 18678.217 18678.668 18682.610 18688.301
18697.324 18699.382 18701.002 18709.961 18711.438 18712.638 18715.507 18725.208 18727.761 18732.753 18742.406
18749.180 18754.223 18758.830 18765.013 18770.225 18770.227 18774.385 18774.580 18777.437 18780.717 18790.605
18792.415 18795.002 18799.008 18800.992 18809.784 18814.007 18822.051 18823.776 18824.032 18829.187 18836.454
18844.637 18845.947 18850.347 18858.626 18866.689 18867.074 18872.346 18875.289 18879.875 18886.555 18896.071
18899.997 18901.348 18901.707 18902.748 18904.187 18914.012 18917.286 18918.298 18926.063 18931.221 18933.278
18942.778 18943.467 18951.988 18952.896 18960.671 18966.478 18966.691 18973.060 18981.195 18981.710 18982.033
18984.685 18988.339 18990.139 18992.745 18994.711 19004.367 19007.784 19008.285 19012.230 19017.247 19023.059
19026.611 19027.541 19027.548 19036.823 19046.318 19055.526 19058.142 19062.299 19066.395 19069.968 19071.295
19080.084 19081.787 19087.102 19089.353 19093.834 19103.052 19111.916 19120.076 19122.610 19132.440 19141.597
19145.975 19151.544 19152.284 19154.191 19156.190 19158.159 19160.647 19162.726 19165.067 19170.158 19170.850
19176.802 19181.863 19184.709 19188.061 19190.931 19193.873 19195.314 19204.951 19207.924 19210.944 19212.586
19212.924 19217.774 19220.184 19223.249 19229.343 19232.149 19236.986 19242.445 19248.164 19253.525 19254.680
19264.243 19272.206 19273.047 19273.340 19279.994 19287.334 19297.304 19305.857 19309.534 19311.367 19317.791
19323.026 19330.115 19337.663 19346.122 19349.238 19357.056 19366.894 19375.640 19380.179 19389.435 19390.332
19394.784 19398.564 19401.106 19402.721 19405.083 19413.401 19420.429 19421.708 19428.533 19438.495 19438.699
19443.588 19445.931 19450.699 19459.058 19461.340 19466.104 19472.676 19474.301 19475.462 19480.681 19482.482
19489.484 19491.990 19494.886 19501.618 19502.320 19502.963 19511.447 19516.140 19525.076 19527.506 19529.281
19537.026 19537.372 19546.283 19552.624 19557.460 19559.732 19563.802 19563.935 19573.172 19576.306 19576.328
19578.190 19582.696 19583.502 19585.077 19585.239 19587.021 19587.996 19588.742 19598.590 19606.238 19606.656
19614.044 19616.472 19623.550 19633.045 19633.393 19641.651 19644.484 19648.068 19649.715 19657.982 19658.904
19664.796 19665.488 19671.983 19680.381 19682.204 19684.288 19687.180 19688.762 19697.505 19704.493 19706.746
19708.644 19714.726 19722.948 19731.075 19740.338 19746.089 19755.566 19763.566 19767.005 19773.311 19773.399
19782.191 19783.791 19791.067 19796.203 19796.680 19802.767 19808.937 19811.238 19814.871 19818.957 19821.233
19821.559 19825.238 19828.794 19830.707 19833.827 19840.330 19842.390 19850.727 19852.489 19853.502 19857.847
19861.418 19865.376 19867.017 19872.505 19876.162 19883.059 19892.293 19895.443 19900.835 19905.306 19912.822
19914.730 19918.302 19919.079 19926.803 19927.235 19932.495 19936.607 19943.512 19948.454 19953.032 19959.335
19965.493 19969.203 19970.809 19978.989 19979.610 19986.738 19989.173 19999.076 20004.890 20012.984 20014.009
20023.263 20032.439 20041.831 20043.444 20043.884 20044.403 20048.473 20050.783 20054.991 20057.374 20059.447
20062.112 20065.805 20070.261 20079.880 20084.904 20085.976 20093.042 20101.163 20105.489 20109.414 20111.785
20111.822 20114.620 20124.386 20124.777 20124.946 20128.486 20131.650 20135.081 20145.018 20148.510 20151.829
20153.130 20154.434 20155.725 20162.845 20169.076 20170.338 20176.557 20179.962 20188.164 20191.260 20196.542
20206.435 20207.275 20207.987 20217.679 20220.820 20223.249 20225.664 20227.928 20232.618 20242.481 20246.737
20246.954 20256.073 20259.125 20266.156 20266.762 20266.875 20267.692 20274.902 20282.058 20284.459 20285.763
20289.778 20292.285 20298.591 20303.976 20307.078 20314.492 20322.161 20328.501 20328.637 20337.236 20340.509
20348.354 20352.442 20361.540 20363.322 20370.115 20374.731 20383.083 20387.223 20393.576 20400.512 20409.167
20415.382 20423.947 20428.902 20437.934 20442.372 20444.703 20445.265 20447.995 20448.407 20454.671 20461.916
20471.745 20479.767 20481.404 20490.986 20494.475 20498.586 20499.472 20501.985 20510.993 20511.074 20518.761
20522.195 20528.100 20529.760 20530.279 20534.884 20543.882 20545.126 20552.096 20555.747 20562.556 20567.857
20568.539 20572.183 20581.153 20588.867 20595.841 20599.793 20604.621 20612.925 20614.442 20616.548 20620.821
20625.465 20634.285 20641.684 20642.087 20643.435 20653.154 20660.701 20662.818 20667.270 20676.187 20683.633
20689.242 20689.257 20695.944 20696.205 20698.800 20700.585 20709.299 20712.590 20717.723 20724.318 20731.264
20738.226 20746.942 20750.813 20753.662 20755.546 20760.909 20762.209 20771.170 20776.113 20784.952 20788.620
20791.258 20798.891 20800.303 20804.267 20811.547 20812.730 20815.480 20815.587 20823.082 20829.518 20836.055
20837.806 20842.742 20843.599 20852.044 20854.249 20863.009 20866.601 20869.053 20870.868 20878.490 20884.191
20891.045 20893.000 20899.541 20908.948 20915.260 20917.549 20923.526 20927.017 20927.225 20932.166 20935.601
20944.739 20948.415 20953.693 20954.421 20960.713 20970.124 20971.546 20978.337 20986.830 20989.449 20998.261
21006.959 21012.318 21015.691 21024.217 21030.373 21037.669 21043.628 21052.278 21061.811 21062.161 21062.273
21065.640 21066.610 21067.026 21067.811 21071.778 21072.754 21077.936 21084.978 21091.178 21092.907 21094.223
21100.338 21103.222 21107.006 21115.217 21117.805 21120.162 21127.740 21129.988 21137.834 21146.943 21153.838
21160.735 21168.619 21176.048 21183.407 21183.868 21191.240 21200.300 21203.596 21206.384 21209.123 21209.286
21211.285 21212.332 21221.524 21223.754 21232.678 21237.055 21238.742 21243.507 21248.958 21255.836 21264.621
21264.961 21273.385 21277.052 21284.573 21286.565 21289.072 21298.718 21303.297 21312.588 21322.056 21323.119
21324.815 21329.993 21333.458 21335.913 21342.694 21343.667 21348.681 21348.808 21358.701 21362.683 21364.511
21373.564 21373.871 21373.885 21374.162 21376.525 21377.762 21379.142 21388.005 21392.622 21394.428 21399.907
21407.554 21409.406 21414.233 21417.064 21424.232 21432.942 21438.182 21438.460 21438.616 21446.223 21449.970
21458.663 21467.176 21473.132 21480.237 21486.825 21491.409 21492.281 21501.000 21505.354 21510.956 21518.149
21521.121 21524.575 21531.091 21535.679 21539.381 21542.986 21547.695 21556.026 21556.924 21566.257 21571.735
21575.085 21577.725 21586.382 21587.103 21589.575 21594.661 21603.619 21607.335 21610.546 21612.733 21621.674
21624.554 21628.744 21632.839 21636.914 21637.071 21643.061 21645.871 21646.260 21652.133 21659.208 21660.834
21668.258 21671.171 21680.136 21687.513 21694.400 21696.471 21697.141 21706.218 21713.424 21723.156 21727.134
21732.680 21739.359 21742.934 21748.514 21756.255 21759.978 21763.145 21771.859 21777.941 21781.025 21788.143
21794.604 21803.709 21806.813 21810.491 21815.565 21823.305 21827.929 21834.993 21840.309 21848.314 21852.148
21857.911 21865.476 21868.641 21870.437 21877.871 21882.697 21885.961 21886.331 21892.813 21900.988 21905.563
21912.020 21921.726 21923.881 21925.238 21926.939 21932.254 21932.443 21937.226 21945.090 21954.276 21958.587
21959.369 21961.453 21969.568 21969.746 21972.513 21976.156 21977.164 21984.543 21992.292 22000.089 22006.940
22009.096 22014.124 22022.606 22022.839 22024.605 22029.510 22036.646 22036.701 22039.546 22042.291 22044.962
22050.995 22054.463 22059.686 22068.441 22073.665 22075.996 22081.782 22086.928 22088.612 22092.282 22093.960
22099.351 22104.042 22109.866 22111.763 22116.449 22120.626 22127.130 22130.923 22136.851 22144.139 22152.806
22160.643 22161.164 22170.165 22171.471 22175.288 22181.537 22182.877 22184.698 22194.216 22196.568 22197.917
22198.180 22199.637 22201.891 22210.875 22213.175 22217.282 22226.428 22235.513 22240.986 22247.091 22251.531
22259.954 22262.341 22262.393 22265.273 22265.723 22274.966 22284.105 22290.454 22294.129 22304.081 22306.993
22308.068 22317.753 22326.023 22328.672 22329.397 22338.878 22341.972 22342.780 22343.202 22347.823 22357.188
22366.665 22367.735 22374.207 22378.392 22384.066 22386.033 22387.606 22391.575 22401.086 22410.471 22413.053
22421.297 22428.200 22428.370 22429.485 22434.946 22442.868 22446.014 22449.650 22450.984 22460.077 22468.500
22471.367 22474.930 22476.273 22481.357 22483.234 22487.586 22492.096 22499.015 22502.937 22509.382 22519.215
22526.490 22532.316 22541.316 22549.715 22557.782 22563.449 22570.165 22570.341 22571.149 22575.382 22575.776
22584.346 22586.271 22588.372 22596.705 22601.048 22602.960 22611.546 22618.300 22618.896 22624.860 22634.167
22638.334 22642.083 22644.664 22647.152 22647.363 22655.099 22659.335 22662.370 22671.785 22672.160 22679.372
22688.346 22697.502 22704.144 22713.932 22721.996 22723.817 22727.493 22729.363 22738.059 22746.360 22753.980
22761.539 22762.747 22768.791 22771.455 22773.966 22779.395 22782.017 22783.942 22793.393 22795.031 22799.876
22800.886 22803.328 22806.860 22816.308 22824.817 22831.934 22834.015 22836.283 22836.369 22837.868 22843.968
22846.258 22853.005 22854.832 22854.931 22858.396 22867.887 22874.050 22879.132 22884.722 22890.561 22893.241
22899.652 22908.044 22913.562 22921.569 22921.967 22929.776 22931.040 22933.564 22943.464 22951.594 22955.928
22961.321 22969.567 22975.637 22978.012 22978.974 22983.098 22988.173 22990.651 22999.065 23007.475 23007.679
23009.185 23015.953 23016.470 23017.312 23018.942 23027.724 23028.483 23034.062 23038.288 23045.234 23048.329
23048.517 23054.118 23054.318 23056.763 23061.038 23067.052 23068.227 23076.999 23085.175 23094.007 23097.674
23105.803 23115.745 23124.302 23125.056 23129.155 23134.839 23141.501 23147.547 23155.686 23157.311 23157.470
23161.480 23166.950 23168.941 23171.408 23180.505 23184.625 23190.376 23193.373 23196.808 23198.092 23203.177
23204.387 23212.316 23216.629 23224.146 23224.167 23233.450 23236.561 23243.471 23244.849 23245.849 23254.316
23263.243 23265.970 23268.104 23272.454 23274.941 23275.061 23276.280 23277.589 23279.798 23280.961 23284.572
23284.785 23287.513 23289.188 23291.630 23298.979 23305.026 23306.610 23314.190 23317.063 23321.580 23327.819
23333.822 23336.361 23342.479 23346.061 23349.143 23351.555 23355.592 23362.803 23364.363 23372.703 23382.216
23390.294 23395.084 23399.715 23402.440 23402.835 23406.791 23408.992 23413.533 23418.489 23422.002 23427.716
23435.434 23435.497 23435.619 23436.504 23437.077 23440.177 23441.806 23451.740 23452.199 23454.081 23459.279
23463.961 23467.856 23472.370 23473.524 23476.032 23476.908 23486.847 23488.937 23498.486 23499.138 23505.082
23512.452 23516.247 23524.892 23532.755 23534.078 23537.428 23538.328 23543.988 23552.465 23561.744 23565.608
23574.109 23577.358 23583.551 23588.375 23593.782 23600.572 23609.752 23617.951 23622.880 23623.442 23624.465
23633.287 23634.830 23640.338 23640.817 23641.804 23642.270 23644.806 23648.028 23656.253 23665.899 23668.469
23677.650 23686.226 23694.726 23698.308 23704.928 23712.654 23722.031 23725.950 23727.103 23736.789 23744.716
23748.083 23756.611 23758.907 23758.957 23764.508 23769.239 23771.113 23771.655 23777.534 23781.472 23782.813
23785.428 23794.860 23797.368 23804.146 23806.674 23812.714 23818.688 23820.959 23822.679 23830.885 23839.808
23843.965 23852.311 23860.349 23866.946 23875.334 23876.763 23884.370 23887.829 23889.310 23889.722 23893.245
23901.880 23906.990 23912.012 23915.835 23921.181 23929.039 23930.214 23933.882 23942.404 23950.152 23955.040
23957.446 23961.329 23965.299 23973.529 23981.852 23990.066 23992.592 23999.279 24002.028 24004.433 24009.237
24018.279 24023.474 24025.129 24033.846 24041.892 24051.553 24060.043 24063.363 24068.686 24069.725 24073.543
24081.392 24087.225 24097.097 24104.291 24105.669 24110.555 24111.278 24114.942 24120.047 24127.555 24133.816
24139.421 24142.711 24152.449 24155.217 24156.590 24159.477 24169.454 24176.478 24186.290 24195.071 24202.897
24212.726 24213.920 24217.089 24220.071 24220.927 24228.576 24229.467 24237.097 24243.530 24253.166 24262.423
24271.331 24272.875 24278.421 24283.852 24289.182 24290.680 24299.955 24309.057 24309.587 24319.233 24319.779
24321.326 24323.379 24328.716 24333.856 24343.569 24352.577 24354.016 24356.592 24363.185 24365.188 24367.871
24373.510 24374.943 24378.611 24387.396 24392.674 24400.332 24402.696 24409.962 24412.635 24417.642 24420.298
24420.409 24424.564 24426.431 24432.658 24438.452 24447.512 24449.866 24455.860 24463.261 24465.014 24466.641
24469.649 24476.533 24479.527 24480.283 24483.461 24493.287 24496.215 24496.574 24498.284 24501.523 24507.961
24512.549 24522.069 24526.533 24534.126 24538.988 24544.681 24548.979 24552.286 24555.520 24561.916 24568.347
24568.687 24573.460 24577.589 24581.431 24583.641 24593.583 24594.274 24595.456 24604.067 24608.263 24609.832
24610.674 24620.114 24626.347 24629.148 24631.980 24633.561 24636.304 24638.985 24647.000 24653.062 24656.472
24657.338 24665.831 24666.819 24669.409 24677.722 24687.514 24692.145 24692.843 24695.346 24701.825 24706.191
24708.813 24712.769 24717.381 24719.091 24727.428 24736.987 24737.520 24743.736 24744.198 24745.431 24749.274
24753.744 24754.263 24757.203 24758.966 24767.316 24768.734 24772.220 24778.952 24779.727 24780.866 24789.188
24795.779 24803.967 24805.442 24807.498 24815.016 24816.856 24823.480 24829.443 24830.793 24831.930 24832.519
24833.211 24834.553 24836.120 24842.595 24844.880 24852.229 24853.763 24861.474 24862.571 24863.826 24871.229
24873.379 24881.253 24888.758 24889.218 24894.889 24895.948 24903.793 24913.356 24917.460 24925.340 24934.940
24935.343 24938.035 24941.317 24951.295 24954.138 24964.069 24973.348 24977.841 24978.037 24981.807 24983.960
24987.202 24994.016 25001.468 25006.473 25007.889 25014.065 25017.842 25023.698 25026.416 25029.463 25034.358
25034.387 25043.222 25045.764 25055.562 25059.660 25066.512 25074.479 25076.647 25076.931 25077.641 25085.586
25086.315 25091.338 25099.751 25109.098 25110.029 25114.200 25121.444 25122.708 25129.441 25131.196 25132.218
25132.957 25134.250 25134.554 25136.654 25138.578 25148.382 25148.651 25149.722 25156.957 25160.870 25165.754
25175.403 25179.272 25186.216 25191.418 25193.865 25199.191 25200.243 25201.273 25202.275 25205.273 25205.891
25215.194 25220.761 25224.839 25231.704 25237.743 25246.570 25246.966 25254.325 25257.303 25266.969 25270.158
25277.875 25286.159 25288.353 25298.020 25305.498 25312.964 25321.928 25331.519 25332.811 25338.874 25345.069
25353.422 25358.682 25362.948 25365.011 25374.241 25383.180 25384.170 25393.614 25399.838 25400.542 25402.593
25402.744 25403.532 25403.735 25406.002 25408.515 25410.644 25413.019 25420.690 25425.282 25434.783 25435.388
25437.046 25438.352 25441.588 25443.389 25444.027 25450.734 25458.729 25467.545 25476.719 25479.327 25486.640
25488.386 25490.710 25498.114 25500.873 25509.046 25510.370 25512.190 25521.280 25526.690 25530.411 25538.330
25542.585 25544.629 25548.548 25556.316 25563.650 25569.935 25574.911 25580.397 25589.199 25589.962 25598.924
25605.855 25606.959 25612.507 25618.316 25622.736 25626.853 25632.051 25641.092 25643.701 25653.178 25654.357
25656.524 25658.202 25666.524 25667.318 25668.655 25670.456 25671.994 25673.394 25674.836 25679.889 25680.165
25686.110 25692.921 25693.791 25700.851 25707.757 25712.931 25716.473 25717.718 25719.183 25723.292 25724.979
25725.825 25728.937 25733.540 25738.965 25744.085 25747.394 25751.562 25759.368 25764.815 25766.460 25769.719
25778.244 25782.059 25785.062 25792.913 25801.093 25803.710 25813.433 25822.000 25824.010 25826.919 25836.547
25836.986 25845.742 25849.968 25859.797 25865.639 25874.325 25879.562 25879.705 25882.698 25890.470 25898.989
25902.881 25904.357 25908.902 25913.624 25922.110 25929.921 25937.616 25943.612 25945.391 25952.215 25960.839
25961.764 25965.227 25973.831 25981.469 25990.251 25991.149 25999.035 26002.553 26002.555 26003.063 26009.346
26014.524 26021.990 26031.484 26031.638 26038.452 26038.663 26044.282 26050.546 26058.589 26059.567 26060.167
26063.883 26071.990 26079.658 26087.113 26094.020 26095.376 26099.151 26105.441 26107.895 26109.288 26111.653
26116.651 26125.501 26129.170 26133.068 26135.665 26139.618 26144.355 26144.782 26152.175 26161.678 26168.989
26177.966 26186.084 26190.204 26198.300 26203.227 26205.178 26207.890 26208.366 26211.926 26213.954 26215.397
26216.573 26220.762 26230.173 26230.547 26230.768 26235.142 26235.578 26240.919 26245.901 26252.235 26254.060
26256.051 26262.012 26268.480 26277.677 26280.132 26287.998 26289.309 26293.633 26293.645 26295.562 26299.467
26303.463 26310.042 26318.709 26324.037 26331.392 26340.043 26342.673 26346.146 26355.355 26362.964 26370.516
26371.593 26379.296 26382.877 26384.790 26387.279 26387.295 26390.804 26399.852 26402.981 26411.908 26415.317
26420.801 26430.438 26439.895 26449.038 26450.113 26456.455 26465.955 26467.355 26468.229 26470.263 26473.463
26475.433 26477.135 26486.589 26493.562 26497.633 26507.588 26510.152 26517.710 26521.244 26531.015 26531.629
26534.242 26535.355 26543.460 26550.917 26555.059 26557.338 26566.552 26566.781 26568.389 26571.631 26581.027
26584.983 26592.128 26594.731 26598.765 26603.462 26605.975 26612.452 26613.635 26614.190 26622.073 26629.640
26637.682 26638.516 26644.163 26649.577 26649.826 26654.380 26659.111 26666.946 26671.586 26675.992 26677.340
26684.108 26689.697 26691.255 26696.494 26704.599 26707.209 26717.188 26725.896 26728.433 26730.107 26737.493
26746.835 26753.853 26756.237 26762.813 26763.769 26763.802 26771.534 26772.835 26780.807 26784.280 26792.615
26796.635 26799.011 26802.882 26807.619 26809.261 26809.262 26816.756 26818.925 26825.706 26826.518 26834.546
26836.359 26845.302 26851.576 26859.084 26864.182 26866.089 26871.013 26875.339 26879.521 26889.280 26898.487
26905.123 26913.927 26922.665 26926.477 26934.251 26936.476 26937.220 26946.695 26956.551 26958.516 26958.639
26958.960 26960.506 26966.429 26976.026 26983.673 26990.465 26997.101 27000.193 27005.031 27012.155 27018.731
27019.904 27023.431 27026.040 27032.855 27033.259 27040.675 27048.764 27052.668 27056.518 27061.426 27062.731
27069.139 27069.803 27071.260 27071.414 27081.203 27091.198 27100.142 27108.162 27116.909 27119.885 27120.526
27128.589 27138.324 27142.686 27147.948 27149.094 27150.152 27158.170 27159.586 27162.321 27171.585 27173.264
27177.087 27177.141 27178.238 27185.284 27185.554 27195.308 27198.252 27207.023 27213.252 27219.725 27225.071
27233.464 27238.500 27242.579 27247.716 27250.826 27254.302 27260.867 27261.941 27262.144 27269.728 27273.686
27275.370 27284.660 27288.408 27294.443 27304.398 27313.358 27314.363 27321.586 27324.269 27331.107 27338.404
27344.337 27352.657 27355.396 27364.364 27364.365 27370.122 27379.470 27387.433 27387.853 27392.361 27398.583
27407.363 27415.799 27416.669 27419.919 27428.933 27435.856 27437.627 27443.614 27449.781 27451.532 27452.240
27454.613 27454.704 27461.706 27462.752 27469.862 27472.544 27473.011 27482.237 27484.366 27491.763 27497.088
27506.380 27515.788 27520.009 27525.967 27530.655 27540.161 27541.142 27549.864 27558.612 27563.618 27565.771
27568.796 27577.966 27578.949 27585.460 27587.122 27587.822 27597.822 27597.850 27605.492 27608.049 27617.059
27620.573 27628.534 27637.627 27642.310 27650.303 27650.794 27654.431 27654.872 27662.988 27667.433 27669.293
27676.533 27677.434 27685.867 27687.532 27688.116 27689.280 27694.603 27699.029 27707.351 27711.667 27714.065
27714.174 27721.226 27721.456 27729.335 27734.724 27734.896 27744.633 27747.216 27752.552 27759.025 27763.883
27764.002 27768.824 27773.744 27774.689 27780.296 27781.612 27789.218 27795.975 27805.550 27808.159 27808.368
27816.409 27816.627 27818.667 27819.991 27828.765 27831.301 27840.709 27847.015 27847.298 27854.853 27856.502
27857.808 27858.323 27866.591 27875.303 27876.291 27884.617 27891.359 27891.931 27896.911 27899.649 27908.236
27908.702 27910.786 27912.189 27921.692 27928.938 27931.961 27933.129 27942.955 27947.046 27952.057 27959.193
27962.514 27964.959 27970.069 27973.618 27978.049 27985.574 27985.691 27991.532 27997.476 27998.808 28002.577
28008.063 28011.957 28013.160 28018.354 28021.340 28029.772 28039.151 28040.231 28049.313 28052.320 28056.545
28058.009 28065.239 28068.626 28072.926 28077.498 28080.008 28082.686 28083.048 28086.255 28090.098 28099.065
28107.536 28110.271 28117.112 28118.865 28125.745 28129.381 28134.776 28144.541 28149.132 28158.235 28164.811
28170.697 28178.369 28184.927 28192.764 28199.015 28207.002 28214.042 28223.173 28229.023 28230.362 28234.198
28241.880 28246.795 28254.497 28263.736 28266.221 28271.896 28281.646 28285.187 28285.931 28287.989 28290.517
28300.148 28300.692 28304.931 28306.477 28312.083 28312.366 28321.728 28330.938 28340.321 28341.617 28347.051
28348.712 28351.352 28355.279 28357.759 28365.509 28369.735 28375.634 28376.358 28383.837 28385.908 28392.083
28400.274 28400.838 28409.483 28411.131 28420.324 28421.338 28425.422 28432.775 28442.258 28451.632 28460.269
28461.833 28470.128 28479.995 28484.719 28491.791 28494.390 28499.715 28501.034 28503.200 28508.068 28509.055
28518.310 28520.311 28523.391 28528.529 28532.711 28533.964 28542.497 28547.855 28549.616 28550.974 28560.277
28561.395 28565.988 28566.008 28575.216 28577.939 28581.872 28584.750 28592.097 28599.291 28603.757 28612.178
28617.037 28617.656 28621.133 28629.319 28633.107 28639.603 28645.867 28646.422 28647.464 28651.361 28654.604
28658.798 28660.328 28669.303 28669.628 28671.690 28674.703 28675.591 28677.883 28681.153 28689.173 28690.817
28691.570 28696.349 28705.341 28706.450 28711.353 28712.038 28717.471 28721.227 28726.000 28730.641 28736.643
28739.028 28744.406 28745.688 28746.610 28749.708 28755.453 28761.059 28763.009 28768.690 28778.391 28779.033
28784.022 28789.997 28796.244 28803.060 28812.097 28821.886 28823.187 28824.834 28830.926 28837.075 28838.048
28843.388 28849.109 28856.857 28857.764 28861.604 28862.648 28871.827 28878.146 28880.748 28889.071 28896.021
28896.519 28904.694 28911.437 28914.834 28917.997 28920.540 28923.419 28923.780 28924.065 28931.403 28938.470
28946.439 28953.850 28957.324 28960.559 28966.004 28966.227 28966.613 28968.334 28978.256 28981.998 28986.429
28987.528 28996.640 29005.216 29014.783 29024.413 29025.885 29029.156 29038.844 29045.636 29046.007 29054.869
29062.478 29062.923 29063.698 29065.791 29072.925 29080.410 29081.108 29088.782 29091.518 29094.873 29098.477
29107.934 29112.314 29115.690 29123.970 29125.481 29131.327 29136.416 29145.323 29147.511 29148.372 29153.571
29155.051 29156.154 29163.706 29165.096 29166.092 29168.834 29170.963 29172.939 29180.377 29190.199 29190.992
29195.890 29204.090 29206.538 29209.462 29211.717 29217.137 29224.406 29233.861 29239.753 29240.242 29250.141
29254.260 29257.089 29264.542 29270.422 29276.201 29276.263 29277.663 29281.741 29290.186 29298.341 29302.675
29307.075 29315.952 29318.924 29327.689 29333.101 29337.036 29338.775 29347.686 29348.671 29356.229 29356.725
29358.791 29361.410 29366.483 29367.458 29374.985 29376.014 29381.354 29387.290 29392.034 29398.457 29407.347
29409.603 29410.464 29415.528 29415.930 29418.416 29419.232 29426.589 29429.204 29437.677 29446.333 29452.807
29457.124 29457.363 29459.974 29460.414 29462.839 29467.920 29474.976 29475.960 29476.160 29481.934 29487.514
29487.617 29488.596 29489.928 29491.450 29498.925 29503.022 29504.212 29505.660 29514.249 29524.150 29532.073
29537.209 29544.568 29545.890 29550.549 29559.010 29560.850 29567.430 29576.613 29586.316 29591.601 29593.178
29598.683 29599.707 29603.030 29611.262 29619.560 29625.199 29634.673 29642.617 29649.404 29659.241 29666.277
29670.401 29675.943 29683.822 29688.900 29693.561 29697.671 29707.402 29710.768 29715.209 29724.133 29725.315
29731.865 29737.244 29745.336 29750.557 29758.077 29759.400 29766.623 29772.554 29773.445 29781.501 29781.798
29783.872 29793.604 29796.134 29799.420 29806.585 29813.721 29820.662 29823.935 29824.989 29833.486 29837.553
29838.974 29842.010 29843.649 29846.546 29847.378 29856.753 29861.882 29869.455 29879.412 29879.747 29887.192
29895.230 29898.743 29908.616 29912.108 29921.552 29928.375 29935.674 29938.971 29944.285 29945.181 29949.672
29952.420 29962.230 29967.003 29969.878 29975.552 29983.055 29987.238 29987.805 29993.708 30001.852 30007.006
30010.248 30017.926 30023.986 30025.158 30027.675 30030.571 30031.012 30039.560 30043.298 30051.941 30059.167
30064.496 30070.809 30075.374 30081.158 30088.975 30094.248 30096.090 30105.161 30106.885 30110.702 30115.256
30120.357 30120.676 30126.186 30134.001 30136.407 30141.324 30143.388 30147.001 30154.005 30161.456 30169.401
30175.211 30176.313 30178.780 30185.193 30185.513 30185.783 30190.842 30196.578 30200.811 30205.842 30211.312
30212.101 30213.984 30218.014 30218.114 30220.933 30222.281 30222.561 30231.751 30233.540 30239.355 30246.104
30251.957 30255.742 30260.285 30268.872 30271.731 30278.851 30279.479 30281.317 30284.246 30289.574 30290.946
30291.153 30296.884 30303.091 30311.558 30315.313 30317.994 30322.939 30323.337 30326.574 30333.349 30338.017
30344.782 30353.196 30355.132 30361.238 30361.669 30362.953 30364.639 30366.061 30374.055 30383.232 30385.061
30388.511 30394.682 30401.823 30406.432 30416.097 30423.916 30433.835 30434.568 30439.649 30440.372 30449.020
30450.217 30456.844 30462.653 30464.629 30472.067 30475.248 30475.755 30476.312 30477.612 30482.051 30489.990
30493.703 30495.356 30500.930 30509.662 30513.785 30517.838 30526.996 30528.032 30529.849 30532.457 30533.148
30533.343 30534.972 30535.419 30541.396 30543.167 30549.460 30555.065 30560.691 30564.707 30571.635 30577.180
30584.700 30590.157 30596.714 30597.668 30599.736 30606.992 30616.854 30619.940 30624.418 30630.425 30631.207
30634.386 30634.784 30638.931 30643.929 30651.506 30655.293 30659.282 30659.464 30663.775 30665.273 30667.015
30669.553 30672.190 30675.183 30677.818 30679.908 30680.566 30690.226 30692.652 30697.899 30698.107 30704.730
30709.894 30711.257 30718.942 30719.835 30721.431 30727.920 30730.539 30732.052 30736.562 30742.047 30742.553
30743.813 30752.176 30761.980 30767.511 30776.733 30780.041 30780.368 30790.096 30799.624 30799.981 30804.497
30811.620 30811.621 30815.130 30821.344 30827.645 30830.724 30836.110 30844.076 30848.836 30855.628 30862.950
30870.359 30875.278 30884.032 30892.303 30899.467 30906.303 30908.159 30914.258 30919.560 30922.786 30924.824
30928.917 30930.282 30935.150 30939.645 30942.503 30949.659 30950.304 30955.780 30960.691 30962.598 30969.968
30975.840 30977.966 30984.381 30985.690 30991.740 31000.628 31001.464 31010.531 31010.998 31018.264 31023.448
31028.992 31036.937 31037.219 31038.300 31042.957 31045.432 31046.260 31048.982 31058.281 31067.470 31069.774
31071.976 31079.266 31080.256 31088.630 31093.676 31099.193 31103.505 31104.342 31104.790 31112.542 31115.446
31121.846 31127.301 31129.054 31136.533 31138.176 31145.785 31149.689 31150.433 31159.869 31163.892 31173.636
31175.903 31177.556 31179.148 31180.599 31186.056 31189.449 31192.993 31201.438 31202.735 31210.492 31213.950
31219.365 31227.343 31235.880 31238.636 31245.963 31254.629 31255.380 31259.254 31263.884 31264.091 31264.670
31266.843 31268.918 31271.154 31272.845 31273.507 31280.001 31280.303 31283.217 31287.023 31295.862 31305.654
31313.085 31319.292 31321.092 31323.567 31325.002 31334.650 31338.938 31343.996 31347.463 31351.740 31361.118
31365.435 31366.566 31370.620 31378.049 31379.028 31388.392 31390.169 31398.214 31398.532 31403.154 31409.108
31411.422 31418.120 31427.914 31432.748 31434.331 31444.042 31446.531 31454.256 31455.702 31464.725 31471.182
31471.622 31478.360 31486.985 31488.683 31489.374 31489.891 31491.954 31498.197 31503.393 31510.852 31513.137
31514.484 31520.504 31520.510 31522.937 31529.813 31531.563 31534.350 31541.403 31541.765 31544.026 31553.832
31558.113 31561.382 31570.507 31572.565 31574.454 31583.745 31590.494 31595.041 31603.314 31603.605 31606.496
31608.543 31611.594 31612.695 31622.335 31623.217 31631.394 31632.543 31633.453 31636.142 31637.121 31644.442
31646.257 31652.795 31657.413 31657.462 31661.934 31669.264 31672.452 31673.955 31678.289 31685.776 31691.841
31692.304 31701.767 31710.094 31710.507 31712.363 31713.056 31718.248 31724.535 31729.891 31730.049 31731.706
31740.026 31742.927 31745.703 31745.975 31752.280 31759.320 31763.435 31770.753 31775.368 31776.126 31781.268
31783.677 31792.645 31798.237 31802.396 31804.525 31805.607 31807.531 31813.489 31817.382 31817.551 31822.757
31824.230 31825.940 31828.846 31830.510 31837.659 31840.918 31846.997 31849.489 31849.724 31853.971 31857.789
31859.390 31861.847 31862.719 31869.731 31870.760 31871.355 31871.396 31879.460 31888.534 31893.248 31898.011
31900.871 31905.955 31906.839 31908.158 31918.070 31923.751 31926.282 31933.906 31940.125 31940.783 31948.489
31954.000 31957.186 31963.716 31967.970 31977.736 31982.673 31982.845 31983.655 31984.135 31986.486 31991.760
31992.277 31997.206 31997.883 31999.134 32003.269 32012.039 32017.823 32019.379 32023.005 32030.421 32035.604
32035.655 32040.069 32046.627 32054.442 32057.609 32066.537 32069.417 32076.454 32081.922 32086.797 32089.047
32090.930 32095.376 32097.135 32101.854 32102.437 32103.721 32107.450 32116.616 32120.160 32125.095 32131.034
32132.396 32140.503 32150.138 32152.816 32157.913 32165.262 32170.163 32177.377 32183.321 32184.114 32192.695
32196.908 32201.785 32205.990 32206.476 32208.110 32217.571 32224.523 32233.831 32235.986 32236.881 32241.631
32242.444 32248.564 32256.132 32261.139 32264.718 32270.792 32280.192 32287.869 32291.342 32301.290 32306.607
32316.524 32322.888 32331.217 32339.352 32346.808 32350.020 32359.682 32363.973 32370.023 32379.810 32383.715
32387.311 32389.233 32389.310 32394.225 32401.456 32406.020 32408.893 32416.239 32418.637 32426.832 32435.271
32436.217 32445.737 32447.444 32454.974 32455.754 32464.176 32468.790 32469.974 32472.589 32473.966 32483.890
32486.537 32492.192 32497.330 32506.019 32515.717 32515.880 32517.882 32526.700 32534.969 32544.548 32545.495
32554.423 32561.748 32568.094 32574.212 32575.884 32576.535 32580.015 32581.406 32589.616 32598.851 32603.702
32603.853 32603.998 32604.166 32612.950 32613.942 32618.816 32621.819 32628.071 32636.725 32637.405 32640.888
32641.504 32645.155 32648.370 32651.649 32661.173 32669.856 32672.784 32677.970 32681.148 32688.294 32695.523
32697.776 32707.359 32717.314 32724.432 32729.820 32737.570 32739.292 32745.198 32750.488 32760.254 32762.122
32763.412 32764.658 32774.302 32774.316 32782.878 32784.152 32784.476 32793.567 32802.576 32804.705 32813.573
32820.167 32821.259 32830.469 32834.030 32838.037 32844.523 32854.477 32854.660 32856.285 32864.079 32866.373
32869.664 32873.996 32874.168 32882.249 32886.524 32895.748 32903.265 32912.132 32920.292 32930.205 32937.818
32947.661 32950.280 32956.192 32957.094 32965.613 32966.611 32966.845 32967.316 32970.181 32975.945 32983.121
32987.847 32996.306 32997.709 32999.260 33005.590 33011.373 33017.766 33025.262 33030.901 33032.117 33034.330
33043.077 33052.992 33062.053 33068.924 33075.099 33079.492 33088.059 33093.878 33096.235 33103.791 33104.320
33110.978 33113.768 33116.006 33119.597 33125.655 33133.649 33137.474 33138.468 33139.283 33148.798 33153.212
33161.543 33164.264 33173.681 33176.182 33180.316 33188.692 33198.548 33204.984 33206.250 33207.887 33215.109
33220.968 33222.342 33225.857 33227.162 33230.169 33236.103 33237.941 33243.581 33244.642 33249.071 33256.714
33263.451 33264.253 33272.546 33279.146 33279.189 33286.830 33286.907 33290.136 33297.085 33299.889 33306.195
33314.998 33316.309 33321.155 33321.421 33322.745 33328.528 33333.969 33340.534 33346.234 33348.385 33352.940
33354.800 33363.910 33369.234 33371.417 33378.568 33384.426 33385.157 33394.734 33402.895 33405.740 33406.027
33415.973 33425.036 33430.997 33431.723 33435.408 33441.177 33444.784 33446.812 33454.476 33454.516 33454.926
33458.694 33462.341 33464.494 33464.620 33465.122 33473.687 33476.791 33484.800 33493.557 33502.082 33503.234
33511.490 33514.116 33515.517 33518.559 33522.156 33524.656 33525.176 33527.309 33534.845 33544.502 33551.571
33558.552 33560.412 33562.093 33564.555 33572.698 33573.246 33575.304 33577.186 33583.477 33593.394 33595.085
33601.307 33611.174 33620.539 33622.833 33624.139 33628.423 33634.979 33640.074 33641.865 33647.235 33649.717
33654.839 33661.795 33663.635 33672.189 33679.769 33682.579 33687.587 33690.432 33699.016 33707.548 33708.084
33715.110 33716.955 33718.470 33720.604 33726.344 33728.830 33732.295 33734.293 33739.001 33746.283 33752.143
33761.112 33768.897 33770.942 33777.988 33784.436 33791.546 33796.369 33797.947 33805.140 33812.615 33812.714
33818.515 33824.932 33829.698 33836.205 33843.075 33852.318 33857.449 33859.163 33866.674 33869.530 33874.259
33878.317 33879.907 33885.306 33886.946 33887.690 33890.464 33899.199 33900.215 33908.555 33913.140 33916.415
33917.474 33925.639 33929.928 33939.437 33942.650 33951.542 33956.460 33961.250 33969.869 33975.004 33979.476
33986.528 33991.651 34001.533 34010.627 34016.176 34018.322 34024.003 34026.305 34030.781 34037.872 34046.329
34048.494 34050.648 34057.206 34063.453 34064.278 34074.228 34079.844 34085.341 34091.266 34097.194 34104.516
34112.792 34113.917 34115.775 34123.035 34132.425 34137.236 34137.356 34145.583 34154.300 34154.461 34163.127
34163.415 34169.014 34169.158 34170.357 34171.696 34180.796 34187.116 34194.921 34198.929 34199.705 34203.930
34206.032 34210.073 34214.934 34217.616 34222.420 34222.712 34230.465 34235.377 34235.402 34238.736 34242.420
34248.717 34256.941 34266.357 34272.058 34279.515 34288.451 34293.988 34295.305 34304.949 34305.767 34307.236
34312.696 34316.581 34322.766 34325.387 34334.117 34334.988 34343.182 34349.100 34351.453 34357.247 34363.219
34367.777 34376.674 34383.507 34392.300 34393.512 34402.148 34404.693 34412.682 34413.770 34414.214 34422.346
34425.857 34431.788 34434.597 34443.460 34445.938 34452.658 34455.281 34462.865 34468.878 34477.601 34483.392
34484.613 34491.671 34493.431 34502.284 34506.357 34509.225 34511.336 34520.386 34522.946 34526.765 34533.972
34543.855 34550.740 34558.328 34562.345 34562.387 34570.948 34571.449 34572.648 34578.171 34583.786 34583.816
34584.644 34588.710 34596.948 34602.725 34610.362 34616.365 34617.364 34617.687 34624.800 34626.090 34635.113
34636.508 34639.033 34639.229 34639.468 34640.390 34647.273 34650.678 34655.160 34663.580 34672.663 34673.994
34680.025 34681.527 34690.257 34692.492 34702.228 34711.492 34713.775 34721.650
