-700 -698 -689 -685 -679 -675 -672 -671 -663 -654 -653 -645 -638 -629 -620 -610 -606 -599
-597 -588 -578 -569 -563 -554 -546 -541 -535 -526 -520 -515 -509 -505 -500 -496 -489 -488
-481 -471 -467 -464 -459 -454 -448 -445 -442 -438 -430 -429 -421 -416 -407 -399 -396 -391
-381 -373 -371 -367 -362 -356 -352 -343 -336 -328 -320 -310 -308 -303 -296 -288 -282 -273
-270 -269 -264 -257 -247 -246 -243 -241 -231 -222 -215 -212 -210 -207 -201 -197 -191 -181
-173 -170 -161 -160 -159 -153 -143 -139 -138 -131 -125 -117 -109 -103 -101 -96 -94 -84
-77 -69 -61 -56 -51 -47 -40 -34 -26 -25 -16 -6 4 6 7 13 22 31
32 41 45 51 57 65 72 75 81 86 93 97 100 109 111 113 119 127
133 143 146 147 149 155 161 168 172 174 182 183 188 192 193 195 201 203
212 216 225 235 236 246 254 256 263 272 282 287 294 296 298 299 300 307
309 317 320 321 330 337 343 349 352 355 365 372 379 386 392 395 398 406
408 416 424 426 436 438 443 451 458 463 471 481 482 489 490 491 500 510
511 512 521 526 532 536 543 549 550 560 561 563 569 576 583 591 597 598
605 613 618 626 632 635 637 641 648 656 659 662 670 676 677 678 688 693
697 701 703 707 709 710 720 721 729 730 737 742 743 751 760 761 767 770
774 777 778 786 789 790 792 799 805 807 815 821 829 834 844 846 853 858
867 875 881 887 889 899 900 907 909 918 920 929 932 938 943 951 956 966
976 985 991 993 994 995 997 1003 1010 1011 1012 1022 1026 1035 1036 1043 1048 1049
1059 1069 1071 1080 1087 1093 1101 1109 1111 1121 1126 1127 1136 1139 1141 1148 1153 1163
1172 1173 1182 1192 1201 1202 1210 1217 1220 1227 1229 1236 1246 1253 1263 1268 1273 1274
1275 1283 1290 1292 1297 1298 1304 1305 1310 1318 1320 1328 1330 1336 1339 1341 1350 1359
1362 1366 1374 1382 1389 1397 1399 1401 1409 1411 1412 1414 1418 1425 1426 1434 1441 1443
1449 1450 1460 1463 1473 1476 1479 1486 1489 1492 1493 1497 1501 1508 1510 1519 1527 1534
1537 1540 1546 1552 1559 1567 1571 1581 1591 1599 1607 1616 1617 1620 1624 1630 1634 1644
1649 1658 1663 1665 1672 1677 1687 1696 1705 1710 1718 1721 1726 1733 1738 1740 1748 1750
1751 1753 1756 1762 1763 1771 1772 1779 1786 1794 1798 1801 1809 1810 1820 1826 1832 1837
1846 1849 1852 1856 1858 1868 1878 1886 1889 1894 1896 1899 1900 1905 1909 1918 1922 1930
1935 1944 1949 1954 1957 1958 1967 1977 1982 1987 1997 2002 2003 2005 2010 2013 2019 2023
2027 2037 2039 2047 2054 2057 2065 2067 2069 2074 2082 2089 2093 2096 2102 2108 2109 2111
2119 2127 2131 2140 2148 2150 2151 2157 2164 2174 2175 2177 2186 2193 2196 2203 2205 2214
2215 2224 2229 2234 2238 2244 2254 2260 2265 2270 2278 2279 2281 2285 2289 2293 2298 2301
2304 2312 2322 2328 2334 2338 2339 2340 2348 2355 2362 2368 2378 2385 2390 2392 2393 2401
2409 2410 2419 2428 2432 2435 2440 2442 2443 2450 2459 2461 2467 2477 2485 2490 2491 2497
2504 2506 2511 2515 2522 2523 2524 2526 2536 2542 2544 2545 2551 2552 2559 2567 2572 2580
2581 2591 2596 2606 2614 2622 2631 2632 2638 2647 2657 2667 2674 2678 2682 2684 2692 2702
2708 2717 2723 2729 2731 2733 2738 2743 2748 2754 2764 2771 2776 2779 2787 2789 2795 2796
2804 2808 2817 2819 2820 2823 2833 2839 2844 2853 2862 2868 2869 2874 2877 2884 2894 2902
2906 2916 2924 2932 2934 2941 2942 2944 2951 2952 2956 2958 2966 2974 2976 2982 2983 2989
2991 2997 3005 3006 3014 3018 3020 3027 3029 3033 3034 3036 3039 3048 3056 3065 3070 3078
3084 3089 3092 3100 3101 3109 3111 3115 3117 3120 3121 3131 3138 3146 3150 3159 3168 3175
3182 3184 3191 3199 3201 3209 3217 3223 3227 3229 3236 3237 3246 3251 3257 3262 3271 3279
3286 3288 3296 3299 3301 3305 3309 3311 3321 3324 3330 3339 3344 3346 3349 3352 3358 3360
3367 3368 3370 3380 3389 3398 3405 3413 3423 3430 3432 3442 3444 3452 3459 3461 3471 3481
3483 3485 3489 3493 3501 3511 3516 3521 3527 3528 3529 3534 3539 3543 3550 3558 3561 3571
3576 3583 3593 3594 3595 3599 3603 3605 3606 3612 3616 3624 3629 3634 3642 3643 3647 3651
3660 3665 3672 3679 3685 3689 3694 3699 3709 3714 3722 3730 3735 3745 3750 3758 3762 3768
3769 3771 3781 3789 3796 3804 3810 3817 3818 3823 3833 3843 3849 3853 3860 3866 3869 3870
3877 3880 3886 3892 3894 3896 3898 3900 3910 3913 3921 3926 3927 3932 3941 3944 3946 3948
3957 3961 3965 3974 3983 3988 3991 3996 3999 4007 4017 4020 4021 4023 4032 4039 4046 4056
4065 4069 4077 4087 4091 4098 4099 4108 4109 4116 4118 4125 4134 4140 4149 4158 4163 4165
4173 4180 4190 4192 4195 4203 4210 4211 4219 4222 4229 4233 4238 4244 4250 4252 4260 4268
4272 4274 4277 4283 4287 4297 4306 4311 4316 4325 4331 4339 4342 4349 4354 4360 4365 4375
4382 4390 4395 4397 4399 4404 4405 4408 4411 4412 4414 4420 4423 4430 4436 4445 4446 4448
4455 4461 4466 4470 4475 4478 4482 4491 4493 4499 4506 4512 4513 4520 4525 4530 4534 4536
4542 4544 4552 4559 4565 4566 4572 4580 4584 4590 4593 4600 4609 4619 4621 4631 4637 4644
4651 4657 4659 4661 4663 4668 4669 4677 4679 4680 4690 4698 4707 4709 4716 4722 4729 4730
4733 4742 4743 4749 4754 4757 4761 4762 4764 4766 4773 4779 4782 4788 4794 4800 4802 4806
4809 4818 4820 4821 4829 4830 4835 4837 4847 4848 4857 4864 4868 4877 4887 4891 4898 4907
4911 4916 4917 4924 4928 4934 4944 4951 4956 4959 4963 4965 4966 4968 4976 4984 4990 4993
4998 5003 5013 5022 5025 5034 5038 5045 5048 5051 5055 5059 5062 5064 5065 5072 5074 5083
5092 5102 5105 5108 5115 5120 5121 5128 5132 5136 5141 5143 5145 5152 5155 5158 5162 5163
5169 5175 5178 5184 5187 5196 5202 5212 5222 5229 5239 5244 5254 5255 5261 5266 5272 5274
5282 5287 5289 5296 5297 5300 5303 5305 5314 5322 5330 5334 5341 5346 5353 5356 5364 5366
5373 5383 5386 5387 5389 5391 5393 5397 5401 5402 5412 5417 5418 5425 5426 5430 5437 5445
5452 5458 5464 5467 5477 5483 5491 5499 5504 5510 5520 5522 5532 5539 5542 5545 5553 5562
5564 5567 5569 5576 5580 5584 5589 5592 5596 5604 5607 5612 5617 5625 5631 5641 5642 5647
5651 5658 5660 5666 5675 5676 5684 5685 5691 5698 5702 5703 5713 5721 5727 5736 5742 5744
5753 5755 5760 5764 5767 5772 5779 5781 5783 5787 5788 5793 5803 5805 5809 5810 5814 5822
5831 5840 5845 5849 5854 5863 5865 5867 5877 5878 5880 5885 5892 5899 5900 5901 5908 5913
5916 5919 5924 5925 5932 5940 5946 5953 5954 5959 5964 5972 5978 5982 5989 5991 5995 5997
5999 6007 6010 6017 6018 6025 6034 6040 6047 6054 6058 6067 6076 6084 6088 6089 6097 6104
6106 6110 6114 6117 6124 6134 6143 6147 6149 6156 6159 6163 6169 6177 6185 6188 6197 6207
6215 6222 6229 6230 6240 6247 6253 6258 6262 6267 6275 6278 6286 6287 6294 6295 6299 6301
6303 6312 6319 6324 6330 6335 6337 6341 6350 6352 6358 6368 6374 6375 6380 6381 6388 6395
6403 6409 6410 6419 6420 6426 6431 6440 6445 6452 6458 6460 6468 6473 6482 6488 6497 6498
6508 6512 6516 6521 6528 6536 6545 6548 6552 6553 6554 6555 6560 6565 6572 6577 6586 6595
6604 6611 6614 6621 6629 6637 6644 6647 6649 6657 6667 6673 6682 6688 6698 6701 6703 6708
6714 6724 6725 6726 6729 6731 6740 6741 6745 6747 6751 6757 6765 6773 6782 6786 6790 6795
6799 6805 6808 6814 6821 6822 6830 6831 6841 6845 6846 6851 6857 6861 6867 6868 6875 6876
6883 6891 6901 6906 6908 6911 6912 6921 6925 6934 6940 6949 6955 6963 6964 6966 6970 6978
6987 6989 6996 7005 7012 7013 7023 7027 7034 7035 7043 7047 7051 7060 7069 7070 7079 7088
7095 7105 7112 7117 7123 7125 7134 7144 7154 7163 7165 7172 7179 7182 7187 7192 7201 7204
7214 7217 7224 7226 7236 7242 7244 7245 7252 7258 7263 7265 7266 7275 7284 7285 7286 7287
7289 7298 7300 7309 7313 7319 7326 7327 7335 7336 7338 7346 7349 7359 7360 7361 7362 7363
7369 7374 7377 7379 7382 7387 7397 7405 7414 7417 7427 7429 7434 7441 7447 7452 7460 7461
7471 7480 7487 7488 7498 7500 7509 7518 7524 7528 7529 7533 7539 7546 7556 7560 7567 7572
7575 7580 7589 7590 7591 7592 7597 7603 7612 7622 7628 7638 7641 7650 7652 7658 7664 7668
7671 7676 7681 7683 7691 7692 7700 7701 7705 7706 7715 7719 7720 7730 7732 7734 7738 7743
7753 7754 7755 7757 7758 7759 7761 7769 7778 7782 7786 7794 7801 7804 7811 7818 7827 7836
7846 7856 7859 7861 7862 7864 7872 7874 7883 7893 7903 7911 7916 7919 7921 7928 7932 7936
7943 7947 7953 7960 7970 7978 7982 7986 7987 7993 8000 8006 8010 8019 8025 8030 8038 8041
8045 8053 8062 8068 8075 8083 8093 8101 8110 8113 8116 8125 8128 8138 8148 8152 8162 8166
8168 8175 8185 8193 8202 8205 8210 8216 8217 8220 8225 8231 8238 8243 8244 8245 8250 8251
8261 8267 8275 8278 8282 8287 8291 8293 8297 8307 8316 8320 8327 8333 8343 8347 8357 8365
8375 8376 8386 8395 8405 8409 8410 8416 8425 8430 8431 8439 8440 8446 8454 8458 8468 8476
8481 8491 8497 8498 8503 8510 8516 8518 8521 8522 8531 8537 8545 8551 8553 8558 8562 8568
8576 8582 8590 8597 8600 8609 8617 8622 8626 8631 8639 8640 8647 8656 8660 8668 8669 8679
8687 8697 8703 8707 8715 8722 8732 8733 8736 8741 8745 8748 8752 8757 8762 8763 8765 8768
8777 8781 8786 8792 8801 8808 8811 8816 8818 8819 8825 8826 8831 8839 8846 8856 8857 8858
8865 8869 8878 8886 8889 8894 8904 8914 8924 8930 8937 8947 8955 8960 8963 8970 8972 8978
8987 8997 9002 9004 9009 9011 9016 9024 9027 9029 9039 9049 9058 9060 9062 9071 9076 9080
9084 9094 9104 9105 9109 9111 9113 9121 9127 9128 9130 9132 9133 9142 9149 9156 9162 9171
9179 9186 9187 9188 9189 9191 9201 9206 9210 9220 9227 9236 9243 9244 9254 9255 9260 9262
9264 9274 9284 9294 9302 9310 9314 9316 9322 9323 9332 9339 9345 9349 9357 9364 9368 9372
9376 9383 9392 9402 9412 9422 9426 9436 9442 9446 9447 9448 9450 9454 9460 9462 9470 9478
9483 9491 9495 9503 9512 9519 9529 9531 9540 9544 9551 9561 9566 9572 9581 9582 9586 9590
9596 9600 9606 9610 9619 9621 9622 9626 9636 9638 9645 9649 9658 9662 9669 9678 9681 9689
9698 9706 9712 9713 9720 9721 9731 9738 9742 9744 9747 9750 9752 9760 9762 9764 9767 9776
9781 9782 9790 9792 9798 9800 9809 9810 9818 9826 9832 9834 9840 9845 9853 9862 9867 9868
9874 9883 9886 9894 9900 9904 9911 9913 9914 9916 9917 9926 9936 9942 9951 9959 9968 9970
9978 9981 9984 9985 9986 9988 9990 9997 10001 10007 10009 10010 10016 10018 10021 10030 10036 10038
10046 10050 10058 10068 10077 10085 10091 10095 10104 10109 10118 10124 10130 10134 10138 10143 10152 10156
10159 10161 10168 10170 10180 10181 10183 10192 10196 10198 10206 10207 10216 10222 10228 10235 10240 10242
10243 10247 10254 10259 10260 10270 10278 10283 10292 10298 10307 10316 10322 10324 10325 10335 10344 10354
10357 10365 10367 10371 10380 10386 10395 10398 10404 10406 10415 10422 10424 10433 10439 10440 10444 10451
10452 10458 10467 10472 10475 10477 10484 10488 10490 10494 10500 10506 10516 10517 10518 10526 10534 10537
10540 10549 10557 10563 10565 10568 10576 10580 10588 10595 10597 10599 10603 10608 10615 10618 10625 10628
10630 10635 10642 10650 10657 10662 10663 10667 10670 10677 10682 10684 10692 10699 10704 10712 10721 10731
10737 10743 10749 10757 10760 10763 10765 10770 10778 10787 10790 10794 10795 10797 10803 10813 10819 10829
10835 10842 10847 10852 10856 10857 10859 10864 10869 10873 10878 10880 10886 10891 10895 10896 10898 10908
10915 10918 10926 10932 10942 10952 10954 10963 10967 10972 10979 10987 10995 11001 11010 11018 11023 11029
11036 11038 11045 11052 11055 11061 11071 11080 11087 11091 11092 11101 11107 11113 11118 11126 11132 11139
11147 11150 11154 11156 11159 11162 11172 11180 11187 11196 11203 11209 11214 11216 11224 11228 11235 11242
11250 11251 11259 11260 11268 11272 11279 11288 11289 11299 11305 11310 11316 11323 11330 11334 11342 11348
11351 11353 11356 11357 11365 11371 11375 11385 11391 11392 11401 11410 11415 11423 11428 11438 11443 11444
11454 11463 11465 11470 11479 11487 11493 11499 11503 11504 11505 11508 11518 11525 11530 11540 11541 11545
11550 11554 11557 11562 11569 11576 11586 11589 11595 11603 11613 11615 11619 11627 11632 11633 11636 11645
11649 11657 11662 11666 11668 11670 11671 11674 11675 11677 11680 11690 11696 11706 11713 11722 11730 11736
11739 11746 11749 11755 11757 11765 11772 11775 11785 11795 11805 11809 11814 11822 11826 11831 11837 11841
11845 11848 11852 11855 11862 11871 11877 11878 11883 11891 11896 11899 11906 11908 11917 11919 11929 11939
11945 11949 11953 11954 11963 11967 11975 11981 11985 11990 11997 12001 12004 12008 12016 12025 12030 12036
12042 12044 12051 12056 12061 12069 12078 12086 12096 12106 12110 12111 12120 12123 12131 12140 12147 12155
12164 12173 12180 12184 12189 12190 12197 12201 12206 12210 12215 12216 12217 12226 12232 12236 12239 12246
12255 12259 12268 12278 12281 12288 12295 12297 12306 12313 12321 12322 12328 12333 12340 12349 12358 12363
12371 12378 12382 12391 12397 12407 12410 12418 12424 12426 12432 12441 12444 12448 12458 12463 12466 12471
12474 12478 12486 12489 12491 12499 12502 12505 12514 12524 12531 12534 12535 12544 12545 12554 12556 12557
12561 12569 12574 12583 12586 12587 12597 12604 12610 12616 12624 12627 12634 12642 12652 12660 12662 12666
12670 12678 12682 12688 12693 12700 12704 12708 12713 12719 12720 12723 12727 12730 12733 12743 12747 12751
12755 12756 12763 12770 12777 12783 12785 12789 12797 12799 12800 12803 12806 12813 12814 12818 12826 12830
12840 12845 12846 12856 12864 12865 12875 12877 12883 12890 12893 12899 12902 12907 12910 12911 12919 12927
12929 12939 12949 12956 12958 12962 12972 12979 12982 12984 12987 12988 12998 13000 13008 13013 13014 13016
13026 13034 13044 13053 13054 13061 13062 13064 13065 13075 13084 13089 13094 13098 13102 13109 13112 13121
13131 13135 13143 13146 13147 13154 13163 13170 13174 13181 13188 13191 13198 13206 13210 13213 13220 13228
13234 13242 13246 13250 13254 13258 13259 13263 13269 13274 13276 13282 13291 13297 13305 13309 13318 13319
13323 13325 13333 13337 13343 13349 13354 13363 13372 13373 13379 13386 13394 13396 13402 13404 13412 13421
13424 13426 13436 13445 13446 13449 13450 13453 13462 13467 13475 13484 13485 13488 13497 13500 13506 13507
13509 13512 13516 13526 13532 13542 13544 13553 13556 13564 13568 13572 13578 13582 13589 13591 13592 13594
13596 13604 13614 13621 13622 13625 13626 13634 13637 13647 13652 13661 13669 13675 13682 13686 13688 13698
13704 13707 13715 13719 13724 13730 13740 13750 13752 13762 13766 13776 13780 13782 13784 13789 13793 13796
13800 13805 13813 13817 13818 13824 13832 13833 13839 13842 13844 13850 13857 13862 13870 13879 13889 13894
13896 13905 13912 13914 13924 13929 13932 13936 13939 13945 13947 13952 13958 13965 13969 13970 13977 13985
13991 13994 14002 14012 14022 14031 14039 14049 14059 14066 14076 14084 14087 14088 14093 14103 14105 14114
14115 14117 14119 14120 14125 14133 14135 14145 14150 14153 14161 14163 14171 14179 14181 14187 14192 14202
14212 14216 14218 14226 14227 14232 14241 14246 14247 14256 14257 14266 14267 14270 14276 14277 14284 14292
14302 14303 14308 14314 14324 14327 14329 14339 14347 14349 14353 14355 14361 14366 14372 14378 14388 14389
14394 14396 14402 14411 14420 14424 14431 14437 14446 14448 14451 14460 14461 14467 14474 14479 14484 14489
14496 14497 14504 14509 14514 14519 14523 14524 14533 14537 14547 14549 14557 14561 14566 14572 14580 14589
14597 14600 14608 14616 14618 14619 14622 14631 14639 14647 14652 14653 14659 14667 14668 14675 14680 14690
14692 14702 14706 14711 14719 14723 14727 14737 14742 14743 14750 14753 14761 14764 14768 14772 14778 14784
14790 14797 14801 14810 14815 14824 14829 14839 14845 14848 14857 14862 14868 14869 14877 14884 14891 14897
14898 14908 14915 14924 14931 14938 14939 14948 14958 14963 14972 14977 14981 14986 14989 14997 15001 15003
15007 15011 15019 15029 15034 15036 15042 15047 15051 15057 15059 15064 15070 15072 15073 15075 15076 15077
15084 15091 15095 15096 15097 15103 15109 15113 15119 15120 15124 15134 15138 15146 15156 15158 15164 15174
15183 15184 15187 15196 15201 15203 15204 15210 15213 15217 15225 15229 15230 15234 15236 15241 15248 15257
15265 15268 15274 15282 15289 15296 15303 15312 15319 15321 15322 15328 15330 15340 15345 15349 15353 15356
15366 15375 15381 15382 15391 15400 15409 15411 15413 15418 15419 15423 15427 15434 15436 15441 15448 15455
15460 15462 15463 15468 15478 15483 15488 15492 15500 15509 15518 15526 15536 15539 15540 15545 15551 15558
15560 15563 15565 15569 15577 15585 15586 15595 15603 15607 15615 15619 15625 15634 15637 15641 15650 15655
15657 15660 15670 15676 15684 15686 15690 15698 15699 15702 15705 15714 15719 15723 15730 15740 15748 15750
15751 15752 15761 15771 15776 15785 15786 15791 15794 15799 15809 15811 15820 15828 15829 15832 15842 15844
15845 15854 15855 15862 15870 15872 15878 15887 15897 15906 15908 15915 15923 15933 15939 15944 15950 15955
15956 15958 15966 15969 15973 15975 15980 15984 15985 15987 15988 15990 15998 16003 16011 16016 16018 16023
16024 16025 16030 16040 16048 16049 16057 16059 16068 16072 16080 16084 16088 16093 16099 16108 16112 16122
16125 16129 16134 16141 16144 16151 16152 16162 16167 16171 16177 16180 16181 16189 16192 16199 16203 16207
16215 16222 16226 16235 16243 16247 16256 16260 16268 16271 16279 16281 16289 16299 16303 16310 16318 16326
16327 16328 16331 16332 16333 16334 16340 16343 16348 16349 16356 16358 16367 16376 16381 16384 16386 16391
16393 16398 16402 16404 16411 16421 16424 16430 16438 16446 16447 16449 16458 16461 16462 16467 16469 16471
16474 16484 16486 16496 16505 16509 16511 16519 16528 16530 16538 16541 16550 16560 16568 16570 16577 16584
16592 16601 16603 16609 16610 16611 16621 16624 16629 16639 16646 16652 16653 16658 16667 16670 16680 16683
16688 16689 16698 16708 16712 16717 16723 16731 16740 16749 16751 16753 16761 16762 16768 16774 16783 16784
16792 16798 16807 16815 16822 16832 16840 16848 16849 16855 16856 16865 16870 16874 16878 16883 16893 16894
16897 16903 16911 16918 16919 16921 16924 16929 16934 16942 16946 16947 16948 16958 16968 16977 16985 16994
17004 17007 17015 17024 17025 17032 17033 17036 17041 17051 17057 17065 17071 17078 17080 17082 17085 17093
17094 17097 17105 17112 17120 17124 17131 17134 17141 17146 17150 17154 17164 17173 17178 17187 17190 17193
17198 17207 17210 17218 17227 17230 17237 17238 17239 17244 17246 17256 17261 17267 17277 17284 17290 17293
17302 17307 17308 17317 17322 17328 17333 17342 17345 17354 17361 17363 17368 17375 17383 17393 17396 17403
17405 17409 17412 17416 17424 17428 17429 17437 17442 17452 17457 17465 17467 17473 17478 17487 17488 17491
17500 17503 17509 17515 17520 17521 17530 17539 17545 17550 17552 17559 17567 17572 17575 17581 17587 17592
17595 17597 17604 17606 17616 17622 17625 17631 17632 17637 17645 17655 17658 17666 17675 17677 17686 17687
17697 17698 17706 17707 17709 17718 17726 17727 17731 17736 17739 17742 17752 17755 17756 17766 17774 17784
17785 17794 17797 17807 17813 17819 17824 17826 17833 17838 17839 17841 17846 17850 17856 17863 17871 17877
17886 17896 17906 17913 17917 17927 17929 17937 17940 17950 17955 17964 17968 17978 17983 17989 17990 17994
17996 18003 18010 18019 18027 18037 18047 18053 18057 18058 18060 18066 18074 18076 18081 18090 18097 18098
18099 18106 18115 18124 18132 18136 18141 18142 18152 18155 18156 18157 18163 18165 18175 18177 18179 18184
18193 18194 18198 18205 18214 18216 18225 18234 18239 18246 18255 18259 18265 18268 18273 18275 18285 18290
18295 18299 18305 18306 18312 18316 18318 18323 18329 18338 18340 18349 18351 18358 18361 18370 18380 18389
18393 18403 18410 18414 18418 18427 18434 18437 18446 18453 18455 18462 18467 18476 18477 18481 18487 18491
18500 18505 18511 18517 18521 18524 18533 18541 18542 18550 18559 18569 18571 18573 18583 18591 18594 18595
18601 18607 18616 18618 18627 18632 18633 18641 18644 18649 18654 18656 18664 18670 18675 18679 18685 18692
18694 18699 18709 18715 18716 18722 18731 18739 18740 18743 18753 18758 18765 18771 18773 18783 18786 18787
18795 18804 18809 18813 18820 18824 18833 18842 18848 18849 18854 18857 18862 18869 18874 18883 18893 18901
18904 18909 18910 18915 18924 18927 18931 18940 18941 18946 18955 18956 18961 18971 18978 18986 18996 19002
19006 19011 19018 19028 19031 19033 19038 19045 19051 19053 19063 19068 19070 19077 19087 19091 19098 19108
19111 19120 19123 19127 19136 19139 19144 19145 19148 19155 19157 19162 19163 19169 19172 19174 19181 19186
19188 19194 19195 19196 19206 19207 19210 19214 19224 19225 19231 19240 19248 19249 19258 19261 19266 19273
19278 19281 19284 19290 19297 19299 19305 19314 19320 19328 19338 19340 19345 19351 19361 19365 19368 19373
19381 19385 19388 19398 19407 19408 19416 19420 19428 19435 19441 19444 19452 19459 19464 19469 19478 19480
19486 19493 19497 19503 19508 19518 19519 19525 19527 19532 19534 19541 19549 19558 19567 19575 19577 19579
19584 19594 19596 19606 19611 19616 19618 19619 19628 19631 19639 19640 19649 19650 19660 19668 19673 19675
19681 19690 19691 19693 19699 19705 19707 19708 19716 19721 19722 19728 19731 19741 19742 19744 19754 19759
19760 19764 19766 19771 19775 19777 19781 19791 19793 19797 19799 19809 19813 19821 19826 19828 19832 19841
19844 19853 19856 19862 19868 19870 19873 19874 19884 19894 19895 19896 19904 19907 19910 19914 19920 19929
19936 19946 19948 19956 19961 19969 19979 19989 19994 20001 20003 20013 20020 20022 20023 20027 20034 20035
20042 20050 20051 20052 20058 20059 20065 20069 20071 20076 20083 20084 20093 20094 20100 20105 20112 20115
20123 20125 20132 20134 20135 20141 20150 20158 20163 20168 20172 20180 20187 20196 20201 20210 20220 20224
20234 20235 20240 20246 20251 20260 20264 20267 20275 20279 20289 20293 20294 20304 20313 20319 20322 20328
20334 20342 20348 20355 20360 20368 20378 20388 20389 20397 20399 20409 20417 20425 20426 20436 20439 20446
20447 20449 20457 20461 20463 20470 20475 20485 20487 20496 20505 20511 20516 20521 20524 20525 20531 20535
20541 20551 20556 20557 20565 20574 20584 20586 20590 20593 20601 20610 20615 20621 20630 20638 20642 20646
20654 20662 20670 20679 20683 20690 20696 20705 20712 20721 20725 20728 20735 20745 20753 20761 20762 20769
20778 20779 20786 20789 20794 20797 20800 20804 20805 20811 20817 20820 20825 20829 20837 20840 20843 20850
20851 20855 20862 20866 20874 20878 20884 20891 20893 20899 20905 20911 20919 20920 20930 20932 20942 20943
20946 20951 20960 20969 20975 20977 20979 20985 20989 20996 21001 21010 21017 21022 21030 21036 21046 21052
21056 21063 21065 21073 21077 21085 21087 21096 21101 21104 21112 21121 21125 21128 21133 21141 21145 21146
21156 21158 21159 21168 21174 21180 21181 21189 21190 21191 21192 21196 21197 21206 21210 21218 21226 21228
21238 21248 21258 21260 21268 21273 21280 21282 21287 21290 21295 21296 21306 21310 21315 21317 21320 21324
21332 21337 21341 21343 21353 21358 21359 21365 21366 21367 21375 21380 21390 21400 21401 21411 21418 21426
21427 21431 21435 21439 21449 21454 21456 21460 21464 21471 21479 21488 21492 21498 21501 21504 21514 21518
21523 21532 21536 21538 21547 21551 21561 21566 21573 21578 21579 21588 21596 21603 21609 21615 21624 21628
21633 21636 21638 21647 21650 21652 21662 21670 21671 21674 21675 21679 21686 21688 21693 21699 21706 21707
21712 21714 21722 21732 21735 21740 21745 21755 21761 21770 21779 21788 21789 21799 21803 21805 21809 21812
21822 21831 21835 21837 21839 21842 21851 21858 21865 21869 21870 21877 21887 21894 21903 21904 21912 21917
21922 21926 21934 21939 21941 21950 21952 21959 21964 21967 21974 21982 21987 21990 21994 21997 22000 22007
22011 22018 22020 22021 22031 22032 22037 22039 22049 22055 22061 22064 22070 22074 22078 22087 22097 22101
22105 22107 22114 22123 22129 22137 22143 22150 22158 22168 22171 22175 22184 22192 22193 22199 22200 22210
22220 22223 22233 22239 22248 22249 22253 22259 22263 22268 22271 22280 22286 22295 22299 22300 22301 22303
22306 22309 22315 22320 22322 22330 22339 22344 22350 22356 22358 22364 22373 22382 22384 22393 22398 22400
22410 22412 22414 22416 22421 22428 22433 22442 22444 22447 22448 22450 22456 22460 22466 22474 22477 22485
22490 22494 22499 22509 22519 22524 22531 22540 22541 22547 22551 22552 22557 22561 22570 22572 22579 22581
22590 22592 22593 22603 22609 22610 22619 22625 22626 22631 22641 22648 22654 22655 22659 22668 22671 22672
22676 22683 22687 22692 22702 22708 22709 22716 22725 22726 22735 22745 22753 22756 22760 22764 22772 22774
22781 22783 22792 22800 22804 22805 22810 22817 22821 22824 22833 22834 22844 22845 22851 22854 22864 22874
22876 22886 22892 22894 22898 22905 22907 22910 22912 22916 22918 22924 22933 22938 22943 22946 22950 22960
22970 22979 22986 22990 22997 22998 23008 23009 23010 23016 23018 23024 23027 23033 23037 23043 23050 23052
23053 23056 23058 23067 23068 23073 23080 23087 23097 23099 23100 23105 23110 23114 23118 23122 23123 23125
23134 23137 23145 23146 23155 23163 23173 23179 23189 23198 23206 23209 23217 23223 23231 23239 23244 23245
23247 23249 23250 23256 23262 23264 23273 23278 23283 23292 23296 23306 23316 23319 23329 23334 23338 23345
23352 23356 23363 23365 23366 23375 23382 23388 23394 23404 23412 23416 23425 23429 23436 23438 23448 23455
23463 23472 23478 23482 23492 23502 23505 23514 23523 23531 23533 23539 23541 23549 23554 23560 23563 23568
23571 23577 23586 23595 23597 23605 23614 23616 23626 23628 23629 23633 23638 23646 23651 23653 23661 23670
23671 23675 23684 23685 23686 23691 23699 23705 23715 23721 23731 23741 23748 23751 23755 23765 23775 23784
23790 23793 23798 23801 23805 23810 23814 23824 23826 23833 23841 23849 23852 23856 23858 23867 23875 23881
23887 23893 23902 23905 23910 23913 23915 23916 23919 23926 23934 23942 23950 23960 23969 23970 23979 23986
23994 24004 24009 24010 24012 24014 24018 24019 24028 24031 24036 24045 24050 24055 24057 24066 24067 24071
24073 24082 24085 24091 24099 24101 24109 24116 24126 24131 24138 24148 24150 24152 24160 24169 24174 24182
24192 24202 24204 24210 24212 24218 24219 24221 24225 24232 24238 24247 24248 24258 24263 24264 24267 24268
24271 24279 24284 24285 24295 24304 24310 24317 24327 24328 24336 24346 24350 24357 24361 24364 24372 24374
24375 24379 24388 24398 24403 24409 24419 24422 24431 24434 24441 24445 24455 24465 24470 24480 24483 24487
24489 24493 24501 24505 24514 24515 24521 24525 24534 24535 24541 24548 24553 24560 24561 24567 24575 24576
24582 24584 24589 24599 24602 24610 24612 24613 24621 24624 24629 24638 24639 24646 24648 24649 24658 24665
24669 24676 24684 24692 24698 24705 24713 24717 24727 24737 24739 24747 24752 24755 24764 24770 24776 24786
24791 24801 24811 24813 24818 24824 24830 24833 24838 24842 24851 24858 24863 24872 24881 24883 24889 24890
24892 24893 24903 24904 24910 24914 24921 24927 24937 24943 24950 24954 24956 24965 24972 24980 24981 24988
24989 24992 24999 25004 25006 25009 25016 25022 25026 25032 25037 25045 25053 25054 25055 25059 25062 25071
25077 25084 25092 25100 25103 25113 25117 25121 25125 25129 25137 25139 25145 25146 25152 25158 25168 25173
25181 25190 25196 25200 25209 25212 25218 25221 25223 25233 25239 25242 25249 25257 25258 25263 25266 25267
25274 25278 25283 25286 25294 25302 25312 25317 25320 25321 25326 25328 25338 25342 25346 25350 25356 25359
25367 25373 25375 25379 25380 25384 25388 25398 25403 25411 25413 25422 25430 25434 25442 25447 25453 25454
25461 25463 25465 25472 25481 25486 25494 25500 25508 25513 25514 25516 25522 25527 25532 25539 25543 25551
25560 25567 25571 25575 25580 25583 25593 25595 25600 25606 25613 25615 25625 25626 25631 25633 25636 25638
25648 25656 25659 25668 25677 25681 25688 25690 25700 25706 25710 25719 25720 25725 25731 25741 25750 25751
25759 25760 25764 25773 25775 25785 25786 25789 25792 25801 25811 25819 25824 25833 25838 25839 25845 25848
25850 25854 25863 25867 25876 25880 25885 25887 25888 25894 25902 25909 25917 25923 25931 25934 25944 25952
25954 25963 25966 25970 25979 25988 25991 25993 26001 26005 26010 26016 26023 26033 26039 26042 26045 26050
26057 26062 26072 26077 26087 26095 26104 26110 26120 26130 26140 26144 26151 26155 26160 26162 26164 26174
26184 26188 26193 26197 26207 26216 26223 26225 26229 26234 26236 26246 26252 26259 26268 26277 26278 26284
26291 26300 26309 26316 26323 26324 26328 26330 26340 26344 26346 26354 26356 26366 26371 26381 26385 26393
26396 26401 26403 26405 26406 26411 26420 26430 26434 26440 26442 26444 26445 26448 26454 26456 26460 26467
26469 26479 26486 26491 26495 26497 26503 26509 26513 26520 26528 26529 26533 26542 26549 26557 26560 26562
26571 26574 26576 26583 26590 26595 26598 26608 26617 26618 26628 26636 26645 26651 26655 26656 26665 26675
26679 26682 26691 26697 26701 26706 26712 26714 26722 26726 26734 26744 26745 26750 26754 26761 26762 26772
26773 26775 26784 26793 26794 26804 26810 26815 26822 26824 26830 26835 26844 26847 26850 26853 26858 26868
26870 26872 26882 26891 26896 26900 26909 26917 26923 26930 26934 26941 26946 26948 26952 26961 26970 26978
26982 26988 26993 26997 27001 27003 27010 27015 27016 27022 27026 27031 27032 27038 27045 27053 27055 27065
27070 27071 27081 27083 27090 27099 27104 27111 27116 27119 27123 27126 27130 27138 27148 27149 27155 27160
27163 27172 27180 27181 27188 27194 27203 27210 27216 27223 27225 27230 27234 27242 27249 27255 27260 27261
27263 27267 27272 27277 27285 27291 27298 27300 27306 27310 27313 27315 27322 27327 27329 27332 27334 27340
27345 27348 27355 27365 27375 27377 27379 27380 27382 27384 27391 27392 27400 27407 27416 27420 27430 27436
27439 27445 27455 27465 27473 27477 27478 27486 27495 27496 27505 27515 27516 27523 27530 27532 27540 27541
27543 27548 27558 27564 27574 27580 27585 27592 27599 27605 27611 27615 27623 27624 27632 27641 27644 27648
27657 27665 27672 27679 27685 27690 27692 27697 27703 27709 27717 27718 27728 27730 27736 27742 27750 27758
27765 27767 27774 27775 27783 27788 27793 27801 27806 27813 27817 27825 27831 27834 27842 27851 27852 27855
27858 27860 27866 27872 27880 27882 27891 27901 27903 27907 27915 27924 27928 27931 27941 27945 27948 27951
27956 27966 27967 27972 27979 27986 27987 27990 27991 27992 28002 28004 28006 28009 28011 28015 28024 28031
28035 28037 28039 28047 28048 28050 28058 28061 28066 28074 28077 28087 28089 28095 28100 28107 28108 28116
28119 28122 28130 28135 28141 28149 28155 28162 28164 28165 28167 28171 28181 28189 28193 28199 28203 28212
28213 28220 28230 28235 28238 28242 28247 28255 28261 28271 28275 28276 28280 28290 28297 28304 28307 28314
28315 28317 28322 28327 28333 28334 28340 28343 28346 28356 28360 28370 28371 28379 28387 28396 28406 28412
28413 28417 28421 28429 28435 28437 28438 28447 28453 28462 28467 28474 28475 28480 28490 28491 28496 28497
28503 28505 28506 28514 28521 28525 28527 28530 28539 28544 28549 28559 28569 28578 28580 28584 28594 28600
28603 28604 28613 28614 28616 28621 28628 28638 28639 28641 28646 28647 28648 28657 28667 28677 28683 28686
28694 28700 28710 28718 28724 28734 28742 28751 28759 28768 28775 28785 28790 28796 28803 28812 28822 28823
28830 28832 28837 28842 28848 28854 28864 28870 28873 28875 28880 28889 28898 28900 28902 28908 28913 28921
28931 28937 28943 28950 28953 28954 28961 28966 28971 28973 28975 28976 28984 28985 28991 28995 29000 29004
29005 29011 29019 29029 29039 29042 29050 29058 29063 29067 29073 29081 29082 29084 29091 29098 29108 29116
29123 29129 29131 29133 29143 29150 29160 29162 29170 29177 29187 29190 29197 29204 29214 29221 29230 29237
29239 29245 29250 29256 29257 29259 29266 29271 29280 29284 29288 29291 29294 29295 29304 29305 29312 29314
29317 29327 29330 29334 29339 29345 29347 29351 29355 29356 29360 29361 29362 29365 29371 29381 29386 29393
29401 29408 29417 29427 29437 29441 29448 29456 29466 29471 29475 29485 29487 29496 29502 29503 29507 29517
29520 29527 29530 29538 29548 29556 29559 29562 29572 29573 29582 29586 29588 29591 29596 29605 29606 29615
29622 29627 29628 29631 29635 29643 29648 29655 29661 29670 29674 29684 29687 29694 29701 29703 29710 29720
29723 29733 29742 29750 29754 29762 29763 29769 29771 29781 29790 29795 29804 29808 29815 29821 29826 29831
29839 29842 29843 29845 29846 29854 29858 29860 29869 29878 29881 29890 29897 29903 29912 29919 29922 29926
29928 29938 29941 29951 29956 29962 29969 29979 29984 29985 29994 29997 30002 30004 30008 30011 30021 30027
30031 30033 30037 30040 30050 30052 30055 30063 30069 30071 30073 30081 30091 30097 30102 30103 30112 30117
30120 30122 30126 30132 30141 30147 30151 30152 30157 30161 30162 30172 30181 30191 30199 30202 30204 30211
30219 30226 30227 30233 30240 30245 30251 30259 30269 30276 30285 30295 30299 30305 30307 30312 30317 30320
30327 30337 30343 30348 30351 30354 30363 30372 30381 30387 30394 30399 30400 30406 30410 30413 30416 30424
30425 30435 30436 30443 30450 30455 30458 30461 30463 30471 30473 30480 30486 30490 30491 30493 30495 30498
30505 30509 30517 30522 30530 30534 30544 30548 30550 30551 30560 30561 30570 30572 30579 30581 30586 30595
30605 30606 30615 30621 30623 30630 30637 30641 30647 30655 30664 30672 30678 30680 30686 30694 30697 30703
30706 30714 30715 30725 30734 30739 30742 30751 30758 30768 30776 30785 30795 30799 30801 30808 30817 30824
30829 30832 30841 30843 30845 30851 30858 30860 30861 30863 30867 30874 30879 30887 30893 30902 30911 30915
30924 30928 30934 30940 30942 30944 30946 30950 30957 30964 30971 30972 30979 30984 30985 30989 30990 30994
30995 30999 31009 31010 31015 31025 31026 31027 31031 31035 31036 31038 31040 31043 31053 31059 31064 31065
31067 31068 31072 31082 31092 31094 31102 31103 31104 31109 31118 31123 31126 31135 31139 31145 31147 31152
31158 31163 31167 31177 31187 31190 31199 31207 31208 31214 31222 31231 31239 31241 31245 31254 31256 31263
31270 31271 31279 31287 31290 31295 31302 31304 31307 31308 31318 31324 31332 31338 31344 31353 31362 31369
31373 31377 31385 31387 31388 31397 31402 31404 31414 31418 31421 31427 31430 31434 31436 31443 31447 31455
31464 31473 31483 31492 31495 31501 31511 31513 31518 31523 31529 31534 31538 31540 31542 31543 31546 31553
31560 31568 31571 31573 31579 31582 31589 31596 31597 31598 31601 31608 31609 31614 31616 31625 31631 31634
31639 31643 31651 31655 31660 31668 31672 31678 31683 31690 31691 31701 31705 31713 31721 31723 31729 31732
31735 31737 31741 31744 31753 31761 31765 31766 31771 31777 31787 31797 31805 31813 31818 31824 31825 31835
31843 31847 31857 31865 31874 31877 31884 31887 31897 31903 31911 31917 31927 31928 31930 31940 31947 31957
31959 31969 31972 31981 31985 31991 31993 32000 32001 32010 32015 32023 32026 32034 32037 32038 32040 32043
32045 32048 32058 32064 32067 32077 32085 32090 32097 32107 32113 32116 32119 32129 32139 32144 32151 32153
32160 32167 32174 32176 32184 32189 32199 32207 32210 32214 32221 32228 32231 32236 32240 32241 32247 32248
32257 32267 32269 32270 32272 32275 32281 32288 32290 32294 32300 32307 32315 32323 32325 32331 32338 32343
32345 32351 32361 32362 32365 32370 32376 32379 32381 32386 32394 32395 32398 32408 32418 32426 32427 32429
32438 32448 32454 32461 32468 32478 32484 32486 32488 32489 32497 32499 32503 32509 32511 32518 32521 32523
32526 32536 32537 32542 32546 32551 32561 32564 32568 32573 32575 32577 32584 32586 32590 32593 32594 32596
32600 32602 32607 32612 32621 32630 32638 32639 32646 32652 32661 32664 32669 32672 32677 32681 32691 32696
32706 32713 32723 32727 32735 32743 32749 32754 32763 32772 32777 32778 32779 32782 32783 32787 32794 32795
32802 32807 32814 32816 32823 32830 32835 32842 32846 32854 32858 32865 32872 32874 32880 32882 32892 32897
32905 32914 32923 32931 32937 32940 32950 32958 32964 32969 32979 32988 32991 32993 33001 33009 33011 33021
33025 33034 33039 33046 33048 33058 33064 33065 33075 33083 33093 33100 33108 33111 33115 33125 33130 33131
33137 33139 33142 33145 33154 33156 33157 33162 33168 33171 33177 33183 33187 33190 33199 33204 33212 33215
33216 33221 33230 33237 33238 33239 33246 33250 33251 33260 33269 33270 33273 33281 33287 33293 33297 33301
33302 33310 33318 33326 33327 33334 33337 33342 33348 33349 33351 33355 33364 33372 33375 33384 33389 33397
33407 33409 33414 33419 33421 33426 33434 33443 33452 33461 33471 33472 33474 33479 33481 33483 33488 33498
33505 33509 33514 33515 33517 33526 33529 33531 33536 33545 33550 33556 33563 33572 33582 33587 33590 33593
33602 33609 33613 33620 33629 33636 33641 33643 33648 33655 33663 33664 33673 33676 33680 33687 33688 33693
33700 33702 33712 33721 33722 33724 33733 33742 33743 33753 33758 33765 33773 33782 33791 33799 33803 33813
33814 33822 33829 33833 33840 33846 33850 33854 33860 33870 33877 33885 33892 33895 33899 33906 33913 33914
33924 33926 33934 33943 33950 33956 33958 33962 33963 33967 33971 33980 33990 33994 33997 34007 34012 34016
34018 34021 34031 34032 34039 34047 34051 34059 34066 34069 34073 34074 34076 34084 34087 34097 34098 34104
34109 34117 34127 34133 34138 34139 34141 34151 34160 34163 34170 34180 34184 34186 34192 34196 34203 34209
34210 34214 34223 34227 34228 34233 34241 34243 34244 34248 34254 34258 34264 34266 34276 34282 34287 34291
34297 34301 34308 34311 34314 34322 34324 34333 34338 34340 34343 34344 34350 34357 34361 34369 34370 34380
34383 34384 34391 34395 34404 34409 34413 34420 34427 34428 34430 34431 34432 34436 34443 34448 34451 34452
34458 34464 34470 34473 34482 34483 34488 34497 34503 34513 34521 34529 34538 34539 34546 34552 34562 34572
34574 34577 34580 34586 34587 34597 34601 34604 34610 34617 34621 34626 34634 34638 34643 34648 34656 34662
34666 34676 34686 34690 34696 34697 34705 34712 34722 34730 34733 34734 34736 34737 34747 34753 34762 34763
34765 34772 34780 34782 34792 34799 34807 34808 34815 34821 34826 34836 34839 34842 34851 34857 34867 34877
34880 34881 34882 34891 34894 34903 34909 34916 34923 34928 34931 34935 34944 34945 34950 34960 34961 34966
34970 34978 34981 34991 34993 35003 35004 35006 35007 35017 35027 35037 35039 35049 35053 35058 35067 35069
35071 35081 35089 35093 35097 35104 35105 35109 35111 35114 35118 35124 35126 35132 35138 35141 35147 35157
35167 35175 35179 35180 35188 35197 35205 35207 35211 35214 35219 35225 35232 35233 35236 35244 35253 35255
35260 35264 35272 35275 35279 35282 35286 35288 35296 35303 35307 35313 35321 35328 35334 35338 35348 35356
35359 35367 35372 35380 35385 35389 35396 35398 35399 35401 35402 35405 35408 35411 35419 35421 35431 35436
35444 35453 35456 35466 35474 35482 35491 35494 35503 35510 35512 35521 35528 35532 35541 35543 35549 35558
35564 35565 35574 35582 35585 35593 35601 35608 35612 35620 35630 35640 35642 35648 35650 35660 35669 35677
35684 35690 35693 35700 35705 35715 35721 35724 35732 35735 35737 35743 35749 35753 35757 35763 35773 35777
35786 35789 35796 35802 35808 35816 35820 35825 35826 35831 35838 35845 35847 35848 35856 35862 35872 35875
35880 35884 35886 35889 35890 35900 35907 35917 35926 35933 35943 35952 35957 35958 35961 35968 35969 35978
35979 35986 35996 36005 36014 36018 36023 36030 36036 36041 36048 36052 36054 36056 36059 36068 36078 36079
36084 36085 36095 36105 36109 36113 36119 36125 36126 36130 36137 36146 36154 36160 36165 36170 36179 36189
36194 36199 36208 36215 36225 36231 36236 36237 36245 36247 36253 36262 36271 36278 36287 36292 36295 36305
36308 36314 36321 36329 36330 36331 36336 36339 36345 36355 36357 36363 36366 36371 36374 36378 36388 36395
36399 36405 36412 36414 36416 36419 36424 36428 36429 36435 36443 36448 36454 36455 36462 36465 36475 36482
36484 36487 36492 36498 36508 36518 36519 36522 36529 36536 36541 36545 36551 36552 36553 36557 36567 36576
36586 36589 36594 36603 36613 36619 36626 36629 36630 36639 36645 36648 36657 36664 36669 36679 36683 36687
36697 36702 36708 36713 36714 36721 36722 36732 36737 36747 36749 36750 36757 36760 36767 36773 36782 36783
36793 36796 36802 36812 36814 36816 36821 36823 36830 36832 36836 36839 36849 36856 36865 36870 36877 36881
36891 36895 36896 36900 36906 36913 36914 36921 36928 36934 36935 36936 36942 36947 36954 36956 36958 36965
36972 36981 36986 36995 37005 37008 37016 37023 37032 37040 37048 37056 37060 37066 37071 37077 37079 37089
37096 37102 37110 37118 37125 37128 37130 37135 37144 37149 37158 37166 37169 37175 37183 37190 37199 37202
37206 37216 37224 37230 37235 37242 37248 37249 37250 37259 37264 37271 37279 37283 37284 37288 37293 37303
37308 37315 37321 37324 37329 37334 37338 37339 37347 37348 37358 37368 37374 37378 37388 37397 37400 37403
37413 37423 37427 37430 37436 37443 37452 37454 37458 37463 37470 37476 37484 37494 37502 37508 37511 37519
37523 37533 37539 37544 37545 37553 37558 37560 37568 37572 37576 37579 37583 37588 37592 37600 37605 37606
37609 37612 37617 37625 37628 37630 37634 37640 37642 37648 37656 37661 37671 37673 37676 37681 37688 37698
37707 37716 37720 37724 37732 37739 37742 37751 37757 37761 37770 37775 37777 37786 37789 37793 37803 37806
37815 37822 37831 37833 37836 37840 37847 37850 37856 37857 37866 37874 37884 37888 37895 37903 37907 37915
37923 37927 37930 37939 37945 37948 37958 37965 37971 37977 37979 37985 37987 37995 38005 38013 38014 38021
38025 38028 38038 38040 38049 38056 38063 38071 38080 38082 38087 38096 38098 38100 38103 38108 38115 38120
38128 38131 38140 38145 38154 38159 38163 38166 38171 38175 38179 38186 38191 38195 38204 38205 38211 38217
38221 38226 38228 38238 38241 38246 38254 38256 38259 38267 38268 38276 38281 38285 38286 38296 38302 38307
38313 38315 38324 38334 38338 38339 38348 38353 38361 38369 38378 38387 38388 38390 38393 38403 38410 38419
38422 38431 38437 38446 38455 38460 38463 38473 38482 38484 38488 38496 38503 38513 38522 38523 38532 38539
38541 38551 38561 38563 38573 38575 38583 38585 38586 38589 38599 38605 38610 38615 38620 38628 38638 38645
38650 38658 38666 38670 38675 38684 38686 38692 38698 38706 38710 38717 38727 38735 38738 38748 38755 38763
38773 38777 38778 38781 38784 38792 38795 38804 38814 38822 38825 38831 38833 38838 38842 38847 38849 38859
38866 38870 38876 38877 38886 38889 38895 38896 38904 38914 38919 38924 38929 38937 38944 38948 38954 38962
38971 38977 38979 38981 38982 38989 38991 38997 39002 39008 39016 39024 39030 39038 39044 39047 39056 39066
39070 39080 39084 39092 39097 39098 39101 39108 39118 39119 39123 39130 39138 39147 39157 39162 39163 39170
39176 39181 39184 39189 39191 39193 39197 39198 39208 39213 39220 39228 39236 39244 39245 39250 39258 39266
39268 39277 39280 39287 39296 39297 39305 39311 39312 39316 39326 39333 39341 39343 39352 39357 39363 39370
39376 39380 39386 39393 39396 39403 39405 39413 39419 39428 39430 39436 39442 39445 39454 39455 39461 39467
39469 39479 39483 39485 39489 39496 39499 39502 39504 39505 39508 39515 39525 39533 39541 39545 39555 39561
39562 39564 39570 39571 39577 39578 39588 39596 39603 39610 39611 39617 39625 39634 39635 39637 39642 39647
39648 39656 39659 39665 39670 39675 39684 39688 39689 39693 39701 39706 39712 39714 39715 39721 39722 39729
39739 39746 39753 39761 39766 39775 39780 39782 39783 39792 39797 39806 39810 39819 39825 39832 39836 39846
39847 39852 39855 39859 39862 39864 39865 39871 39878 39888 39890 39894 39897 39900 39909 39917 39918 39923
39924 39930 39933 39940 39944 39952 39962 39967 39972 39976 39983 39985 39988 39990 39992 39997 40004 40012
40018 40024 40033 40040 40041 40044 40045 40050 40056 40064 40068 40072 40080 40082 40086 40089 40090 40091
40099 40107 40108 40112 40117 40121 40129 40132 40137 40142 40144 40151 40159 40164 40172 40178 40187 40196
40201 40204 40213 40222 40224 40226 40230 40232 40242 40244 40247 40252 40256 40259 40260 40266 40270 40280
40286 40293 40296 40301 40310 40319 40322 40325 40335 40340 40343 40350 40357 40365 40375 40383 40391 40392
40402 40409 40415 40420 40425 40427 40432 40434 40439 40446 40447 40454 40464 40473 40481 40489 40497 40500
40501 40506 40507 40515 40519 40524 40534 40541 40545 40554 40562 40571 40576 40582 40584 40593 40594 40601
40606 40615 40622 40628 40634 40639 40648 40651 40658 40661 40669 40673 40675 40683 40685 40693 40700 40705
40707 40710 40715 40718 40719 40720 40725 40729 40733 40739 40748 40749 40751 40759 40764 40766 40774 40781
40789 40795 40802 40811 40818 40825 40826 40832 40833 40839 40848 40858 40860 40869 40875 40883 40886 40890
40897 40905 40914 40921 40929 40933 40943 40946 40955 40964 40965 40966 40976 40981 40988 40990 40992 41002
41005 41015 41022 41030 41037 41044 41047 41055 41059 41062 41064 41069 41072 41081 41086 41093 41097 41099
41108 41110 41119 41124 41125 41127 41134 41138 41146 41147 41148 41150 41159 41163 41171 41177 41186 41195
41199 41207 41214 41220 41222 41232 41236 41244 41251 41255 41262 41265 41268 41276 41278 41281 41283 41291
41296 41299 41302 41305 41312 41318 41320 41322 41323 41329 41331 41340 41341 41346 41348 41349 41358 41367
41373 41382 41387 41395 41400 41401 41405 41415 41424 41432 41442 41446 41447 41455 41457 41459 41468 41473
41481 41485 41493 41499 41508 41517 41519 41527 41533 41534 41543 41553 41555 41561 41565 41568 41572 41580
41582 41590 41595 41601 41611 41613 41622 41631 41637 41647 41654 41664 41671 41676 41678 41684 41689 41694
41702 41703 41709 41718 41728 41730 41731 41739 41741 41744 41750 41755 41762 41772 41779 41782 41789 41795
41796 41800 41810 41817 41818 41819 41826 41831 41840 41849 41859 41862 41865 41868 41873 41875 41878 41888
41898 41902 41908 41912 41922 41925 41926 41931 41940 41943 41951 41953 41954 41958 41964 41968 41969 41975
41983 41985 41990 42000 42001 42010 42011 42018 42021 42022 42024 42031 42032 42039 42048 42058 42063 42073
42083 42085 42092 42099 42101 42107 42115 42122 42124 42126 42135 42140 42143 42144 42150 42155 42163 42173
42182 42191 42195 42200 42205 42208 42214 42215 42216 42223 42229 42233 42241 42243 42244 42253 42256 42264
42268 42271 42272 42277 42280 42286 42296 42297 42307 42310 42319 42324 42332 42336 42338 42346 42352 42359
42365 42374 42382 42385 42395 42402 42412 42413 42421 42427 42431 42438 42446 42452 42454 42456 42465 42466
42471 42476 42483 42487 42490 42500 42507 42512 42518 42528 42532 42542 42549 42555 42556 42564 42565 42569
42571 42580 42589 42599 42603 42613 42621 42629 42639 42644 42645 42653 42663 42666 42673 42682 42690 42695
42700 42707 42717 42726 42728 42736 42738 42741 42749 42756 42762 42770 42774 42784 42792 42793 42803 42808
42812 42819 42823 42828 42834 42838 42847 42851 42855 42862 42867 42868 42878 42881 42890 42893 42903 42912
42922 42930 42935 42941 42947 42953 42954 42963 42973 42980 42988 42997 43003 43012 43016 43024 43028 43033
43042 43045 43052 43057 43062 43070 43078 43084 43087 43095 43097 43103 43104 43114 43121 43125 43135 43139
43145 43153 43158 43168 43174 43180 43187 43189 43195 43196 43205 43210 43219 43221 43223 43228 43229 43237
43246 43252 43261 43270 43272 43278 43286 43293 43302 43312 43314 43320 43328 43337 43346 43348 43357 43366
43368 43378 43381 43384 43385 43386 43396 43404 43406 43409 43413 43417 43418 43421 43429 43434 43443 43445
43451 43461 43471 43476 43485 43493 43496 43498 43499 43506 43515 43523 43532 43542 43545 43550 43556 43566
43572 43574 43575 43579 43587 43594 43599 43603 43605 43607 43610 43616 43623 43632 43635 43643 43645 43651
43652 43660 43665 43671 43677 43683 43690 43692 43698 43708 43713 43721 43729 43730 43732 43734 43739 43744
43754 43758 43760 43766 43776 43778 43780 43785 43793 43795 43796 43798 43801 43808 43810 43816 43820 43822
43825 43833 43842 43849 43859 43862 43867 43871 43874 43876 43884 43892 43900 43901 43902 43903 43904 43914
43915 43925 43927 43929 43934 43939 43943 43945 43952 43960 43967 43972 43979 43988 43989 43998 44008 44018
44025 44031
