-589 -617 248 -4072 -82 4061 -3823 -934 -3756 -3211 2365 1357 -3298 1273 2458 -1856 312 3875
1080 -1562 -2602 2024 -1624 4016 -3523 -1742 -3361 -1247 4025 -3549 360 -1347 2384 3565 -284 -4090
-177 3382 -2855 3084 1433 3848 1494 -2040 -543 1629 227 -253 3729 -1741 -1980 3486 -2143 1576
1152 3289 -2520 -577 3283 3311 -2106 3092 -557 1349 3808 63 1902 -409 2216 3632 2890 2834
-2570 -2006 -2984 1369 2026 -833 199 -2872 -3723 -2446 -2225 -3418 3727 2511 -3916 -3772 608 3885
3761 -1196 3361 -2841 2343 -4002 2771 1845 2714 -3276 -1072 -1384 1287 3974 2072 1473 -2045 2942
-371 2086 -3801 2664 211 2569 -36 -2697 -717 -3287 1379 3975 1819 1257 -1478 2311 3998 -2778
-3638 -1826 3740 -2436 -2709 3942 -556 2868 -77 2177 -2376 4027 -3815 -3664 -3046 -1633 1764 2367
2210 -2009 3437 2953 2844 -3203 -2382 -3264 2441 -2212 3631 452 1039 1625 -3301 -2911 172 697
-3617 -775 -1848 2513 1516 -482 -3710 3840 -802 2087 -29 -3279 993 -3162 2513 1521 -1913 -3237
1247 3349 1472 261 988 -17 1619 -1466 -3002 -3314 -2690 -3454 -904 410 1787 3813 -1089 -3783
3928 -3723 -725 -645 -2670 2079 -454 2024 -2302 1270 -1452 -1644 -2393 -2974 -1010 -3266 177 -2443
1351 -1780 -1175 -4027 3858 -2357 3666 -1448 -3474 2504 -1855 294 -1335 3380 152 -862 -3229 -2539
-3464 -3117 -3982 -1073 -986 -3701 1306 -1480 -1454 -229 1848 2622 679 2597 -3589 -483 815 2681
2121 -484 -2 3327 2048 -3346 2097 -1866 3832 -1394 2893 -3394 733 -2888 2001 -2438 -803 1004
-977 1723 2583 -4088 -3319 3326 498 1890 -3131 2994 809 2956 -3987 -1886 -1859 1674 -1569 1105
-2139 -2636 -3248 908 -2463 1807 3609 -29 3916 -2481 1761 1103 3787 1614 3328 2789 -450 1069
3406 134 3277 -3851 2345 950 1797 -315 -3360 -3211 -451 -351 -1958 -3286 -3894 3012 -2787 -1883
-3053 -3708 -2911 2346 -3741 -1853 -535 -1393 -2415 -1540 -3715 -671 2942 211 -3420 1326 3419 -451
1273 -3125 192 -2513 -2227 -851 -1124 1512 1230 1375 -2077 4041 1435 -2054 -4063 2483 -2173 3248
-2352 -1282 -2005 -144 2430 1792 -1659 -2424 -3892 -3804 2444 3950 3629 -2169 -2474 -2423 2189 -3786
1907 -251 -1875 3308 -2654 -50 1632 -657 -1586 2692 -2147 -3990 -926 397 583 -789 -536 556
487 1637 506 1972 535 327 -2679 -829 -296 -2532 -1695 -117 2972 -4029 2583 3637 576 -2762
3635 79 2743 -3748 949 575 -871 -2192 -2591 -2084 2939 -141 -2973 -1279 -228 565 -2879 -1214
2132 -407 -2276 -3164 -3093 1093 -2243 -1172 3105 -2879 761 1786 2602 -3761 -281 -578 2135 2364
-3500 -1499 -2521 399 928 -1867 -226 1152 -546 2852 1391 -2694 2233 -2936 372 -2381 3014 906
1784 -689 1546 4036 333 280 -3362 3853 1851 1217 1308 2034 -2125 953 -3668 -2514 88 660
-3514 1587 -287 3837 -1637 -812 -461 3133 453 4065 104 -1714 3596 1267 -2413 3457 2285 -1232
-2220 -1867 -2172 -2776 -2745 1047 2871 1992 1596 125 2751 852 -959 -185 -1169 -1166 372 723
986 839 -2119 904 -3896 681 3363 -2458 -2706 -1704 1612 -3545 -4089 -2745 3939 0 2990 -3837
-2787 -2853 2202 -231 -2458 50 912 -2156 4080 3441 1472 3208 -3442 1261 -2591 -1350 1363 2407
-3165 -1222 1175 -221 -2449 2863 -329 -1654 -1927 3748 -78 -925 1824 857 3215 3478 421 2238
-96 1154 -223 -3611 1657 -3105 1242 1683 -3363 -1227 1519 2147 -171 -797 -2761 234 -1866 1455
654 3575 3428 754 3172 -3869 -3217 -2999 -356 -2585 1650 -2604 1979 -1901 3678 -4073 -654 -1470
4079 2647 -1694 4011 -2028 3219 1863 -1407 781 3587 3431 -3048 -3983 -713 2129 -471 1254 -338
749 -357 2764 3866 993 -1181 -3432 1564 -1728 -1169 1042 1690 -1145 420 355 -1625 -3850 1770
3301 243 2602 2122 -3374 -553 278 3610 1978 -1566 -3271 316 -816 3587 53 -3225 -1282 -2749
1459 3976 1487 2042 401 -2257 -2257 3255 -3231 519 -2841 -1129 1592 1130 -3837 318 -1059 -3589
-2573 -412 549 333 3972 -3878 3013 1452 -3661 831 -2722 993 3635 -4052 4053 -2286 -1555 -2567
-1770 2730 -3292 2070 -1022 -411 2444 -1296 206 -1721 -1761 -2208 1694 203 -1854 -3403 3958 -1782
3521 -1973 -2180 756 1311 425 135 -603 929 2622 2823 -72 3521 -1119 1323 3517 -1946 -157
2412 693 869 -3202 -2729 3991 3818 3647 -3662 1782 3216 3796 -2837 -1621 -668 1884 -1828 -1650
-598 -627 3287 1865 3960 3814 -755 53 1311 -2692 -1992 -3774 -923 -1466 3234 1012 2949 -3574
1397 2679 -3815 -3639 344 -74 1970 -2098 2918 136 3676 -2500 3944 -3342 1762 -972 -3474 107
-1301 2700 2214 -1978 2265 -3819 -3685 -239 2450 362 -3162 27 4092 -2979 -52 1536 -3236 3813
-2346 3908 1400 937 -1846 1021 1437 -496 -2141 410 -3746 -3096 -2452 419 1065 2714 3478 -3935
1728 3317 -585 -1532 -156 -390 2424 -475 990 2370 -5 -2226 -412 -3200 -3989 730 1589 -1678
4086 -3226 -742 -1788 2830 257 -3413 3057 2804 -884 -407 -644 2208 -1278 -3672 -1880 -2578 -521
-3512 -995 -2531 3593 -196 -3962 3749 3191 4068 3713 2393 -3916 3898 -3791 -3888 -2279 962 577
43 -2653 1372 -866 3882 -1090 -3624 -3431 -3195 -3550 351 -2890 161 -62 2993 1535 -364 2244
-217 -1298 366 3224 -1392 4052 -1564 -2038 2777 -3088 2102 -3982 -630 -2572 2685 3318 2309 3893
3886 724 -1109 -1444 1285 -1604 -3396 -3415 -3787 3390 2578 2251 1248 -4016 1457 2629 -1289 -2100
1558 2146 -2228 277 2149 -1094 -4081 -1589 865 -3772 -1402 -648 567 -510 1059 3688 3602 1583
-3866 -375 1932 -2804 2056 3401 221 -3542 2052 4004 -1552 -3751 2784 1832 3884 2582 -3115 -749
-975 -3175 3895 1661 828 -3492 -570 1695 -1403 -2995 -3029 -3050 -4029 2173 2022 -2492 1700 3944
-3455 -69 -1915 -3898 1025 -1345 2032 -3088 3533 3275 1921 2009 -321 1593 -116 -2154 -1642 739
12 -1947 -319 -3863 125 3681 -3481 629 -405 -2895 -2101 -90 -1065 1608 2812 -659 3705 -3000
-3621 3733 199 1748 3424 -3121 -2614 -2665 1099 -58 -3895 -2884 -4086 -2984 -3645 906 1271 3532
1974 -1654 -263 289 2494 -206 2898 617 -2060 3895 -1824 -1990 -2770 3418 1936 -3803 -1401 4049
59 73 -2634 2102 3519 -2576 -3269 2324 116 -1740 1361 -2826 -2835 -2106 2240 -3058 1795 -3917
-1936 -661 2626 3912 -3889 -3907 -3955 -1285 -3052 3496 -2010 -3738 -4032 1456 2559 3928 -2055 -2652
346 -525 3890 937 1466 2257 -853 3793 -4061 -3506 301 3385 1193 2757 1455 1478 -1701 -2
312 612 -3228 2443 1949 2011 -3171 1874 516 -4036 -1201 -2283 578 -2871 608 -2552 -3580 1157
1980 -3189 3777 -3001 -2789 2526 -3185 1367 -244 497 432 4015 -1442 -2238 2308 3255 4040 196
316 3997 1782 -3097 -2840 2109 -3635 1687 3911 -625 -3822 1385 3582 -845 -1187 698 1926 2431
-168 -3085 1911 3503 2636 466 -3675 -3186 3084 207 3331 2367 284 -2431 1891 -1639 -970 281
-3333 -2177 -2022 1532 3768 2272 2736 -942 -1417 3641 636 -1862 2027 -3161 1881 3843 2425 2188
1933 3841 4030 2764 2603 -3743 -2295 647 4033 -1639 -2683 -1161 -1443 486 2894 -1845 1495 -2467
1351 -3928 2430 -3077 -3139 3109 3070 -3870 1508 -1818 676 651 2853 2361 1265 1816 2863 4054
3450 1711 -2587 -3046 -3814 -3608 -1006 3040 1388 -3511 -3592 -2069 -86 -3630 3238 4045 1215 3742
-1245 -1408 -3131 -113 3169 102 954 -251 783 -3073 -613 177 2089 -492 3005 1909 -662 2687
1926 72 123 642 -408 -2248 6 -3671 -2254 2933 -3192 573 -3916 -2185 -2308 3666 689 -3559
-1194 -3501 -1508 -535 3271 -472 -1622 2919 -32 -3599 -2123 877 1642 834 618 -364 -714 -2043
847 -337 -3187 -3121 2832 3939 -610 1248 -353 700 -3430 3496 3749 3802 1969 -2090 -3508 433
2272 3581 3649 4051 129 2260 290 -3246 3769 3309 -472 -93 432 1553 3879 -88 3997 -729
1768 692 921 -2654 -831 3499 -434 3978 -1403 -2769 -1174 -1256 -2611 -2598 -786 -1333 -636 3984
3395 299 -2871 -1829 -1752 1801 1055 3921 -3487 1875 -1550 -1506 -949 -644 861 898 -3282 -3222
-2467 -387 3945 -1020 -2513 -658 -2707 1860 2846 3802 -3201 3289 -2413 1334 -425 -1441 -917 -317
3462 545 2740 -3463 2229 -2186 -1874 -2295 1700 -2666 1551 2279 3851 -477 -3148 1130 64 3101
-376 -1804 2479 2180 -2618 2606 -985 -653 -2672 1121 236 -2855 -311 -1851 -1878 -64 -2742 1778
-3293 -3297 -672 2148 191 -2239 416 766 3814 -2376 -1526 -2128 -4060 2529 -656 -3559 290 3074
-2492 3663 2935 -2334 925 -1621 -2248 -3581 -89 921 3169 -3474 -3009 920 -2791 -2052 -2295 2345
427 1349 -2636 -1311 -145 -238 2974 -1659 869 -4005 2506 3127 -1606 -23 2584 2744 -1275 -2961
-2337 2731 -1941 -3000 -59 1276 -126 -587 1271 -1977 1802 1205 -3668 -685 1403 -3217 3818 -3416
599 -1509 1974 -3036 855 2962 1913 937 1635 -3231 3016 -2078 2397 613 -3468 -2560 -3914 -239
-794 2983 3546 -2529 -3627 3540 -2453 -1802 -2486 -3621 3394 1669 1766 1390 3666 3005 2705 -1336
-435 -1901 1886 3530 3861 -2412 -3370 -2234 -1514 -496 1663 -3264 332 -2360 -3637 3923 -1984 311
-3526 1565 1450 -2712 2788 -838 -239 -2987 1098 1870 3858 -1820 3442 2474 1941 1381 1883 -1805
-3904 -1362 -3136 -3233 -2625 -2633 -4060 -3322 96 215 -2504 -3909 1153 -2680 2695 -1028 3131 -1100
-3456 -788 1528 934 -1352 1377 1351 1911 1690 1541 -2171 -3818 -3501 3196 -683 -3624 10 -89
2538 2212 -1661 -275 -1755 937 -275 -1640 -653 -1383 3104 840 -2415 3717 3354 -1431 -3571 3139
2768 1473 1701 -413 2381 -493 2924 2987 37 2242 -1082 3898 1592 -1895 2347 1828 -1601 -1651
3016 1703 -595 -859 -3354 2293 -2713 2269 1562 -3706 -2117 1580 -1952 -2312 567 1929 -546 1422
1483 2316 1439 -2510 -2633 1821 2054 1793 -3638 940 2834 -3457 -2823 -382 3456 -3523 313 -2661
-1619 2600 -3652 -3434 -3762 2398 3166 -1488 -3326 -628 -1138 721 2721 1510 2391 1837 3438 691
1256 -1559 -3320 3671 2881 3933 3123 -769 -941 612 2173 4049 -2730 2356 2967 -1860 -1662 -181
921 -1093 522 -1682 261 2761 -395 2230 419 2387 -460 430 3883 -3014 3227 3197 698 -1179
-2014 -3290 3615 2541 3567 -3375 -1038 2513 706 1323 1915 55 -3557 1749 -654 3906 3263 4062
1661 -1412 -111 847 3222 -1343 2977 2761 -982 -305 -1869 822 -3564 1363 -1299 3967 -2199 3477
-2830 -2465 -1008 2981 3905 57 -3800 -728 3560 -1517 -3001 2978 -639 -3457 3195 -1684 128 -2631
2602 1558 -2588 -581 2745 1915 528 -1171 -3837 1102 -3292 3555 -3168 3392 2426 3240 -3576 440
-617 -1510 -3727 -747 3150 729 -3444 -1660 590 -186 273 1380 4073 -1014 3603 -1984 -453 -327
-2513 1099 3734 2939 1145 -3713 -695 204 -3239 -199 -3924 3656 -1010 -1677 3457 -1146 -2522 -374
-1619 1029 -2125 654 1579 -720 -2223 3374 2411 2911 258 -217 746 -1280 -294 -951 -3802 699
1644 1807 -3361 949 3108 2759 -857 3289 3410 320 -1082 -2505 -3556 -3823 3941 -1679 -2002 -3728
-3814 -970 1868 -3946 -2647 -3630 170 2484 -204 2249 2573 1915 2465 2439 1483 42 2662 -1257
-1899 2104 3214 -3340 3592 2185 548 1255 -734 -2765 -3107 -2060 -658 -3633 2075 -2735 3606 98
2628 -2436 -68 2004 2904 1871 539 3823 1259 312 1673 -1799 -2205 -2965 -1987 212 3205 1074
-1182 -70 -2208 2897 -3060 -901 -1421 3433 1509 -4009 3378 2684 3520 -416 2526 -1673 1513 2671
-868 -307 -2474 3246 -794 1066 408 3749 2645 1580 4012 3812 -2643 -719 1936 -1989 3898 -2512
-1876 2418 904 172 1287 -1358 -158 1714 3419 -681 1051 -3107 4069 879 1341 121 -1265 3009
-1934 1461 1257 -166 -3904 4052 2168 -587 3622 -3194 -1593 1140 -1418 -1221 -3629 4003 -893 -3689
836 -118 -1366 -532 -1796 273 -2661 -2104 3937 1471 -2941 1681 2456 2099 2929 -3531 -3216 2623
-2778 -1569 -3791 2445 2324 -2610 3637 -2091 1747 -1746 2898 -3175 -62 -1790 -496 3720 -2035 3363
433 -421 2048 -4013 2831 1352 -2389 -2994 67 3853 -2360 3840 1308 3969 -249 -2621 -664 -69
1689 2977 -2544 1729 -233 -2110 -2561 2779 -2904 2246 2010 -1959 3468 -1452 -625 -1283 -3602 406
-349 -2315 -2823 -2583 612 -421 2133 -1418 1761 -4022 -3353 -515 1455 -380 -3112 -2659 -2169 1703
2816 1969 1959 -1034 3990 3008 2071 3746 3628 -2955 1958 3520 -2299 2221 -1332 -3921 -2641 155
-1972 1316 -1281 3051 -1358 3777 -3513 -2555 1947 -2764 2799 3414 3533 3567 3923 694 -1247 -398
-3599 1481 -1224 1042 2541 -3197 9 -400 2022 -1101 1340 2400 -1009 -3422 3914 884 -2397 -3138
-2177 3602 -1110 2646 1467 1045 -3323 1387 2325 -3067 3536 2955 -4037 -1319 2583 -3141 -3410 3152
3538 -1929 3018 1493 566 2494 -1880 -1805 2137 -3276 -1612 2645 -4059 -1211 2361 -3479 2704 -3989
1954 -909 55 2421 3728 -3760 1338 3561 3016 2741 -3217 2927 -2837 -1016 987 3402 -2819 3516
-3946 -1300 1214 -1967 -2092 -3443 3802 -1070 2407 1244 -3881 235 -2178 1724 -1565 148 -3156 -499
-1935 -196 -3756 -372 -2148 -1901 -2474 -1087 -669 2273 -3314 1271 2735 -3859 2726 -4012 3636 356
1212 2533 2830 2801 -3763 3037 1093 -56 -2061 -2875 3597 965 -1150 204 -2584 -1998 2781 -1237
646 -7 2095 3208 -890 2441 -152 -1158 246 -1231 -2805 1041 3769 3863 1623 -1158 4003 -1087
948 1186 3704 -2523 -397 2814 -1354 2639 -3362 2126 2856 -2148 1946 2689 90 3443 2911 -351
-2106 -2649 2541 -2614 -3867 2387 356 2366 -2814 -684 -3865 -3453 747 840 2435 -890 3938 3117
-1408 738 -1171 2428 478 1068 -3739 -1563 -1459 -949 2537 -373 3909 3044 2454 1509 -3935 481
-1910 2333 3670 3060 1214 2306 -2644 825 -4040 1938 -1893 -1568 -1033 2828 -1894 -275 -3899 1943
-599 -766 -2354 -906 -3403 2366 -761 458 -4026 1836 360 -3088 3714 -2372 -1287 -1701 1921 -3762
-2399 -4080 743 2776 2009 -86 -3108 -1011 -476 -788 580 2708 79 -1047 2141 -2970 -362 -583
-618 -3304 -893 -2373 -2111 -940 942 -1425 -1129 -2991 67 2515 1416 -2203 -1956 -3739 990 3994
-219 -3176 2856 -1179 -2849 3316 -510 -1449 -2913 3771 -3809 1269 239 -743 1201 1168 -4047 3559
-999 -4045 2521 -2804 3293 924 -2691 -1197 3596 -2733 3231 3306 208 184 -3990 -922 -1180 2370
-3048 1873 3923 2987 -698 -1702 -3057 584 2827 -1281 3786 -3741 1249 2265 175 165 605 114
-2981 -2407 3253 -94 -3151 -1230 2848 907 -255 -2450 -1284 1054 3694 4095 1217 -1748 -2373 1292
3797 1548 -1456 -1798 -226 -1834 -93 -2487 3176 -1508 -2585 1156 -3926 -1460 269 2110 -767 -1652
-2537 -3555 143 -2254 176 -3596 811 1483 -1236 -3336 1229 -3921 -3652 -2570 736 -4065 -1533 3747
-2985 -1785 -2053 -1795 -617 1335 -1757 2986 3378 321 -261 -887 623 -807 479 -980 3743 2759
1314 -636 -3507 3447 1405 3714 1838 -765 -1322 -2336 -2056 986 -2485 479 -2327 -260 -2665 2103
-3009 -329 -2877 -270 1384 -2817 -2268 112 -492 3668 -3921 -2949 3072 567 2199 3159 -2384 -2003
-443 -2052 -3113 3666 2444 2371 -3665 -375 -183 2632 2054 3871 -3273 -1100 -3790 3107 41 50
-1088 -2515 3976 2544 -2559 968 2340 3875 1126 618 1107 -1365 935 -3084 868 -580 1975 -2614
-3486 -2146 -1898 3700 -3552 -1928 -543 3803 2205 -3028 -1469 1031 -70 2633 1958 1653 2862 -2045
-2744 1022 -283 -1729 -1917 -3765 3734 3510 -3706 -40 -66 1822 -2877 1423 1750 -2713 -1471 -3353
-1807 -2554 938 1178 2701 -1190 -1469 3565 1236 -3825 -2669 2179 2580 -3423 3066 1728 -3440 -1816
-505 -2622 -1372 -3147 -612 3042 2867 -2947 490 -3888 -2705 -232 2367 -981 2782 1423 -1642 -2106
2760 1014 259 607 3549 347 1779 0 2366 2756 3882 -2855 -3639 3383 -90 -2117 -1859 990
2620 -1762 2727 -207 2849 2994 2474 -1491 -730 2953 3083 684 -2860 -3897 -2032 2493 856 2790
1588 268 -3523 -3690 685 -1431 -1812 2064 -2254 3657 -752 30 -2525 -400 -325 -1644 4090 -1644
345 2916 3085 -2785 -3450 -3250 3480 504 -104 -1783 -473 -3736 -1260 525 1597 3833 734 749
3427 1158 2125 2867 2667 3381 2808 -1831 -742 3233 1893 -4017 -1519 3841 2691 1550 536 1895
2799 -2366 3495 -3827 -1773 -1291 1485 2222 1796 -3233 -3238 766 -1714 -1356 -668 -2791 356 -1526
25 -3048 -3310 3281 -2846 173 -2669 -3752 -2869 978 402 -3366 3661 -3710 3318 2605 -2211 -2429
-2698 501 -2872 1613 2816 -1181 -22 3570 2809 143 942 280 3392 350 -1571 1544 -3059 2036
445 -2609 -111 441 -1781 -2718 -2440 2545 -4049 -794 1068 -3362 727 -3594 -522 -1419 3542 2558
4054 1956 2897 -1613 596 -723 3654 1664 -1546 -260 1623 -220 412 -2261 1263 -4034 180 -2178
3250 -1527 3622 1150 1086 -1008 292 1818 -2757 -1026 -3902 -3620 -3908 -901 859 -2385 498 2326
-301 -1483 2094 3146 -1388 426 300 -2943 1137 2141 -838 -714 -1714 -1616 677 289 655 -852
1022 2680 -1681 3629 168 1590 268 -2410 -1477 3964 -1953 -2038 -721 -2053 -2844 593 -1688 624
1837 2357 -3331 -3012 -1472 2680 1117 -3344 3759 86 -1340 -3322 676 3490 1520 3226 1949 98
1091 -1221 -2294 -2036 1043 -578 1715 3136 871 -1225 3578 301 1779 492 -809 1638 -3734 1389
-2632 3428 -3043 -3930 2860 -2944 495 -3824 -3494 -3186 -616 4079 2883 1795 3116 -350 4073 1703
1289 2808 2860 1244 2047 164 2184 881 -3370 3256 -609 -1271 -232 2097 -371 523 314 -364
-490 -4045 -3571 -2662 2718 2966 -1163 2801 2290 -935 -3705 3335 -545 -3115 -3873 998 1946 1129
2905 3872 -2047 -2358 -1009 3535 -3943 -1563 2981 -2655 -3729 -1447 -520 3568 -1091 -389 -3589 -3075
-1689 -3096 3338 -741 2620 2988 -1421 -1018 2074 -3588 -1963 -445 719 -401 -1322 1666 1236 2525
-351 -1750 470 1731 -3143 -43 17 2356 -1641 -1798 -651 -1183 -2658 -1899 418 2985 -806 3811
-589 -3765 -1516 -1481 2768 -2936 2349 -1850 2206 -2183 -3881 -90 3190 3160 -3185 3009 618 -2446
240 -3608 -3802 650 89 741 399 -3088 -554 2233 -1210 -3319 -3482 -3639 -2327 -1412 -3957 3890
-2255 4065 3626 -1237 2520 1295 -2880 3171 343 3813 -3878 2961 2150 3767 2543 4083 95 -1212
-1150 -2062 2910 1585 -1913 710 -3262 2860 -3535 66 3695 1416 2810 -1130 -3217 -1675 3854 -2517
-943 3517 -1295 -2154 2794 812 2435 1939 3804 1631 -3495 -2284 -401 2377 -3757 3412 819 303
145 -490 2952 -2494 -580 -564 473 445 901 -1799 -1348 1960 -3940 896 -1319 2318 1229 1303
1441 -1063 3471 -2109 -2593 1332 2765 -671 -3834 903 1292 331 -2462 1268 -551 2815 -1268 -2192
-3191 -2338 -3144 3940 332 -1545 -693 -3605 -2924 1509 1344 -117 182 -3646 749 3219 2558 -745
638 1022 -3856 -3594 -3368 486 -2317 -1265 -2246 649 1341 -3360 3517 -3358 3865 242 2973 -58
-1933 2600 75 -3934 -1607 2324 92 2747 2575 -3217 2369 2566 2258 394 -305 3209 3937 -789
-3178 -686 1094 2775 -754 -1030 -1885 -2032 1168 3521 2289 -1403 -2531 -2772 2585 3624 -525 -710
-1075 454 -2561 -2770 2361 -1800 -3056 2525 -3825 -2023 -1567 -1634 -570 -164 -2062 4017 1866 2529
1073 1102 1769 -2582 -2698 3641 -2414 2829 1221 737 1122 912 1392 -3555 -3183 3510 -2824 -1431
-3177 2616 -3126 705 1714 -836 1990 -2297 188 -3230 -1634 -3087 -2240 -1434 3572 -109 3060 198
2911 -1165 2683 775 3628 3375 623 250 -1288 2738 -2360 -3170 -3813 1782 2952 2057 3552 3163
2755 -2964 401 397 2536 3094 1867 1529 2153 1950 170 718 -3929 1538 1600 -615 -3021 -1042
3553 2401 3171 -2558 -2118 872 -1996 822 824 -1949 113 3141 -824 -169 -1215 3363 1365 1789
-2067 -2666 1198 693 3080 1477 1957 -3058 2783 3061 -1269 -555 55 -1992 1143 -575 -2207 2878
2537 -1626 1942 -2756 2339 -713 3763 2501 4079 -2722 -3282 -545 -2524 1566 -2453 -2824 2679 2062
-4000 -3562 -3274 2648 -637 -3590 -3153 1615 -2035 864 -2174 406 1415 587 -2888 3029 -3661 2916
1454 -2819 -79 3173 3020 2328 2700 1684 -1011 3771 -508 2134 1624 -2832 176 -3383 -1872 3514
-1933 -3989 3871 564 564 -3613 -3696 -721 1531 -2620 -4008 -1693 73 -3985 170 -4034 2507 -1794
2510 -2509 -2466 -4031 1060 415 -2981 1741 -1276 2369 1341 -2280 -3484 -2242 -1904 -1887 335 -593
560 311 564 2512 -2850 -1728 2554 692 -1507 -2030 1770 -3964 -3995 3432 -1944 -1706 2212 3293
123 -3948 3089 116 43 1519 839 -2243 -92 -3861 1981 -2825 -3280 1509 -1917 -2086 -509 -3639
-1199 -1702 979 2359 750 -248 2623 2138 991 128 -1268 -4052 -3997 -2204 2085 -415 1225 -408
641 3298 -749 -2957 1218 -2611 -802 2246 690 2308 685 1346 -371 -4001 3958 -1108 -2797 3925
-1150 2827 380 -1205 412 542 2602 -1698 -1637 -3121 -2253 -301 2852 704 950 261 -3617 -1805
2833 -3602 -1070 -3989 714 -2506 -1229 492 610 -3617 -2959 -303 2539 -1928 407 2775 2162 -545
-3072 -1250 -3272 -2920 3405 3862 3765 -2380 -1849 2199 -1409 1601 -529 -2056 226 598 -2692 315
-1175 -606 -1644 3922 3351 -3182 -1438 -1438 911 2311 4082 -2523 -11 -2656 -3478 3415 -1884 641
-3714 -201 -2879 -1076 -2993 1032 -3444 384 -1403 3515 -1654 -2797 1981 2452 2431 -3979 -3500 -2067
1853 961 -405 -263 -1999 1648 -428 3500 3539 -1767 315 -3161 -3613 1223 2349 809 -2969 -2842
-3742 556 3213 -1875 -542 -136 3413 2346 -646 -3888 -254 215 -2316 3893 -409 440 2734 -2512
-3327 -2276 382 -1237 -798 4050 -3622 484 2916 -494 -2978 743 -584 -1587 -3936 2333 -455 -3406
-1206 -1177 -1637 3753 3729 -2233 736 499 -2570 -3672 1316 -574 -2480 673 -3021 626 2867 -3751
-782 -3494 676 1258 1691 -3573 -4077 3948 1478 -3254 -85 -2057 -3522 -2185 764 -1854 170 1689
-24 -2476 -3826 2035 -1315 1213 -3319 -1755 1390 -24 -3848 -3871 2613 3055 725 2612 -257 659
-1540 1372 -2484 688 1701 -1242 -1754 1744 2126 4071 573 -2109 2517 772 861 79 -1412 2050
3625 -2320 1190 1581 2349 667 -3198 3023 2630 4010 2142 -3599 -182 -1606 -3851 -590 -499 -80
-153 -979 1202 1733 -2786 1517 846 420 368 1779 -2089 149 1308 -1975 -2721 -71 -1136 2085
-79 -1959 -1277 -600 -3031 2626 3166 -2794 2279 566 3065 435 -1193 -3486 -3044 -3544 -2317 495
605 1139 3441 2209 -1844 1648 2354 -1152 3041 4080 -3330 -109 -426 -3241 -3049 1974 -1107 -3627
3484 -3470 -3415 -4049 3643 3299 123 -1780 -211 4034 3542 2529 -3703 -1174 3775 -2205 1256 2034
1592 1671 -4010 3686 -322 1828 1673 -7 -1910 3338 -379 -4014 -333 -2879 -1690 2034 1037 -3899
3749 923 -1810 3173 -2160 -2612 -1366 290 789 3916 3572 2980 2804 978 1290 -703 -3296 4005
674 -2290 3204 -3229 -1344 2955 1050 2755 581 -3115 -2233 -3200 3680 -2717 -2423 2360 -2878 1386
3969 2933 3494 1718 1852 -3405 2225 3876 -550 2426 -2669 -3674 1140 3734 -3710 -1576 -401 -2740
-1399 -2524 -2309 2212 -1640 -645 1023 1745 1138 3474 -184 -1643 2153 3779 3844 188 -288 -1434
1695 -3146 -858 -3892 -1832 3876 -733 -1085 1077 -3180 -1458 2731 -3380 2606 -3466 1309 -2488 -2927
3290 284 -1709 -860 -490 -1569 3906 2440 -681 -3044 -1252 3736 2917 3323 -2336 -1679 -892 131
-3022 -3059 1549 1183 -187 -9 248 1458 -739 -124 538 450 3619 -3551 -1727 3877 3587 -1873
-2019 3023 -1570 1775 -3588 540 -2616 -2298 -2739 65 -1376 1020 4094 3895 1321 105 -90 1606
3971 3608 -395 2071 3556 3013 3591 1627 -2128 -528 -3843 -1792 -2605 1965 -2982 1519 -134 -1884
-1589 1648 -500 1276 933 1793 384 3187 -3128 3793 -511 1400 -452 3010 -1067 -3755 178 -4090
-3419 3695 -47 -459 -1777 3477 -1217 -3821 387 -166 -1634 -1078 3448 -385 -715 4033 4072 3190
642 1286 2085 1264 -1647 -3526 3578 -655 -1246 -3810 -2022 -2555 2725 -859 -2593 4089 1541 1430
1377 4014 -3013 2763 -297 -402 -3141 -3608 -452 -3749
