1671 -949 -653 -109 -1626 -394 463 -1615 -431 -660 -1039 -887 -185 1691 659 -297 -161 1098
1666 1876 1828 -318 299 -1285 -1024 213 -1807 -1548 -1184 89 -1578 -75 -902 771 -1822 701
764 38 215 -1917 1377 2024 -338 -1541 306 78 -943 -678 -23 192 45 367 1728 -919
6 -203 1067 1027 -629 -524 1334 -110 -1222 -345 1413 -1931 13 -1287 1100 1141 -1935 -919
219 -1488 -1294 -2015 -1748 -155 -179 1000 -781 -1604 -463 202 -60 609 -1962 -36 -840 1306
-1194 -600 1560 -1231 718 -1840 920 -1320 -947 67 -1645 -1173 -896 -587 -1075 1818 -974 -1893
1613 -1400 -1140 1653 -341 -1355 544 1191 -1940 500 -1474 129 -270 -974 -504 -1550 -158 801
1241 1373 1312 741 1906 -1758 842 1933 -1686 -1224 -574 -1020 -414 -1140 -970 -1312 -1644 -142
-1603 -1626 -493 -1338 -1163 -276 -412 -1226 164 -1054 467 561 1775 -1589 -481 515 1289 983
-1066 -1390 1651 -534 1043 -1469 -1336 194 -520 -108 768 -1002 -1431 -50 -168 1798 1179 -152
-2019 -113 1515 138 1055 324 880 1097 1823 1047 996 754 -1342 -1177 1097 -2027 -886 1542
-1565 1701 874 1967 2024 467 1868 -941 1935 -260 -728 -558 -1840 -690 543 -857 -1413 1936
-2001 1011 18 -870 -305 -1680 1006 730 -1484 458 -987 940 905 -1555 187 690 1208 -602
-1623 -532 -1482 -959 781 -1301 -679 893 -442 -584 443 381 -457 -550 -2017 1542 1390 1538
345 956 1154 749 975 -1601 -197 -549 -527 1574 1796 1850 -1986 -1539 302 -513 344 -249
1896 -2035 1689 -2041 -1775 -1942 940 -1059 -1083 1909 -1091 1047 441 -1561 1692 -152 1125 -1316
1151 121 -1567 1439 699 -1603 928 910 1031 -370 -787 -1364 1747 -1456 1956 339 -1002 1506
-568 929 -1743 -1012 1608 -266 1877 1343 937 37 -1290 -1191 -1316 -1833 1459 -586 -1811 -1924
-664 1590 1525 -640 -1372 1970 -1061 -1259 -1726 1604 -184 -2001 -645 524 381 1057 -2044 1235
-1687 1386 -1096 -1257 -1421 -222 -191 -1797 1963 398 -682 939 -1613 624 -526 -96 1513 349
-1249 -957 -660 1242 -1086 -627 596 1168 1781 -1027 -1590 -724 -1436 -1153 -1719 614 1581 437
1481 -1093 -1827 -971 792 53 -555 -235 -1527 -513 -1833 -897 991 506 259 -616 405 -992
1520 -685 -685 1256 307 -595 -833 127 -243 2004 654 1017 134 -72 1507 -1710 420 -1168
-535 1660 1564 1832 -1981 1064 1811 1502 -1857 -1880 1122 1931 -1842 898 1001 1342 1350 -470
353 -1131 243 -418 -1731 1055 -1440 -331 270 1587 -1162 -1591 2038 -105 352 -876 411 -605
822 -915 1573 1862 1514 1333 -1593 117 1031 -986 1611 1913 1972 -1084 -1748 1197 -644 1417
176 -727 -416 -598 -1389 194 1973 -640 -336 1040 -186 299 -1986 -326 -1479 -817 -2038 -318
1351 -522 573 -1743 1209 1448 562 -1875 -1374 -89 1728 625 -1555 833 419 566 1204 616
-928 1406 -937 856 -724 1735 475 -1673 -400 295 -738 -1586 828 -809 -1731 -72 -1195 -747
-807 -465 315 1 -877 581 1227 -1831 -420 839 -810 1301 -1021 1282 578 1280 -1136 -1868
-182 -2012 -1046 293 1311 1573 -964 1643 699 1167 -850 -562 -232 506 -295 599 387 1823
1165 656 -1412 1627 861 -34 1921 -1524 -1168 1032 1160 -1439 -2027 -1677 1380 -1265 -1869 -1431
-1606 -1683 -1944 1065 1539 -1161 767 520 1044 -1988 -592 -700 1448 -1486 534 1528 -1156 1012
519 451 -1179 2020 671 1164 2047 -1223 1307 -10 1113 1265 -1027 -526 1579 309 757 775
272 -1645 -2024 -838 -680 -1359 -813 -1898 1222 2016 -717 -1938 2041 1307 1006 57 1724 2022
-1607 542 -525 1953 1623 1309 1415 -586 524 -1295 224 -455 -581 391 -926 -1682 90 1200
-1425 -333 53 -915 -1412 339 1639 -925 -861 1993 807 258 -954 1500 350 -304 1072 -1484
0 76 1737 -60 -88 1815 -823 -1103 -1267 -854 1266 -2030 -1874 1856 1894 1050 -945 -148
1762 -1482 1721 -1336 675 1144 -1464 -1952 829 15 696 817 1285 -2039 1735 1890 -1410 -2044
529 -361 -1714 -171 -576 -16 -958 1285 1654 -1991 -820 1346 1554 1713 -357 -1873 -82 781
-86 -479 1123 -1776 1888 1863 -151 -428 1854 184 -27 -319 1920 1503 -238 1055 606 -1697
-1750 1370 -1974 595 1944 490 -84 1793 758 1504 -1344 1383 -1206 -1242 1504 570 -751 1109
-1811 -305 405 1481 -471 -418 267 -1719 -1745 -1216 1258 226 104 1159 286 1387 904 1156
633 1318 403 -1869 -1809 -230 -1809 -1142 -1007 -127 1015 -1855 98 -1551 -865 -915 -1051 1441
-1647 1423 113 -1956 -153 -881 -1437 1169 -1960 1544 -1548 1826 -772 674 1535 -1728 143 1069
-399 765 -1210 -1857 -757 783 1305 1066 -1295 -2012 -1101 -1940 -1669 110 1476 1385 1228 -1062
-380 179 -322 1373 -1127 -613 -1921 1 -2016 1588 -1650 -1019 1837 -565 -1422 173 -1951 -721
441 -188 245 370 -1586 -1105 997 -620 -517 -191 -1136 1921 1360 547 -156 280 -1597 -10
-2022 1397 532 1032 -782 -1211 -757 455 -902 1124 1125 1482 -1187 -1149 1572 1037 -1097 -2031
-1391 -44 1909 -1746 1420 424 64 -12 -1613 -2020 -157 -1626 -1099 1933 -1977 596 -886 1465
2030 91 -1829 1369 1025 339 1090 -394 982 -1820 -304 2015 1546 -1538 -1203 -430 -737 -1276
1235 -583 1443 -681 -1496 -1758 95 -1851 -677 1492 780 878 -461 1557 -1516 1666 -542 -2037
-557 -1935 637 1358 1516 -773 -1855 1960 -737 946 -1383 -149 30 1374 -1802 0 -1530 -1852
-154 -233 -1866 -161 -8 -1283 -1062 637 -538 1181 -1826 322 1414 429 1656 -2026 -2037 888
-1477 497 -1668 1754 -1377 -982 1927 -1567 50 -761 1942 -1134 -1996 1492 671 604 834 220
-686 -586 665 954 758 -174 -438 1700 429 145 1793 -1766 -416 146 -546 1136 -250 -153
1209 1242 432 755 406 -1723 -291 -1539 1914 674 -627 -1580 -157 807 1964 -1230 953 1502
1339 691 -1835 -206 -836 -1655 1274 -297 -142 703 626 928 -28 446 -484 -1600 -1753 -411
-760 994 1387 -1196 -1112 1989 -1439 -1314 244 -344 -1584 1824 -2008 545 -759 -1596 -1156 1522
-1642 2019 623 1830 1460 -353 -488 299 -1252 1233 1520 336 -384 -395 -60 -1751 -1430 1574
1288 -1960 976 -1701 83 -441 1789 -1099 1359 -961 818 -508 -580 -1935 928 -653 -529 -1439
-992 1873 -1175 312 -1998 1553 2022 -889 720 997 -1144 2016 1402 1926 104 497 1298 1964
-1442 -147 -1283 -1634 -736 620 271 1908 -1134 1716 -318 648 644 -1184 -474 -390 -1661 -1421
1835 -1679 -980 1755 1966 -521 1679 338 1733 773 1814 -852 -1574 1715 110 516 -1518 -2034
-508 -666 116 -872 1403 839 1885 1524 1981 1915 1979 1080 -1021 1537 141 -1698 1898 1607
-209 -1429 -1127 -1719 1772 691 -289 -1248 -419 1488 -1946 -1930 257 1204 744 98 -1098 620
116 818 602 -759 423 1677 1367 1837 -1273 -112 1372 1739 -1326 -1212 -1050 1409 -1567 1547
1814 1825 -1522 -1434 -176 741 -866 1961 1297 964 828 -1763 -600 -906 1530 -513 -740 916
206 -1297 1006 1145 810 1347 -226 -1750 1037 201 232 -1539 1316 98 232 1888 1904 535
-1560 -1453 -1035 1800 1029 -18 747 -51 416 -845 1034 -587 -633 -1044 576 375 245 1983
1419 1992 -41 -405 -693 -942 460 284 1440 921 1671 258 596 1102 -1061 1785 -1593 124
1060 -1438 611 1835 884 933 -734 -290 513 -291 -117 385 -1439 -1248 1990 -1465 523 -1281
-712 -555 678 674 -2030 -649 662 -2024 646 -605 859 570 -525 110 1073 -1326 -367 -910
-134 79 -1987 130 368 -1094 -327 -793 -345 1850 1017 614 -1854 -1578 1792 -51 -2036 1232
-586 -443 -1986 1841 -939 1324 -222 1014 1235 1479 -1165 -146 223 1881 643 48 216 1068
-1224 -1964 600 -2 -838 816 -1855 -1965 -129 -925 -1454 1841 1807 -922 -950 -1843 799 -160
138 -888 -415 655 -184 495 -1620 -792 -193 -1509 -1560 -180 1779 -540 1853 251 -1672 417
1041 1188 -1735 1713 -1465 -1386 856 893 1353 -859 -502 598 1890 -1995 -907 -53 205 741
683 -1838 1827 -400 -998 366 891 -2017 -247 1074 1510 -1918 -94 809 1185 -74 -768 -1361
1438 735 -1341 -343 -1842 1869 435 684 426 -63 -1566 1422 1694 -1957 -1828 212 1181 1463
1630 1166 -619 941 533 33 23 -1991 -795 112 -288 1797 48 1009 1676 -1486 1468 -724
-2000 -862 -1404 1046 1821 -1386 -226 -273 134 1230 53 737 -1184 -1296 -1671 1330 1798 -1672
-616 -711 1844 -16 1484 -49 959 -1098 874 1188 -1387 -1028 1523 -512 -1401 -1181 54 862
1375 963 -265 1920 -67 -1884 -1129 -1436 -721 -822 -680 -106 -217 -129 907 -1661 1316 1527
-1176 540 1208 -665 -1077 366 1979 -1487 -1643 -1377 1893 207 -245 -51 662 -804 -1864 1376
1524 697 603 1345 1103 117 1637 -1425 1482 -1469 -1424 1415 -947 1827 -1213 691 956 -1478
747 378 -888 -703 -1203 1792 1763 -1876 1980 -1238 -665 -529 -2001 -1754 1379 113 97 996
903 421 1425 1784 -1209 -826 -705 1103 1935 1730 -150 1900 835 -304 1772 -399 -3 1052
583 415 403 -713 -119 -1600 -778 1422 1449 -535 191 -594 1540 -1736 1562 649 -1975 234
112 -1911 -1161 -1178 -1452 -344 -405 160 1600 1609 -1430 1146 415 1077 564 883 139 1841
44 599 232 -1844 1524 -1724 -1220 1229 -2013 -1374 -48 -1068 -1929 -385 1692 -627 -1771 721
125 -222 -1197 -1750 41 -1463 1151 575 -1673 -1667 -1217 -10 -671 -546 2020 -454 355 822
-1444 -1200 -1905 -332 24 12 -790 -844 -887 109 -96 -1454 -361 1307 -396 -254 1453 1630
1267 749 204 -1813 -2042 1634 -1516 1311 552 1787 -1682 -1745 -243 1761 173 -346 -787 703
-1085 993 558 -1316 1899 495 -560 -1063 -1800 -177 280 -1125 -1654 -2021 -1772 1752 -148 -988
1617 985 2017 -1174 -1673 1741 -1018 384 775 -932 823 -1955 -757 1746 -640 776 -796 636
-1906 -1856 1025 -603 -1610 241 -557 -1860 -140 -1867 381 -1235 1275 531 1503 336 -1452 1484
-415 18 -1174 2039 -261 695 -1851 -2031 -482 -177 -981 -788 716 1606 -1061 1300 1417 -1611
1741 -1008 647 182 -904 -760 934 904 -1382 867 181 1209 918 450 -900 1037 2005 -34
-757 -121 1186 2008 1499 -236 800 883 559 -148 -1599 424 1596 -1909 -1346 1327 1435 1116
547 1131 1413 527 -543 -1218 -1704 -1402 601 1859 -35 638 1543 -261 -36 -295 1695 -945
-1416 1923 576 -1270 466 -612 1835 948 -1423 294 1152 860 1522 -1281 -380 -1862 -626 1888
239 1865 -1332 1446 456 -1847 1304 -1625 -196 -615 658 829 -1273 1162 680 -1921 -538 -1386
248 1800 1417 -1294 1785 -1781 1940 29 -1292 620 -986 -437 692 669 -1437 1968 -1898 -116
-1648 843 -1724 1606 303 1664 -1834 1481 -1369 -1497 1443 101 -274 -1150 1895 -1949 710 408
301 1079 -1033 1917 1154 -262 534 1015 -912 359 1367 -228 -325 -2009 -546 -443 -1547 928
-480 1785 -310 1546 -1332 315 -1252 -997 693 -1609 1379 1243 -1712 -925 -287 1325 -475 -2044
-1275 -1163 994 793 690 -32 361 692 447 1513 -162 -1106 1343 -1164 -822 -304 -1772 -1516
-701 -1950 -1209 1790 -1253 925 947 1571 17 -1400 1640 -785 -230 697 -161 -1744 407 -117
-524 -1881 695 -1501 -341 1475 -1218 2045 -1606 1538 -1942 72 1238 -395 88 -1869 -293 -1295
-391 -1505 922 -915 -1413 1474 -358 -1284 1107 -1238 -1290 -5 1986 1953 1830 1245 477 -111
-1280 -1240 -1237 -1488 1654 -1522 189 48 1978 1599 -292 1478 -244 83 1965 163 -289 -409
-1928 586 -311 -682 2000 1882 -81 -471 -144 1081 1986 -987 -1031 -88 1220 4 1361 956
-1266 -810 -1534 1485 -29 -1276 22 -584 1422 -503 1558 -746 1988 -1724
