7027 2240 5343 1513 7728 -3999 -3816 4120 6839 687 5916 -5802 1730 2664 772 -6017 7230 -469
958 -6028 5016 -1640 6055 6724 -2780 -3811 6469 -6392 -1113 -3506 1568 840 -7675 -7444 2496 -2529
5637 4228 5825 -2600 -5565 693 -2028 7247 302 -7664 -7088 5347 2880 -6763 -716 1533 4668 6365
1342 6221 -5214 -4901 -2713 7571 3117 -6858 -777 -1764 5771 5204 5509 3015 7967 -2052 -2797 1474
-279 -6004 2108 8151 -4203 -4886 -354 7773 2721 -6913 4934 8142 -6736 7383 6997 6388 -6684 -1430
1203 191 1142 6131 3818 3510 7772 -766 -6108 1800 2320 2057 -1986 2878 1661 -1355 1033 3727
4615 -1347 -3420 -3374 -8008 -1682 7915 -1271 3717 5066 -222 -866 4799 7502 3230 4141 -2664 -6323
-2640 -7171 -7988 -2315 908 -3579 1390 -1036 -392 -1105 -3883 -1609 -1551 3357 2715 -2740 4884 -5597
5588 6629 2838 -6447 -4271 -6660 2005 3501 -7416 4876 -7010 5507 4772 2562 7418 2257 1836 5681
-1097 -7966 -6195 -5892 6131 -2440 -4157 -8172 2660 2595 7524 -8101 -7002 1588 -2994 -2198 5307 -948
3238 5549 -345 136 2448 4905 -2524 -7068 -3920 4315 -7553 -3302 -813 -5954 -2412 -3645 -6720 -408
1766 1276 -2276 -7600 -6183 -441 -3976 6573 7690 -3347 2166 -769 2766 7835 3354 -219 7880 -3182
-1233 3878 -860 6770 1742 -6501 5616 954 -4333 -2403 -5094 3274 5850 1402 -124 6818 -844 -4368
5826 -5077 3047 6409 -6153 1582 -8029 4008 3651 -1306 -1727 6308 5486 -4307 -4426 -3445 1427 8020
-4587 4099 -1788 1429 3392 466 -6596 -7136 -2894 -7815 -6144 5324 -1954 -4488 -4714 -8076 6600 -4047
7453 -35 3367 3690 4622 2124 -1106 -3470 460 -6722 7416 -7464 -3993 -6994 -7786 -5157 -147 -4719
2224 1634 236 -3100 6872 4006 6285 -1313 -7184 875 5317 -3642 -6608 2792 2612 2524 -8104 4681
6947 2038 -7947 -2352 -2792 -3158 204 -109 -4463 -6622 -409 -3356 3806 6798 5301 -1454 -5597 571
1764 -6329 7010 -450 -1220 2638 1733 196 7982 -4363 -4624 -2029 -4473 -4534 119 1286 6057 -5628
-3452 8020 5893 -7617 900 -5803 922 -2076 -241 5492 -6490 3490 -7727 8011 6248 6558 -4942 -1459
-1002 6565 4107 -2027 5339 -999 -1790 2145 3594 -4241 -5379 5279 -3998 -5551 -4284 6433 7799 7777
1208 -534 4677 -6243 6575 4389 -2605 -5540 -1558 -6856 4344 -3598 -1360 -2960 -6572 499 3850 3161
-1717 -5095 3615 -7506 5942 7354 5543 5607 7599 -4102 4748 -1163 6133 380 6559 -633 -4739 2260
6774 -5498 -1135 -2946 5731 -2012 5160 5507 -6767 7179 -1080 3517 -3017 -969 -8050 4793 508 6363
-7074 -2251 3436 -3583 -3032 3396 -2670 2738 1620 4886 -1106 3021 -1454 -945 -4328 -6022 -3274 2575
-4814 1587 -6258 920 -120 2692 71 391 515 4177 186 7613 6989 -6449 4564 -1569 -3775 7184
-5538 -4490 -7288 -2753 -4503 5297 -2473 5732 -37 -817 -2234 -1051 6675 787 1607 1931 -3397 5492
3272 828 -1626 7124 3301 6988 -3611 5354 4805 -3477 -529 6589 -3562 4409 6374 6606 6561 4988
5893 466 -6385 5357 -6356 7960 1204 -84 -4224 -3697 -1126 -433 -188 -420 904 -3173 -4170 5417
-1199 -1587 -4575 6659 4889 2964 2305 1493 4832 6304 -1450 -4203 1812 -6190 2303 4092 -694 2317
-1193 4593 6937 -1870 -2866 -7804 -1764 -2397 -1858 2962 3067 -3328 -5042 -8181 1464 4725 4481 -5939
-1795 -5072 5471 -6358 -5993 873 -5313 -5619 3347 7840 3881 -4427 -1412 -406 -5774 7707 -4055 5595
-4782 6391 -831 1705 -4933 -7075 84 721 -1216 -5892 -2414 5611 6683 5897 4899 -2015 1885 -8001
6697 -4935 -5578 7545 -300 3662 -2470 1918 -3559 2723 143 -6563 -5227 -4083 7775 6126 5758 3721
2769 2556 -4920 3700 -5535 5759 -5552 -301 -6141 5246 -7614 -693 1359 3992 -8048 -1614 6095 -2016
-7800 -2241 3424 -546 2452 3423 -3642 -6280 -6382 2600 3914 6252 -6071 -1947 -7020 6072 3977 -5301
2436 2330 3942 4558 -692 -5392 6411 -3181 -2166 2746 1722 6519 -2400 578 -5019 981 -6890 -4265
-1948 -4028 4134 -1999 -4522 4372 2407 3700 -6637 -1952 -4713 724 6350 6330 -5504 6994 -6581 7555
-502 -478 7221 -804 2142 -7382 -5727 1328 -5318 7718 2206 2166 4171 -3218 2042 -6413 4294 2379
-238 7091 6154 -6133 5585 3230 -1170 6802 -5430 37 -7899 -7766 367 -1386 -4015 3031 626 -6902
-7131 -7190 -1996 0 -973 2064 4456 901 -7210 7077 5067 -4335 2745 -6770 2300 -5398 2182 3380
3959 -698 1452 2104 6575 -2830 840 -5468 1354 2983 -971 -5162 5238 -7678 -1746 4605 -3222 5895
4637 5698 5110 7527 -2423 -3196 2379 4160 -2283 -3655 -4664 -5732 -5582 8180 -774 7288 -6680 3848
-5196 -2941 -5952 -313 -6066 -672 -5173 4063 3318 5030 -2098 -5013 -4554 -7826 -2161 -1789 3965 -6016
-7879 139 -6161 7208 -3862 -4973 297 -4946 3677 -944 6731 1627 6067 3144 6410 -6597 -5282 -8043
-3346 1631 -5338 953 6310 988 4698 -5068 3466 86 6426 -1388 -2766 -7886 -326 576 297 -4501
-2736 -4386 2259 -3325 2143 -1975 -2718 -7917 -1884 -2244 3048 7040 -6410 3217 -96 -6322 2137 -4824
5689 -6519 -729 1117 2142 7908 1363 -198 -6074 -4637 -5153 -3544 -1937 -4948 -7336 -5280 -899 -6785
-4724 -7195 -4560 7360 2124 -7898 -8064 4021 -1698 -1724 -1322 -5428 -3204 3054 5731 6542 -4472 -7699
-6235 -3523 -4912 1336 -529 7926 1916 964 818 1680 -1000 -4387 1494 5893 5428 2343 -2390 -3188
-6079 -2741 -6905 -6080 615 5932 -7419 -6785 -353 -1582 7130 -6958 7886 -5147 1615 -1661 -7645 -6955
-672 -4400 -3480 -7013 -5909 -2628 -7517 -8169 149 1148 6320 -5099 4804 -5738 7189 -1808 6575 -2941
-7191 4304 2209 -2549 7638 -5483 6991 -1482 2130 840 4437 -549 6622 4178 8140 468 3955 -977
776 -558 7180 -45 -1425 5319 4945 2736 6258 3332 2399 2902 -3921 -4638 435 2740 3614 1299
-6344 -5124 -1159 -2657 -6297 797 1961 4712 -5478 5109 4203 -6553 884 -5115 -766 -5002 3946 -5930
-3306 6344 -7571 7423 -4183 -2565 -2127 -6714 3640 -2111 414 -7331 -6158 1341 4822 -6709 5385 7409
-1442 102 -1472 5199 3302 5632 -5010 5355 -2754 3999 5194 6477 1486 4066 7229 2918 -6827 5380
4699 1692 4254 7039 2177 8068 2939 -3251 7308 -3283 -1337 6597 -3402 -8173 396 2600 3083 -5450
7002 5817 777 -4153 3491 -891 6229 -6659 -5552 956 6554 4482 -672 7876 3197 -5361 8124 6600
-6211 7312 2335 3335 1125 5507 6939 -7247 4401 6372 -184 -5784 -3582 1724 4743 -3995 5488 860
-2181 566 -5479 -473 2558 -4821 225 -1533 3551 -8125 -1019 6516 4766 -6171 -6626 4168 -6561 -749
2542 -791 4586 -1711 7985 2891 -2078 -7897 -3306 -7285 4355 5955 5849 1552 8086 -5572 -377 5998
5105 3821 6598 -565 -982 -1659 4322 4594 -1830 -6375 -4134 1553 4363 2545 -5730 1021 8005 -5527
-664 -6868 -3663 -4500 -6084 1601 5986 6555 -5001 6215 -2869 -2026 6546 -3717 6459 1482 7676 -67
-4206 1164 3341 7852 1024 4774 -7387 -3249 -1795 -3032 -3611 3944 -6844 -8003 -373 -406 -2809 2103
-920 -505 2102 8113 -4740 1124 -6164 -5815 4914 5612 3312 2182 -1735 3263 4458 5470 1143 5062
1959 -43 4145 -2203 4099 -2502 825 3531 -6154 -8175 -6323 6377 3128 8081 -4978 -7169 -6122 -5175
-7394 -308 -5170 -2726 5336 6249 1060 -6172 2349 7092 3337 -1536 7446 3939 -1693 7653 -1738 7094
2549 1194 4111 -2100 3441 1576 -4510 -8049 922 8059 1953 6987 7570 6692 2192 -6686 -2747 3532
6650 5781 -2579 3751 7568 3457 4035 -1420 3804 -1622 -3897 -2530 4707 5033 7334 3583 7385 4108
7625 2761 -897 -5315 -5760 -4869 -4456 4370 -3774 -7926 2823 521 -1243 7717 -4084 -2027 -1188 405
-2027 -4853 2282 6334 -7232 1210 -6297 -5183 496 -863 -22 -1347 13 -7373 788 -74 -5032 -1831
3644 -6382 5219 -905 3511 4283 2486 1448 -2495 3047 -2432 -4469 3974 8049 3182 -4301 -5677 4323
-2126 -4932 -1832 -1005 -8176 7679 -4716 -4762 -7649 2017 2403 4274 2719 -3258 1061 -6458 -518 7837
-120 4990 5586 3361 -7826 -2408 7881 -2660 3967 -7935 81 -3362 -6702 6375 -1879 -2094 -7508 -423
-2314 -5844 -7815 637 -639 7869 7884 899 5643 -4504 8078 -229 589 682 -2746 -4712 -3440 7897
-1664 -2119 -5024 4843 -1443 6404 -5261 240 -3526 -7986 -6504 -2529 1144 -7211 726 -1656 6508 4233
7847 4714 4962 -2067 -177 -6108 -2356 -748 2643 -575 -121 -694 5408 -5325 -693 -7472 -2891 5662
-3791 -3004 6020 3150 1631 4763 4978 455 8145 -2099 -3611 5239 5443 -6131 -7161 6027 6457 -6222
-5859 2140 -7632 -6218 4352 -4346 4317 -1320 -6981 3219 -4702 1376 7996 6359 -2287 -1664 60 -3620
7063 4690 -7379 -271 6219 8067 -7081 -5791 5840 5003 -492 -4921 1126 -6505 -6101 -7944 -1007 4
-7353 -100 -545 -1911 -1391 1885 3418 -6417 -6804 -323 -3824 2430 4942 -1923 -4811 -518 3003 7101
-3207 6717 -5025 4518 -7703 6026 -4286 6845 2812 -7583 812 -4648 -7999 259 -8165 -7511 -738 -7522
-7720 2550 -7864 2303 4789 -2704 -6590 7939 -3986 4372 -1907 -4717 5394 4177 6382 318 3632 4268
-928 -3443 3076 -3049 1295 -7469 -3370 5345 -4460 8119 -1934 5454 -6352 -164 6082 -4925 -4035 -6379
1166 -2922 -69 3795 -5810 5768 -782 -3293 6437 7890 4673 1995 1 5078 -4598 7447 -1327 5491
-4939 2479 -7717 -6664 1503 2852 -4290 7858 -2392 -4345 2950 -3547 783 -2379 -5525 -556 2191 1968
419 3515 -1095 6828 1000 4962 2819 -1241 -5626 -3447 185 2476 -3046 -6790 7677 4797 -4880 6912
2294 -5042 6515 4088 2073 -5148 7766 1664 -7021 -6302 1469 7371 -4652 4704 -4316 -6765 -1995 -5578
4943 1063 4298 661 -6544 -4568 69 -6957 595 5324 5888 5056 -7481 6109 7213 -6600 7688 1092
6681 2613 -7320 59 -7780 -7519 -5636 -6365 -357 4517 6528 -2319 -2116 -7742 5966 4419 4905 8027
372 -3560 -1408 5387 498 7696 -2094 -901 1046 -5514 -6695 5605 -2577 -8005 3388 -1983 8172 8120
2300 3060 -871 -899 -5127 581 6767 1209 415 -1195 -3622 -6947 -7242 -4931 -1720 5051 -195 -1316
-7828 1513 642 5808 913 2729 3659 4701 -5092 5245 -7146 -439 2842 3931 -5238 226 -2807 1661
2306 -1276 -604 -1069 7989 -5390 5860 -3307 -2559 8188 -483 4727 -8112 -3895 -7887 6907 6953 1575
1515 6751 -38 -4959 7553 6323 824 -366 3620 -7286 7192 6382 7359 -1847 2763 -4956 208 -3297
7121 7836 3171 -1519 8096 2144 -3542 6063 -3697 2900 5046 -2581 2009 2210 -7718 -6789 -6439 -4170
-1769 -3968 -3781 -2719 1087 6822 -4228 -6756 3890 4355 2151 -7701 5036 -5246 1223 -420 -5557 500
6184 3882 -5728 -2359 2251 6404 7537 -1702 -3928 -2586 -8176 -7712 -3685 -8033 -50 -5883 5806 -1800
-1376 7444 -888 -3473 -1580 5840 -1300 -101 6120 4064 -5781 -5071 6797 7396 -1746 -2143 -5450 -4825
-548 -7588 -2858 4590 8102 -75 -1215 -4238 4211 -415 1177 6503 -471 -1635 -3976 -710 7184 1259
7191 7125 -661 1145 -7876 -2784 6927 1056 6432 -6395 -445 7941 -4707 -7635 -5485 -5665 -7592 -2484
234 -3628 -8159 6165 -2630 511 -5007 -7474 5181 402 5884 -2182 -5909 7317 1906 -1099 3320 2378
-2728 6688 -4853 7214 -3080 1655 1275 -866 7307 -6337 -5436 -5102 105 -6378 -7544 -3577 -4763 4014
5566 7806 -4538 -4007 -6272 -2786 4449 -3528 -23 -3342 8025 7187 2217 209 3056 -6197 -2896 1119
2822 -5276 3308 -7763 5044 -2111 7235 8055 -1151 -4366 -2926 18 -3135 -3039 -6440 226 4875 -2258
-6011 4737 -2853 -552 -32 -1148 6462 -4971 -3693 -2093 3771 -3841 2386 1719 4162 4074 -2133 -1673
-7860 -1767 7910 -2922 4625 -7550 2333 -2630 -2584 3408 -7847 4142 -2631 -2447 -5663 -3580 2204 5310
2467 -7217 -872 -6435 -5433 5393 6507 -3421 1094 -6342 1949 -1997 2248 2367 1413 -1368 5248 5614
5262 -8085 5182 1729 -6001 3361 -106 -4760 831 -2234 -8154 1509 1499 6991 8 4951 -7465 3727
-1702 6483 -1610 5018 224 -7189 1804 -3490 -6693 -4019 -3434 -2604 -7962 -6135 -6802 4432 -5110 237
-3479 3960 -542 -3182 -1387 3280 -7702 6765 6090 8175 2018 -5214 -2191 -3758 1120 8026 -4274 -6967
7284 -2865 -2427 5777 5749 -6175 3248 3583 -5655 2405 -1759 -6184 2193 3074 -5077 6712 6802 -2127
-4949 5172 -6208 5598 7070 6913 2052 2098 -2085 -6457 5358 7148 -5145 -7916 -2473 3048 4087 1776
1067 831 -5621 4240 5983 4745 5660 -8029 1002 -5693 -8056 7493 5626 2247 -904 -2920 3132 -1923
-8053 -4374 -5820 -371 -3193 4241 5655 7628 4916 -4771 -4134 5437 8026 -4192 -1389 -4178 4822 -2838
4892 5625 5334 599 6696 -2573 3124 -3451 -3473 -4132 7918 7963 3058 7307 -6204 -6131 5747 7731
3050 6744 5359 3518 -1299 6281 -5037 -2351 674 1730 -6337 -2961 329 7278 2291 -8134 8129 7577
-5792 -6568 7652 7640 -3006 -4112 6915 3814 1399 -2480 -7042 -818 -919 -3923 -2951 -1602 139 -4473
-5437 7038 4373 4263 -5694 3197 6593 -3385 -7785 4740 -6469 -2098 -3247 3339 -3675 2740 -2483 3366
-7734 1544 2474 2330 -1696 5132 -1044 3473 2549 -1668 -3417 -4505 -5633 7400 7273 6429 1398 -827
5805 2803 945 -6661 4593 3215 7235 7480 7673 -2733 5386 3277 -6112 6225 856 -5845 5591 7388
2620 7687 1345 -6980 -4112 -2523 7655 501 1116 4009 -1129 7757 -3382 3883 7512 5706 -1886 -7346
-7535 -5646 7012 2815 46 1299 6054 -3993 -2029 317 -7356 2648 -897 -7342 -859 5763 2484 -2384
-7893 7722 8110 2063 -6981 6028 -6659 -7696 1121 5601 -7239 3237 -4569 6658 5540 -3055 6126 -2650
3173 -2831 8074 4931 7385 -3120 3549 5271 3219 -100 -2261 6596 1143 -7725 4730 -7405 -3214 7769
554 8020 -5295 1257 -6252 6378 -7744 5671 -1068 4959 8036 7760 1976 2992 1809 1934 -2867 -4823
-216 1514 4476 -4884 -6389 7903 610 7694 -7488 -4472 -1356 -4000 -6492 -5002 -2621 -5176 3397 4639
2995 6730 -7836 -6921 6972 -3415 -6654 1556 -7530 -2654 1702 2449 383 4058 -1615 -2188 -397 -3496
-295 -1983 2273 -3162 960 3891 4776 -5225 6328 -7159 -1385 7081 -111 -395 -7658 5636 -360 -2763
-6154 -2784 434 -3391 -7591 5631 -3176 4509 4536 -6371 6441 -3506 -6379 -543 6383 3300 5946 1229
-1874 -8134 5422 -3012 -1244 181 -4679 -6211 -6171 -5939 7692 541 -6321 3334 8083 -3574 -855 5561
726 2380 2138 86 5002 -1869 7238 2653 8118 -7541 3140 -6161 7169 5579 1211 -6146 -230 -7213
4442 2082 3646 -7482 7670 6668 -2834 3736 7038 -879 -7767 6827 4890 2658 483 -6642 4450 95
5897 -7071 -3141 -634 -339 -4775 459 7809 -6196 1250 7453 5860 3901 3550 -3887 2546 -707 -1654
-5254 1303 7692 -6788 -4837 7670 -4148 -1463 -3269 5664 8018 -826 -4828 1630 3657 -7189 570 -3155
7241 -6832 -2951 4035 -4820 2646 -5880 1873 1645 -27 249 8136 -571 -3380 3106 1745 4797 -5432
21 5468 -4722 -2523 -707 -6057 7417 6137 3089 4342 3423 2836 7289 -332 4834 2931 -3775 -6953
181 -1940 431 -598 -6272 359 -1206 -4789 -2835 -4272 -4698 -6624 3668 -892 2661 4326 -8059 3459
853 6760 -341 -978 -3935 -5941 2654 1955 2348 6784 -308 6855 5909 4320 6397 -1178 -3513 -6064
-2234 5100 -5323 -8165 -5688 -5670 -4170 5092 3620 -3406 5117 2232 -4028 6569 2489 -4164 2618 -6170
-4283 -8064 7514 -7846 262 -4872 -423 2128 5868 4355 3736 6536 -2044 8103 -875 -3336 -4561 -4129
1385 -2258 -7161 -5370 4482 8022 -2350 -266 -6561 3546 1691 5554 1916 5028 -4494 5306 103 -1539
-4419 1531 -3618 786 -3141 -5019 7193 -3302 535 -6633 63 5131 -3156 7736 4839 1551 3661 -3994
6594 3701 7893 -60 -4501 -2212 -7632 -7246 70 -3600 -6500 -5090 3994 3407 -4350 8048 -1106 -3055
625 -3032 7700 602 -3654 -6143 3356 -6482 -736 -2354 -171 8004 -7105 4841 -5575 1555 2557 -7867
5625 -656 -2389 6941 106 -4278 -7625 5965 2310 -3817 4234 7483 29 -432 -5624 880 4893 7057
6683 -1080 -4098 5217 7678 3905 6596 -6768 3468 -5260 2103 1588 2109 926 3234 -7845 4160 -6309
5565 -3528 -585 4334 3263 5398 5130 3391 -6782 -300 -7313 -156 7113 -4862 113 -7726 -2120 171
-1091 1848 4939 5556 -7187 -789 -1258 2268 -1142 4339 -7177 -415 -4827 7627 4115 6973 -6256 7588
7386 785 -5065 -6302 5165 3231 -1635 5923 -1364 -273 7152 1154 -2786 2318 3533 2134 -257 1655
-3310 -3023 3108 526 6101 -663 3979 2501 -628 -555 320 1246 -8138 3091 7530 7885 -573 3459
-2443 -1863 2435 982 5207 -3171 5579 -1986 -1274 1294 7589 1599 4592 -5987 -1872 -6102 1721 8142
-7402 1825 -6923 4813 -7255 -3878 -744 927 -1507 -2849 5251 -6643 8033 2956 -1876 3617 537 2207
-4253 1872 2359 -1177 7745 1585 1721 -361 -7370 1767 -7043 6585 -2008 2594 -2754 -2493 7109 701
-3151 2623 6509 -6651 6585 -1364 -5573 -3947 6599 5982 2342 4576 -7087 -3422 -2976 4172 872 -2461
-2649 6137 -2436 -1790 -5149 1565 6185 -3130 -4155 -7411 -1982 7407 3474 7383 -3113 1898 -4585 -2927
-2689 2588 -5982 -4055 -6230 4317 6201 759 798 6401 -4637 -297 913 -1131 6664 -21 -5023 1826
1802 -6911 -6290 2865 -285 1680 -6122 5964 -2575 -414 7247 4029 5350 -3639 5600 6615 -1073 -3954
-2628 493 6200 6762 886 7396 2175 7473 -1305 1889 -6596 -629 -1571 1183 -3646 -937 6138 7903
-1833 2740 4781 2941 -3469 7838 5966 -2915 -5710 6704 5459 -5505 -3626 6021 -7503 7795 -649 2878
7243 -5779 4811 4001 3228 44 -2285 2651 612 5914 2843 -285 -7803 6069 -3340 -133 6142 -5722
685 3794 264 -3731 2634 -7092 -8115 1718 -1335 -6953 -195 1107 -439 631 5779 -3137 -678 5226
3559 -2470 -5277 6625 -1173 -4551 5165 -1687 -4671 2199 1167 -4376 -5637 -5141 2099 -1469 -6223 -5231
5766 158 -2754 803 -5954 -3517 3605 -1168 4866 -6374 3393 -1281 6846 977 1530 -7090 -7168 6562
-5020 925 -4085 4780 6241 -4503 1788 7422 3222 5742 1690 -6607 2939 -3475 -4038 6573 -7012 -405
-4152 -3184 1004 -2641 -2567 6695 -4791 2128 8076 4120 -4597 -4500 957 -3807 -4411 6893 -7225 2931
-4323 -4083 5519 1988 5574 -2216 -7305 -3613 7837 -154 -1224 5115 4315 -7891 -6660 -2431 1912 3825
-7298 -2393 -2657 -4391 -7590 1413 -3765 -7400 -4239 479 -4608 460 5750 -384 -3674 7784 3484 -6339
-4736 -6456 -6566 5786 1353 -2593 7507 3597 -4496 7696 875 -7462 -3733 3358 6631 4505 -2249 3001
7096 2651 -4880 -1353 3563 -6299 -6261 4062 4397 -8041 4527 -2976 3703 -4755 3507 1763 -1830 -6241
5555 -7363 -413 -8089 973 -3654 -7634 -1440 3193 -8166 6536 -1530 5380 1561 -6593 7902 -4051 6060
2051 -2252 -5416 -6456 -256 123 -3345 5846 -1676 1622 599 975 -6518 4657 6160 -285 2104 7564
-5784 -7476 -427 6356 5462 -7739 -6987 -1809 1020 3866 -386 7506 -969 1627 2188 208 6492 -3541
-4863 1778 -5352 5296 -3609 6142 -5791 5039 7421 7575 1684 -5578 -6486 4608 2483 489 -2570 -3073
-1351 5638 -62 4439 2834 -7709 779 -1540 1088 -725 -933 3518 -6516 -6226 2629 -2368 478 -6446
7458 618 -3391 -2392 -5173 -5354 3442 -3944 1929 1097 -7899 -5702 2339 7072 7505 -5439 -3838 69
826 915 -2948 797 -4736 7290 4672 -7805 6106 1778 -6174 -4952 -3849 -4065 -7556 8092 -8082 -2340
1155 -2578 2783 1903 6827 -2838 -466 -290 6642 -1665 4053 -2087 202 -835 5992 850 -2717 -7938
3879 -4430 -1260 -1632 1212 6558 -1815 8044 -7147 -645 -5304 920 1625 -6032 -1347 4965 3854 3614
4580 7781 324 -4101 -5001 4444 5881 -205 -1681 -2111 1168 -1467 2643 5598 -3476 -6092 -5720 3483
5796 -3241 4719 8148 -1812 1482 -7463 -924 2682 -5753 1033 -3391 7220 3595 -7927 -2750 7388 -2634
-6459 254 -5775 -4943 -6334 7252 6566 2955 6626 -507 4735 -6301 4816 3832 2312 -3651 -5238 6306
-207 -5646 -2428 4609 -6972 -7609 -2048 7490 -6523 -1384 -532 -6143 5480 4784 4335 40 -4112 5689
6297 3964 -2145 -7091 -4956 4019 7320 -2906 -4765 -5829 -5796 -906 7498 3738 -1897 -2859 5532 1654
7975 1233 4145 -2512 5171 -3799 -8095 7975 350 5008 5387 -8032 1322 -1105 7624 -4033 4460 -1109
-4820 6959 -4117 605 -3535 486 5905 1317 -7481 -8063 6354 6997 -3720 5573 5532 3404 -6092 -1332
-651 -1758 572 -710 2353 3833 -210 3622 -2603 1781 2339 6044 -5115 4811 -6130 2749 7592 -4879
7183 -1919 925 1904 6418 1816 1431 -932 -664 -2572 -2539 476 -613 603 -4995 999 8019 7867
-6314 -6769 -664 3712 162 3058 -4353 6298 7771 -2861 3037 -7520 -5881 -1341 -6188 -6516 -3466 2297
-190 5415 5786 -7992 -4413 5891 133 -3420 -4102 -477 7550 -4898 -2694 6705 -6082 501 8144 372
5703 2184 -6738 62 4451 -2332 -5839 283 1850 7222 5200 8077 -1779 6502 -2456 -2192 5518 -1152
-805 -7428 1762 -1593 228 -1692 -336 -1687 1154 31 -5536 6353 6265 -7996 6519 -7012 1411 5514
17 -2014 -3430 7796 8053 -5199 -7590 -3832 -297 4698 408 -2889 -471 -5784 -7932 -547 -4832 -1174
5104 6500 -4029 6379 3649 6920 7726 -5946 -1159 50 7912 -3567 -5930 6530 -2214 -7758 -851 3310
2797 -4714 5316 -7551 -696 6008 1513 -4672 -483 -3741 5779 1453 -5840 -6735 -4432 7528 1132 -6965
5771 -4239 1566 -1416 -288 3462 -4788 -4917 -5128 1836 5680 -6471 -514 -1842 5334 4168 -3996 -2693
-44 5734 2669 7502 -2786 1108 6876 4720 776 -3905 -1864 7860 -158 -8085 -7371 -1058 -2396 -8054
-1338 4225 -680 -1362 -4802 5002 3464 1112 3873 -6058 -1436 -5074 -1012 -6789 -7185 1734 -1991 6183
-2848 -733 -4811 -2517 5277 7865 -1123 4234 5972 -1745 -1007 -1838 5681 -2143 -5828 -5398 -1602 -5217
3323 -4703 -8105 438 -5460 -1076 -5430 937 143 -6140 6412 -5570 6751 3343 279 -8016 3820 -801
2530 -1083 -7439 48 -2950 1659 -5388 6353 7484 -6558 -6568 6273 -203 -1662 -4731 -395 -7280 -4105
-4816 -4750 1851 799 2245 -4965 -8030 3183 7669 1224 3961 7647 859 -4974 -7988 7682 -950 5352
-3833 2484 -1103 2144 5688 7534 -4051 -4338 7277 2104 -3282 -5879 -474 -5571 5441 4493 -7441 244
-7808 7363 3617 768 4622 -7655 1976 3479 4052 1351 -5811 -6759 -2245 4088 6444 -4546 -995 -4604
7577 5996 -6449 7761 4639 -6742 1098 2656 -5873 5548 886 5730 790 -628 6546 7169 1792 -4715
-6208 -7741 905 -3396 -1109 259 1369 -852 -6824 3235 -5342 2427 -1012 -5569 -7724 6399 3154 -4077
4860 2488 2351 -1662 -4291 -7830 -1438 1076 7910 -7350 466 2009 690 -2608 -3557 6794 3743 -1490
4146 5067 -5913 5981 -1482 45 5913 6865 3408 6036 -7332 -3893 1227 2067 952 5704 -5072 1903
-4698 1689 7830 -696 8082 1680 -4845 -2096 2731 3925 -6602 -715 -6481 -1323 6336 -5215 6631 -3116
2919 -1572 -184 2980 961 2698 -2908 -2188 5709 -7144 -1271 5949 6559 -209 4923 2143 -2389 -543
-8112 -6712 -4056 -665 -1440 -2102 6948 5252 -1171 -2670 -7512 -3958 -4015 6705 4225 -7440 -2079 -4264
-2767 4516 -1503 3997 -5907 7140 416 636 -44 -6718 -7947 -3105 -5327 7233 -4526 -5807 -7706 -7132
-188 -2350 2553 1343 -4469 5450 -706 1160 5653 7323 -7399 -336 1815 846 -1677 -2714 -5561 -6676
1725 -7874 4659 -2071 3871 -1490 -5692 -8132 1724 2224 2251 -7280 6944 -3701 6345 7695 3530 3624
5055 -4381 -1579 929 1834 5941 -320 -5537 -6878 -4369 -5540 -1965 3465 -3836 7123 -25 6517 358
-1576 -2697 4763 -4452 -2589 3440 -7950 4328 -2387 -6881 6246 2345 -7253 2050 -3906 318 -5182 986
4484 -4061 266 7488 -974 922 -7233 5871 -417 -3704 -2493 7588 -2532 4825 -2993 2719 4722 2592
1847 3781 6648 6080 4444 -1947 -7792 7617 -5457 -6764 -711 -2750 -6055 5429 5397 6024 -5746 -5990
-6019 -840 881 1983 -5832 -3555 1567 -1478 -1830 2597 -2854 -6482 -3524 -6160 -5297 2803 2324 2170
2566 7904 -5705 2940 -7191 -3168 -7450 7632 1772 438 978 1930 6621 -2130 -1993 -87 -5817 -1208
3210 1894 7549 -4244 -7069 -4304 -3123 -3932 3305 1836 -2883 6719 -2695 7547 380 1557 -1967 3070
-3473 6376 -648 -2097 -7980 3427 -7760 1099 5517 4033 -5229 7121 -2285 7179 -1846 4105 -3983 -3842
-4756 -3109 -5252 2438 3954 -3844 6163 -4372 6233 -1241 6802 5512 -6445 -7444 6996 5683 6819 -5600
4447 -2497 1185 7152 561 4119 -2875 2711 4264 3726 4201 -2902 5388 3251 -1368 -3060 6201 3162
-1846 -1919 -5142 5437 7402 -4127 -1505 -4418 -8017 7655 1452 1605 -1506 1448 -2586 -2996 5274 -6497
-6306 -3594 -2046 -4258 7134 -3754 2015 -6165 870 -5550 -6964 -2650 -1956 3618 6626 -1313 -5934 -3207
-8095 -3059 1778 -4808 -7333 5270 -1395 7649 3480 1356 -4679 -1647 2959 1655 -4441 2206 2941 6024
134 7396 -6754 -6543 5521 2971 -2421 -6003 3125 7652 5553 7995 -5791 2528 -3601 -5617 -5660 -6532
-439 -5987 -6904 -5173 -1847 3568 6702 -3568 -2698 -6239 -7264 342 -2196 -1412 -6026 -7233 537 -2337
1953 3158 -4966 -6490 5659 1185 -7893 5818 -5591 -3398 4809 7755 3525 -5618 4846 1436 4658 6342
4450 -4488 7833 972 -4033 61 -3106 -7326 -2560 -1636 -128 4712 1989 -5669 -2132 -7610 -2644 -3116
6753 1376 833 7294 2495 -7608 -2523 1830 8044 368 5310 -7875 -3808 -6246 7962 8133 -8113 3789
-5151 4210 -4365 4099 -3217 -8116 -3208 -4250 -3304 6663 -6717 7467 -3466 -516 8026 7459 5354 -2643
2232 -6448 308 1284 3499 -4054 2350 -1249 4836 -2810 7075 1215 1697 -4844 -5554 -7581 1652 641
3564 -7184 -3020 -1221 4738 -5111 -3077 -6449 -2644 7424 -4772 751 281 -3735 2472 -5996 2861 -7607
2392 -3140 1969 7400 -5483 -2095 -3405 -5559 -1306 -3418 -132 2611 3574 4126 5548 -7187 -3194 -3988
1657 3714 -6552 753 1023 4806 3768 -6200 1218 -5928 4386 -5670 7489 4950 1349 939 -1605 6716
3396 188 506 1861 -6031 -4730 4444 -6647 -1266 -6113 3299 -5722 -6845 892 370 -1510 -7393 3929
5160 2866 4037 -2383 -4390 -228 1466 1764 -3416 -2412 -2489 4477 6847 4287 -3576 -1392 6448 -870
-875 -6727 6118 7684 -6835 5061 -6203 -6017 -194 -7439 2016 -3726 -3533 968 3800 7207 -297 5294
-8109 -7846 -4091 -2567 -1902 5218 4913 2229 -1996 -6122 -3598 -5619 -1528 5417 -6489 7490 7435 -7090
1607 -2472 3204 -547 -1715 -2227 -4041 303 -584 -3579 3779 1418 -5057 -7995 3105 1716 -1386 1881
3635 7976 5336 3798 -3702 4578 2070 -4616 6196 1495 6137 4134 -830 -2810 -1645 3352 4950 -3805
3393 -7404 -7445 -11 4545 1487 -8032 -3777 -5549 -3080 -2245 -4013 -3583 -6835 1219 -3255 -2543 869
-1992 2506 4491 -234 6506 -4725 995 -2966 -6916 5713 -829 -4275 1647 -3146 -2318 714 6767 3687
7269 1263 797 -3288 3430 -7860 -1902 -5801 1241 5139 8050 5926 -3154 -26 4016 5489 3427 -4055
5470 5411 8118 -1521 5548 6229 -4246 3640 -7677 -7943 -3023 -4874 -7366 5931 -4681 3879 -6412 2346
-5169 -2620 -1765 1764 949 -3595 4982 -1240 3203 6107 3432 1146 7346 -4617 5571 -4215 -7480 2842
-7989 5429 4894 -2784 5188 -431 1233 -3559 7100 3812 -2102 7740 -4394 6954 7645 -1947 -3125 -6112
-7897 -2253 2051 -1616 358 6347 6355 -3956 653 -190 5710 6557 1642 2961 -5559 -3818 2930 2373
-662 -1247 -5461 7350 -2963 -3018 3760 1520 -4233 -1267 -535 -5581 -2668 -2515 -3644 -2542 5708 5920
5417 2617 -5274 -697 -7161 1231 1203 6725 1522 6519 -6117 6681 7675 2542 -4187 -3891 -5746 -3755
-4162 4036 -6014 -3063 -4212 -6988 -6076 1584 7530 -7119 -5090 6869 2438 480 3233 -4695 4242 6225
2099 -1692 165 -7579 7861 3279 -7628 2149 -3507 4190 -4310 -7494 1871 -4490 -7644 -3020 7503 -4022
-6200 -507 -1213 355 7236 -4274 -5941 -5181 7908 4691 -4445 -355 -6705 -1713 6184 -3645 7128 3295
4101 -2145 -3446 -483 4601 4058 -3538 -437 3012 3230 -3565 -472 -6352 7286 735 5858 5944 2767
-2796 7848 -7587 2333 1435 2780 1023 -3428 6797 -7709 7927 7342 6657 7833 6967 -6680 1295 1892
-5992 5540 -7963 6884 191 -428 6142 5188 -7627 -2988 7558 -5838 7803 2935 -819 869 -2709 -4823
7902 6111 6030 -1752 -4028 7602 2486 749 -3883 1654 927 7599 6073 -1440 952 2306 5505 -1557
-3562 -4072 7771 -6353 3186 3492 1649 6358 -2722 -6559 6756 -1879 -8058 -5078 -541 4033 -2526 -1082
-1435 608 -6279 1857 2052 7515 3728 7930 -1412 -2252 4851 -5320 7224 1728 -4708 2159 -7778 -3702
1533 6189 -428 -3147 563 -1905 1741 -7274 1091 -2972 -6181 -3354 -4466 7672 7780 -4207 -5805 -6543
-1721 -6611 863 -7220 3913 -6141 -6182 6023 -3264 5835 802 -6176 4152 -2054 4330 7603 -2078 -3664
-4783 6404 3325 -3248 -7368 3610 5115 -5200 4518 -698 5047 3816 -7592 -2242 4173 3531 -5279 -8151
2583 241 -2559 822 2759 -5777 1153 -5909 -5471 2338 4427 504 6095 -2899 -7925 6343 2534 -7939
-7690 7058 -5254 3716 -3520 -3791 -7214 5131 1947 -5523 2766 -5345 4583 530 -3878 36 4859 -631
1287 -6129 1418 -8170 841 -599 3383 706 -2863 2191 2483 730 -4993 -4160 1810 6416 2439 6599
-6866 2876 -5593 -866 -4045 2754 6268 -246 1096 -3695 7043 -4672 -2465 -4157 -2511 -6641 7187 7140
-344 -2001 -4928 -2091 6040 -7365 5536 7235 -2631 -4932 -1246 7382 -1190 -2594 325 5870 5163 4161
5424 -766 6924 -2960 4566 4260 -3062 7142 -1602 7462 -7046 -7981 8174 -6949 4911 -6821 -1542 4850
-1315 -7020 -2778 -7164 -1912 -4330 2230 5930 36 -2774 8024 6602 -7853 -8034 4522 -16 -6606 -8139
3046 -1197 -2463 -6466 6317 -7429 2067 -64 -5392 -643 2387 -1073 -7943 8160 2896 5758 6805 4897
6625 6130 7269 4687 2332 5136 6717 4947 -7407 2387 -7499 -5040 -95 317 1484 1952 -3973 -2967
-3902 -1918 2869 5176 6380 -7601 -1143 -975 -4143 1123 -6232 -4897 -1465 7327 4281 4724 1219 -3446
-1675 -1802 3782 -753 -806 -4087 -6303 -2842 7948 109 5340 1424 588 -2805 398 -4352 2577 6562
1975 2515 5699 -3805 5782 61 -8041 1431 2698 -4733 -6653 5056 -3484 -2531 -6558 -3011 7113 2687
-7133 1121 -7995 -6538 -4565 -3926 4202 -217 7626 -7478 -4953 -3654 4827 -2719 5925 -7023 6134 -4278
-6307 -4811 -1839 -6001 950 -4913 -2893 6906 -2086 -2738 5910 74 -7655 -5846 -8098 0 -3596 -6204
2221 3796 4553 -1943 1768 455 -2656 1521 -6711 -2345 -5877 7433 4374 5449 5689 -244 -6902 1958
-8161 -1145 -5699 -3769 2490 -7585 1224 386 1159 145 2816 -6517 -8190 -1643 -949 466 -2993 -4263
5019 -8149 524 2797 -2804 5993 -7877 6081 -7143 3014 -1729 902 3063 -315 7189 -2897 1044 -5687
-358 2453 6826 1609 -6163 -3525 3965 1443 4610 -2389 2229 6792 5453 7162 -5162 5652 6530 -1552
-6950 -1410 -6775 -3266 1390 1380 2177 -7574 1611 5067 -2575 -4787 5293 -7772 3850 4405 -2574 1794
-3302 6570 -5301 -2833 4363 5067 8097 5081 5146 -4011 2443 1450 -6763 -6594 2918 -4747 7625 2049
-1137 -312 7701 7544 7868 -2400 -4604 -2973 -386 -2 5537 -1661 -6703 -6638 3811 3171 -4646 5649
2095 8122 -6973 4778 4616 6248 -1869 6928 -3625 -741 -3866 -6219 -3118 -5999 7914 -365 -2545 4216
4603 293 1698 4853 -2440 -2566 3827 7360 -5251 -4132 -6625 6633 -1887 5295 1155 827 -4658 -6689
-3475 -1477 5948 3178 -5155 1483 3979 2721 4980 -7824 6648 5483 -4479 -3796 3775 -2239 1057 3080
911 -325 6547 -4300 -1495 6851 -6753 3009 -238 -6548 -2790 274 630 1625 6810 -2608 5407 6620
-7364 -7789 5003 -7777 -5497 -1758 -5845 7668 1920 3927 -2629 1749 -4908 7328 -326 8037 -2538 -223
-2294 1838 -969 -6800 1698 2795 -5368 -2556 7280 5888 -3609 -6868 -2994 3466 2438 2997 6937 -7664
-5925 -4051 6902 -812 -7390 5311 6560 1991 2317 -1086 4841 -6368 1806 -2870 -1709 -128 6844 -7048
-6458 3025 6497 6355 -6287 -6985 -7771 7250 2236 -1127 -3502 6518 -2453 -5286 69 274 4047 -8021
1400 1319 -217 -1029 -7388 6767 -748 -4341 4369 4724 2616 -2021 -3069 92 2288 -829 5433 -1466
297 -6559 5415 -5816 -1953 553 4912 -1508 -6221 1759 -7012 -8104 -1495 542 5271 -427 7423 3923
1897 -7250 3115 6731 -1357 -2971 -6928 3940 -803 -5468 -5993 -1181 5541 1308 -1711 -798 -1595 5135
-1238 2403 952 -2328 -7387 -6138 2992 -895 7799 -7212 6292 -2039 7136 6069 1074 -896 -7898 5638
3205 4317 -2389 3520 -5087 3791 4907 -4266 -3143 -481 4504 -3298 -304 7854 6927 872 -643 -3297
3829 -5071 -4776 -494 4911 4717 -1148 1032 5757 5381 -5675 1003 -4361 6495 -3808 -2012 7837 -6764
-1375 4710 -6109 2623 -5497 1039 -585 -518 5532 1319 -3065 -5026 7184 -5114 857 6852 870 1934
196 -7023 2422 3609 6537 -3801 2721 4851 -1391 -6790 -2796 5243 -4610 -3263 -7373 5353 6385 1988
5924 4017 -7330 -934 -3713 -640 -3070 2663 7433 -1825 2690 -6876 2479 -2693 -7766 -1311 -3964 7166
-7238 -2 -1297 -868 6888 1402 1781 -5592 -6145 -724 -7512 -4128 -5876 -4727 -1882 -3126 6722 -2272
1994 -2118 6899 -4695 8186 2799 -8024 -6476 -505 7769 596 1 189 3451 -6719 -146 4366 3561
-1805 3717 -2213 5997 467 -3142 -2089 -2357 -4635 2863 -4066 7452 -5095 -7886 4052 7642 -1325 -4026
-6536 -4741 -3077 -6951 -8126 4785 312 -5993 -5063 7252 594 5978 -6824 3551 4002 8125 -1835 5264
-7502 -3762 -7277 -2256 3824 -1443 161 4717 5268 6003 752 5094 -2158 -2461 5140 1477 -6992 3829
-3533 7428 3785 -3258 1801 7246 3621 6568 4635 -638 -5138 -7608 8186 -3115 -7220 -1459 -5969 -1902
1443 7861 3908 -2943 362 -7991 7282 -2078 1828 -4572 -4505 4883 1275 -401 -2128 471 -4740 -5967
1859 -1236 4074 573 -3152 6101 -4922 2376 -7330 -7810 4182 -742 3071 -906 7537 -6691 -7397 -486
4685 -4587 6573 -7729 -3712 4011 7424 -4438 6417 -2391 -2421 -82 -3645 7037 1274 177 88 -2309
-6040 4573 799 4578 7059 -7216 -6778 4632 5209 -416 -3121 1910 -6856 1020 6385 6716 -1545 -7245
4245 7456 -5769 3017 5927 -6905 -2408 3851 530 -6065 -1468 3747 2592 1989 4246 6813 -3599 826
814 6927 4749 -1105 2703 -3116 -2001 1320 -8015 -2834 6411 -5596 -350 2448 4188 -7514 -162 -2118
-6289 -7954 428 -7562 5855 -2615 816 -7994 2553 -4478 3730 6939 3626 -4491 -2362 383 -1886 -6592
-1672 3156 -5114 -5483 663 6577 2127 3245 -5373 6509 -4408 -2466 -5047 6587 -7139 -5183 -7268 -6545
-1378 -2928 7639 3291 3733 3859 1709 -2471 -316 -4427 -2838 -5274 -5385 -6098 -4636 -3737 -7480 3423
6659 5387 3696 6847 1132 4941 -1077 -1938 8139 -3306 6501 -3868 -5574 380 2496 8007 -5555 681
6312 -2209 7996 2395 -850 -5857 7728 1796 -4416 478 -2391 1679 488 3373 6149 -7232 1315 5948
4661 -3788 6489 4858 -5253 7946 1404 1467 -6821 5152 -3395 -1387 -5470 3060 6887 8007 146 -5337
4830 3286 -2770 7328 -1230 7606 -7013 -5806 220 5026 4019 7313 -2020 -4342 7599 -6363 -1175 -1497
746 4831 6294 -5716 -6445 -1822 -2554 5402 748 3198 -1530 -5966 5381 -4929 7752 4863 7796 3710
-1663 4120 2700 -3791 -5864 5217 -2527 -4026 -6898 -1782 -3536 -7387 -6164 -5097 -1105 7638 -2841 1560
628 1089 -6639 1917 -1727 525 3255 8064 2279 6439 3553 -320 -8037 6368 1247 5992 -683 -4173
5645 3344 -7583 -5728 -1107 -2526 7432 3383 -2345 -3857 3418 -5835 -4446 -4506 3605 1220 -6320 -2975
-2637 1124 7089 -1638 2701 -2715 -7524 7480 -7117 4620 -5501 7179 5060 -4006 -2764 1362 3464 -4763
7597 4404 -4719 1888 4638 6866 4483 -1985 3066 8182 -7798 752 -4040 2153 596 1351 -7769 5855
2635 122 -4243 1424 -3119 -5563 -5729 -3995 -6479 -1878 1531 3786 4779 -1449 7875 7974 -2790 -4700
-2634 1510 956 -6088 1318 560 5796 327 2364 -1477 2876 4218 2890 310 -1419 -3219 6471 6377
-1015 -5169 -3224 4311 4334 2088 6618 1309 -4386 -5828 1187 7900 1784 5638 -4207 6221 409 -3996
1112 -6537 2361 -946 3283 2680 7806 3010 -2221 -4988 3934 320 5919 616 2927 -1298 -5359 -7222
-4270 6232 5188 3568 306 -4905 1792 -1734 -1919 4235 8099 557 2734 -7673 -6714 2093 5918 -5495
-6289 968 -5075 -2334 -2445 -2389 -164 5879 -3605 -2254 4760 5605 -6706 -1633 -8019 7357 -5457 6373
2751 4587 3983 290 -7928 -6345 -2077 -598 144 -6043 -2143 3256 -8154 -901 6018 -1331 1628 -5218
2909 -6257 704 7064 1179 -2455 -7144 5371 -5419 3257 1492 733 -7029 8097 -4456 -193 -1532 -3205
6623 7693 -957 3812 -6445 2242 -1505 892 1571 7335 -4731 3625 -7902 7609 -5431 -3820 5088 -4058
-986 2353 -2942 -5518 -3241 382 413 -3525 6990 -6711 -3633 -2667 5137 -2266 -418 -3309 693 1027
-7415 -7581 8051 -6692 -4884 -4203 3046 -6524 4752 6905 -1177 -4322 -4334 -4188 6014 688 6761 -7538
-5493 -6574 -1829 3160 -1427 -1793 -1158 4015 7533 7432 -5162 7753 -3279 -2772 -825 -4469 3026 5948
-1452 5061 -6369 -2433 4795 2849 5612 -6254 4773 -4330 -6246 8 3683 -7277 -4702 -3176 4704 -4931
-165 -3864 5291 597 1994 -8185 411 4536 1960 1150 7585 125 5487 -6911 5677 -7745 1438 -1346
-1095 -4106 1293 2643 -270 -638 3946 -6048 -5372 -4667 3026 2996 -2300 -5909 -1653 -4313 -6023 7241
-2339 -6907 -7933 -1694 3087 7713 4396 1407 1151 1677 -5553 -5117 -35 -1561 2459 -6853 1406 -3770
-2486 -7191 997 -4903 -4897 7015 1614 -1269 4503 4198 2674 8033 1012 1615 88 -1306 -4767 -1207
7770 -1991 1276 1236 4918 7495 -7541 -233 74 1180 6774 -8013 1522 -8113 -766 -6830 3070 2198
-3448 -8000 4172 -2047 3824 -4940 -6779 -2245 5684 811 -5133 6797 3079 -2189 -4481 4839 2211 8129
-4664 -2926 -4939 -7809 862 -2685 -4512 -3548 -6369 1359 6508 -321 169 190 -877 3089 3838 -7432
7650 342 4150 -2472 -4020 -4189 -3234 -6430 -7092 2019 -402 -1966 3511 4488 -3480 463 -1885 5053
6026 -3778 -6294 848 -1097 -2001 5087 -6347 3290 -7050 -4715 1439 6552 1621 -4287 3027 -7685 -6565
1357 630 590 -4923 8066 159 -7650 -867 -6196 -4240 -3766 -7065 -2009 4184 7492 -6541 2473 6141
2157 -1328 -2385 4022 -4730 3293 2592 4015 -1712 5758 -2592 941 1094 6888 -5553 3181 -2439 -7396
-5889 -4182 -127 -532 3188 -5958 -4958 -6726 7957 3026 1791 3523 -1230 3566 1015 -1770 3629 -7350
-3681 7451 -1845 1668 -5800 -3627 -6508 6761 -3442 -3673 5731 -1973 8080 -5430 -4587 7430 3724 -7070
4933 1706 6309 -1747 -7356 -2895 6446 -5674 1047 7400 5897 2276 -5968 1777 -1510 595 550 -8093
5859 -8001 -2000 -1141 -1469 4662 -7520 2769 -182 3762 7704 2746 6452 -7643 -2605 -4985 7046 -987
-892 -3209 -5560 1868 3694 5805 7255 -5598 5770 6577 -1557 -3158 4297 -4722 -7896 5533 -7286 3221
-1316 -4546 2583 -7481 2392 955 -5537 -2871 -1172 -3241 4015 6033 3451 -2554 -6997 -5463 -7490 -819
-6580 -6396 -8043 1711 -5615 -2929 -2554 -3519 -3769 6218 6488 -4904 -7308 -4849 -6708 350 -5666 -1810
-7311 -5944 1593 4405 -7384 7708 7792 7952 -1865 6193 6028 -2358 -763 -5382 -1598 5037 -7563 -3469
-2153 -5491 1375 2366 4657 -6948 682 -4911 -2877 -2438 -377 4415 263 -8180 -6841 1723 -6400 4100
4187 -3429 426 -3002 6507 -496 4861 -4513 1424 -905 6372 -912 4780 -5296 5487 2222 4330 3526
1055 -3705 4688 1515 5705 -934 6784 -4732 -3927 1250 6285 4218 1026 6970 5370 2804 -1294 -7561
7631 -4863 5841 -7701 6869 -6678 -2615 6925 5104 6441 7153 5625 5019 7931 -1629 -2417 -4224 4748
2270 3122 -7890 -4145 -1066 -4551 -1797 -7446 5782 5851 5370 2894 -4648 3814 -6634 5226 -6948 7154
-4793 -6666 -7037 844 -1292 3557 -6801 4977 6758 -6653 1873 1591 -3221 5911 3923 -4725 3073 -1084
1953 -815 -3006 1258 6673 -7956 1614 -7731 8178 -1830 1138 3504 240 -7941 -166 1341 6949 -7441
3690 1382 3643 -998 1088 5632 -7234 3269 -5818 498 -4482 -7708 -6544 -248 6944 -5265 -5610 -6299
3013 4461 -3861 1682 -1834 -1644 -741 7223 -3867 -4218 -6782 5734 -3642 441 1800 -6767 -2899 1270
539 -5096 -6275 4220 3654 -5249 -4815 -6973 3565 -3776 8038 3798 -5077 -6855 -5367 -1433 -4413 -1084
532 1113 1600 -4765 -884 25 1586 -2538 -7561 368 3970 -439 -1771 7436 5868 -4243 3360 -3678
4511 5665 5184 -5205 -3601 5133 8072 5581 -458 845 -1747 -6182 -5173 3461 -6331 -6546 2072 6294
-4679 1335 6624 2796 2381 7639 1163 2418 -567 -4769 6056 -3804 -3775 -5513 5252 -4545 -4479 -6623
5095 -3305 2201 2325 5610 -3963 -1658 8139 -6666 4602 -2568 1813 7383 7990 4161 -5273 -5376 1424
-7074 -4941 -2855 -5391 -6370 6385 -5310 3168 4717 3905 -5589 2618 2245 -599 1866 -7169 -5714 2932
6908 1475 -3734 -7615 -4806 -5815 7619 -6251 4273 -4953 -3591 6440 5636 -8026 5050 7621 -7907 -3926
7012 -822 2733 -6584 4413 3653 6084 -5511 -3612 5573 -3699 1641 -3111 6573 -6367 1517 -6101 -5828
-7286 -622 -4035 -7377 -7718 5707 -7501 -4350 2401 -7984 6521 -1323 -1011 4734 756 -4118 222 -4611
-4028 -4153 5255 -1699 -1361 3068 2593 1019 -1488 2692 1545 7655 -6370 -5950 -806 762 -7946 -4312
132 7048 -3005 1911 1419 5298 6573 -6235 -5539 -3498 2080 854 -5429 7330 5139 5641 2470 2891
-2566 -2094 6781 4184 -3642 3773 -2707 -7019 -1641 3798 -226 -2136 1410 6851 3813 -6717 -1409 -2291
7414 5361 6762 -7687 703 7185 5947 531 -2204 -2720 834 -687 4694 7849 -1893 -5432 -491 -5852
-3665 -3811 -6915 6873 -4886 894 586 -7235 5495 3911 -7886 2140 2872 3141 -3049 1074 964 404
3561 1431 7834 -3802 -6240 1365 -6556 -1054 -1076 7128 6499 -3996 -7589 5634 -3328 5734 -2449 -5222
4201 -5955 -4013 6493 -5527 4086 -612 186 -442 4005 351 3863 8144 -1987 1679 3786 3729 3984
3697 -7253 2058 510 1336 5439 -3798 3625 1732 -5992 4299 -673 -650 -5191 -2708 6804 1322 -2897
-21 -1516 7256 -2494 -4742 945 3398 -5049 6817 4532 6501 399 6515 5720 4300 -3711 5323 6637
8146 1855 6847 924 -827 -887 2086 -312 -57 6683 -4284 -4339 3782 7123 -3183 1252 -6244 -1450
-2904 -6931 -3522 7265 588 -3135 -6881 4553 -3178 -1919 -6745 6652 6971 -6158 -4403 6206 -3332 2625
-6192 -2184 -2011 3431 -2795 8101 4933 -2521 -4837 -271 1263 429 -1126 2136 -3675 -5667 7353 -5618
1763 7717 -1424 7516 4940 -7410 5618 4674 3053 -5552 1882 6303 6319 5532 -677 2313 -7717 -2558
1812 3899 -1851 -1561 4634 6184 5529 7088 -6521 1456 1092 771 2863 -5649 -1411 -5465 7179 -5074
-3861 -765 -860 6518 -1674 -1718 -3918 711 -4943 4912 1239 -5405 -6052 8026 4473 -6719 -1769 -429
443 -5215 -5851 6194 -5995 449 3675 6885 3601 -1366 4394 3334 -345 -4064 1731 -6298 1711 -1859
6248 1828 -7162 -1254 4562 -5501 6075 -8025 4283 2612 -7687 2584 -4210 364 4591 1917 -6876 5752
-3077 -2577 -3138 5640 2005 1247 -7934 4875 2294 1303 4397 -712 -3318 824 -166 -8154 3209 4090
-4887 -745 -7812 -2054 527 4437 -1978 3368 -1665 -1223 -5460 993 4395 4037 -4885 1435 6717 4846
-4882 -1224 -7657 -7046 5036 -3847 3706 4991 4773 5645 -6435 -5488 1906 -1586 -6968 -6544 8073 2175
1386 -5759 1555 -5676 -2499 7612 1508 753 5839 5980 -5735 -467 -5710 -5604 975 6740 -4483 786
-5760 -7257 -256 -1728 2167 6241 -5754 -6489 -7180 6902 -7611 -1005 -7844 -3107 1504 -7815 -4329 1278
1821 5370 -4211 -3886 419 6788 -3525 5895 3051 -4587 -6930 -5925 583 2715 1825 -2297 -6895 -2179
2419 -1192 1001 -4433 -7358 -37 4144 3459 2147 -6732 4229 -7676 2307 -4723 3955 1782 1433 933
-196 -8065 257 -3698 -4928 -5282 -1346 -2195 -1139 -3878 6982 -4356 1280 4409 7309 -1517 5275 -2324
-1903 7900 7010 -7098 2071 5034 5230 -4634 7054 7265 -2924 5045 -2050 -1134 7980 2703 547 6436
-1532 -6021 433 -8015 6750 1423 1699 -1685 -6874 891 6841 6583 7215 3490 2322 6241 -3410 989
-6677 -668 -7505 -7711 -8085 -2973 7633 5435 2222 -7494 4873 5116 5076 815 -7286 -6673 2111 2376
209 -3454 7147 -4553 3537 1350 -4372 -5780 -709 6933 -5121 -2355 1764 -5681 -1712 -4988 -4518 -2885
844 626 -2943 8076 2974 3393 -4505 4615 1607 3859 6951 7742 -4389 8153 -3334 -1164 8147 3907
2393 1949 5655 592 -944 -7797 -5497 -4478 2780 3485 -5187 -2896 3204 -2250 -7704 -649 -7177 171
-6460 6476 -6440 -3081 7089 1587 5294 1517 -6154 7432 5867 -470 2319 2166 -7150 -2682 7985 1931
2 -699 -33 7653 -3222 -7985 -1883 -3190 -3006 5143 3056 1617 6533 157 4623 -4351 5105 780
2117 7156 1525 2945 -2041 887 -2885 -3479 82 -4173 -5043 -3069 -5330 -6591 4327 -7032 6459 3419
-2209 3813 -4741 4278 -344 4131 794 -6168 1154 -7833 6008 127 -4280 -7538 -3527 -4678 -6448 6011
-2687 8139 -2437 -5645 -8111 1244 -3488 -7655 -4864 5523 6547 -6248 5585 -4279 3985 -666 -5707 -549
-6456 2589 -1253 5917 5696 7945 4848 2542 5229 4030 -3650 742 -3824 3170 2262 2216 -6079 4237
-2625 -3624 2207 6346 -5732 5799 -6502 -3910 1747 -8176 -2347 3027 7877 -2406 2487 -1333 6563 -3369
533 -4212 -3474 4466 248 -7710 4361 3296 -8053 1720 -4993 7858 -2017 -5123 -175 2695 861 -5347
-2058 -2909 -6514 1071 -4233 -6635 -5635 5042 4129 151 -6517 -2835 -2453 1015 -684 751 -2589 -6354
5243 2620 3151 -6389 -3307 7426 -4884 3212 -2517 7171 -4678 3281 -1807 -6635 257 1191 -5627 63
1261 -3651 -6179 -6008 4924 -5256 7764 -6838 6947 -668 -176 826 -4284 -6843 4234 5138 4548 5832
-6015 8131 -5998 1756 5240 6758 -7249 -8038 426 4276 -75 -6694 -7279 7468 -4499 7530 -3765 6102
3978 4319 -3030 4771 896 -1025 349 5232 643 -4132 6329 -7000 412 2943 676 6528 4068 3140
-6373 -1302 -2589 6081 -2078 -5119 256 349 -6199 -4805 1321 -4732 2328 -5852 -385 5233 3358 7616
7480 1709 -303 5269 -6759 -2793 -3426 -1216 -4597 7827 1362 3773 -6823 -6805 -7129 -5294 -5366 -4560
-2072 -3329 -7205 2648 -4802 7341 5205 4202 -3044 7665 -5233 -7212 -4025 355 2045 3668 -2817 7084
-8074 -4839 1481 -3809 6978 4966 -2464 -513 -670 -6927 -7247 -3230 -1062 2503 -8175 6832 6455 -531
3205 -3638 6439 7812 -1752 -3643 -3026 -2392 1717 4689 5507 -4650 -7366 -1093 3342 6663 7121 -1655
-134 5983 7582 8134 -396 -6276 8138 -2851 4867 -1427 4274 4634 -7158 -7361 50 3283 720 6708
-7919 6690 1999 3730 7040 -179 2431 -5609 2774 194 5975 2054 -8117 -7741 739 479 1253 -6502
-7933 5040 -2933 -5239 3390 -1533 -5088 577 6469 2930 -6948 -6129 -3448 -4129 -2390 1677 -6167 -2247
7098 4378 6565 -3588 -4310 -3894 -699 3384 -7992 4367 -76 5196 -2041 -258 -4221 6705 -8188 -4823
-1731 -5009 5804 3625 8160 4524 -1774 6077 -1154 -2584 1735 -8053 -6162 1597 5751 -5506 -4695 7783
5509 3027 3785 2498 3292 2226 541 -1525 1238 3956 1639 -2652 585 -5758 6065 8083 -2386 4822
-3891 6928 7530 2598 -7446 -4941 -8129 2972 -4783 6981 -819 2107 7997 -3521 1343 3043 -4645 -6198
-2530 -7182 2135 2171 -1238 -1916 5157 -5461 7537 -5546 6994 2901 -2953 -6324 5887 5826 5241 1932
8189 -348 5090 -6839 -4217 8180 -7732 279 -1512 6757 1963 -6913 3691 7023 4127 6160 658 -249
-4908 5293 6448 2025 5518 4970 -5933 4505 -1445 7309 -4244 -538 722 -3531 7149 31 -2937 1298
-2044 2030 -1397 1493 -1044 -4672 -6114 1320 -2447 -7462 -3978 -2990 4868 1804 -4696 -1928 -6147 -6649
-3915 -7548 5862 -444 -2896 -607 -5881 5023 -4341 1632 -3601 -4214 5888 -898 -7620 4310 7709 -7877
5228 -4814 -3094 5220 -546 1579 3763 -7685 3553 -3084 4986 -3482 -6913 -6235 5879 -4252 -4541 1845
4551 3975 1219 -6893 436 6742 -4299 -2745 4642 5902 7074 594 1430 -2039 -6832 926 -1437 -2887
3750 6025 1134 -7090 -1699 799 -2527 2810 1704 -1689 4716 -5166 -5734 3158 502 4423 5525 2404
1380 7768 4850 -7238 -318 6729 -7250 -4602 3083 2309 583 1514 3293 549 -6976 -3304 3385 6288
3498 7154 -4242 1211 5487 4594 3878 -7281 -2656 6023 -2157 -1052 114 -7752 -6481 7340 3676 -2232
-2127 1457 3022 -4205 -4464 -4875 -3830 -3333 -337 4786 3612 -263 1704 -2553 -2816 4051 6965 7212
-5176 -3605 6969 -928 -3829 7342 -6418 608 -946 6448 -3032 -1642 1191 5715 6597 4811 -2181 -4961
3127 5785 -5815 -3150 -6870 -2462 -5454 -5293 -4016 3571 2957 6691 5963 2000 -2522 -7180 -6469 -2550
-4980 -1617 1628 4546 4633 -6924 7778 -3239 2823 4417 978 -2788 7206 5325 -6634 4792 5305 6899
6050 -2249 -5004 -3511 -5180 2971 8075 -8119 900 -2003 -3332 -846 956 -5553 -5415 -2451 3635 4365
7372 1060 -2060 -7624 -5968 -7561 5804 6692 324 -7740 7999 2069 3855 -6746 -4243 6455 5972 6141
-872 -3004 -3796 -3673 436 6084 -3392 6856 -6572 3316 -8026 1227 -1849 -7867 2393 -24 -2704 -1928
5844 -4522 -2776 -5780 73 5924 -822 -2187 -6656 -1364 2012 6758 329 -5481 2143 -6354 -3422 1952
-2640 2843 6115 -6435 -7020 -5185 -2906 176 617 7532 5812 -5279 -4758 605 169 835 1046 1140
1194 660 -6714 -1125 6461 -5399 -441 -3384 4679 568 5807 7583 2082 1434 1352 -3913 5852 5009
-2414 -4495 -114 -4097 -5776 6792 5584 -7245 6261 -6611 867 6562 -5552 1730 3033 -1096 -7350 2378
6780 -3775
