10432 2176 522 8761 -10822 4036 -3597 12457 -15822 -5057 15126 -4927 11678 6177 1331 -9125 -12484 -11448
8199 8783 -14255 -9108 10162 8520 2996 -13671 -14237 -16174 -8559 6881 -6864 2223 -10650 -14764 9796 1651
-1966 -3031 12864 12623 -8817 7229 5852 -16342 315 11719 9421 9710 7007 3649 -15635 10281 11563 1193
-875 -15403 8831 -6932 -12468 -11154 11440 3998 -1114 12621 14985 6638 -8857 13622 12687 12761 3815 -7124
-13174 4767 -9284 9092 -15551 7539 -14702 14401 8068 -5512 9820 -96 -7312 -6680 7858 5609 -6929 -12907
-2189 -8302 636 8853 6058 10367 5425 -7366 10168 -12886 -15363 8512 7855 9444 7213 -14261 16124 5881
4918 10383 -14774 8188 -10829 6609 -11102 10713 1958 -13680 -12586 -2767 -9720 3964 -16352 1123 6525 -14544
-249 15597 6759 9756 6529 13045 9759 -316 -13216 -11485 -12928 -9688 2534 -8525 -15195 -2941 -11332 -4665
11249 -3528 -5117 -5119 -5544 -7927 8645 -15535 -811 -9846 15514 10507 -8389 -11051 -13439 -16065 -3533 2687
-9460 3137 640 -5428 -10558 -11632 -10870 2334 6595 724 -8429 2740 -3407 13896 1098 -4718 7878 -12483
4107 15290 74 -6669 15453 -347 5162 -2125 -2755 1773 -5405 3098 14491 -9141 10396 -15177 14248 -5694
-12132 2769 7506 14872 -8230 -12405 7688 -10098 -1296 4650 13508 10695 13110 8372 12617 -12018 10028 -14657
-1110 -2633 537 -8575 12553 -799 7922 -2004 -599 2917 -11650 2940 -10209 -7156 8374 -6255 482 -2564
-7821 -11013 -3824 12149 6210 7699 1896 -5950 922 -3694 15001 -1174 10034 -11428 4544 -9818 -10834 3996
7211 14871 -646 -7145 -15004 11192 15606 -11333 10858 9747 474 -10122 -11197 -5710 14292 -6323 -1105 -15147
-13712 -1364 14909 4200 -453 5882 -13180 -1737 -6873 -653 -13909 -5796 -3536 303 -3029 9720 -4033 12934
2004 -2771 -8113 -11111 10517 -8128 718 -11992 -9862 -6623 4167 7849 5486 12818 -6848 -13156 -180 10914
9565 10776 15248 -4899 6606 15018 -7568 1982 -12569 -4767 10892 3053 13579 -13790 12546 -15448 -14128 2367
678 9977 1628 -14000 -13680 -8141 11285 -10438 -13865 -2920 4218 15499 -869 -6823 3916 2067 4167 -9020
-11789 1196 3864 15288 -2275 -11687 -6948 7005 -8793 5519 8437 5906 5823 12503 6565 -3415 -15541 15509
-11122 -3890 -8059 12579 -10129 -4660 -14359 -2269 -13260 4723 -6575 -11757 1841 13139 -4515 -9951 -2386 12336
2583 -3521 -865 -6223 -12327 889 11189 4950 -408 -12664 1179 8115 -15262 10912 6266 -11044 5854 4240
13502 -7400 -9391 11529 -994 10201 -5968 -4802 4308 16117 9171 14764 13364 13325 15137 -11460 -161 -6066
-14998 1671 6475 89 -14320 10616 3599 -4475 -6038 5913 11102 -4796 -13206 7591 1615 -542 -4483 4840
3680 16244 -5966 701 -11845 12815 -1249 11259 -10568 14905 -11903 16247 11938 -1889 -13278 5472 9662 -13818
-12288 -13101 13449 898 -7637 2471 5697 16109 4718 -15214 10408 -13421 -1741 -7833 -1786 5930 -13151 -69
8811 8971 -12025 14771 -7874 -9828 10364 -15078 -13 -10229 -14903 10925 278 65 1662 1980 10897 -6378
14444 3571 -10707 -3390 3636 13685 11089 15763 -14532 -10964 9746 4325 3778 5467 3950 3151 -10668 -3970
-13616 -13028 12127 13898 7382 10745 -6106 -15082 -12452 -10507 -4138 -4769 -10575 1445 -14857 13221 -9177 -10840
-1786 -7043 -11820 10571 -1952 12000 -3181 12940 15713 14537 -9909 -13242 4045 -7679 -395 -3166 -5776 10545
-7464 -2604 15617 -6334 10390 9736 9293 -11038 -11410 12186 14737 3684 3384 -10104 8231 2509 5045 -14302
101 13101 13194 9735 -1340 9004 -2933 9555 -10692 9189 -9419 -12266 -4617 -2056 -7299 9985 8740 6104
6351 -5787 -12243 -9874 -4270 6493 5637 13784 -15766 4169 -6940 8594 7295 14207 10007 10937 11268 14654
-719 -11860 2483 15843 -10648 -12332 13335 2399 -6085 -16188 -7089 3305 -13993 -7804 8204 -16143 13242 -9686
11491 -9387 12826 -14933 -14142 13781 15489 -5135 -13381 -1843 2107 -7634 5895 -8678 3826 1390 -2736 8284
4375 883 -12249 -5527 6020 -6721 -8491 -9483 14431 -11541 12887 -3947 9025 -1473 -15700 -3607 14487 -8829
-7863 9747 12361 -4846 13549 -3728 5018 10800 8860 10880 3664 -15457 -14362 15142 -9451 -8082 -5527 -7657
-12516 3343 150 10378 -14073 -331 14263 -8135 1799 8404 6961 15745 10310 8455 -16120 -7699 -8828 -4834
8096 -5421 3324 -10388 -3893 -10148 -4718 -10908 -14849 -8022 -8921 3176 12774 850 -2486 8416 11036 -3819
10516 -1141 3125 7108 -9386 -1774 -11009 648 -11282 14306 4357 3654 -2697 -1988 1883 4700 3113 -15738
6041 -14957 13054 -14363 -6110 -14515 5140 12556 -13913 1285 2132 -12457 -3088 5112 -9645 -7148 -40 -11487
12403 -3551 -15718 -5788 -7594 -12868 -4533 -3060 15723 -8555 7079 -1674 -791 -14296 8465 -3058 -1824 -5045
-9513 2426 -12119 -1021 -14157 -15850 5253 2715 9366 -11103 12933 -10503 -10584 -9674 10921 16167 -5493 -387
-12729 4664 -5664 33 3754 13392 -16372 5509 7938 -14086 2875 2484 -4739 -10307 -345 9624 14248 7922
14866 14700 15908 2263 15001 -9613 -9351 -2335 -14162 10473 575 -10416 1882 12858 -6519 14596 2251 -15501
-10628 -11881 3088 16372 1600 10658 -14305 -12175 -11491 -7324 -6120 -496 -15906 -12412 7372 3568 15481 -15310
-6270 12504 -11533 -5515 496 -9434 892 -2624 1936 -9979 -12829 -1594 -15337 -3355 5670 -11633 -13507 13867
6760 -11572 15810 13863 8 11367 -8268 -9912 15375 -14497 -7189 1675 -9524 -1325 4308 -14534 -5445 -9123
8824 12498 3754 6560 3508 11076 -1250 4132 2249 -6302 -7437 5986 -741 6544 5954 12571 -14799 -13117
-8566 5103 -7677 -7767 -14585 -15316 -2444 3620 -1947 12002 -12258 -3842 -14182 -1216 15949 3542 6159 1561
-4017 -15006 14593 15304 14315 7632 -6614 -15304 -10960 -4211 3224 13627 12143 -13781 -4890 16163 8075 9627
-10358 1937 12144 13218 2186 9864 -3358 -6772 -6568 -1594 -8839 -1508 10227 -15788 14823 10179 9814 -16293
9860 14104 -8942 -16071 15109 8584 -8655 -11309 15239 2117 15716 5932 -809 6022 13922 -10439 -8727 10735
4742 -5139 -1365 -16306 4540 3735 -1023 8583 -9567 6517 10502 14034 13796 -6782 7581 -2012 6386 14986
-13788 -789 -15404 1417 8321 1277 -2479 -14029 4715 3538 87 -822 -15132 -14349 12704 -13000 7423 170
-4976 -2978 2541 -11259 -8098 6824 12340 15094 11891 -2329 -9667 -13863 -233 8280 -11758 13083 -14006 -14583
2148 -7622 -11792 -14755 11475 -15639 9777 -14867 7018 2195 5407 -9070 -15510 2570 -4965 -5697 -5304 1401
-654 6420 -2567 -8040 10954 -15311 3436 14623 2244 9928 -10663 -9851 -12709 6390 4408 -6686 7819 -15404
-13162 -10961 -4936 1096 3203 2746 77 -4062 2927 9173 -9308 12643 -2024 -12850 2597 11232 -11045 14365
6578 8456 -9165 -2335 -15548 -14845 3711 -5747 1742 -3 -13049 -1571 15978 15039 9785 -14577 -4940 3462
14137 4431 -13711 8720 -14694 -1675 -10380 4596 -922 -5909 -3390 11829 -9373 13808 15859 -6889 -8295 -10236
-12323 14895 -6641 -16229 -1427 1217 -15914 11284 10196 -6072 8775 -272 4843 15181 11921 826 -8494 -12154
-1424 6733 -11821 -10727 14391 14007 14221 16186 -13286 12920 11861 -5118 9381 -10894 -7208 887 -882 8216
1277 13294 -5714 11888 -6892 -12908 -8887 -14534 8233 -5305 -1642 -5276 15544 7593 -8069 -1590 4232 -13192
-8296 15132 -4911 -15847 7558 -5602 -10847 5490 11361 3088 -14211 -6654 9605 11629 -10678 7722 12950 -10535
5230 12236 10180 -12716 10547 -230 4940 -1868 -2195 -4187 -6590 -4271 11612 -14405 6796 7681 15060 -8713
-1485 -695 -3428 -15087 -5162 15561 -9453 -5641 -6017 -3582 -3559 -10209 -358 7988 -6099 6170 1601 9895
5841 -9106 -5441 -495 13879 -3938 11596 13899 5655 7817 1310 11086 -8736 -514 -16220 -4000 6159 -7547
-13303 -13178 3299 -9346 254 -9411 12338 -1422 9149 9580 9878 -11355 12617 -14691 9677 -4885 -7435 -3484
13407 3772 2852 -4575 3201 11147 12118 -11540 9786 -11947 867 11212 11460 -9866 10754 -15317 -7370 -13632
-8560 14982 15455 8652 -5108 11113 10740 -3180 5475 2202 -6417 7737 -11530 -3946 -16082 -980 2384 6713
9826 -12950 7483 10433 -2002 -13530 2298 -1034 -5245 6540 -10547 -12126 -2222 3044 9400 -15032 5734 -4392
5513 5905 -8049 -13041 -11495 11017 16123 -7677 1481 14220 16361 12047 -6823 8700 -12925 -6452 -14633 -6985
-13312 8853 -13329 4420 -7406 5745 5997 -15660 -2432 14099 11010 5351 4624 1593 -11710 -3506 -13140 -1729
16110 -12205 -6466 11756 14969 10802 10203 -7788 4293 -12076 16297 -8616 6189 -7500 11770 -11569 -1334 31
-2503 -14388 9453 4007 8711 10356 -780 9934 -10458 4251 -14276 -5369 1172 -10932 -7824 -292 -5379 -1119
9228 -12433 1099 4572 12574 -10714 3742 7864 -3764 8865 15972 6904 -2029 -16143 -9279 10562 11349 -12283
-12495 48 -9706 -9115 -7826 15012 4478 -11485 12946 604 -2268 8461 11391 -14137 -5749 -11736 -2943 533
8171 -15013 8234 5780 9781 -14233 12678 -453 -9645 12318 7794 14975 -12627 -16171 -6332 8815 13808 -1261
175 13565 15378 8331 5355 -6758 -3950 1360 -8175 5893 9724 327 11203 14436 -5450 5594 11797 14484
-266 7148 -12375 -15426 -5103 3601 7444 -213 8442 -15617 -6263 14168 14346 11326 -10058 13389 -13824 -4824
-536 10283 -3518 -8690 3701 -5114 -6038 -12362 -3747 -270 -11517 8972 -14808 -1184 14225 2329 -2797 -2390
11220 -206 2670 -276 11336 -9365 -7864 11028 15341 -685 -7866 -3778 12621 -2335 -11311 14138 -11076 -15957
5239 -11920 13273 -11174 8339 -7194 -12706 11354 -13784 -9825 20 8151 4619 -6618 -13272 3046 -4789 -14999
-4706 13056 -1591 11722 -11998 -8267 -6615 10357 -9210 8092 4332 -15378 9352 10897 8926 -11028 -171 -13796
10415 14696 1611 -10964 -4128 -11783 -892 5133 10972 9561 13199 8344 8302 -7603 -10750 5800 -5549 13219
15148 10446 1830 6812 10287 -4794 -15482 -15506 8751 -2263 15986 2080 13795 4067 3322 5537 -10153 9448
-16106 -6377 -15127 15779 -10289 2926 -873 3503 -11612 -5826 -13699 -2229 47 -2872 -3687 4614 14342 3162
-6190 2498 3553 -4381 -15815 -5670 16379 183 13965 10393 -6981 -11590 -10746 1783 7058 8095 -6837 6272
-15064 13196 -2619 1939 1713 -3612 9239 -5681 7333 -4770 8173 14534 -16237 -14758 -7946 -15620 9800 -15500
11564 10507 -11199 -10152 -11172 15141 -9415 3800 -15135 -13630 12574 1596 -8781 -15217 13103 -805 8608 9900
4960 6120 12249 10012 13565 -8817 9649 7797 15504 5438 -12893 2776 -10491 584 16273 16165 -1013 11433
-10668 4719 12220 11300 7792 9134 1920 10645 8743 1460 -2511 2689 14002 -6300 9080 -1294 11979 3100
-11648 -13950 5742 10362 7113 -13899 -9246 -2238 -419 12426 2546 6801 3105 8021 -2175 7520 13710 -12087
4156 10535 -1917 7249 6833 -15397 -2447 -15446 8066 10782 13760 16041 -10764 6583 4722 -1696 14763 8255
8709 14433 11705 -15841 3735 5985 -12075 3510 11597 -10749 -6424 -4385 -11274 -6421 -1074 -10605 12778 -2791
9048 2792 12344 -11399 -1382 13126 7425 2741 -12708 -2860 9760 -1712 2801 13099 -6388 14829 -9933 -13992
3582 -15371 3265 -12547 -9129 -1447 -14445 15826 1595 7347 -2390 2904 13697 -12651 3109 2759 13264 10521
6782 11076 3 2752 13579 -6566 -11568 6522 14791 -3417 -10586 11009 -6059 3796 5849 1900 -5567 -1844
-5628 14849 12424 -6874 -9305 -7093 -13733 2786 -9968 -14484 6431 5981 9600 -2125 1465 7806 -9841 -4495
6921 -9421 -3639 -4600 10677 -11239 12441 -5050 -9943 14462 -10383 -2319 -13861 2443 -1250 -14685 11473 -7234
-2176 -3112 -2967 -872 -14755 581 591 10387 15760 13932 -2348 -673 -1941 -5778 1375 -7099 -4012 -12512
-3516 12521 2224 -7583 7605 4155 4618 -5206 -16362 -7259 2156 -10777 15222 -9083 4365 -14971 9817 -5153
-1232 9675 -3140 -9645 -14264 8302 -9132 7243 -161 13152 -4842 13945 -12360 -10005 -8453 -14717 -14669 -2564
7171 1012 7408 703 5500 -12928 -8519 8562 -12417 5729 -3173 6007 -14920 -14302 -13997 -9051 3437 -4991
9711 13537 -10046 13229 -6859 2033 16177 10936 9534 -5232 -4254 13897 9831 5053 11803 9618 -7572 7513
-14699 -3709 7881 -6414 -12302 -964 -403 -5159 -5110 -6968 -10612 -10886 -7314 -15609 -13617 14060 -15705 -8212
-2893 9927 -9026 15848 6702 11063 -10494 1447 14231 11343 8708 11003 -7998 -8032 999 -8681 15719 -6134
6103 7420 9420 2256 -6439 -1735 7331 -15629 -574 -6706 16172 11704 9352 8559 -13150 -11380 6848 4339
-5167 9 -671 7685 -8694 13400 14790 -4582 10810 13754 12796 1444 857 -5533 -2502 11147 -4605 -1912
14251 8411 -5789 -9289 -10124 188 8019 -7059 15602 -9055 -8247 -10779 -15804 -5951 -5267 5678 -503 -13110
-11897 9345 11114 -4909 -6879 -13869 -5796 16018 3432 14245 11806 -303 -2729 2340 5130 -9445 -8560 -9617
-7284 -7237 7050 -5582 -406 -9753 -2830 -1668 4173 11831 -437 -8754 10369 -15522 7638 -1677 8439 -14063
-13382 3598 -2418 -15542 -13219 7546 -2416 4531 -5615 -13104 -6786 2908 -3595 -574 783 689 -2023 4655
3959 -14934 9954 3575 13798 -4543 7601 2831 81 5927 8897 13266 14453 -14149 11343 14231 -9702 12850
1277 -4727 -1388 796 3959 6578 -13938 -1781 -4776 2136 3849 -2679 3398 -3186 -13660 12369 -7067 -6397
-10217 -9788 -10516 5660 15618 -15982 5135 -10166 1005 -10823 -5847 16277 -14200 3508 -12269 -647 -9933 5619
15572 2546 4545 -12405 -4478 -16165 -11391 -2008 -14499 -5771 15989 3654 -4032 -9150 4070 -14935 -13505 15131
-13795 8193 -1656 -4222 2406 -525 -1907 -7376 10848 15414 6757 9969 9588 12576 -8848 -1093 -15453 7749
-6341 -3599 4221 -5513 9890 4875 11638 14321 -7876 -13985 -5538 10967 12275 -1483 -14554 -3102 12018 1567
-15639 -3248 -6970 9101 7210 2082 9404 -14435 -6557 -8308 -3951 4400 6327 -10076 7497 -5565 -1528 -12195
16223 -11396 3629 -5703 8736 3585 -6011 9785 -12718 6033 1959 -7527 -7143 11470 7803 3002 -13285 -14887
-4495 8159 992 -16094 5891 -12258 2431 12412 -375 -10738 10872 -904 14374 -11835 14813 -11796 2851 -15355
-3658 3537 -158 -1867 930 6999 4905 -2673 7361 -1995 -471 -16103 -7981 -11463 9655 5589 8345 -1752
9824 -10819 -12412 967 5789 -11798 -882 -199 -6429 14995 -11677 -1659 734 -13505 -7484 12407 6143 1841
-16083 -11854 9524 6699 12469 249 14326 12626 -5833 6356 -1398 -8083 14254 -9897 -2176 -6318 -537 -1734
13951 -5215 -10926 -13011 5700 -1357 -9928 -1682 2024 -6195 -9197 -7781 3939 -9574 3129 -13626 11599 8663
-13380 -7225 5614 7760 16270 10197 -9874 -9715 -9750 -12455 -7829 8133 -7185 -15622 -6218 9883 -13683 -15107
-13740 9737 12964 -15152 -7990 -6631 6250 4323 13975 8146 -496 -9540 -12541 -15877 -4706 -16060 -10729 -4613
-11741 -10909 -7443 -16098 -5103 -13101 12073 15870 -6939 -10447 -6200 -5566 -14841 -14000 -1255 -2943 -10511 4818
2055 -2423 9875 12794 -11613 10182 -15369 6588 -7722 5116 -5598 15895 10872 10808 9017 15012 -5234 14343
9964 -14480 8130 9446 -2031 -4090 10302 505 1414 -16177 5273 -15871 -11674 -8546 11308 11654 -5803 15494
7308 -6308 7992 -7183 -3758 5445 -5871 746 14620 243 -14051 13507 -1063 -15053 5957 14548 -6592 -9371
10425 2977 -12639 7469 6870 5665 -2335 3695 -15030 -6310 12224 889 6007 11312 -16034 -2180 -6883 -9857
15613 10045 -6606 15462 7176 -15342 -4587 -6937 -12202 -11512 7651 7852 10663 3167 5672 -5076 13432 -12475
-5187 14319 -2570 -584 -7194 12333 10569 -11062 15298 159 -7649 5389 -278 -8561 14433 3917 12622 6961
-7865 -5763 -12184 12341 -9842 12268 -4210 -1378 1283 1729 -3161 6092 -6324 4006 12801 6368 -9761 -10305
-2430 66 -7342 -7714 13566 15739 5079 8441 -5655 6986 2822 -2340 -4562 -11276 2782 2842 -15778 16345
15367 3658 5389 -11696 1882 15729 2169 -10067 10403 14778 -1170 12189 -8538 2158 -9882 -7487 -9120 -12512
13811 -5521 -8305 8231 14177 -1063 4211 -5294 5271 8021 3798 -6442 10816 250 -12212 1162 -5334 12140
13236 -14504 12265 15602 -4600 3306 10695 -2353 13394 8109 -807 9934 -14595 9462 -14999 4894 -15794 15231
3227 12384 -10191 -8682 -4011 14846 -10439 -8555 598 9407 8930 3346 8874 8089 282 -8356 -9919 5831
-7935 11422 -3366 -4836 -276 -11930 -6876 -8299 2478 -12341 15910 -14540 11547 16360 8928 11531 9670 9361
8492 -7015 -15859 -1984 -10006 8273 -2988 1612 -16296 13440 -9581 -7066 1988 -941 -8426 8252 -8086 5418
-10629 -2690 10895 -7108 16128 8196 -12553 6742 1281 7757 -14473 10752 -3907 -2004 6887 -7223 8536 -8770
-12224 11480 14630 12958 7418 969 7975 -9890 -11584 -14403 -1585 -11474 -12223 -2649 -14585 2013 -1693 -12308
13687 -13813 -1377 9263 8965 -5228 -9305 9064 -7013 -2482 9548 56 15142 -8967 7840 -14468 6628 14450
-6822 10012 8670 -6868 -6792 5932 -2380 5337 -3033 6453 -12135 10349 4580 459 -4194 -6586 6118 101
-11213 -8028 -11079 -9876 -7958 8286 -9178 1680 -13954 -6184 3670 12642 -3307 8751 6718 15391 10689 -11592
-202 -13108 -12466 6312 -11805 3711 -6344 6933 -14240 7428 9209 -3810 -11879 -12638 -9842 -9626 15348 -12239
-1743 -9273 12088 -14472 -1433 5186 -599 -4169 -10945 -8642 4207 -7042 -3624 4329 -3263 3776 12579 -2556
-15553 -6098 -3348 -14402 1305 2237 15635 -13572 9850 12938 -6111 -9790 11938 -12319 -2824 -3603 -7601 6038
-4120 7201 -8482 -13408 1258 16132 -3915 -14883 10536 12970 10466 -14539 -578 10320 -2559 15591 -12355 14925
-15268 -4064 -9867 14405 -5801 -11318 10482 928 -8694 -7005 -12344 4154 3374 -12394 -16372 -8867 14398 -11707
-1374 -1299 14295 2533 -3394 -4383 7009 9295 -13659 3832 -5134 10068 -12876 8877 5741 -15789 -13404 -7834
-16141 -8698 14603 8424 3954 -8544 14630 -14312 7074 -13284 -2856 -9763 9235 -11057 -7445 11357 13982 -8640
-6754 8309 -9721 6200 -7840 -4763 -1318 -14818 12503 -11066 8087 12925 6696 -11582 10262 231 10612 7811
7205 -11776 5279 3819 -12943 -4655 3157 14215 -12123 -6043 7758 -11840 4563 -2925 3280 -14768 2073 -9959
16246 -5380 -13183 15338 12593 -14210 6177 14281 -115 -828 -4723 -4073 -203 3415 -3733 5865 -1608 15903
13921 6494 -1907 -16313 56 -6608 -16043 -12933 -15811 648 -6304 856 -8989 -7913 5746 4900 -8530 12130
-1336 6590 -13229 3421 -5545 13265 13339 -7364 13139 8782 4233 -13946 13304 4889 15933 14186 8068 -7677
2328 -5288 5252 -6665 5282 -15928 -6062 7798 9128 -4516 -13349 -10934 810 -13522 11683 2158 7284 12898
-753 12373 -3445 5630 13018 13903 3785 -13827 -15638 12098 8396 13471 -9401 11937 -10866 -9980 5222 -14948
10700 -4104 -2385 659 15285 783 -1737 1233 -8258 15860 -8754 -1928 -818 -5632 3645 3766 -3165 -14329
-8495 -14782 5492 15478 -9709 6146 -4650 418 -1574 -9202 -7202 -11172 -3708 -1325 -2427 -12606 -4736 16022
6223 -6823 -5104 -9947 -4560 14943 4939 -3648 -2649 15197 10346 -12451 -10708 15612 3133 -3313 -7727 2330
-7939 14018 2338 4894 15685 -15315 -14767 -14711 4194 -2046 -15471 9165 7115 1383 -16192 8033 9707 -4693
-952 -2282 -13784 8240 9030 -3676 2589 -10576 3309 15495 1065 413 -15065 -9198 -3281 -10007 10873 -7750
-9324 -6935 9008 -9037 2443 5010 11705 14530 -15205 11758 -12210 -175 -9130 -15924 11215 11967 -3478 -11342
13815 7162 9694 -4840 -8528 4688 925 -9513 9405 9603 -8143 12254 -8796 -5604 -309 -8152 13507 2048
10631 2027 9671 -9399 7924 13075 -2495 5966 -1837 14575 -3442 8196 -4072 41 -3584 3466 8758 16124
-6596 3583 15264 2977 -1568 6551 11147 -12021 616 11501 -15117 -1068 -13996 -612 -3874 -3209 -3965 -8950
-10781 13246 -2589 15746 6380 6782 6731 3469 6971 15746 12199 -8837 -9811 -9017 4695 827 -11972 -15129
-11821 12405 3270 13782 -13168 11991 -16363 8659 -15577 13995 5141 -10086 9906 5034 2155 -3368 9849 3093
3626 4576 -16176 15873 16348 -14428 -9416 -6412 -9526 15069 9676 -13907 -8842 -9330 -12832 9798 -4246 15273
-15389 -1919 -2505 -8176 6276 -4008 -1095 7614 13598 -10025 -13927 -10425 -3249 -7889 -8683 11901 -10270 -1014
7683 -395 -2824 -14051 -6124 12713 14177 15611 -4777 -14209 9038 -1229 -3330 9194 -15320 5777 -7836 -6032
-11336 11207 -15282 3404 -9072 2611 8304 -5132 -9302 -8457 -15820 -7234 9547 5709 -5704 -6690 4398 -6369
-2027 -620 12768 15568 486 10402 7015 -3231 -5366 5123 -728 6577 -4191 4315 4870 11812 15964 -10836
12749 2409 2043 -8249 -3374 -5226 10254 2313 -15659 -8331 -13567 9670 -10201 -6111 13652 16129 -11248 11474
4142 15583 4978 5881 -8426 5467 -3413 5769 759 -11460 2232 150 -4498 2370 7584 15393 -4286 1448
-8175 12594 12590 -9784 7747 11815 -8729 2583 1573 14155 -421 -1443 12472 -2901 309 -5601 -841 12836
2729 5466 -903 9665 -3728 -12936 -1257 -4027 3337 7803 -9007 3075 14667 -11136 -8531 7669 13081 -2718
-1694 -8946 12914 696 -5259 966 -6737 6157 11937 0 12803 14664 -9091 -10997 -8881 -6807 -14759 -7167
1296 -16008 -15255 3671 1719 -4162 36 -6473 15648 -6346 15854 -7160 14169 -8386 -5641 -13616 -13140 9105
-5028 -16197 12760 -7045 2195 15995 -3166 -10428 -13299 -11309 -1396 15085 -12268 -3601 -1052 5412 -11529 12278
-1023 15217 -5018 15843 -14903 -847 -7905 -1647 -1161 -314 -9781 -9707 9370 9355 289 9551 -8863 4109
-12970 9155 2838 5369 -1873 -14682 14825 12113 -4750 -3019 2031 -11675 10503 -4533 -16020 9213 -9636 1841
4684 -2085 16260 6327 -3849 8031 1700 -3706 9797 -7795 13840 11436 5839 12077 -8270 10113 12650 -6319
9130 2475 9967 16380 -14789 4986 -12482 10016 -8987 9851 -8319 12234 -10545 15433 -10828 -8294 -7063 16293
15715 -3978 589 -1078 12726 -9602 11118 5626 -16210 14913 -2450 -15010 5030 -6349 8775 15627 293 -12712
-10697 -920 -5164 -6846 6358 -1615 4807 -14015 -15737 -9517 14085 -8488 -4334 12418 14916 1390 12942 -6262
6901 13127 5508 -7071 -3711 3507 7250 -769 -11566 -11897 -8753 -15121 15379 8136 -4818 -8283 -5188 685
6947 -13038 -13366 16071 -11701 -7050 -11957 -15236 4808 -3722 -2781 -10829 -11986 10093 10760 13264 15514 -8440
-3117 -5653 12328 -11762 1011 1844 -11384 -13956 -189 -8775 12006 -3622 -12034 6478 13843 -13880 12045 -15671
3812 -8485 13195 877 5845 -13145 12164 15529 -5133 12828 6905 -14333 -775 4375 -14805 -3249 -6984 -13262
12309 3363 5306 14043 9785 5520 4906 -5202 4511 -6389 -12303 -8965 5403 -5206 -10981 -11351 -7983 12949
-10623 -12225 -8461 -1604 -7000 575 7632 -59 -14618 -13896 6929 12871 -16185 -2284 -11202 3133 -14672 15669
-16255 14518 -6718 2504 6059 -12852 -7423 14289 2684 13268 -10826 -12152 -12256 3291 -16110 -12698 11508 12368
-3821 5757 -10604 3837 7851 7183 -9969 4925 7967 -7589 -7817 -11926 8878 -12109 4512 7316 -14732 3283
-16087 -11399 -626 -12426 -12360 -1616 5501 -6366 -4989 -3800 -9776 -8893 -2284 -6191 6909 -3712 -8883 -12904
7312 -8375 6825 -6503 11912 8623 15557 -12912 -2561 10618 4384 -1391 10504 14710 -8160 8697 -15906 -8945
-9899 -91 -4806 11547 5376 -7582 14339 -10497 -12585 2979 -16337 6637 15874 14201 -4898 11914 11882 -7999
-3637 -13125 16180 5528 8680 -15435 -5495 -4075 -10936 -10151 14999 1846 -6599 -8764 -12323 -5093 2483 15392
7329 1905 1781 -9791 -1593 -5326 4717 6766 -1857 -4980 -12326 -5891 5850 6686 16301 -221 13770 -7573
7092 -8310 -670 -376 -6406 13858 2712 -2793 13544 4796 4054 -13958 -5198 12758 -13713 11071 1517 -14414
-3734 14818 6020 426 391 12469 6606 12743 2688 3864 -15623 -10095 -7792 4334 -4949 288 -8910 2897
-12825 9083 -468 388 3124 290 10698 1576 -6147 12261 -9873 15539 2099 -14598 -7349 3871 10553 -7605
-16282 -5152 13058 -4077 -3099 8215 -1418 -852 -2163 8716 12817 -3933 -11900 -8229 -12841 -2803 14166 -6554
-8604 -3554 -7615 -2926 10076 -9225 -1877 -12617 -2801 -15936 12526 -6577 -2729 -11529 4448 10737 6078 -12537
-3696 4484 14570 4892 8392 15021 7475 14902 -10787 10633 -366 893 -13276 418 12734 -3371 12737 -13540
9880 -8270 -13527 6190 -14391 -6612 -4128 7897 -606 -4522 -15230 6867 -10165 15819 -10743 3013 9504 -14453
-1460 9143 -3241 11781 6598 -1591 -13345 11125 -14693 -10972 8333 -11151 -15147 9262 13946 -5954 -6157 -3066
4007 9831 -5723 -985 6115 -11503 7631 4718 6382 -4215 10199 6980 14815 -13921 5406 -13803 3523 -8137
200 -14848 -2680 -12899 9410 1744 -9959 11288 -1021 -461 -1079 10435 -9711 -7902 -4107 14488 7109 9631
-4636 9166 -10925 2216 4594 -9369 8581 12391 -14865 -13055 -2487 16042 -9789 10482 8811 -6251 3922 -12644
-10076 -8046 7590 -11530 -5165 15247 -4276 -10901 8328 620 8182 5865 14282 9898 -660 1848 5907 6506
3997 15500 12697 8088 -5096 2391 5841 13923 -10085 9313 -13770 7152 264 5914 -14266 -12208 -15231 -6608
-9011 8878 -8756 10331 11876 7884 -5384 -127 9020 -4430 6209 10230 793 1181 -3526 4642 -1380 8510
8992 14923 -7229 2597 8085 12970 -2127 1147 1649 5056 -12878 -6159 14319 -14610 -13447 -8714 -6127 -8386
-5459 8491 12349 -2938 -2140 -12004 -7121 13487 11629 11815 11788 8018 -11499 -11839 13778 8070 15906 14042
-10246 -2057 -8603 9885 12116 13622 14062 -8865 -2502 6743 -6048 -1074 737 15289 12390 6256 -7406 15393
645 1360 -9477 -8180 7701 7666 -13472 -5309 -14964 12680 -15626 -850 -1286 -8854 16143 -9107 -6695 -5184
-8325 -4059 -14843 2687 4518 -13929 6152 -4448 -2296 887 -12643 14211 2747 -8068 -14995 9912 -13714 -8011
-12004 -27 -6534 -16101 4232 9469 15697 6507 -7343 -15685 9759 3125 10644 8519 -12627 15664 12540 -4802
12416 466 -3332 3281 -7860 30 2133 -10931 -15740 12221 -2592 13499 -11184 -3760 13958 9191 12196 12291
9875 -2936 -5202 -16026 13358 -12362 -3470 -2183 -1759 -1888 2224 6405 8669 10111 3341 13362 -14910 4301
12915 -169 5274 -4941 14769 15372 -664 4801 -4504 -12152 12895 -541 -5337 2853 11829 -13169 -5932 -15289
7835 4418 7500 -11681 -10234 1837 -4785 1097 13999 -211 -2664 5599 4321 6393 12103 -11574 7794 7328
13196 -9324 -1652 2098 -7553 -16126 7341 9660 -3767 -5720 501 15738 9097 -2635 -14432 14409 13306 5391
-565 -14756 12368 933 378 -8657 -13211 8193 2275 10175 -3950 -12258 -15130 10235 1885 10359 15315 -16265
-12707 2408 -16007 -10400 11858 9905 12380 15284 -8551 11607 -14268 6578 -10302 -1101 -10760 5008 -9859 8128
2119 -11667 1980 4031 5712 9094 -7400 -12037 6907 -2643 8300 227 -13880 -13578 9161 -2973 -7990 -3405
8844 -7826 -1038 8098 12488 -14630 11662 11877 15850 1647 20 12339 -15203 -6844 -15074 3534 12777 -6590
-10832 -10570 -14429 13065 10173 4251 -510 1789 -8975 6935 10381 -12136 11943 -1122 -7618 -766 -9411 9645
1248 8671 -1910 4938 12220 -1680 -12373 -15953 8566 -6954 9733 -6595 -5837 -5967 6024 -4169 13050 -10254
-6605 10160 13156 8429 -7466 2117 -2448 -3918 -11493 6664 5551 8341 -1850 -4546 6570 8724 7738 2378
2689 -8997 -13247 -11927 -3116 13087 3334 -10849 -8225 8244 -8091 240 3559 9563 -15005 3540 -6179 -1827
-769 -12826 -1222 11093 -5589 6619 -1751 14162 13077 -580 492 12061 1963 -2740 16255 -807 12639 -13110
4986 -5943 -12247 -1571 -9161 -9739 -5942 203 5425 1263 10326 14829 -10572 -781 244 2913 -1870 -9426
992 -5377 -8974 -4000 7347 15501 9327 13477 4580 -8137 -11263 -5744 -4465 1337 11317 8825 14707 5343
14466 10009 7490 -13904 -9824 -7083 -6634 -14619 -12496 -8361 -1985 -15328 1184 -8478 9283 8538 9554 16101
-984 -2274 15355 8786 3563 -2315 -7861 -2261 10069 12320 15818 218 1776 3213 -7413 -9013 7764 6660
16379 13619 -13912 -3165 13465 5681 8292 -8310 2253 6425 -15524 -2858 -13677 -9715 -13317 -8749 -10407 -5171
-16181 2668 5285 15823 13116 -6425 7170 10386 -5465 -5424 -8682 5168 -16246 5170 267 -4812 4629 8974
-454 -9301 -5392 10501 -15613 -3971 -13006 -16039 -9988 15611 15027 1299 -9906 2236 -7286 3973 12123 6567
7628 9971 -4442 -15797 2718 -8817 16364 10866 3176 16033 10648 1533 -3481 -9200 14166 11754 -665 -12290
-15098 -12365 8652 1740 -3884 9947 10970 -6837 -1884 -2869 9006 7977 1715 10969 9868 -11855 12667 -1366
222 14000 13016 -16197 15993 954 6761 -711 4514 -13936 -198 -12519 12625 -6183 -2912 9572 5429 -5864
-14748 6867 13047 -9505 -16349 12189 8387 -2496 1012 -10866 -16122 11395 13387 600 -9359 -5089 -2784 15405
-14522 12771 2120 -11122 2770 14965 2347 -15010 5177 -6145 2968 -7109 -4237 12323 8691 -8179 7571 9783
3730 15582 -3760 -2641 9319 -15890 5309 -7978 6879 3582 7259 6081 -9974 -14858 -13484 -1146 -1028 4516
-4866 8617 7282 -9502 -6235 11223 6072 731 -4978 -14377 -8244 430 -5834 -5186 5819 9268 7643 8800
-1707 -9185 -705 -1008 -8962 -10683 14760 -2175 -15135 -13509 9003 -2294 -11700 15908 15147 5650 5206 7627
8477 -3380 -1336 -1039 15501 -16357 -4045 -12575 -14233 13272 -8346 -3767 9070 9532 10243 -11188 2576 -4200
-14737 6098 7518 -4797 13034 -732 -9385 7893 15360 -6217 -5019 -11621 -8158 -8124 -5590 -8125 -5491 -12767
891 -13097 -10381 -9525 8621 -5391 -15528 13250 -3311 -13525 -5700 7834 -326 4311 -2309 4943 9605 -270
12657 -12070 13403 -11948 15842 8193 -5198 13864 793 14451 8274 -1115 -3887 -1003 -9889 -14861 11729 -874
3986 -7826 -3749 -182 -3638 1298 3013 -3276 -11580 6453 -7575 3428 9254 -10635 -7492 -123 8898 -12053
12472 -849 6169 -15450 5256 129 -10976 12377 -5284 3187 -13761 10069 8088 -12438 -8034 -13384 -5065 -5242
-1885 -6179 -4246 -12736 12726 9755 -12157 -12615 -8375 -15948 -751 1610 -12523 -15358 -16051 5988 -15194 8695
16308 -10602 -12775 -12854 3061 2534 -10715 4329 -4849 12909 5975 -15817 2739 5151 -11101 11377 2543 -4121
-1255 14576 -8945 9204 4339 12950 -13637 9814 5592 13570 -3995 3532 14428 7175 -15385 7384 1222 1884
-10137 789 -3817 -14698 -5506 -14133 -5560 -16045 -2151 6335 -14637 12215 -7008 -9136 -15756 14108 -2090 -8768
-6352 16133 10752 -6961 1942 4692 4809 397 11846 8381 -2970 -1678 9904 -2948 10869 2727 799 12353
43 -1624 -15369 10612 12719 7436 1080 -3432 7361 -9308 -12465 -5624 -7008 -12093 1029 8424 3369 2779
-5928 11871 -11964 6224 -10900 -15614 14459 -10614 5471 4236 12268 14149 -6075 -9770 10849 -4050 -15637 16130
3006 -14160 13790 6649 -7267 -1526 7474 -230 15156 -10843 -643 13863 -1409 9636 12833 16267 10394 -1090
-12075 14780 2926 -7607 -6566 15097 -5486 9110 -3952 -3269 -1688 7044 14765 10854 11406 -14512 -1843 -4409
-390 1962 -9305 1978 -6308 -14065 -8802 170 3143 1618 4095 -8127 -5738 -9860 14216 -8235 -888 3797
-7383 14120 12333 -4540 -8184 -12201 4485 11987 11975 -2041 3815 -14186 -8694 -8731 -14687 6318 -4557 -1709
10462 2984 8815 9817 -3891 -15859 -7433 3814 14589 -7372 5263 13363 12046 4697 2387 11395 10887 14835
-4427 -5869 11011 8514 -9025 6220 401 41 -5474 -1986 10585 1340 -5025 11593 4995 537 15866 -3810
-5547 12795 16272 11749 3994 -12659 -6413 -9792 -9652 -6404 2659 9840 -10390 11599 -14176 -9896 4648 11771
12828 -8288 10067 9650 6032 -3399 10220 -5763 8627 -7928 3859 5386 5702 -12579 -12503 -3257 -4523 933
14900 -10960 8632 5986 -13946 -13595 -13344 5209 2201 -3329 3535 -7924 10046 -11228 -11927 1638 -2313 -2854
-11797 9788 -10335 9623 3512 13812 -10410 12578 1372 -11903 2449 -6376 -5173 14991 -9836 13507 11241 -10236
-9209 -16324 -6320 -13914 -7199 14761 -11699 -7144 -8564 -10522 4395 10507 15171 11589 -1355 4019 -7744 -8778
-7177 12664 -1004 -14581 -9916 12015 6101 12947 -6020 -7926 -7553 12017 -8049 10890 1300 3369 10812 -579
-7417 13304 7711 -5531 -16295 15719 -1043 -14346 4863 4766 -6409 -12283 911 -1538 3059 15612 -7916 -13462
-11260 -16108 3132 16100 -14097 -5763 7615 2401 3757 -15905 -13319 15318 5677 -13305 -11308 6290 -4784 8153
-5907 -11566 -12236 -14451 -3850 -4977 -8265 11287 3673 9880 8505 9702 15902 14056 11173 1490 3344 14642
9643 10833 10268 3514 -1710 -2838 -13317 6761 -8021 13291 -10224 8736 12260 -11170 2193 9804 137 -4039
7148 1723 8702 3284 -6299 -11345 -3247 7584 7932 1583 2607 7958 -11112 4772 -13508 -8721 -3489 2469
-10368 16018 13409 15115 -3268 6355 -6782 3913 -13848 -1061 -7282 2816 13172 -4510 11947 12493 -8490 -220
2042 13670 1470 14736 -7306 14821 3500 -11577 12571 99 14885 8893 -16050 -12598 -11198 15809 -14216 -3100
-5270 -15833 -14861 8886 4959 11831 -11734 6164 -15489 -11664 6139 15981 15172 13292 -670 -15383 4109 -3295
16209 -10573 -14302 2762 1250 -1129 9969 -1243 11696 13007 3742 13662 -8317 -8421 6843 -9395 5930 8975
-10155 10076 -16210 10416 16175 4298 6820 1859 -12206 23 -5917 15197 -571 10167 14935 -6847 16280 -10997
-14795 -16025 -1495 -12914 9296 3934 6559 3154 -6964 -9512 1722 -3154 -13582 -9476 -10032 -14542 12129 -9217
-5873 474 -12945 -6409 11015 -9075 -58 7149 -4499 6332 12368 -3531 -4583 -7314 -164 -11524 -12206 -7072
-6665 -15840 -949 -12924 -10341 2371 -5907 -334 9999 6434 -14121 4509 12940 5411 14243 -7671 6945 15663
-13204 -6604 2898 10687 13708 -5222 -12026 3641 -15957 3037 -12641 -2691 -1547 -4605 1896 11449 12713 10202
-13512 -12153 11995 -11326 -15028 12333 -12171 11915 -3463 -1205 -10889 -11845 -15739 -4714 10631 -8715 -5934 -4867
-9555 10677 8251 -12810 7253 -14269 -6587 12818 -1125 -801 -3728 13525 10436 -4544 -6422 -9528 -1520 11843
4974 -2363 2990 -5663 11115 -1638 8464 -10918 -10655 -8238 11106 10424 2441 12747 6485 -16263 -2626 -13807
-11230 13954 3222 -10779 3530 1883 -7981 -15332 -15198 6043 -6662 5678 8207 11681 -11455 -14449 2702 13189
11694 16184 11512 -10929 15741 -117 12036 -12442 -3388 2133 -7922 330 -685 7987 13078 6278 7132 -3556
7436 -6174 -6564 -14285 -9141 16084 6063 13540 10851 -10942 6793 308 -12004 8034 -8822 16208 16310 7680
12963 15465 1398 -282 15815 -15166 -10912 8595 14017 -4601 -2242 -11209 606 -9249 -13847 -8999 -6447 12995
15047 8916 -8364 11537 -10604 3213 -11502 1629 -10402 -6816 13123 12553 -11308 -8233 -15205 2581 -3136 2078
6109 -199 -12847 15035 -2604 -9423 -11618 -3205 -15772 11350 -5912 2216 6906 -1674 7966 9857 13357 14556
5671 7915 15008 15794 2397 -7834 15142 3978 6102 12090 -10710 -8136 13031 -8197 -15794 5090 -10773 -13781
-7599 3930 -5313 9275 -3530 -16213 656 -3654 4001 5617 15449 -12090 8581 -10641 3752 15301 -7426 4571
-14557 4954 5496 6652 -4536 1171 7706 14967 -4104 8032 4702 8934 11572 12617 -2047 14123 -9430 14431
15386 14851 -11412 627 9613 1503 14720 -13176 -14685 -14352 6558 -2429 12785 -3712 -6987 7976 -2429 -11385
-4688 15432 10035 6268 -13321 823 -3750 4205 -14537 13694 1706 844 12389 9680 -8612 -630 -13310 2367
4485 -13594 12697 -5968 -10546 4998 -15216 -14709 -7867 -12473 10780 -13130 9868 849 -8043 5827 -12226 -528
-9235 -5014 -9081 1182 -13446 50 12824 10340 -4869 1652 11071 13411 4313 14467 -9133 -5457 13230 6180
6478 859 -12026 1861 -321 8666 -11422 2027 478 13445 -14974 14443 -13312 -3464 10465 -8226 -6866 -5213
5508 7886 -3567 -8419 1777 6197 2320 -13381 -1411 9896 -7491 -4383 -15673 -3631 -5778 9623 13447 -2020
-5081 -7199 4235 -8015 -1856 13897 -12548 10664 8515 445 12254 1659 12438 -2655 13535 696 4699 -7139
-6062 15610 -3563 -2890 5488 -12776 -10868 -6875 -10773 12442 13938 -13213 6302 15476 -8377 5123 1443 2798
3961 7109 -7283 -10525 10959 15209 -7701 11563 -2038 5825 -4844 346 12993 -2036 -4317 -1365 -2922 9341
8767 3383 14727 -8414 -10206 13162 932 3555 -9519 -9287 -7707 13545 -13647 -8563 -8621 15394 7611 4225
5996 13090 9230 -15146 2253 1837 13735 -11236 -14582 -8302 -4754 -1232 13017 5177 5488 9839 -6279 -3455
10355 -727 -6067 -15292 3240 -16048 -11830 -12997 -5189 -10381 4499 12936 -13295 2797 -5661 144 -12462 -7582
-15316 -15604 14883 6242 5885 -7336 10553 3184 -7382 -16109 6028 -16342 3109 14568 6632 13500 4018 3497
-3156 15521 -8002 -6240 -5941 5512 -5756 -8673 -3819 -8560 -1798 16220 12475 16055 8043 2691 -9711 -12390
15971 -12282 -9073 8277 -12339 -5071 1306 -6963 10327 -12285 -3190 9487 14622 -13249 2403 278 5256 4799
13798 -9033 14956 -7666 -15537 1997 -4230 3886 2388 14016 9173 -7744 10485 -8408 11524 -2492 13684 -13113
-10483 6842 -4445 704 4310 -9865 -4002 15623 14296 9770 -1192 9751 -14606 -7867 15129 5348 -4971 9596
11591 -6383 -13270 5037 3621 -13469 -4431 4324 -4517 4212 9896 10935 -10763 -13396 -5328 5593 6317 -5011
-4501 -1300 16236 3981 -3288 1428 11023 9994 9665 -5676 -11159 -13829 -955 -11371 -12922 -16190 -7725 -2941
-6090 8582 12614 9245 9671 4328 -15593 -14835 -11242 -1299 4734 -5451 -1085 -10181 15835 -8694 959 -11381
-6570 6308 11796 -7334 12992 -14568 -11810 11232 -1595 -9346 -2413 15686 -10435 -8874 13452 533 12509 -5231
-314 -3604 -4583 9448 14816 -9101 -6334 -5515 -15254 -8046 -12303 12409 -11170 -7195 8360 -11899 -12818 7786
-15433 6069 -2176 3710 2396 -4001 12022 -5878 10031 -562 1075 -9738 -14657 -1178 -8996 10469 -6283 10228
1371 5667 6080 10816 -11477 985 -13965 9187 15438 16261 -14998 -6566 2082 -88 619 -423 -681 -5699
-7339 2399 12599 13424 8307 2450 -9166 14864 -8142 11205 -10349 3902 -15628 13271 10384 -3607 -6589 833
15502 9339 9002 -4625 15003 2387 3039 -11953 3644 4727 -4952 8614 3947 -9852 -11276 -7765 -5152 -3098
-6704 14413 13710 -10419 -386 6360 14961 -7585 -6050 12601 2439 -8789 10513 4766 -14051 2269 10717 -14268
-15796 2104 16212 -12151 -14909 -14782 -11214 11335 -12858 7609 15235 -1947 374 -8240 -4594 -14937 -684 2707
14060 8901 1280 -15442 4986 3268 583 -5296 -13708 14720 -2722 -9367 -425 -3957 14950 10011 16142 -6605
-14275 -4496 -8493 -13083 -13203 6728 3658 4280 -14205 5270 1011 -3771 5255 -12083 12996 -4682 -5432 14484
-11245 14110 -7975 -12095 -14158 7439 -3624 10884 5468 10346 -522 -2844 -425 -10125 -7373 -15767 1618 13861
4969 -10473 -11118 12748 -13426 4769 -14773 -303 -12237 -13600 12110 -7728 -11440 10873 3564 9455 -6333 -6169
13842 9842 8980 -5989 14262 13707 -9216 9338 1140 12656 6189 -8811 6265 7857 7875 13 10911 9928
-14049 15962 10201 13809 -1699 15795 -557 11068 -9696 -6458 -1838 -12575 -13426 11944 14560 722 8604 -5103
557 -7785 6028 3271 -4943 16214 7349 16219 14094 -16078 -8573 -6891 -16193 -298 13246 -8151 -4245 -7599
-13041 4658 920 14883 -12608 7905 8329 12696 14274 -14610 2913 9046 14837 -4271 -6774 -1484 -6234 10418
-6573 5193 -9647 -13530 -10276 -9139 13999 -1517 -9419 3355 12787 9331 14275 -11371 -943 -10940 14823 -15698
13496 -6092 -6947 -12863 -13846 -2400 -1056 15655 -4950 4288 9874 -12022 -2223 5923 13473 1651 -4471 -14245
-15193 12971 -174 -10510 -11701 -5950 7752 7076 -4178 -8857 11304 14286 11785 15617 -15470 15397 -1645 10240
5128 10149 -4959 -13971 -4543 -11573 -8688 15297 -6760 6914 12006 12284 10980 -7581 6968 2805 1136 14232
4680 -4880 1858 14881 -9743 -10385 -2655 3772 324 -6838 -6445 -2017 -6541 -14080 7209 -6168 -11282 1358
10048 7125 -1845 5122 -14973 6967 -16277 -4339 5356 10405 -12966 12243 1556 -1040 7030 14543 12139 -10156
3412 7507 -6720 -11532 -5918 15274 15876 -8825 1861 15718 -9132 -5810 15373 -3594 13363 13896 14217 14197
7704 8875 -6029 -6710 -6614 3724 8400 -4114 14406 10206 539 12166 3402 12962 -2910 3774 -626 8540
11815 1102 7342 4548 3027 5596 -15728 447 -15541 -11127 -6751 -12146 12053 1986 -5534 -8123 14921 -1441
3106 -5250 12135 7658 -15602 -7346 -4478 -1984 -13464 -5768 -12641 3926 12819 15071 11872 -14498 2648 7746
-2075 -6389 12516 11045 7146 13872 -16367 -756 -14281 -5487 6501 9963 -8905 -10510 10335 -1310 -6427 4211
-15757 -1499 7406 -479 -14260 312 11796 1732 -5031 1125 -9517 -12033 -15733 -3992 9024 -13927 -677 871
3126 -7147 -1013 12842 16307 -13944 3629 -4726 3200 -5716 4201 -9182 2320 8751 -14723 -9140 -8788 -4014
5757 -7600 -1587 -8016 2404 1748 14535 12634 13517 -9828 14766 -9682 -3590 -13202 -4489 -4258 1558 -13741
9814 4688 8128 -12539 6000 -6988 -12856 4771 11187 12743 -11468 7594 5376 -15876 -890 -9949 -4980 3264
-9663 -4329 -7802 15513 1192 3910 15096 14705 -13109 -5088 12530 11570 -323 1003 -7962 13971 6438 2630
-7857 15922 7681 1489 14485 8674 -8032 -2517 15156 10822 -2835 5659 5404 -352 9203 3601 596 2786
2468 10960 -1307 3086 16340 -5017 -10766 14012 14981 349 10281 11255 14696 565 -7837 12367 -3423 274
-4738 -9942 -9526 -15950 -9070 9305 11833 11680 -10681 11763 8069 -10064 -9089 -1954 -12472 10658 8507 -1366
-3808 -1239 -3138 -5853 -15879 -14062 2282 -5082 13197 15803 8947 14643 -3796 13261 -9162 -15804 8632 40
6493 -4258 2804 6171 -6447 5732 -1536 -6185 -15029 9524 5404 -4829 10692 12781 -1355 -5552 13468 -6770
-11873 -14994 -7183 -2874 11933 -6208 -15029 6917 -3285 12652 -5500 -13349 2420 -10887 9697 3705 8614 12787
-11900 14236 -11159 -1935 9727 -2675 -12631 15033 -7094 -7552 -5477 12225 -10536 4389 -9730 -15141 -4605 -14465
-14942 -12503 -1103 -9233 1574 -3753 -11727 -5996 -9721 2439 -13722 -14121 15574 15248 -2776 5440 -15415 -5275
-1049 4496 9077 15311 -2927 -16117 -15654 -6807 11445 5393 -96 -1598 12266 -5639 1951 -6431 3435 -14825
-5209 -12556 8452 3864 -12426 2111 -7374 10651 -9459 -9893 1156 14075 -11991 -14949 -10168 -6810 -4341 -562
-11676 1588 -1669 -14037 7296 -8581 6924 -1399 1646 -6691 -2141 -14897 -10812 -6235 6450 2475 14534 14865
6601 -7800 -8051 -14 11984 5049 1633 10354 -1648 12282 -8085 8502 -16144 -3558 -13943 -4442 -1915 15601
8318 7815 14538 -15974 8791 -14125 3247 9946 -15357 4800 14418 -15129 -12479 -6106 -8948 -14009 -14655 -8447
7851 -10474 -10872 -1711 11781 -2195 -12905 14633 -9042 -4578 -1592 15110 7679 -14683 -14598 -13726 6499 11610
2156 9345 12752 -5907 -9361 -8811 9871 2060 -4551 7165 12610 5990 11795 7663 -15067 -3113 8383 15675
-11373 3288 -4843 -6809 14795 11072 -10517 12287 15348 4139 12855 6959 12639 53 4471 3730 -14835 3820
13137 8773 -2703 16005 -3208 -9150 8822 -14385 -15665 -10264 -3899 7780 -5424 3035 -15552 1318 8237 8726
977 -14614 10423 5687 6250 -6289 6273 3610 10564 -8046 -5569 8364 7276 16322 -2318 -257 -5505 14265
4293 13208 12463 -1433 -15047 -5104 9233 -4312 2687 218 -13804 6462 -9177 12129 6727 -15741 2808 14935
-4758 15956 -15329 -7093 -8803 -10026 5003 -1927 -1033 -14760 -6760 -10778 -192 10001 -13334 12458 -12297 -3305
2459 -623 5525 -7543 10905 15325 10519 9736 10826 4462 4278 882 -4748 -4857 -5894 10951 4952 8934
-8465 -10388 -7643 14238 8116 4497 -11637 -13021 -7874 9203 -338 -6623 -6061 6598 -1986 -3182 12248 -10002
-13852 -8048 5457 11373 10208 4198 11942 -11486 5105 749 11555 -6480 -1930 4887 -3644 11962 -302 965
13998 13401 9492 -12577 -3583 10696 -10536 -5469 -10803 -1441 3432 -1732 4449 5823 15143 5781 14283 -11948
1583 14448 -4194 -8456 5689 -11083 -12305 -12301 -1601 -15867 3746 5418 -6563 1685 -7188 -6759 -10116 2369
-14577 6137 -10703 -10024 -6036 -15161 -9885 -585 3256 -15256 9515 2458 11661 -8795 2688 -9802 805 14428
-8170 16130 -9372 -6022 12667 214 -7660 9507 -5748 -4679 15987 52 -1015 -4493 10737 12780 -11647 -12439
-7112 -13080 115 13353 10341 -4532 696 -5819 1949 15942 3611 2141 -13114 -11079 12619 8831 -12919 -10707
-12811 -6987 -13153 -8946 11560 -5420 -11953 791 13059 13466 6193 7947 -2672 -3843 312 2727 15077 5052
7920 1237 8853 -5828 -13562 1059 -439 7311 -7161 3443 7588 -7211 6247 -7436 4464 -14648 -7475 8016
10745 13201 7045 4391 13492 -10783 -15531 -5442 15652 -7107 -5256 6639 -11009 -10342 -8477 -9107 10124 -16087
-3890 -7134 -9136 12915 5230 8181 3304 -5206 8712 -840 -11718 -15305 -4827 12884 11463 407 4126 -3761
-13213 4205 4324 1129 -1270 -11311 -15620 15016 12040 -282 2755 11639 2147 11443 -6660 14122 15735 10802
-8824 11686 15071 9893 -15246 13662 -1386 15914 -6096 -16253 -10662 4752 5668 3698 -9896 -6551 6761 16249
-11003 -4512 7116 -12103 15689 -13108 -1766 5216 4067 -5244 2969 -1498 -13557 10228 -3366 15343 14160 1393
-12883 -15661 2253 -9780 1139 -10175 7033 10274 2204 -2178 -12582 7674 11625 -11435 -15137 -6510 -524 -7158
2058 -14222 13422 4494 -9003 -16062 13998 -12806 -15793 5088 15338 13366 -6650 -842 -62 -262 3880 64
9850 -5128 -15122 2037 13968 -8361 13361 -16052 -13457 -9373 6239 -3311 -6792 8321 11154 15615 -1206 2409
-7681 -2667 12355 -2159 -2931 6687 -11194 -7195 -315 1304 4278 -6210 13296 -8525 -6451 -11759 -4225 -1101
-7416 7397 9383 7810 10751 -10484 -3761 -12670 -15775 -10741 -10196 14750 -16332 -15270 -6615 -11226 13663 -8238
-14580 10968 2927 -925 3414 6978 10901 7941 12651 -6583 4591 -15118 3060 -12030 -15093 11026 -12413 -14391
12965 10679 -14987 14223 -1864 -1908 -11748 4470 10675 -4409 1052 11420 -2293 5028 13077 -1483 -6926 4887
-3708 16348 -5273 -5447 -10780 -13268 10349 -7419 -8424 -9846 1952 10437 -2035 4932 742 6862 -8549 -3871
-8060 8171 -3668 -9297 4689 6424 10912 -11615 6732 -15374 -14863 91 6228 8554 -8429 -2161 -6864 13504
926 2434 -8497 11952 431 -5388 -13870 -10009 -2676 6943 -5042 -10823 -9593 -16099 -14899 2068 8995 -3217
2197 14263 7293 7641 14382 -14943 8421 -1675 4384 1221 -8754 -13568 7674 2820 12517 -9353 7576 3676
-8060 -8473 7845 8797 13128 15744 -2976 -5666 11009 -3347 -5989 4333 -6452 -2079 -12535 8972 -3972 -5647
-8776 4506 -1731 -6743 -4388 -368 -13957 -14631 4046 8044 -6144 -15568 341 -13197 15452 4875 3365 4114
12427 7312 -11097 -13657 5586 -11015 -777 15966 -12053 -13270 -9166 6013 4449 5773 3056 -15162 6205 2334
1295 13359 -11805 -1087 10420 -14367 -14537 1492 -9587 5977 10754 -5877 4184 -12049 156 7798 -1366 -12422
13507 14823 10983 14415 2506 6004 -9575 13683 15865 1879 14303 8202 -9423 -5120 -9404 12047 -1330 -415
-13645 -439 208 11406 11718 377 4669 -14709 5959 14295 -13629 -4772 2032 13247 -2661 -1950 3702 -13655
-12878 -15128 10438 343 2313 9207 -13681 2130 13148 -9613 11520 -9065 7171 -6303 -13356 -8051 -9449 1156
13194 314 12757 5427 1272 15286 -13753 -2200 -11771 5857 6688 -5359 14250 -6830 -4887 938 -9917 -7280
-9893 -10219 8453 1667 9738 -7007 -5682 3628 -7860 -11416 -2531 12437 12368 7903 -10143 -3835 6545 -15696
12405 -2187 -12687 -4414 -7571 -954 14365 -3942 10891 7219 -13384 -14617 12948 10373 -5707 4951 3147 -14457
-13181 -8527 13618 -1734 -13713 -7394 1943 -11190 -4409 -12089 15568 3903 11834 -16220 -6969 10743 14984 -13933
-2383 -13482 14681 -5208 -8414 10036 -7578 -14908 12101 159 -14113 -13975 -11928 7236 -11251 -7988 -6472 14117
11061 15147 12875 -10862 6335 13154 13667 -428 10392 1210 -7950 13865 1494 -15870 89 -12423 -9316 -15647
-16010 -7618 15676 -1175 -547 71 -9821 -3601 10596 -1627 -527 -14566 2533 -15014 11109 1081 7232 -7593
-15226 9178 -13663 -15191 5491 2202 -10239 8945 15266 -10696 9454 14357 12460 -7955 12686 -13000 -893 9982
225 8164 -11577 2194 -16056 -1906 8053 12737 -8636 1339 -14646 -5393 -8320 -13185 7262 -15528 14608 -13145
-10860 -13844 -3845 6966 -1228 -14243 15863 6294 7765 13428 884 3080 -11135 -13395 -12578 15325 16147 3323
14874 -10774 8676 1260 -10405 15412 -13015 8179 2575 2546 -8556 -2302 -3782 -6985 7616 -13737 -14615 -4637
-2093 7831 -9987 -6045 -8611 12320 -207 -6501 3454 12443 12887 5276 -686 721 10469 -3424 645 -5950
7344 5037 -7606 -10256 7672 13467 -8852 -6144 6053 16190 -2366 3970 -5934 3548 -1848 8976 14214 737
-374 -13672 -7990 -14124 964 -7949 10711 -12663 -16311 -3649 5806 -11368 -11615 -13974 2511 6412 -522 -13428
4419 2656 -207 890 1244 -3415 15711 8985 -9794 4620 -9893 -7183 -12515 10107 -8025 -381 -10168 -15714
10137 11226 -6170 -3574 3775 -6807 127 8633 14205 -10484 11839 15802 -5131 14191 -12808 -4823 15912 -1382
-15003 -1701 8802 4800 4277 13658 2259 13151 -14008 -1639 14969 -13687 2483 2015 -696 9339 -11509 -5240
-15487 -4744 -10400 10733 -5531 1488 -12921 -10463 -13297 -9149 12828 -7458 10397 -15738 6599 12734 10898 -4062
-1856 -10577 2681 10116 910 160 5580 12626 3348 -3966 7444 8700 1485 2922 3409 7572 87 -8932
14492 3552 -8401 7845 4619 -338 4027 5478 -7978 5221 -2418 -8645 11958 -12059 -3865 -1807 -2666 6792
3961 10235 -12186 14727 -4493 -1941 13129 16262 -12616 1563 -4356 3431 -11154 -12244 878 -5277 3775 12720
1458 -6312 11482 -11604 7449 -4765 1084 9528 -9319 -12622 -13264 -15607 -2704 10898 12944 16145 7180 -4655
11733 16260 45 -9151 12367 -3071 16198 -10088 8363 15365 -16349 -8577 15295 4523 -15667 -7446 -15483 3220
10160 3748 8030 4383 12798 1838 -11867 -33 -14000 14795 -6563 -1716 -372 -9002 16198 2486 -10229 6995
-7906 -11901 10489 7885 9753 -622 -2047 -5281 -1607 9213 14625 -15861 446 -9974 -8475 -685 -10117 4183
1713 7174 15436 7771 -15234 -4516 -10139 -4592 -11862 6461 2764 16104 8998 -7193 -13398 -246 10974 944
6590 5560 -14256 -9688 4145 12814 11385 -9884 2450 -3597 13563 661 -3046 -2743 633 13023 15151 12645
-12735 12905 -5583 6342 -15570 14769 -5007 -5373 -8756 -7901 3708 -16129 6075 12009 9378 10592 -7590 14084
-1356 -5817 13468 411 -3832 13623 12350 11156 -5437 -2469 8733 -2717 -3753 -4122 -7709 13341 12617 -10022
-11039 -10023 13369 15853 6207 559 -994 16327 5721 -13280 -7218 370 2916 -11748 -5946 -9458 15698 5979
-15834 9408 -5386 -13959 -5890 11765 13927 4406 -2615 13508 3753 -6751 -2249 -3665 -9077 5467 9775 2959
-2357 -1483 6932 1998 8576 2811 -6071 2775 7353 16276 15855 -820 1634 -1204 -1290 -6538 4968 -3735
-12461 6785 -7138 14339 -11378 -279 -2081 -741 14719 2735 1011 4577 -1445 -13358 12726 -16294 9706 2426
2039 7972 14106 -10634 928 -10343 4537 10216 9109 4626 3454 -15296 -5153 -882 12874 7782 9224 8051
2478 -3780 -11063 -2893 10669 12099 -14109 -2796 -9020 6811 5449 4040 2854 6450 -4983 -16316 -14004 6454
-16031 13903 12204 6604 -844 -15270 -8246 11268 -13662 2062 -9619 12 -15631 300 2866 -11611 -3918 2705
11591 -12590 -735 -5734 -4750 14294 461 -6233 -4783 -4255 -14854 10752 3044 11265 -5308 15328 5967 -3104
-12923 -312 -13347 12206 6647 -2795 -15294 -5668 -7778 6870 16161 3594 10975 -16160 -8746 15555 -14729 7706
-16275 1896 -5239 2846 8944 10347 -8428 7170 -8212 3005 10895 3187 -981 15242 9679 12805 8129 1315
-10198 -5944 8272 -5571 -2857 11802 132 12887 -2404 -8764 2272 12416 7849 -15041 -8770 4411 -9532 341
13967 -15172 -10593 -9741 6763 -9899 15501 4146 -14905 -9676 -5793 -11589 7552 1613 6014 -13233 -11486 -3178
-15003 160 7778 -3469 -9426 -5274 12271 -14991 -11387 5550 -16020 310 -5178 5494 -6475 10424 8034 11127
1129 -9810 -3450 -3260 4010 7492 -12296 -9840 -1248 12562 -447 -13101 -2755 -9136 -4079 -9200 -9276 9539
-3106 14318 2186 -1284 1742 -13805 -9345 10048 -12583 -10584 9704 7370 39 -9157 -9488 -2639 12735 9678
10590 13859 -6812 -15571 -7511 10076 -14666 -9349 -11477 -8492 -6751 3599 -4176 -14925 -4108 -10873 -966 13449
11854 8465 4095 -2236 -14269 6160 6834 -12966 5044 15331 -12539 14917 -3197 -9219 5739 14906 2410 4152
-3549 12050 16167 11631 -4749 6536 -5411 -6069 1327 -3416 4790 6740 10373 14722 5069 -8875 14069 2342
12364 -3876 8090 -13618 -14125 7705 1457 -10155 -15079 3572 3672 8943 -4140 -15011 15254 12828 -13859 15320
-1891 3797 6286 -16282 15178 -4341 13167 8321 -8458 13646 -10988 -14972 7272 6353 -3265 15405 -15575 2446
-7606 -9595 6141 9413 -14392 -2080 -850 -12883 8296 -5312 -15092 15970 -8930 -15393 -8911 9508 -9347 -4084
9481 8643 15719 -14795 9490 14165 -7191 9285 96 1579 4448 6449 -14362 -7675 -2334 -13106 4848 6272
12504 6629 243 -1063 -2320 3722 2185 1483 817 -14678 14263 9948 -2960 -11037 -13965 5562 12259 11670
13410 13056 1556 -14269 5862 -10977 7929 -5363 9304 4247 -3742 -11107 -2157 -12177 -13932 14381 -4430 -11557
9009 16356 -3046 -8638 -9629 2400 -10054 -15771 -2000 -12141 9104 -1575 7726 15567 -1424 -74 -10913 1059
2049 11666 -15276 -10006 778 13744 4243 -10855 15084 3445 -4288 -9503 -12944 -9187 10486 5110 -5694 -15955
5366 5420 -15171 2598 -12411 -14139 8808 8451 12175 7686 6337 -10018 16272 11920 -4165 -9362 15796 -12817
-15742 -10826 -6338 14186 -14842 13438 4901 -12762 -10057 1285 -8186 9063 16267 -12813 -1737 14132 13386 -2934
14134 10016 10500 548 8013 16228 -6945 -8734 1648 8752 -8679 -12647 -9370 -1724 -2744 -9967 -9175 -6725
-2586 -12685 14990 8741 12 7933 -3031 2784 16255 -15107 -7829 161 5098 -9226 -16371 -9906 3691 14372
15537 -11503 -6063 4647 16327 15788 -10460 6907 430 -12782 -7707 3111 10780 -12240 7061 2103 -319 11016
-6403 -8339 -6874 -5366 10148 3250 15322 -14693 1061 -301 -12591 -12043 7589 489 -5372 -12493 -8032 -8934
-10915 -7252 -11548 -1921 10454 896 734 8036 -8222 -5518 -995 12983 3332 245 -6900 -8261 1733 -6006
10754 12028 2765 8776 -9854 -118 7240 956 5563 -15778 8587 -4619 16209 2590 1273 -1321 15713 -15605
-8920 5303 1727 10030 -8129 11305 -12157 -15655 9889 20 1475 7504 208 11273 -4958 -9788 -7026 -3885
7304 -7039 13629 -5297 10676 103 -5231 11644 10736 -14178 -8091 -4650 -2395 -1402 16103 -16160 -12273 7148
-7683 4351 -14895 -11899 8417 -14193 2219 -1643 -12529 -7631 2442 -8466 -3231 -11422 2498 6176 -1417 1361
152 -6417 -6051 -12301 -1531 11264 -12953 11087 -11595 -15654 607 2847 -2731 -9719 -4124 6298 -754 7074
-6901 16011 -7860 14831 -16056 15271 3780 13412 -2672 12061 4534 -5934 8381 -11409 13679 -15139 -13514 -9344
15635 11182 1479 9709 6554 -7187 -4136 15008 -16103 8681 -5956 -14684 2881 538 -3994 2610 14124 1994
-1213 -4842 -424 -3057 15713 11565 -10003 2300 12504 -9394 -10429 3352 -9371 6731 13479 8975 5967 -11177
1885 -13911 -7272 -9590 12770 6135 -179 8897 -1675 2516 -11205 6060 -6698 -3956 -2871 12067 -12723 -9258
12576 15034 14316 3847 1936 9877 -5863 -10613 -3023 6781 -10680 -11892 -7225 12594 -13306 1011 -12825 14851
-1476 -15205 14942 14493 -15184 -9288 13777 5921 -817 -6755 -1630 15993 -5973 -12895 -13549 2283 15167 -2723
-10834 -15633 -7685 -9189 1251 11837 -13443 -9589 8435 15147 2971 -14664 13070 -5065 169 5178 -2887 6110
-8710 -15186 -12686 -839 16288 15459 10645 -9281 11129 -12457 6529 3305 9068 6753 8183 -15869 11503 -847
4292 -5194 -3635 -14987 -10080 -2840 -8666 -5668 11093 -14262 -8265 -10432 -8924 -11218 10843 13726 -5276 153
9682 11850 -1939 -13413 -5950 2785 16051 -36 -6916 -16255 16182 14710 10495 15156 12058 11530 -9533 -590
-5997 -6897 -12369 -5816 -7419 -5786 -6677 -15854 -2456 1330 732 -15503 -4623 7917 -9491 -10056 11757 -10568
-6516 -12759 -3854 -8469 10356 3616 -8142 -15626 10546 16014 2862 4199 -13340 -11606 660 5705 -8132 -6940
6754 11953 5580 -4839 5964 -14699 13444 9996 -13473 6108 15991 15636 -6686 -13893 -8481 2835 -1405 -5313
-13727 3496 945 -986 -2926 -11865 -7095 -2061 16057 -2106 11373 5952 982 8343 9657 15190 9700 -11074
-5477 14332 91 15706 3317 -4210 -7173 -16183 4112 -2737 -60 -10357 14768 10750 -9400 11650 -385 1710
-14812 -7323 3503 2515 -7988 1131 16356 -1381 8838 1099 -4784 -2436 186 -9881 -4327 -750 7018 1858
-12288 -4566 4861 11579 -4029 11801 -5310 -4746 8385 -7084 8111 -16362 -1695 2105 -13070 1713 -4434 12339
5025 -3067 -5436 -10496 6228 7143 -4753 2889 -15144 16253 -2160 15740 11960 10669 -14909 8151 -14583 12245
7743 -13116 14176 10940 13822 10084 4130 -1078 -3808 10862 11265 -3468 648 6458 -4923 9721 11984 -14566
13638 5971 13916 -5911 -15165 12136 10951 9444 -10418 -4734 13191 -11071 12196 -9729 1486 11765 -4567 4424
5039 -15269 -9944 -1273 13954 6900 -1442 404 -10102 14095 13755 -8783 -7723 -5746 15719 -13704 -5022 -15744
1795 13713 904 -7437 9778 16296 -3433 8459 12376 8478 -6470 12887 3490 -14592 -6115 -12195 -9400 15412
-4525 2932 -15602 13050 5112 16347 -5105 -15724 11670 -7929 -5955 11579 -14392 3894 -14812 -15777 -12133 11086
8302 12552 -4040 -8990 -8018 -8546 -11065 16016 2005 5578 -2675 9363 11016 8635 4439 12693 1303 10639
-5090 11717 -16057 -8182 4064 -11221 -7344 -9335 5332 2614 -3926 10809 13508 13727 16137 -2420 11698 9322
3114 -12316 14270 15177 -15669 -5229 4681 -8665 4341 -3579 -5030 -14591 13189 11321 11327 16118 6890 9593
-9607 -4702 -13016 5444 13266 12967 10525 9609 9935 15757 -4339 -5863 -16305 -10290 12887 5720 -13463 5417
6279 -9666 10393 -8641 2451 -10378 8224 2396 13663 9698 13224 -2666 4738 -6578 13095 -9195 14924 15961
6407 -13390 -14839 -12106 -3707 706 4478 1430 -11946 6963 1724 14181 8078 15577 -10473 6068 14021 -13820
-14995 -8072 8563 14930 -6740 9585 -2657 6091 -2665 -9747 5045 -11732 12999 -8530 -13123 -9093 -11791 11303
13224 -14108 -1176 -4880 7693 -10556 -3869 7280 6134 9984 -16256 -543 -12523 2716 10503 -140 14620 8074
4979 -8753 -1685 12224 -14928 7102 -13845 1677 12959 8746 -5319 12333 2912 7238 -8185 -10340 -2607 -7157
-2112 13990 3152 4835 -5014 -13240 2760 2728 6096 -13005 -13075 2767 993 683 446 9697 -9643 2971
14420 11051 -2161 13283 10716 -10056 9413 -10767 -6946 -5765 15717 -1392 15808 -11312 -15437 11011 10382 -13275
10415 10582 -8196 -8204 -13504 748 -603 15605 -3444 12638 -6250 -1901 -14428 15749 14094 -5220 4712 6356
-888 -2500 15785 8427 1265 -16340 -6515 362 1087 -14041 -1231 -6140 -14042 -8802 11408 16084 -8672 -15444
14251 -7948 15286 13387 -13853 -693 -4096 -2870 1185 7077 -8347 9334 -7102 -2038 678 4768 3629 10312
-14812 12481 -13755 16338 -4522 -2824 11135 -6705 9628 -16203 11220 4457 5949 8119 16218 -8081 15274 -3268
8877 15384 14852 -8849 -5995 -16347 734 292 2785 6185 2116 -5682 665 -14547 14075 12196 11093 3439
5387 11306 -2583 -8052 10619 -11564 11842 10686 4444 511 -10090 16006 -6646 -8148 -5705 -14480 -10067 6505
-8506 2345 9988 4365 -2031 -15394 -12953 -9301 6965 7361 6658 5437 8327 -14868 1384 -6232 4019 -10140
-2996 -10910 4004 5243 -14715 7275 3491 -924 -10406 -14970 -8252 -775 -11519 13218 -6531 6365 1375 -14437
-3689 -13874 1558 -5088 -5047 3119 -6720 7666 5282 -14100 -16267 -15273 -15831 4477 -9837 -4665 -63 -7607
9405 -15132 -817 -8403 -8154 -11855 6557 15962 9223 -9470 4865 -10904 2934 -974 4410 -863 -9636 -15595
7708 15518 -15172 -5587 -14738 -1509 15160 800 -5488 5122 -7972 9577 606 10187 3600 -2736 -10147 -4085
1266 5908 12 -3777 15049 -7568 2971 -5903 -9518 -5571 -15162 13055 -6593 11377 -4872 6453 5500 -427
-14158 -16098 -8516 2283 -1488 11289 -14932 -5707 -4279 -592 -10107 -13416 -6505 -987 -437 3097 -12328 -179
-1456 -16173 2963 -15967 -14086 12577 -12799 -14446 14789 6174 10530 -12003 -5491 -15663 566 2463 2054 -8542
-2478 -5652 -2163 3086 -3514 154 -12765 2467 452 5283 14516 2855 6600 -10708 14752 4372 -7630 4510
-8330 -11189 -15695 6399 -9989 6659 14053 -10371 2675 1034 11716 -15545 2079 12584 -1986 8607 6661 -15904
2844 -11978 11505 5467 6190 3758 -11078 -11609 -15706 -6267 -15419 4635 -3394 -12524 -9266 15133 3232 2544
15333 -5622 3719 -7298 -4168 -3479 -9692 -7749 9232 -11925 11579 -5281 1183 9360 3478 5159 9977 -1879
11291 878 9951 1278 823 10494 -10299 9937 13439 13350 12170 12548 -5736 269 -12658 -7145 15442 -4025
-14109 8788 -5605 -9051 5345 13389 -10604 9040 -15647 12679 8571 -3559 -7613 -7823 -11306 -12277 14257 10391
-6073 5186 10407 -10723 12991 16128 51 -6809 -5283 -5889 -3845 2067 -8051 15616 -1923 3125 5235 12204
1944 -3396 -13939 -5731 5202 -13778 -15724 6066 -1834 8605 14754 5547 -15435 10202 -11621 9975 -8842 -13593
3268 12744 10064 -5205 -2119 12394 -2251 -1558 12158 -13101 5387 3187 -7179 -9606 7487 -13924 -4240 8811
-4994 13290 -16218 13722 -1862 12053 7115 14713 15218 -11986 -2309 -7481 4407 -11241 -2600 4775 12906 15162
-14220 -13830 10564 382 -3727 -6426 -5862 -7305 14182 -8011 -5410 6612 -14971 -2587 -3351 6183 16251 123
-7177 9154 -13160 -7012 -15501 -10502 -8656 -12968 -11531 -7019 13632 11205 -7415 12157 -5290 11348 -15566 2748
682 5728 -3282 13733 -15983 -13819 -1668 -6063 -8940 -12239 795 1098 14043 12539 12437 15754 12880 1082
13372 -12376 -6909 -4014 9652 4936 9799 2889 11954 2011 -15833 -11740 -2812 9610 -11404 10860 -6703 2922
2364 8722 -14815 -8713 -9371 -7817 11422 -5698 -3441 962 -14178 -8616 -14531 -13954 6745 13725 15416 -9890
127 6938 14388 860 16112 -6211 685 14861 -7485 1487 -6122 13873 10120 -11987 -5839 -1913 -15915 -14417
-1600 7647 13050 7654 4700 14713 2582 3088 6565 10637 13904 -6330 -5987 6690 -12705 -9485 -4529 10789
-3764 -10615 14003 -6468 9335 885 -10025 4310 -11551 -10411 4149 -7928 -11872 5728 1387 15763 3510 -9680
2572 5832 -14583 -3938 -13358 -8814 -854 9990 -15626 -14262 -4519 -10823 -8225 -9778 -10421 16295 15360 -8490
-14805 6755 -11776 -10875 13917 -11703 275 -3266 -12661 -8459 -8270 15545 -6053 15359 8552 -7081 -14979 -9753
5129 -7501 5613 6983 -2037 -646 13174 12884 14380 12411 13942 -3453 -15267 11522 -14366 -5502 5079 -7325
-11126 -9614 4754 -13614 1436 -9644 -550 -9350 8814 -15170 -3017 -4403 16249 14802 15508 -1511 -8540 -12685
2212 -10404 -6976 15278 13952 4184 2133 8831 -10864 -8213 7590 14263 -3415 -8806 -7188 -5064 -4229 1899
14302 -6812 -5844 7676 -12420 -9772 -3520 1745 -7415 9803 9148 10474 -6316 12014 -13940 -2153 15675 -8017
11810 8076 -1422 -6392 -13983 2614 12160 -5650 -10567 11088 -12532 -6140 5778 -13133 6742 269 16110 -13205
14089 -15191 -8372 270 -11727 -9926 15303 14417 -2938 3875 -7288 979 -5133 13373 1625 -14273 -4525 15235
-12903 -15729 -9863 3339 15441 -2127 13426 4667 -9564 -15792 -10737 -11717 12396 -3348 -11105 12964 -11485 13867
8953 12418 2814 13684 -317 9593 -11423 9658 5101 -4798 14959 14486 -1665 -166 -7168 9113 -5227 -12038
13241 12769 -6488 4937 -7562 5097 2062 8656 747 -7770 -10299 13615 14731 719 -8340 11791 11177 -3715
12945 3160 -5666 2802 -13260 -6492 -9813 -7490 -6784 -2572 -7586 -13311 10718 2463 -7879 3338 -5069 -2156
10448 -3798 -16035 -9030 4020 11459 9218 -15950 -11696 -14429 1423 -2103 -13295 400 -3972 -15831 -13367 -6875
8140 8012 1875 -804 12253 -14664 -3461 -8597 -13217 12006 -743 83 -99 12163 -899 3511 1794 5083
-15344 11371 -12063 12690 12598 -5809 1900 -10346 11898 16089 -13048 10577 -3608 -5640 3521 14883 -1358 279
2590 -752 4638 384 -228 -9035 -11360 -14618 3948 3967 64 8506 -11767 -991 8515 -825 10727 -15813
15880 -12167 -13557 15199 10545 -14721 4285 2107 10499 -11499 2329 -496 -241 11674 -9779 2146 4880 -8213
-7650 -11532 -15080 -8215 15914 -12302 10982 -6308 3956 -4497 15514 -516 11934 5394 13453 -5685 10866 13580
9851 -1623 14373 2382 4579 -8669 -1827 -10757 -3151 1164 14446 15383 6937 10319 2412 -2678 -14905 3715
-7584 3392 -14539 8129 8272 -6224 16218 -11213 4750 12160 9357 9708 -3156 -1401 9377 -640 -3127 15091
8529 -13109 14354 -12084 -13343 -13291 -3186 -12391 9217 3416 -750 -13215 -8714 -9760 1682 -14379 -3084 3604
-9819 2250 -6451 -6250 15677 -1298 -3632 -1657 -5954 -6732 13802 15146 10285 3984 8211 -6987 5572 8554
3814 3674 3248 -8627 -1135 -14931 14611 862 10731 3364 -5812 -7146 9194 -1537 1142 5799 1080 -7094
-13770 -15165 -11235 -8896 16305 -2946 160 -8237 -4643 -8816 10994 -4216 -11013 7870 -10229 6535 14687 -6244
-15474 3060 11642 -5522 -9741 14201 -749 10859 7651 12069 -8751 -1489 -793 14969 2302 15973 -10435 -12864
8846 -14132 16137 -9057 4446 -8361 12982 15084 11450 -15438 -10603 -60 -7388 -12562 -3645 7895 15950 -2699
12880 11270 -6031 -14529 -859 -718 5817 -16312 -13794 7755 -737 -703 -9480 -13392 12124 10372 16239 -6472
4922 13135 -984 6282 -14321 12074 -12852 5941 10114 -9301 -12298 -16129 -15463 15450 2894 500 1516 -13577
12023 14283 -11205 6618 -1752 2023 -8672 -1350 4885 -9288 -2011 -621 -7143 -2235 10232 -9247 8204 -8693
-14850 9234 5369 -1529 -10233 14650 -1040 14608 2400 -1270 -11979 5227 -7152 10747 -2141 13979 12121 -9264
11082 13174 6025 5178 1885 1662 749 -10787 9037 -13457 14369 16243 2863 -6892 14735 2383 5988 1629
-1480 -2297 -6279 -11849 -12371 4456 1098 658 -15008 15541 -4754 -10935 13600 -241 5583 8480 -14109 2858
5016 -10066 -13888 -7349 1877 -7074 -8131 10351 -425 2894 10701 -5685 -11179 -8604 -14435 2164 -10151 -9831
-13689 863 14551 12178 8294 16269 -1245 -3204 -6504 8319 510 5388 -14923 1265 -6257 -7444 15010 -1083
11898 1848 -3886 -15043 3658 12898 4542 -2964 -8428 -6079 11709 -15122 -6057 9053 8693 -1833 5925 -15724
8108 -11542 -8312 -2852 14533 267 -13025 5987 5510 2807 1799 14817 14239 6450 -13565 15656 -4503 10306
9171 16376 -8084 -996 -8471 -12772 -12765 -6181 1339 1453 -3581 15797 -9349 9916 8632 -1229 11622 -16110
5298 1432 -6022 -2995 -3102 2723 -13876 -2504 5821 -9859 9014 -11435 4490 -14359 -1095 7608 -1829 -2111
3866 -483 -427 4257 -3888 -9421 -13644 -15899 -10720 2869 14610 8401 -13434 -15419 -10393 14095 -9898 15344
-12211 -10912 -9310 13460 8709 -372 4446 -9498 -14657 -359 9923 14665 12821 579 16114 10861 -14373 -15699
-16165 657 12306 6476 -5283 -7384 11330 4140 -2899 -4962 -11797 -15782 14587 -15752 -12720 8339 15443 5536
6013 -4538 962 10498 11917 2746 2490 1108 -10459 -9586 -11847 -14028 -6083 -6814 -8411 -8586 6695 -1068
4984 -6725 -2607 -1618 14245 12099 -14010 -1955 13491 8200 -14989 1445 16295 15876 10543 12947 -854 -10539
7550 3764 -8857 -2943 9997 -7290 16052 5273 -12028 -15317 2420 -10875 -2822 -15005 -9538 3605 -15290 -3652
-2248 864 -2432 -12797 3524 12491 -16065 510 3430 -10647 -732 -1697 4701 -15997 7193 4335 11919 886
-11045 9234 4397 2756 10166 3694 -11883 -11673 8336 -2589 -7822 7009 -1494 -3906 -5590 -7014 1697 -9165
6520 5353 314 -2297 8536 2931 11616 5260 -4315 2613 -6425 -1068 -8706 11998 1939 -14561 -6034 -4640
-14882 -10347 7498 -15419 -3851 12601 -9250 4293 11778 -11490 6980 -11623 6833 -8235 -16106 12426 -1808 10789
-13499 3534 -14353 -1529 -11960 5653 -4497 7625 8311 -1952 -9665 7056 -2117 -15343 14592 5894 9823 7238
11822 16209 4681 13674 10842 -9917 -5807 -12026 -14405 14799 484 11221 -12316 -15163 12019 4641 -12586 -15434
2829 3657 -10439 10551 -312 -6750 -9242 5200 1629 -10368 -15703 10283 -1380 -11628 5188 3088 -7938 5239
-4679 10132 1813 -6264 5825 -4338 -4818 -3340 -7775 -11190 -15313 -12012 14365 12160 704 -8197 -1587 13446
-10828 77 3983 -14266 -4193 13910 -10147 -13716 -1082 -7851 -11454 10080 14400 -746 10917 -14724 -1189 8647
1232 10357 10296 13836 15790 -13793 -10564 1868 -4656 8014 12966 15439 -7500 14879 -10747 -10740 -5050 -3494
8900 12986 9125 8494 -8280 -14543 3882 -15063 7260 620 -14423 8799 8425 3949 750 13039 -5043 -5816
10131 -1110 1634 -2698 -12812 6409 10505 6257 -11659 6248 1153 -1917 -8945 -3724 8985 -7466 522 13276
12295 1744 -8182 15696 9623 -1116 -8374 2984 9864 -15327 -2523 -156 1714 -15155 5849 8788 -14610 -8137
10895 -14695 2095 11655 15767 4555 14836 -676 -16141 -14212 2019 8399 1299 -4642 -13649 9947 -11802 3007
58 995 -16367 14014 3840 -10359 14201 8889 -10060 -15163 14087 -9337 -8157 4150 -13906 -2588 1633 -1861
-13146 -13136 8995 -450 -5382 7770 -916 2768 -3511 7834 -7835 12794 -6968 -12192 -4979 -1452 -4985 15370
12568 -6833 5109 -10790 -10346 10583 -6233 10406 -4660 -11745 -6827 6354 -4633 15154 -9178 -11395 -16167 6353
8748 15862 16377 767 -15565 -1670 -1551 14037 3254 -12520 16087 540 6962 6130 14234 3354 -13151 -2643
3232 -2387 15421 -4321 -8273 -2410 11149 -15026 7432 -1513 -864 5273 -6182 -4416 8594 5688 9684 12164
9560 5603 -4579 -14316 12730 -4144 -8350 613 13980 10975 8524 -3436 5763 792 5406 -2835 -939 -1962
-1643 -11707 15967 13628 1549 -369 -3428 -7567 -16145 9646 6195 14856 5446 -1399 -1469 -4286 -5201 -930
12251 15983 -13707 9815 -8882 14650 -16135 15714 6821 8966 8789 12350 9076 -3660 -11451 15826 13266 -14712
12094 -10811 13986 -3223 -14110 -6329 10520 -8112 2453 4659 -10374 -6918 -2960 -4517 -10461 -5407 4182 -8933
-7731 -5270 15716 6447 -2545 7775 -1649 -1844 -7900 -4959 -10103 5608 5614 -1257 13027 -12066 -2756 -7702
-12166 -7887 -5303 -7180 4618 -5971 1668 14965 -8664 15539 -5225 -14071 -10928 -9770 -13662 -12841 4441 13729
14791 -7670 -3054 -7493 6380 -8571 -14041 15150 -7491 -1838 16196 1284 3823 11355 -898 -15083 -5684 -15393
-11794 13340 1259 5915 -11617 2575 9536 -12079 -11862 5040 -11690 -12056 2974 -14751 -5416 -273 -217 -14795
-7595 8391 14567 4683 3139 2465 5800 -13472 6213 13607 -14921 -14182 9130 8950 134 -4437 1079 1621
-12388 -744 12326 7712 -11861 -14891 -6288 -14073 -12546 789 582 10741 7189 16225 2277 -3886 3987 1000
-1908 7020 3929 -16105 -9786 -15692 -1811 9576 3052 -14298 -5859 -10624 -5648 -2165 9960 -16268 11346 -3870
13724 -4246 11383 -4453 -11715 10088 -4834 15365 -8154 11880 3110 -4084 2290 -851 413 -16355 5021 -14509
-12296 -151 14054 6441 2457 7762 -5382 -4669 -12388 15905 -436 714 11724 11513 -3642 -11369 -2057 -8692
-8155 -3327 3171 12808 -2911 14194 8095 9179 13515 -4799 -2687 11671 8637 827 11108 -1617 -2961 -6780
-2117 13413 -1692 -1379 708 4484 -12402 -2363 15514 -9645 3694 -1659 -11148 6080 6013 10630 13600 11493
5836 -15705 10969 -2645 -2327 -13748 5692 15815 -13311 -8711 -12140 9198 -1461 -12257 9558 15685 7075 1845
1265 3354 -6025 -11509 -11065 9427 10206 11355 118 35 -5360 4769 12380 -3707 6130 -978 -13988 13025
1807 3190 6618 -4461 14512 1202 -10227 -11121 -6844 8867 -10890 4060 -4862 -7755 2986 12363 -5426 -11707
-6567 -9116 -4512 -1213 -4472 -8292 8609 -1541 15136 -5938 -8870 -11217 -13650 3302 -3830 12393 10849 -7709
8723 -5999 3672 -14855 9761 10938 16159 10001 7364 7233 119 -8576 -13219 13082 -10921 -2835 9783 14689
-15056 -7535 -10754 12088 1651 8104 -8116 -301 12888 6435 5278 14027 -6694 -8801 -10636 16059 -3073 5778
428 14858 3421 8652 -4553 3334 225 -8417 -10518 14386 -1589 1621 10159 -542 -8458 6506 -2326 1540
14174 -14594 11790 -3006 14307 -12033 9621 9285 -8628 -13393 14358 90 15750 -14137 4268 9788 -8393 -15626
14493 -12759 -8592 -8815 10301 10295 8123 -13177 -8432 9194 -13725 -1901 -14545 -10745 -6423 13236 -6164 -3933
-14633 4577 11192 382 6590 14842 15685 -5481 -11398 -15620 16360 -14088 -14412 -3722 -6333 15826 7850 -5825
12832 -12848 1842 10086 -13152 -13660 -13826 -10129 -8811 -1306 8729 -8522 -15573 -3042 -325 7475 717 -9440
4666 -9622 -4024 -360 -11681 -12391 -12246 -27 -12836 14386 -1682 -469 -1255 -2673 14937 -2141 -7113 6879
1191 -10954 -11185 -2712 9442 -11189 -5638 -6935 2323 -15651 13078 6236 -9570 -15920 13767 741 -4249 388
2749 7431 -10696 11435 -4937 -14826 614 -2727 -7868 -9750 -9549 -1958 -8496 -12583 12142 -5431 5085 -4121
-9245 -14883 13201 1845 5870 -6907 -5261 3268 14064 -13768 -6545 11606 -4887 -890 287 15791 15066 13555
4940 -4601 10612 -12922 -3404 -11847 241 9884 4869 3898 2365 -2429 -6348 -13230 5466 14148 -6167 10885
-8701 9920 -7337 -6188 -4209 3326 -1481 -2141 12054 15556 -4597 10232 15066 612 9382 9966 10720 -2854
1262 -926 -4384 -8941 4321 -13332 -7587 10126 -7976 -3310 14355 5161 -7161 -10305 -7271 6198 2635 -1294
12350 9933 15144 9138 4152 -11417 15881 13898 -6401 679 -2100 2995 -11532 7547 8574 -8881 14916 -1435
-9109 6356 7955 -3821 -14510 12431 -298 -13259 -1803 15306 -16135 3470 984 -1145 -1846 14412 -6325 5998
-361 5526 4513 9997 9231 10084 -10300 -9408 2034 15764 1515 -9242 -13079 -7877 -4694 11741 14250 2615
5418 13618 -1944 -11506 -5190 10127 9066 7921 10118 762 7416 -6621 12454 -9025 -904 7290 15708 7337
10966 -6589 919 -1927 -16343 3915 9147 -15471 -7021 -1989 12452 -6416 14440 -4571 -1814 5473 1939 8283
-2722 4087 -13257 10375 220 3765 -15214 -9991 15684 8587 8229 -15045 -13886 7559 2072 14570 11854 -5559
1756 4297 8312 -15433 4876 10767 1381 -15375 -15977 -9213 -10985 -13945 -7392 12230 -15638 3561 4259 -13704
-12445 31 -5283 15733 10026 14267 5094 12543 -3239 5133 7328 7428 -271 -9321 -1194 1077 -10838 -4161
15900 -6816 16372 -5941 1916 -10503 -16326 11784 5588 248 -2715 -8627 -9733 -5909 1696 7328 -7900 -15293
-925 5432 5635 -15118 10922 -12635 7477 5175 4230 6985 -12067 -4167 -12072 16146 8075 7379 10327 7523
-11677 9775 1243 847 -389 6038 8662 -7669 9604 11271 -12768 3489 -13907 8710 16116 -11287 -1851 10807
5182 -75 4766 9259 -3561 7243 -12614 7546 -11382 3353 -15071 -14573 -1383 -12890 -367 -11057 8579 -4668
-12326 -1204 -11959 7690 1158 -8 358 -8055 7360 3946 -6937 12725 8816 -12805 2204 15782 -9819 -10614
9899 -2684 -12235 7074 -11448 6459 4261 -8506 -6464 2422 -946 12798 -14149 -2611 4280 14268 192 15156
7243 5345 12285 1727 9767 -14057 -10173 4230 3409 -7838 5197 736 8975 14585 9546 -7718 -15210 15449
-1637 1760 14304 -7532 4306 1216 -12316 -12056 -7928 2002 7137 -9067 8521 1648 9754 -8465 7533 -10835
1449 4017 -2287 -2493 -14418 -9834 -2087 11724 -3160 -8925 -9986 -16330 12067 5574 9224 -8847 -15204 -10970
4315 5994 4504 2224 1266 -3010 8218 -646 6120 -3929 -4293 5701 -16066 1721 12046 10211 4950 3283
-3122 -4162 10181 209 9267 -10066 8395 4991 10023 530 -7140 2131 5276 15650 -3358 15708 -4682 -2941
771 -4234 8236 12820 15783 3774 -9995 14096 -14602 14157 -5602 -9641 -3297 8736 -14342 8450 -13154 8790
-7810 -15038 -12354 671 -10262 8036 -164 -10509 -9811 9523 14061 5758 9345 -3195 -8764 4578 -3360 5644
-8306 6560 -10095 372 3614 -5936 -11616 -3152 -12176 10257 3704 11916 -15640 7365 11339 -16248 11481 -10113
177 -12314 -4272 -844 6546 7168 -12025 -6471 2630 10463 -13382 -10259 -15621 -14070 16034 -4554 -2217 -1636
10815 169 -10146 -15206 -9901 13454 9620 7554 6955 -8570 -9881 -5080 -3286 1026 -2872 14780 -7808 4351
11800 13360 10548 5618 1866 -1093 14190 8700 3911 -4426 4079 3427 -11634 -6226 -7455 -14269 16156 8634
12237 383 -108 14092 6642 14846 4502 -4663 -11850 6164 7026 -14572 14195 3903 -15099 1131 7039 12308
6103 5950 16232 13432 10892 11957 -900 7187 7039 -10286 13193 -4861 7847 -7237 -5652 -4915 8894 2132
14274 -6759 -11869 -4333 -5244 -13410 -4099 9743 1716 -10534 -8160 10075 -2063 -6905 -13260 -5485 13873 14282
15250 13492 8527 -7377 6002 6704 -13372 81 -7482 -6333 4529 -1953 10589 -7552 8486 -1092 -5547 7599
-10337 -1660 427 -14117 6345 11063 -10958 15270 654 2224 -14169 10464 8785 14424 15649 12376 3953 -12389
8111 -15629 3861 -2152 -13506 3322 9513 -13796 -15943 -9543 13987 -1328 114 11076 8459 8368 -3127 -6755
-5317 13247 -12797 -7179 -3229 4858 -14981 -14002 15950 9868 -510 -10934 -13332 -3518 8574 10814 5384 11324
-5159 14729 5722 11244 11798 -13786 3267 -15043 3269 -12931 -14636 -7157 -613 -2435 12176 -1060 -14246 -14609
-2445 8141 3829 1795 -1869 -10546 8441 -9423 -12346 9 7718 -5059 10531 -9303 11358 -10855 -13491 3001
-15166 -12817 -5106 8554 -9194 15868 15359 2683 -5524 14755 -13485 -3341 5631 3899 11208 -4336 1377 -7893
-3067 386 7378 -586 2053 -11811 10993 -5865 -13585 10052 -14184 -12849 7688 -1172 -4096 -14531 -12022 14786
3882 14959 -6248 -277 6529 12601 -10231 -5012 -9026 -5243 10092 -6997 7428 6889 1741 -15594 15444 -896
-10826 -7006 -3802 -15118 11761 5238 -12213 4820 -9066 12520 11801 -9416 -5055 7338 6859 1147 9377 -12225
-473 9061 9018 8112 5721 3697 -3739 2180 -8664 15209 15252 7149 7751 6967 3548 -9919 11787 -6151
14773 3239 10049 6481 -14084 1562 4439 -3321 8761 15499 -14397 -7735 -15832 12641 8095 6735 11889 10280
4251 11945 1466 1671 -6894 3538 -12062 -3981 13683 8580 -1660 -2911 13035 -431 2497 -8895 1346 -9745
6467 -1815 -16384 15314 2940 -4145 13013 7167 816 -1733 6455 -7135 12084 1339 -4786 1749 -11145 11930
-7667 8523 14653 2316 -14175 -9456 -10830 8107 -6898 -2011 -4706 14247 -2537 -11948 -2187 11065 -2977 9922
-2925 -3878 -13106 200 7877 8881 6709 4864 3852 6737 8757 -10851 -15969 -2907 6494 -14083 6958 4643
-3434 6016 -11409 -6327 15800 2458 -5933 12614 -9850 39 406 -7432 -840 -5888 -8701 -8681 -9614 -7733
16365 -13137 -6687 -745 -5247 11986 -1762 -8792 9532 -3952 -7343 7182 -11969 7199 8731 10878 6082 -928
-13769 10970 13031 -15483 -7337 -5357 -13901 2569 15188 -1103 -939 14827 -2932 5294 1456 14873 -11389 15499
5656 -4569 4043 -6753 -13480 -8637 11306 -2646 -5642 7016 6650 -5198 15286 13273 11213 6157 14180 -13367
6995 6846 -10801 11863 9853 7166 14353 -5437 2017 -3300 790 -11813 -12702 12166 5212 -6217 -10232 14375
-3079 7589 -3019 -2827 10202 -6041 -3845 14018 -13230 1692 6086 -11940 5586 2940 -8893 7120 8181 457
-14214 -13550 11712 15106 -10946 -9541 16168 7898 -10810 -1999 8149 3816 6043 9197 -11481 12960 -12361 -743
373 16258 4578 -5286 -13667 4497 -10390 6891 8631 10247 -10003 -268 5676 -9656 16274 -12783 11753 -9964
-3738 11571 13549 -12288 -775 -846 9738 15141 -6066 -1129 4329 -15076 -6408 13629 8526 -16093 15228 -4834
11165 5536 -14338 -793 -7521 10961 4633 -10034 6781 12729 15886 11811 15637 -10402 -15070 -12242 -11410 14386
-5310 -6351 -14204 10198 14311 5579 -14006 8446 -2495 2185 -6673 -3663 142 9143 -10145 -2125 -9523 -15500
5132 322 -8047 -15865 751 9735 2614 14452 5066 11336 3387 11601 -590 -12707 -9240 9685 -9014 -2974
-14288 -13004 3151 13873 -12838 9767 -7715 14738 -14366 -1329 11751 -16210 5404 -324 9611 -829 -4068 -10424
6538 -1766 -429 -471 7827 12860 -9606 12870 2752 11619 7731 -5429 -5020 9264 12014 119 -8701 6300
-11765 317 -9311 -6861 -13250 -7668 -705 7547 4150 742 15010 -11590 -16255 14648 7255 4311 2218 -11157
-522 10145 4517 -12107 -14940 5169 5485 11316 13529 7849 -10772 4670 13931 40 -1252 -12043 -12860 9462
7274 -13033 2925 -8445 -1693 -6116 10970 7311 9608 3200 15709 -2261 11141 -11167 1658 11999 -5242 -442
-4767 -6739 14557 9278 10164 12086 -1295 -5838 400 -14148 -10924 4211 -6451 3400 6959 13206 4476 -1491
4583 2690 441 -10323 -14596 -1592 8869 -9735 -722 -9421 -16214 -12705 -2845 13471 13569 10430 5066 -12018
-5508 1342 12227 -4103 8059 -3521 251 -284 2371 5775 -170 4404 15473 2015 12047 2628 -310 -6791
8353 11703 -6602 2859 10216 2569 -5877 -3961 3715 -3733 -15474 2126 -14977 -2867 -10569 13353 -9682 5434
-7115 8346 12891 8043 -13391 7474 -11354 -6760 11606 -15098 14880 -13430 5522 2908 578 -9993 5655 169
-5632 -14834 -4057 -7231 -4813 13903 13325 -11452 319 5537 -1553 13150 13302 -13408 6081 7093 12731 14644
-1891 -7780 -2331 13415 -1741 4741 12387 -2439 -4708 -3393 4005 12332 13395 -11171 5562 14437 -1403 -9613
6581 2293 5512 -888 3670 -587 5545 -8632 -13593 2513 -2515 -12422 -9372 -10394 3727 2097 7133 1358
10510 -2744 8992 -2245 -7571 10503 -16236 -5117 14063 -15317 4448 -12741 -8018 -5369 -3882 -3321 -5369 6913
-14324 15150 8050 -2996 197 -13706 12157 -13362 8090 -14040 -16368 6492 -13992 -7181 14833 5683 14239 -521
909 8096 -7979 -14048 2037 12797 -10436 14515 12071 4066 9050 551 11152 -5734 7589 8247 -16177 6354
2906 3126 -6213 -15207 682 8610 -3161 388 -9702 -8196 7395 -15822 10023 -298 5255 11247 4144 2093
1388 9148 -2670 -4870 9852 10096 13836 -14333 -15827 -14536 4718 -15625 -10424 -11451 -2961 -11846 14061 4548
7385 14333 -15396 4369 -787 3346 14061 -5590 16129 12799 3296 1886 -15760 -4654 349 -15536 3755 9267
15155 -3049 435 -9664 3557 14019 15788 -619 -2971 3850 6601 8617 10525 12088 6768 10081 -201 -916
13464 735 -7914 8963 -8073 5019 6179 -12459 16216 -15690 -15920 -8546 -10030 -9333 5589 7230 13078 -11641
-7743 -8410 -13655 -4550 -8786 7050 11571 1708 15955 15580 15286 -12554 10304 -9220 -10266 -8950 -6042 9639
204 -7213 5589 1337 8884 -11390 202 -6255 7754 -11225 4841 10831 -13569 -12674 1223 2886 -1877 -2292
3243 11309 13428 3946 -5481 -359 -11018 -11805 -2687 11303 4507 15161 3557 -12546 10571 9931 6528 3700
-9140 -3874 -5032 -3056 15712 4910 -15624 3249 7731 -4144 12801 10764 6905 15925 12005 -10148 2387 -12658
5614 -9131 -12684 5967 -11904 -12967 -8062 -16105 1692 8174 -2242 9391 -5460 13423 12261 -4240 9852 15875
10329 -7733 -5495 5579 -10882 -9181 6262 -12703 6367 11741 9700 7037 -9829 -9541 7267 -7687 9338 -13722
-9532 1015 5984 5705 -1133 15712 7144 -5722 1247 9361 13642 10210 -15036 9042 -6785 -13019 547 -1016
-4699 15647 -9424 12075 -4701 -3027 1838 -11014 9999 -12644 -12801 16236 -6319 -9652 -7209 -1941 -8959 -6534
2511 -4035 -9065 -14889 6051 -4029 -10174 -2339 -11595 9701 3863 9825 13904 -9779 14191 -16274 4403 10067
10379 841 7245 -14278 -14468 -14119 -4409 -14183 15165 -1493 -3263 14107 11305 -7856 -15779 9579 4749 -12950
1663 3306 -10091 15621 -13097 -5211 -11411 684 -6248 11651 -10328 6068 -14965 13762 -4893 4444 -7478 7331
-7002 -5094 14020 -2714 -10100 8490 -15480 12400 -11356 14962 10816 -4651 11029 -10104 -5892 -11278 -13814 -8440
9649 15991 -2875 15147 10881 -9837 -14571 -1889 -2242 -673 -3600 6287 3112 -8798 -936 -8442 -11777 -7750
2944 2674 -15562 14547 -2506 10636 14979 -417 10104 856 2720 704 5225 -14968 -15538 3143 -13974 -4857
-14442 9314 -11649 7377 6483 -15086 761 -10487 -523 -1381 -8104 -13243 -8065 -12929 13414 13611 5329 2219
2729 -5565 -8145 12275 7420 11779 -5386 15037 -3204 -8911 -76 -6405 15265 -1689 15195 14427 6829 -15882
4820 -2110 -181 -12560 -11851 -14601 13934 -7552 -2483 7322 -14460 -7043 3812 15456 -9274 15422 -952 -133
13547 -846 15747 337 -2294 5799 10474 1146 -13898 1395 13916 9189 5225 10675 16073 9304 -9687 -14738
-11022 -1507 -1947 -11169 7022 -10504 -13023 8078 15349 -11173 2130 -7383 -7206 3546 11403 -10358 -5679 16356
729 -6504 250 16045 1517 -1451 7455 -9878 2169 6579 -5062 -578 6876 -14421 2354 12150 -3070 -10103
-13329 10363 -7803 12681 -9587 13568 791 9895 -8214 8189 -10970 -5451 2918 -15392 -12618 -14937 15852 4989
5776 1330 2093 12109 5030 -9315 -8659 -9511 -9041 8397 9215 -6548 -13554 10662 -2092 -7919 13561 10644
-8909 9916 4830 -11675 11649 7882 5120 9817 -3634 16040 -6556 12412 2503 9425 13800 5940 -15347 -8196
9912 15638 -13397 13969 -12570 -7169 3808 611 -3248 1631 806 -2914 3013 -9512 -5522 -10762 -11666 13831
-599 5929 -7577 16033 8331 -14934 10667 10178 659 14480 12859 -6780 -11961 2521 1655 4043 -8259 12240
13515 -6296 -6305 -13625 13968 12636 -14865 -1270 15921 -9092 -9015 -11499 12429 9527 -2712 14850 -12898 11188
-12501 -11702 -13224 12320 14936 14500 -4653 -5817 -7068 12113 -13397 10592 14697 2429 -6745 -15058 -255 -5378
12952 -3771 3123 12350 14469 2472 -15671 4735 -4089 -2147 11717 -9154 -2321 10681 -5837 -15888 -10706 -11714
14111 13044 -8458 -8281 -6678 14026 -7396 -7295 -5189 10880 -13120 -9348 -9392 -3473 -9936 4288 5630 -3036
-1270 389 -8456 -4960 10144 2271 13258 -2364 5025 14552 3625 -10746 8951 6850 -3344 -9879 4075 -13876
-3485 -5459 3472 7121 -586 7617 -5793 -13192 13778 -11133 -4066 -8583 5974 -13663 6661 10043 10204 7644
-15836 14504 2174 9850 -4865 7483 4505 13298 -7556 6742 -9262 488 7934 -4899 -9642 -1697 -8237 13307
-5531 4649 -12596 -438 -1006 -5982 4393 11539 14403 -9314 15808 8689 -14336 -14688 -425 -5473 8426 11339
-8114 -8440 -1270 -6881 6274 -6749 -11315 9820 15988 -11774 8779 -2741 -15702 4519 8399 -9569 9293 6938
-12395 -5579 10781 -11461 5325 -3325 8835 -9007 7657 -5297 -4349 1642 -6634 -4833 -8490 -13720 1538 -10510
7379 5454 12520 -6995 13462 -14747 715 -11048 -3363 7805 1021 -4598 9517 4370 1508 -1886 -832 11156
15613 183 6294 1792 15393 -2988 -1296 -2123 13575 -3619 -4640 -4222 8715 -9516 6968 -14846 15661 -318
-9299 -9429 -6050 -3474 309 -14299 -5385 -6316 8372 4696 10376 5970 7896 5322 13530 6309 1089 5032
-5840 11796 -8986 11811 -8502 -6292 9907 8829 -3411 9772 4983 6243 13988 -9598 8702 -6785 -3190 3188
-11653 69 8386 1378 -1496 5397 -2807 11693 -1488 -3708 -2963 -3405 -8755 14833 8092 -14084 9132 7519
10338 7861 13977 -1147 -12434 -11675 -9894 12573 -12459 469 2515 -377 -1831 -15019 8052 15495 -7061 11040
10449 -11407 -8978 1820 -13169 10344 -6211 -5432 12670 -2813 3567 -9873 12811 15633 -13605 3233 -8486 -10561
-15400 -8988 5286 14551 11590 8869 10613 874 209 9078 -2836 -2412 -5898 -8331 14329 -13421 1469 -11513
10171 9248 -4398 205 8096 1028 5808 -10280 16076 2273 -3269 -13801 -2885 -11181 3953 10001 -16089 -9159
-5503 3802 11050 5459 -14338 4416 13223 11280 -10900 -12986 -14617 16290 -14076 9427 -3712 -11435 -8779 -10069
-9093 -5601 -12183 8349 -11082 118 -15734 5118 -7802 -10135 9667 -2472 11936 -13334 5388 15450 -12996 6505
16098 -8932 4207 -8536 -15147 -15490 2273 13769 13380 -3093 -7261 10412 -916 14920 12372 -4486 1438 -3031
-11632 10105 -12848 -13503 8835 2858 11862 -3044 222 15506 12018 -15088 -7695 14547 2570 14704 5132 5120
-14790 13571 -15053 -2000 2314 7093 3052 6863 1792 4493 -2185 7228 13530 -2335 -5342 1425 7700 -2875
-14086 -10049 1201 11718 12198 -6437 11832 -6431 -12399 -8005 509 15525 6983 -10813 -9054 14527 -10462 5371
15580 -9316 -13274 9318 11642 -4508 8743 -15727 4260 12589 9525 9831 12385 14706 -1485 -3763 14429 5313
1729 1897 -791 948 4197 -15802 13121 -7899 -10521 12693 -234 2457 11766 -8617 -1724 -10491 -9707 -15335
5090 1201 13489 -2914 -122 3959 -9326 6562 -2626 -6605 -4234 -14082 3296 -396 9719 -8471 -1782 8565
12981 -11618 -8607 1363 -13390 14627 6300 1657 -13063 -5528 7110 5464 16258 -881 -11712 11359 -14501 2442
7172 -7641 15614 -3348 -11470 -5139 -2550 6136 -1595 9283 271 12799 -2907 -5621 -10038 -13590 -2077 -5219
-11661 529 2110 12871 -13455 4951 13805 512 -9672 -11151 -2918 -7851 1643 7296 13482 -8797 -13243 -13845
8644 -8311 -4296 -9625 10896 9115 -8236 -13994 13760 11099 14569 10322 10317 14950 6127 9738 8451 13291
-11097 -2226 3392 -5021 -9220 -10650 -1286 -15493 12843 3238 -13314 6739 -8148 14918 11902 -1553 -12216 -12176
-306 -541 -8694 -3692 -2458 -10415 7516 11264 -13268 -999 7409 -15691 10740 -10674 10210 -1933 6984 2023
-13673 4373 -9881 5816 7908 -730 6279 5282 9083 -7255 14951 6150 8833 -453 2562 6271 -5253 -1183
-7012 977 -7059 -9445 -3068 7964 13888 -1608 -8679 2134 6252 15597 3468 -5128 -48 5929 -2071 -15625
13532 -10971 1232 11509 5371 -5704 -1399 15033 812 11248 5047 15580 -13329 15205 8811 -5433 95 -311
-7073 -2598 3236 -3907 -4999 -8979 3467 12007 -14955 5115 10607 -182 12935 -11235 -4002 16332 12126 10165
1908 -3043 6120 1773 9106 -6727 6005 6240 5933 2634 -14883 -5608 -2177 9268 5571 14007 7397 -11924
-2021 2808 649 -887 -10006 -8358 -14016 -7139 -9907 -1516 -7762 11332 -5444 11595 8623 11902 12175 -14964
-14086 -1092 -15165 15475 14590 -15177 -9992 940 -7150 7299 13498 -993 14282 -13972 6152 -4764 1708 6135
4370 4475 13572 -7092 12350 2241 11540 -12874 15727 -13794 -8590 -14201 -11641 -7299 -13141 545 -214 7805
-3797 -13486 -9788 -8850 -2975 -799 8651 -15241 541 2661 -10421 787 15677 14173 -5224 -11832 5769 8829
-4250 -2032 2780 6983 -7679 -4458 3205 -2595 1492 -3673 7149 -12014 -8656 6118 -11397 708 14920 -16060
-5453 7793 -3712 -3544 -2907 -13823 13542 -4365 -8828 -11038 6657 11175 -5226 -15012 -15669 -7194 -14516 -12254
-14599 -4325 -12621 -4568 -15742 9459 14346 1203 11614 -6632 -14412 -11336 -8049 7444 7505 7774 -5026 -13414
-9175 -15898 9190 -2072 13000 11948 471 3714 1519 -2162 -13707 3116 -15700 -5267 3807 1043 7103 -4848
-2665 -10677 13896 -719 -5058 10870 2464 10961 9886 714 -2428 -8751 3822 -1226 -9871 12219 2897 2265
7250 -14618 15521 -12863 2912 -6213 6763 -11061 -3773 12367 4155 -13845 15989 12862 26 658 16368 -8527
-12715 -5523 10504 -1860 -9600 10315 -2926 495 2488 3937 -7865 -10964 -14799 12466 3435 -7242 6120 8392
-2639 -14197 15032 -14934 -9382 9715 -10857 -16121 -10851 345 14101 -13642 4682 4442 15148 3938 2482 12829
15929 -6270 10691 -3101 -16058 -1401 15472 -2082 9098 8793 3417 3908 5426 8964 4775 -12120 10082 2735
7479 6016 7543 -12848 -11267 8715 -7279 -3173 -353 -16040 -12723 -6465 -7320 -12386 2005 15954 15456 -7981
-12770 4877 1975 -7815 -6552 13494 14180 6073 -5621 -11300 1036 15030 -12174 -3129 -6361 5149 -9624 14509
92 -8198 -15726 -6614 -5579 -8496 -10435 8681 -15888 -12825 -7845 -12631 -6477 14822 -825 4956 13283 -8282
-14895 -7502 15062 3901 -10 5813 16297 -15005 6638 -2858 -659 -4365 13037 11784 -2682 2766 1315 12106
-12716 7657 -9850 -10675 1298 11678 -5935 -8597 -2304 13383 -12853 6621 1468 -15348 -4916 -13517 -9482 -13320
-2946 13050 3908 13136 -9247 9668 14418 16168 401 15944 8768 -2511 -12212 -26 14405 -2354 3246 -689
-8039 -3217 12351 -10367 -12399 -14051 -2638 10487 5641 -7084 -1436 12577 -4340 -6127 6441 -11244 4262 -13524
-7600 -15748 1056 -8216 -11044 -8746 -13996 -1591 15635 11490 -13999 9636 -9152 -2985 -9143 10237 15792 -14382
-6482 13710 -8958 10001 -11883 6692 413 -1177 -7585 -15952 -3198 2406 13719 -10342 -4795 10977 -7905 -4009
-4267 -6887 390 -3778 -10109 12073 14013 10902 -6206 -817 -11284 -10251 2858 -7864 -14690 -1338 8260 -8554
-1756 -15576 2435 13545 13366 -1282 15630 -14755 -15392 10050 12485 -7455 -7275 -11361 -14460 4215 13731 15415
9120 9123 -13867 -13877 699 15389 -2230 5114 1718 -1590 3498 -8727 4097 -533 8575 -16124 3356 3219
-2082 -1501 -7336 -7585 -10938 3280 -11042 4703 13257 12518 2032 91 9328 15968 4982 -13513 -8227 2921
13493 15275 -13781 -3911 4699 2880 -4581 -6112 12481 6008 13168 -1694 -1167 -10933 -11109 -5818 2021 6354
-10349 -8471 -2670 1351 3590 -3240 3876 14637 -8008 -8354 4363 2763 -5600 15258 14647 -5919 9302 1749
1057 13202 11830 -6507 15115 8615 -5185 -10774 14216 1527 1460 13966 62 2337 3214 -1995 8939 11134
-15724 -13798 -4185 9043 -11969 2777 -1687 -5300 -4636 -5497 -53 5412 12692 -3333 9744 13480 10310 -5523
7015 -2336 -9423 -15293 6251 14723 -9611 5158 -10771 14004 2561 14172 -7949 6381 13752 10323 -4097 2871
12494 12410 7571 6556 1137 -5035 11253 -2592 -3665 -10800 13873 -2965 -13677 -14125 -3490 -10871 -6512 13845
-5854 11988 13858 -1994 -14728 2290 14771 -247 10158 1404 -8258 -15057 2741 8511 3630 -15383 -15721 -6487
-9454 -9938 5441 9337 14442 -11268 -6516 -831 5985 6892 5238 -8181 -14684 8457 -5964 -14123 4102 7394
-15514 -13501 -9875 13791 -7383 -13035 -13078 7121 -4525 -1578 -13271 15564 8569 -14506 13066 3385 -14538 7770
11665 5671 -8921 -1132 9469 15842 2617 7373 2100 -312 -13783 3689 -3224 86 -3519 11534 -1292 -14710
-3224 -4196 7557 -5275 -674 3424 8578 5838 -6333 -11122 -7769 10399 345 -15125 -13076 -14085 13323 -15670
7596 -11554 4143 -2501 3082 -13065 13448 10877 -112 -6982 11407 -15938 1041 8111 11379 4347 1497 14097
-12704 14408 6405 -11882 13563 -13512 -12244 3976 14133 -8813 -6592 7453 -1726 -14259 16311 16133 5854 15031
1772 3391 -15651 -5128 -6203 -12237 -36 183 11918 13305 -10666 -1765 -12754 -14849 11231 15092 4473 -3893
8107 3131 -1053 -5604 4178 4536 7511 -14536 11984 9730 -8857 11137 -15663 7341 420 -15029 1067 -14912
-3248 3305 11691 -15004 2098 -1521 11540 5090 -11574 9043 5221 14798 15782 -1003 12379 7297 -2540 9345
-6088 -4409 -5638 -14 -13630 6613 -8959 1402 -4978 12933 -9991 -321 -1154 -12610 -647 10503 11143 -12500
-3387 -4968 -8007 -3782 1012 7737 14969 15677 9299 -227 -7149 9456 -7161 -4382 -12691 -6621 6126 1011
14107 1452 14543 -488 8347 -2394 15793 -14523 8154 -15910 -2681 -2379 8951 -16009 9230 2619 5450 -15094
-6663 -13863 1188 12713 8266 2442 11224 -3469 -253 15716 1658 -13001 -14594 5092 -11801 -4241 -230 2689
8068 -14472 13463 12419 -9140 -516 -8508 3095 -3707 9133 9686 -10844 -7470 -6342 4379 -680 3437 -6277
-8110 12037 -4938 -2577 5201 -14285 2024 -8855 -5391 -2962 -4820 261 -11736 -7200 -8751 -6302 5745 -12251
4055 1547 -12170 -15526 10421 -7881 -10778 -10889 -10922 -11342 12710 -11297 9053 4889 -6350 1845 -77 -15282
1337 2930 -449 13346 -13425 -4554 -12558 2136 -6078 1882 1029 -818 4105 16334 3463 241 -2586 15009
3603 -13957 -6652 5213 -4896 10841 2017 11415 -14085 -13075 2994 11715 12758 5749 -14588 -14514 -14074 -11572
1182 -12826 12608 -2224 2990 13850 -4434 4642 8741 7466 7266 14741 3675 -11239 6949 4065 -9224 8448
7541 12057 -6124 10920 13519 4444 -1892 -15784 -15317 -14000 -7433 -21 -1083 7882 1513 -7131 -15839 -7213
6840 -2745 11855 5576 8590 2527 -2191 7903 -4833 13798 -652 -13355 4491 3590 -12509 -13862 14981 13625
-11934 -16173 11446 -5991 -5195 -8764 -2467 -653 -8700 -7798 4919 1435 9114 1993 1957 3590 1908 -9688
14092 11158 -12870 -15431 -1671 -13773 5765 -1862 13445 -3559 -8724 1665 -1151 -2188 15674 8116 -1334 -14288
-11905 -1861 12923 -13299 -5301 -14224 -15280 2801 -5194 -16099 -10049 3460 -3420 5543 -8345 11255 -15801 -8441
11951 16164 -1051 -2566 -14673 -6178 6618 5369 15178 -8066 -13598 -10644 2461 3267 4752 -7397 -9058 15329
-11485 -6939 1275 -12080 9338 4532 10315 -15130 7268 -7503 -5273 14505 -5089 -13388 7180 1766 -2280 1789
7630 3582 -14601 -14038 7723 9088 222 -3743 -11269 -6658 16368 2509 -12791 -7911 -1773 11344 5377 14301
-13328 8055 9364 -13995 -6848 16298 -45 853 -10678 2213 -6952 -10338 1446 -11475 -7250 1826 7495 6905
-9106 14244 6586 -7941 10407 1925 -8535 -582 -3067 5082 -2908 -2019 2090 9410 -11233 13390 4064 -3080
-7746 3837 5491 -15965 -47 14534 -16295 11124 -9957 -6674 5650 -1549 -14121 9810 -15784 -10223 1020 -1631
10862 10498 -6207 -3127 -12324 -4016 4443 1454 -14785 39 8975 15905 -16262 -7689 -9626 5905 -1774 11577
-9285 8956 -1576 -16238 -10502 11946 1735 4373 -5717 11034 12336 1005 -7635 -3139 -12266 1565 -14273 -15134
-2348 -10593 -12602 -2448 2821 14003 4809 -12582 8357 -2949 -13375 590 -13451 961 -12016 12849 -3940 6428
6350 202 -9325 -1227 5067 3387 6721 -413 2770 -5194 -7066 -8578 -7891 -4628 4662 -5391 -8089 -12344
-6584 14607 -3755 7260 11949 -12116 -6571 -8418 355 1763 15063 -2739 6125 -1217 -5089 5045 3644 -5384
-12477 -11108 2258 -12647 2167 -7692 1574 -2613 1937 4048 -8373 5484 11720 -1248 15307 -1053 184 148
-806 -8271 3756 8164 -7256 -952 -6116 7989 -2282 -3809 -11660 722 -4978 5893 6166 11556 6186 16311
6562 15070 10272 5038 1142 -4232 12120 571 -11661 -14882 -15525 -2090 -2306 -1687 12656 -12621 -8882 6924
3848 11668 7139 1748 10587 -14105 340 -12916 6220 14855 -8624 -6467 -1900 -7961 12508 16094 4378 975
5346 -2615 -6232 8580 7660 -7828 2236 10640 -467 10431 1724 3800 7873 2814 -2993 -6028 3381 10001
-8697 5307 -7605 -10424 1859 4772 1526 -2738 -4524 1357 -2899 6747 -9249 5589 -5666 12203 385 10096
5055 -7376 -5190 4538 13389 -11132 -13564 -10932 -11376 3617 -10174 -372 -6372 7892 -10143 10951 4828 -6288
824 -7290 -6381 -3905 -11852 -15338 16282 -8770 -2253 7529 10352 -12791 2604 3111 -5261 -15212 8216 13563
11110 -6500 -8049 6962 12351 9948 -11350 -14970 -14179 12549 -4176 9522 -7021 10601 10740 -3245 -12884 5367
3835 -1945 8238 -659 9695 -3532 -5726 9671 8945 3024 4237 -7426 11683 7165 -5758 -4880 15781 7606
7513 15257 -11442 5896 -15167 -15219 3900 -7643 -8971 11422 -4800 3250 -1589 -15903 9843 -16024 -9998 -11823
-338 -4133 14970 12240 280 9875 8856 -40 -4063 -11418 -5978 6503 -4976 -8704 14182 5823 6134 -12098
-7535 -7086 13903 964 13707 -7049 4832 -434 8053 -1182 11363 577 -8085 5969 -5020 -2552 7171 2315
-4630 8345 -2787 -16247 5976 -5153 5851 -15892 2966 8500 -12561 -6473 13932 -11188 7443 16188 -1999 -4037
-9249 10330 13473 6860 -6472 -5789 -14061 -7652 -7901 -4519 11723 -6046 835 -3486 -14675 522 4001 11896
10003 -1521 -10709 -8092 -13055 -3970 -6024 15845 6007 1884 -7341 10294 -985 -11856 -3722 13232 -16311 14551
-5226 -10292 14537 -13281 14751 -9396 -10836 11921 -9917 -12103 -855 5902 11693 14095 -2278 5789 -869 4791
-2281 6403 15499 4790 -2080 -11370 6227 5669 -645 5707 -13350 9697 -2145 13077 15897 13956 -13359 -4237
-916 -14699 -13619 13374 -1271 11514 5414 -4148 16074 11189 13105 -8651 -11212 6863 -7135 11246 14257 16272
-6036 9888 4896 9203 -13450 -4042 -2926 598 -3988 -6096 -7605 6517 -6544 16190 -4081 -870 -14345 -5870
14750 13325 10606 -8083 -6528 -15917 -9434 -3716 6910 -8556 614 -409 -1421 731 -12826 -3546 7873 4230
-13987 -10857 10533 12406 5239 15052 -12239 14471 238 -3413 3854 11716 -9231 -16206 -9716 14043 -6455 279
-939 4814 -15684 -2790 770 -6163 -11216 10642 -9899 -255 -7916 11211 -1475 16072 -4485 149 -9441 -1111
8585 4501 -3115 -4191 10132 1248 2037 -4483 -5755 13000 5463 10826 3708 11765 3026 7185 4540 4535
12871 -6975 -4154 2714 -8990 14949 11965 -12996 -10084 13727 -14825 -4260 12291 4950 10603 -10445 11581 16041
-1365 13573 15690 14120 10104 15099 6283 10052 -2606 1837 -11135 16131 -15376 -3075 -15657 9977 -145 -15704
-15966 8051 6061 -11234 -7961 8181 -4232 -7152 348 2791 4579 -1461 -12172 -13940 11896 1604 -14953 -7117
8341 -9995 1197 -5455 1552 -3864 -13848 -16114 10526 -13166 -15689 9341 -16012 14049 -2020 -877 -12117 -15847
11811 -13134 7654 -6949 -9037 -9788 5306 -4730 9599 -10195 2886 16323 -5279 13825 13219 4187 -4407 -10890
15490 4941 5005 -13418 -6896 -12258 13295 -2249 2076 4207 9431 1067 -7556 7380 -12451 11963 6315 15332
907 -9389 16312 10125 -6039 -10633 -4771 -4949 11568 -12034 4970 -5928 -8222 -4994 10860 -9595 3324 -5114
-4212 14153 3210 -8949 14768 15481 8285 -13147 10729 -4613 -14439 -8964 15118 -2219 -5261 -12548 -2907 8967
-14025 -11183 -15102 -9181 15758 15758 -14670 -4590 -11005 -10064 -2790 -2376 -14915 5059 5210 16061 13966 14307
-12166 -5078 -2249 -12184 -10307 -15565 3552 4697 -2984 -5805 15852 -10198 -5816 -8545 -5133 1441 5759 8531
771 -6115 10306 12209 16178 -6412 -10799 -9203 339 6201 -3259 10016 4099 3496 -9538 5285 -5654 -4645
-3907 11811 3387 11709 -14386 10248 -10108 -446 10090 -8967 -5980 -15788 -1507 4964 6166 8463 -6428 -16033
890 2097 6616 -15700 14155 13005 17 13594 -5389 2113 -1338 -4330 -4865 -6296 -12879 -15241 9393 12815
-13126 3484 -13121 11436 3283 9405 -13486 1613 7201 -12930 -13487 7375 1373 15040 -1311 -11950 8826 9917
4908 233 648 12629 3426 -2666 -6438 -1885 10493 -7306 7010 8146 10058 -14792 11875 14390 -8154 13010
-13492 -16233 5124 -3720 15574 11976 7992 -3131 -9607 14208 -3472 -1219 -6913 -14229 -2947 1012 5747 -6025
12635 -14449 -5823 -3467 -1424 -5012 -9575 -8735 -9200 13597 11283 2559 3137 -15332 -5990 16171 14021 -14406
12418 -9621 -13737 8791 4347 -10425 11052 -7463 -5459 11225 -4410 8534 11160 11048 1253 5139 -8123 -7757
-3619 -3916 -8164 8264 -504 -4694 6417 10526 -358 -2063 16007 13091 7067 -3844 -8337 14222 14130 2286
10160 15801 -9694 2318 -12084 6451 -13937 8822 1471 -12782 10761 5389 15915 3972 -11317 -15691 -11084 3249
15418 708 -9051 -67 6326 -13896 -1316 13094 7823 -1754 -14876 -3749 1109 -5132 -3746 4738 10325 4807
-14170 7327 96 13502 15538 10713 14030 10338 2366 2323 6339 6358 13607 -13116 14769 11092 -3561 15361
-4065 6362 8030 -9761 4008 4127 -3032 -2313 1094 -3123 5323 329 13008 -14102 6016 1606 -15677 -5738
15416 6953 13629 -12292 -9274 8071 -4785 3457 -11710 3623 3443 -15805 -5970 -12267 -12708 10431 472 -14863
13038 2513 3714 -1140 15757 11491 3266 14773 2715 6237 5797 -5551 -3011 13923 -15335 681 9052 12736
-7159 -6135 12788 7965 -12088 645 -15735 -14728 -7245 -3553 12533 8400 -13294 6663 -16278 -8667 -12993 -2494
-5452 1950 10250 -4241 13501 4620 13148 8420 11350 -2926 -6116 -15103 -3274 6041 -7089 15292 -1220 12306
10626 -8315 -10246 -9509 6764 7238 -13965 3187 -1071 -822 -7133 10494 -861 8767 -1472 -10136 2410 -9698
10814 -5410 -4370 -14805 13977 -7802 4105 -13609 2768 -4240 13025 14286 4526 1737 10554 -8498 -16178 -14765
-10202 3253 -675 -9453 -7456 6366 15904 10825 -778 -337 3769 -10330 10155 13674 -10200 -1096 -8544 14923
4748 7848 -2133 213 -15308 -13527 14855 15716 -3629 -12887 -3912 15880 -7155 -3126 -988 -14957 -6597 -8171
9988 7407 -7572 -14868 -15743 -12618 -342 8639 -12906 -16131 8063 -15995 11195 8559 -3143 12642 11973 -10332
-4759 -8017 -2038 -3672 -13262 4888 -2879 16092 7359 -3545 -1615 3334 -11882 -11550 -15863 15268 -9971 974
-10868 6525 -11111 14111 6640 -16259 -10929 -8916 5001 -7234 -15964 796 6436 -15383 -14216 2535 -208 15806
1362 -13949 -480 9969 14829 -2990 -10221 -4806 -16139 -12574 434 11172 7690 4056 -11682 10798 -12529 -979
-123 -1134 -15715 5012 -6318 11614 6103 -7875 -4466 15949 2918 -15170 -2623 -12590 13757 -14515 10650 16368
-353 -11982 12945 13394 -5664 -11395 1996 10136 8557 14835 -5823 4079 -8046 14670 -15078 15844 9330 -12888
3163 -4485 -14883 -723 15049 -15494 -8128 13079 5638 5642 10747 -14623 -6149 -10366 8666 944 14455 -2949
13790 -15333 -13795 -4568
