-830 -145 271 953 908 -704 -303 918 -895 -745 564 -100 252 -878 318 -698 -500 21
30 -44 -393 -603 -571 921 -538 -912 550 -987 856 -406 -389 -878 -711 -726 934 -702
-720 -189 -222 -462 -475 -146 648 311 638 683 -467 870 -763 -332 716 210 649 -541
712 501 -330 491 -244 -505 538 657 -29 350 992 417 -502 856 -693 370 -974 708
323 -215 -717 -953 -436 -516 -195 471 -780 -829 44 -339 300 771 869 -323 172 -312
-682 -719 -858 109 -785 243 276 -563 -170 680 -34 461 -508 834 516 462 927 -381
-718 -495 -62 154 -46 -423 -516 557 511 39 63 511 -621 -86 271 -129 875 174
-620 -651 107 226 998 28 41 145 -545 -545 -46 807 -902 -536 -188 -839 -941 1008
726 -564 -202 -929 996 684 826 16 624 -134 901 777 -482 -446 772 -702 189 88
-677 222 174 61 -443 -757 -686 -712 943 175 976 -510 705 -930 -387 947 -999 -371
-773 559 -131 387 -114 -163 837 -467 938 -426 -73 767 -987 -25 651 601 814 -623
762 -135 111 71 620 -682 362 59 548 -347 -389 -283 544 575 674 145 361 810
116 -325 -996 -125 579 88 -160 -624 -8 385 -103 568 167 -119 262 28 593 732
-225 658 -544 1011 719 966 457 -904 -1014 323 381 495 -346 -488 1004 824 -236 -538
-166 -518 -269 20 -815 -670 -547 -412 347 -156 -340 -472 -159 444 -656 -158 -445 1017
-424 262 673 -62 463 -606 -660 -856 -491 -99 1021 189 634 111 -98 806 -859 496
-377 507 1012 -760 -820 161 878 -755 -186 -16 -433 765 -285 -677 -111 -24 -387 601
176 421 397 345 -35 333 -527 367 476 -387 -257 -496 -22 -313 -972 -1016 -579 -881
438 254 20 -898 -790 -324 -24 -798 848 -154 654 -468 -494 -1002 807 -38 66 739
-670 252 590 -585 -505 -90 173 -222 374 -390 47 -389 -941 930 -481 123 -350 110
-395 -601 -602 -825 -419 937 -856 -554 -678 781 242 776 812 -413 327 187 -799 -968
-763 966 -228 266 831 -725 18 651 -495 302 -188 342 601 272 -689 631 54 680
536 -523 -913 -728 909 918 -243 -451 812 823 -141 -290 -851 473 547 760 1016 186
121 829 -843 -78 -362 -931 421 12 -62 726 -480 308 -633 -318 -44 -938 441 -347
805 70 -77 -832 97 767 -759 -523 1021 451 -527 -617 53 -672 -614 -683 559 930
-323 -872 261 861 -865 -396 210 -987 194 395 30 -230 -613 269 473 502 609 540
555 408 109 -812 91 -676 -457 -965 -1021 103 82 -942 -36 597 -861 393 99 -952
-12 217 141 973 598 961 713 209 617 -152 162 -69 981 541 -210 -733 324 -371
654 -952 -509 -63 -304 -638 -101 -679 80 -511 932 796 512 -503 518 826 953 -265
-17 -418 -282 -438 951 242 953 -278 -500 206 -697 -516 116 626 -353 -913 -606 321
-177 668 933 457 358 -229 -930 380 -163 -480 -932 777 -1023 678 -904 666 707 -366
-420 307 661 795 63 631 406 -319 32 -999 981 504 672 537 879 -26 -536 -182
-968 -934 -852 -748 312 -948 439 505 -438 546 30 499 1011 760 104 -21 -14 -474
-273 933 126 -941 940 847 -837 -182 -53 993 98 -51 277 -70 -740 692 -85 -372
-106 650 -482 -515 700 -269 79 -478 -186 -245 308 283 451 30 980 290 -608 -561
-65 -981 -233 -759 -722 116 663 -256 291 315 938 -671 -585 -305 434 -741 -299 325
-828 219 -72 287 202 152 338 -759 325 -163 -530 -8 985 -877 569 -259 1010 541
20 493 -575 -915 838 -459 701 -553 -915 -247 -494 635 606 581 775 -538 -446 -726
978 -79 663 52 751 118 375 -655 -691 -961 579 88 -104 941 781 677 -818 322
-525 -699 108 971 -343 162 625 874 128 944 -145 597 283 -839 751 -351 24 865
-390 -444 -18 -232 858 688 63 271 395 -735 -539 -710 493 239 221 334 -496 -714
-887 -695 980 742 576 -903 -221 179 689 646 -15 502 -470 914 -291 473 13 694
-349 5 -556 -459 -870 27 -603 -894 -364 290 -774 374 65 -435 871 -284 -389 -466
481 -47 652 453 688 399 998 130 607 521 593 654 -557 -423 -250 -353 -541 283
-310 -890 -867 921 877 458 -898 285 -296 389 -541 -96 -540 -833 744 -726 -683 -878
-507 -754 -222 849 909 -951 592 -518 634 72 932 792 -877 -171 355 132 599 -547
109 -747 732 -26 -787 -104 981 486 -816 88 537 55 -413 -417 -294 122 306 -589
457 -1004 914 -14 -895 -240 735 -942 -184 691 239 128 930 -285 -827 -143 -820 434
216 -133 605 97 -703 -774 -646 237 -33 690 -867 -110 234 -715 -407 -148 -497 651
-94 378 598 873 -859 331 -712 -225 649 648 -286 -116 62 -344 -972 -413 982 -515
118 224 -946 891 -204 852 1018 -434 -934 421 1021 147 -769 -480 -805 -366 -276 958
-879 -657 322 -698 -422 -791 -905 -426 -917 804 982 -56 -33 -541 -269 -885 -230 86
-760 74 -288 231 207 -747 -418 -496 -293 323 615 -608 -834 750 45 -594 857 540
926 603 626 -259 451 -50 -37 -672 848 892 115 695 -93 -976 -700 -36 -903 987
733 975 669 671 -677 205 965 -463 -210 215 482 -802 -762 777 -986 -129 -761 -272
510 389 918 -222 73 630 1018 101 235 -5 -238 -370 304 994 -427 -923 -238 -696
-647 -43 432 13 220 -102 -686 526 782 947 -261 297 -92 -548 16 366
