1039 21717 3934 20688 29121 4586 9430 22032 10499 7113 20135 6035 26628 27093 25078 19063 28574 25235
30051 16429 19223 19945 18170 2537 27662 28696 3333 14791 22269 18602 3370 24175 23380 12647 5407 5384
5221 23121 12839 19755 11905 23785 17101 7026 11239 25700 16036 13790 9880 9736 20589 30440 18872 9548
7774 637 32735 218 23788 26943 4341 17287 1909 26243 11580 30043 23398 5038 8021 26970 29132 11948
9207 775 4769 20015 8327 28793 7897 8273 14107 5243 11387 3925 29138 7478 12521 26848 762 697
21879 25452 21843 27176 21125 7565 26771 10459 27709 29738 13791 25539 28233 19088 6450 1893 16679 8277
31277 5031 30249 4800 12782 30744 25996 8926 26766 31811 15091 24364 26423 28903 2978 19120 6726 9307
21463 7826 16382 22557 30092 16920 32549 12863 5636 5294 25043 26436 30010 26207 28926 6081 7150 14865
27583 7956 31644 12027 22306 19805 23803 11076 25132 19124 14426 9604 23037 7622 21733 10367 10829 4954
18782 27860 9830 403 15225 9531 5536 9175 31212 22703 16680 2692 19373 26443 32069 23462 4772 5424
27357 24348 7040 14112 28087 4922 14518 24187 4792 17972 836 7764 25144 28374 23956 18391 23249 17000
5427 14322 4169 16945 15913 5055 11004 15745 9453 3973 17207 1042 29331 6889 21709 17464 24318 4285
18294 20950 3485 17366 18099 20811 28739 1799 26212 704 19514 2723 20379 10615 15753 11485 29069 19379
21739 6179 29362 18069 11035 19325 24140 29319 1896 27044 19022 21355 29657 27150 28963 4506 23553 2122
31757 14030 4460 3478 31122 27474 21302 20655 15390 12159 13083 2067 7459 19859 30001 19004 24679 32632
17823 22601 13112 1342 24854 3803 1147 10099 2723 6427 12422 25064 27873 16936 15666 12902 16444 228
8820 18622 21643 6506 23397 4413 22596 29038 15042 22777 31197 29318 16477 1485 16381 5865 27335 7796
13218 31729 16573 7943 14285 6072 3921 21951 11554 27644 6179 17387 14879 21503 11224 16192 22069 18518
27858 20310 29567 13547 13851 803 25092 15740 25309 15192 18883 3135 29085 9309 22239 1657 16410 23777
29634 1031 23339 1149 11738 25656 7991 12032 8341 7640 9319 30493 544 9437 13174 11912 12106 17026
16113 25934 20613 15258 7185 17870 30281 24912 30844 310 18148 26608 18394 18345 6914 8171 9709 2396
9203 27971 26772 31564 30996 6510 24258 7295 9816 23179 30361 14239 6683 11812 18676 7340 3183 24909
17464 3818 15645 25368 29714 9001 9149 15792 8518 2602 28162 20817 17706 895 26728 11707 3726 29855
11518 9639 29123 24470 13502 30922 388 14130 9836 12255 3047 19062 173 1817 14210 17510 31143 643
7465 31861 12604 2379 6518 4882 4420 8790 21154 5701 30761 12285 12102 10915 2565 17799 14361 29866
17239 29457 9053 15907 10930 9110 884 5104 15407 26972 22061 22512 27500 21660 28787 855 22374 12328
433 5405 3373 16583 11313 26811 29753 25209 27888 28955 16750 8193 20604 5096 3089 8422 12114 8462
24934 2384 28492 8762 29191 10425 1137 32576 13771 4676 11929 12813 8760 31691 12092 1806 20038 32448
29548 9776 8590 6076 28115 24509 26800 29 7582 31122 27894 15788 31929 30893 26878 1274 21321 8862
30978 18822 10883 13350 24679 6275 23652 1726 16806 6561 31553 9088 9474 21016 3595 32205 26898 1588
23588 21060 31087 21699 17967 26082 26605 26859 26277 8613 17403 24193 30469 17997 19532 13379 13465 13370
22158 26700 17020 935 2464 6947 17153 26948 17878 21734 9677 8923 22475 18527 26130 26719 20720 12520
13563 7429 8942 9757 19585 15574 22731 517 26173 17029 2743 13679 4848 323 26578 9875 28074 12051
29222 30169 26540 6912 18754 17670 10349 19602 7845 23723 15836 1477 12484 19344 6320 26411 26615 23715
4427 11997 29169 32606 28857 20600 30545 32130 14783 24837 18338 7248 11912 4880 5940 806 20087 16270
11191 1164 18343 13855 4789 9623 6589 21059 15977 32683 25607 4237 9478 22555 7261 8319 15827 2689
10777 11607 30974 8426 8508 23833 3452 13965 6645 15870 14514 143 24732 8563 19878 6488 31022 7841
11468 27028 13290 14711 837 19498 19897 27029 27659 18401 22768 32370 20212 31604 27182 6776 6862 6176
17825 17228 13508 1572 2214 16901 15036 3983 2915 20376 29596 11634 30388 18828 2552 21293 19091 27415
27875 21539 20607 17988 29431 16240 13872 31077 7120 20010 19599 23784 2975 16300 10005 9557 7433 16410
5940 13665 9505 13705 16364 7326 17924 3785 15861 32238 27450 28863 8181 23282 19637 24184 11023 32482
5072 13884 10073 1560 32479 8863 12566 15881 7811 22514 18944 22784 2486 15739 9840 12874 9189 23571
29557 7986 20810 12114 4270 1793 13690 13523 31322 16566 22559 22035 24604 28573 19599 2001 9122 23868
13958 15556 15216 2802 19038 1391 13930 30670 8781 31525 23304 22266 1823 20617 8011 12810 1534 9483
29855 13322 29102 30189 9177 6166 10432 18938 13929 30908 16149 29599 9788 31643 25944 1173 21335 5347
10784 20653 30861 24482 29253 6676 7604 17823 17041 17534 16524 29703 14487 10736 13141 22592 19662 28257
27335 8415 15339 27953 14503 32380 12664 7437 11888 8664 4549 1544 9330 12594 31968 9736 8395 12852
26884 24392 6967 9326 28245 19794 22643 18372 8551 7155 23221 19166 6110 15554 8523 24223 29474 5794
13707 26876 3497 2977 16238 21682 9775 28940 7812 14565 9597 22024 17194 21820 23055 13241 17453 7606
18003 25741 27727 21490 23833 32014 15469 26378 18381 25472 7585 6448 5090 16714 16341 9352 24976 10963
24676 23779 28969 6586 30022 2387 11011 5416 30723 29255 31980 9301 19827 24483 10909 26510 1345 849
27651 29501 28204 3090 30105 18718 14851 23629 18347 3097 11836 8534 24368 18974 7326 18219 9518 30698
8308 950 14422 31700 23420 30519 27896 25114 12198 7259 7958 6129 12430 1179 12965 18534 18869 7447
24120 14341 21670 30592 7147 14876 7011 21396 23679 7399 840 25644 22678 10136 23487 3377 7286 1679
3560 5578 10690 16903 10102 2614 19390 6939 32604 19073 31105 27302 27829 352 25240 24234 20419 32463
549 12850 26141 13199 21366 15050 10139 18602 1528 26827 9964 3849 19034 5570 13132 17303 5816 15632
13771 25422 31880 31359 1781 3017 27901 27591 14574 9250 1984 20375 4503 18863 20402 32607 12584 15713
25110 7961 8393 19823 3004 8044 17827 30353 22792 28161 29714 14973 31574 28704 7987 26097 8553 9126
24723 17186 7581 479 21528 29850 30374 320 1113 29679 15919 20631 25378 29017 19000 10599 2569 3855
11357 21369 16287 13516 868 14241 31836 30741 782 7233 27760 21588 20063 26605 10585 12113 32752 1761
10197 26110 31793 19973 5702 23877 27394 30935 9937 21429 29185 7443 688 28261 3662 12524 24733 16147
10347 32574 31826 15908 15698 9825 27196 29866 15196 31976 655 21232 27700 30916 25081 28531 2417 29829
14706 10619 22427 28437 27357 27799 25401 8640 11719 4114 15393 1982 14416 3739 19219 13622 10335 4706
7600 6015 10575 4379 17508 31758 4461 29905 7954 31092 29750 3154 13134 5907 25671 16420 27013 20053
25120 18487 19460 17071 12982 23765 9257 19422 6775 8340 4703 11783 14481 15992 31624 7310 32349 30716
26977 25275 32551 8096 14578 20224 5170 15271 13003 15424 4322 19738 27190 21880 818 30423 32316 28546
15506 351 6392 5446 7872 30257 18762 8746 26912 20533 4703 1662 551 31609 20063 4743 30972 8739
15949 25422 15290 232 25809 20091 15741 16380 1810 26486 2266 3250 28649 31633 31397 28268 20749 8181
8427 5313 24239 11800 31320 6461 429 19019 4441 29117 15170 20677 12310 3836 6040 17506 10372 25370
19042 7224 27737 19619 20911 2908 29126 8711 15105 7790 8220 22726 26293 19425 16567 1388 26020 21072
12388 12118 19689 263 19632 13591 7169 18191 22975 15602 4428 9246 23610 28029 2161 22513 9125 27307
16231 27664 184 21252 7532 29575 25665 14612 22673 7420 25043 21869 5398 29496 21370 27695 23426 26500
6375 9149 165 726 12052 18123 23528 22684 7331 12141 26627 6189 28056 21960 10686 22684 15454 16327
31026 31317 545 19466 2316 15176 11246 5615 18424 22866 12265 28040 30977 24277 7863 8139 7461 30088
28006 2835 3044 23484 29539 15330 22025 22352 22649 3536 20027 17390 28558 3250 21593 5718 14631 4714
16020 29366 2763 23615 32081 12571 5561 5399 21715 27621 19150 3991 18767 29870 21994 11441 6560 19315
11848 10823 25443 29665 30315 22098 20025 17645 10442 25070 22712 3824 19574 20704 9151 13120 11806 16773
22547 2819 22877 2191 619 14253 19949 23889 344 14778 11731 4665 25010 27080 24319 5577 17719 12361
23983 14110 12105 5818 15081 27564 21593 4004 841 4153 18129 4326 2485 25360 7972 23423 21202 12714
31055 3885 7373 30501 25879 25086 15958 26248 9352 7341 23359 7579 21592 13063 10370 31736 23266 6181
15542 23081 14646 10229 10442 7454 6770 17285 21785 25086 15761 31525 24196 15908 5355 25419 28705 20311
14477 28459 21673 6189 1686 28176 15551 25847 3537 1686 29980 13447 7787 19510 2240 24987 7481 19292
3135 2112 29969 10041 3114 25496 16971 9803 23717 8121 5310 18702 17572 23585 25516 18077 16926 23030
4188 3072 24909 4878 4756 6505 26019 13443 11096 23015 15847 14912 14950 20800 226 9831 4381 15316
28307 4352 24651 32109 12609 3081 7216 31081 23314 6059 29286 12744 23486 8867 11849 18531 27267 21291
10127 15866 8305 5036 5943 3124 16076 8258 28339 29984 24042 4158 3329 9589 7 6027 28298 1296
17582 31974 13012 20827 14363 65 5318 24118 31461 11491 12494 6453 15909 21609 13762 10954 20381 11686
23428 20993 12840 21498 15386 22120 32396 8846 27478 11267 2107 10325 26625 9640 808 12296 17425 20945
9332 6159 7857 23885 31927 30572 19589 6251 1525 18962 18986 31303 8561 8779 21921 15971 697 6521
18586 30880 16872 32241 4724 15202 4861 30890 27548 11162 23783 10000 8041 8133 11480 25934 2095 9366
17042 17644 6579 1027 12185 27501 5573 10974 18460 21811 18180 2095 24370 14601 24086 17245 2911 1862
19699 25523 28662 16829 15461 18305 17941 10179 30789 1081 8722 29252 27945 3440 12660 7226 5372 15862
27851 29584 28035 7967 31197 28199 21813 2694 14928 32478 27288 462 16924 26404 18721 22727 13023 16578
16730 3509 14070 15354 26161 27684 6353 19727 3496 21876 12990 18398 7880 19513 13145 8646 19014 7536
28906 22750 2480 17483 19132 15165 6 25509 20795 2652 6547 29351 13176 14085 1345 30406 11197 12576
25730 26744 27057 2044 19858 7664 13217 22208 31621 22727 15590 14666 18732 20574 27520 17677 20953 22624
2873 16968 21618 31811 10282 8601 13511 11600 3428 27045 14155 24348 9376 6445 21223 11809 12663 14647
13547 27794 9556 7039 21437 12682 1823 337 11030 17980 11208 9832 32566 3549 14986 27712 16832 17196
14832 8584 29985 10422 8302 8663 10836 1853 9684 18872 29855 5673 20724 31493 28577 10914 32006 11482
13279 18570 21461 17670 21764 29092 30722 13483 18231 20405 23396 5472 17895 5072 32209 17137 6437 10447
4163 11495 21863 4992 14247 23707 28999 7561 27862 27534 19910 9651 13304 25990 3156 13225 10440 21434
20468 10500 6762 27547 17262 11477 13426 7654 752 11691 28446 645 17224 5516 17558 23559 21347 3224
26162 12160 21591 25896 28087 11542 17202 3891 18262 25662 12741 11541 20360 149 18630 9938 24884 2767
28959 22587 20591 27139 16050 13354 3312 8459 31222 31478 26942 1120 25432 24259 16842 25616 3368 12809
122 26061 26600 31900 14449 2997 23652 4738 21993 8898 4240 2437 7835 5654 12782 10465 32274 25063
25429 11993 23184 9006 10176 2300 28120 32579 26655 23189 24208 24584 28496 27945 5562 16371 30694 26468
3176 674 10474 26128 3492 5530 7216 21400 10453 21808 19276 6590 20523 29141 32426 2335 24367 20898
6919 5008 1569 10700 26844 13443 21699 19748 12855 9085 25147 27065 21275 11524 19572 13257 6050 19881
3176 14395 1191 27523 23065 21442 26274 18880 7492 2580 17096 4715 9732 14622 1621 4791 10697 25952
4194 1292 16554 6433 29021 1533 24238 5474 32133 3826 1498 19929 3354 4936 11242 28136 1783 7094
4248 24972 4458 31719 65 7854 1415 32340 15954 10858 24 8780 5278 5877 11694 18579 16992 30127
11306 27030 18393 31003 7965 12966 18905 17290 20931 9456 2542 7634 1031 4791 11940 4684 15670 5937
22462 10242 16610 25659 15182 14885 717 625 18001 10236 13268 24484 32317 22683 17975 18244 7779 20247
995 8612 11667 19344 4631 5256 2084 13112 231 25328 6747 15797 16220 9890 18051 8768 4850 16302
13330 16682 27868 5893 646 1420 14749 3755 7259 31592 1758 15387 9998 21912 7077 18773 19015 24749
24198 6166 19550 7508 9848 739 15864 32638 20846 22785 13115 3479 15763 28669 17408 23573 213 26632
20736 8429 31277 32287 18690 23560 6570 2275 27273 20188 31380 31548 15678 16792 11168 2440 16409 20302
16827 19724 1974 14171 4294 375 18608 28229 9925 14537 2620 27554 25892 8550 32123 28508 21610 14979
13433 15371 3592 4799 13718 277 22671 27843 10130 28923 20933 26328 4411 16494 17321 32717 27095 2310
32505 5862 30077 19604 22652 16759 10753 5257 9278 4908 6069 27143 19278 13396 4816 8508 22385 25219
6377 13931 4478 14192 11931 13727 3446 20991 12662 27623 16698 15813 23178 23608 379 13390 27774 13461
176 5505 19080 16270 11423 12603 29537 3619 1477 16379 7259 21866 19811 9538 26944 15669 9590 22708
31589 6706 32540 4350 22137 20723 29538 3393 21503 23737 25010 6297 9301 13983 29025 9302 5898 6523
20663 5008 10288 23784 20184 5621 3410 26145 11089 11248 16194 26506 14428 12817 15209 28011 11088 3520
31235 29372 14121 22724 21637 31264 19753 9951 22462 26336 8318 16770 16060 4807 18198 30272 4575 23450
5500 21167 9712 9522 4270 27505 30646 2996 4646 2277 8091 16912 31347 22091 22998 22680 3425 28392
24133 26680 21842 26099 1384 23945 10245 9325 29915 24673 10776 14616 20520 4955 27803 30387 10860 10316
244 31953 13138 1016 7900 1742 23909 28370 14593 7284 30593 3502 6954 483 30575 7875 28567 221
28705 14048 17896 26786 28815 31463 30787 24622 18111 4476 2879 26210 25303 18733 25515 7436 22219 11892
28281 14620 11753 3664 5990 13913 6371 8492 10600 10352 10824 22887 30101 18076 7821 4881 23594 3454
27947 7969 5142 4967 7514 26422 19556 27224 7068 9607 1068 11528 2789 28008 13531 4447 20058 32627
10798 7661 18357 9805 9490 23800 1279 6117 9370 10775 23401 5718 28848 30355 10696 19902 17392 7880
16320 10644 12001 12028 9450 7942 4631 12748 15409 10006 18957 25882 32762 25793 27076 28952 20893 13399
7983 32194 6616 7658 7727 16982 13688 26876 11653 27450 27055 19325 12890 29251 23971 29191 21959 17594
21219 23440 8382 21567 7061 17832 10754 28074 2052 9495 12953 29145 18521 26237 19636 19839 32514 29513
26574 19025 32598 14107 24735 5917 29739 8463 28116 8653 27302 23988 2069 8204 32193 17585 10163 24936
7611 14179 29872 18584 12203 27430 17746 1599 420 23534 1668 29331 20151 25497 27381 8424 20459 12549
31712 2418 5206 6974 26828 25962 7823 3515 12469 6520 473 2098 611 19008 31568 28283 28174 30537
17430 9610 17970 14349 5924 14325 18859 30575 10033 32424 29964 18732 446 2778 5474 13801 6511 19096
31168 6407 29975 10090 24230 28006 16193 6074 28745 9135 12573 24866 32277 24396 5794 1824 15809 13687
26282 8604 14105 19097 10915 6184 14230 27154 13217 31952 26371 29654 22177 1038 23310 15522 11797 21501
17629 15461 6724 10505 5338 9930 32708 2438 12498 18958 31861 1666 6275 20545 4581 17499 5072 16010
32589 18384 18457 20105 18492 17215 20162 32448 9041 24599 11089 29752 19715 16564 14917 2780 31516 13813
30601 12389 27660 26123 13856 25864 20164 24191 9950 32388 32389 20284 18627 2458 20314 26946 8161 26011
26206 7763 20122 30250 23183 15275 27882 1954 6591 7840 14828 16701 19958 31766 979 16776 16046 30906
25096 16822 27326 3543 7523 23094 22088 30085 25316 18016 18714 7292 7306 16917 30894 21042 3205 23930
23456 14170 1633 25350 8202 8977 25279 11276 781 32030 2371 32565 1121 18406 11384 21895 12711 22306
5222 8512 1782 28288 4901 29531 7838 17631 32648 6957 11748 10023 21107 7221 2484 14322 16930 5691
12164 1870 30646 31683 3754 32476 15156 12905 3528 23982 12649 31229 2238 16664 2176 13729 16952 30037
11911 29413 1600 2651 28238 19384 30917 26977 3692 32190 19465 26133 20143 21831 23517 2174 24528 17606
26862 2808 12581 18443 28621 18529 12492 27792 22825 5775 23073 7515 32177 18733 11788 2962 14894 22677
29250 21138 4092 26913 21070 12714 3555 11904 15993 30738 32002 26579 9716 32681 3597 28474 26275 20725
739 6698 3765 20138 4140 26157 19888 588 29503 11597 11939 26567 30876 24382 30996 21221 28230 31365
21546 19287 15972 16889 2036 31403 11884 27283 31028 2265 32339 15672 15107 605 25597 26954 21250 9683
7928 682 3000 12939 8329 26866 28989 5627 965 4636 21494 5015 21065 30179 28131 16986 20668 5436
1439 32004 20474 23027 11369 8380 15868 19168 29139 13586 29627 20472 10675 23417 31445 712 8368 8185
18247 18250 23261 2232 8692 10474 14488 32668 16110 14188 7554 29198 15445 24807 30196 17175 1366 799
14008 27612 21785 12734 12940 26144 22226 27755 25275 15642 7403 16694 32000 24729 27937 6052 29807 5735
7472 8011 16466 9703 31408 8015 1274 6638 31801 8638 31594 13522 13873 14176 13033 29371 20499 20376
2208 13948 30205 24782 29206 31784 627 23728 30002 11869 23545 11556 27389 31108 17385 13575 26784 14729
4208 4546 27198 23943 4017 6273 7284 24104 3663 19419 24580 8638 16133 17952 25490 27420 32264 21351
28607 11808 11425 14313 16819 26445 8536 24315 3956 20630 26666 28120 4866 4446 20195 30483 14153 17476
31211 18913 17282 28446 32101 6620 8453 18790 13870 31529 5829 27877 24460 28278 6058 19586 8379 31128
32498 3394 3861 2163 22213 7665 24639 4468 1263 10350 18609 15206 31251 14747 16951 32406 16174 15274
14135 32403 31983 7717 19921 6211 22977 18664 20307 24603 18899 13483 26603 3206 11661 18003 15074 2221
23036 18470 1649 11145 26581 7583 21654 20212 25748 3327 29615 17248 16843 15285 13154 23354 7844 14455
8717 2882 18427 12311 17923 23191 2611 10291 3960 8016 12755 23663 32351 17144 21999 6585 14545 3037
18752 13309 3419 9729 19654 29194 7576 26848 25056 2896 11703 5375 21803 5337 21289 1494 24806 30568
109 5176 191 19585 10385 9408 21581 15741 30567 7814 11200 16642 22966 17939 6797 21116 20880 14522
11427 32759 21292 1001 6621 27240 9697 5405 4976 5048 1372 32185 2044 6091 32565 18206 31073 11016
18537 21392 16767 31630 1956 1666 24646 20632 20308 12798 12609 1040 17428 853 8733 12915 11168 27944
18507 15601 24465 18654 28801 31123 24810 11408 1213 11846 1823 12675 25645 12622 2126 9832 2504 19588
21697 27210 7321 16093 983 27463 18140 30631 19349 1555 28468 26848 16940 16726 12168 2769 25245 8538
10049 28388 4611 4146 653 31688 8419 5541 21768 12477 1369 23573 8610 2673 18592 15589 11652 26192
25975 20898 30933 89 4810 17699 31196 26299 13827 24868 30249 51 31381 5097 5798 27 18631 27186
4347 25932 6445 14781 1009 24288 24784 30529 24989 13099 4285 30118 1062 1392 26230 2260 18588 5364
2150 18640 19448 21371 10880 29008 9876 27870 14167 6570 16827 7603 14727 16502 9086 29652 202 26626
19680 21788 16377 16037 1575 26823 7933 4040 13672 16032 32019 30867 7083 20620 24353 7481 5035 14989
18078 23207 12115 17632 27782 12266 20335 7210 7287 23699 4474 21564 11355 28317 12223 4327 19458 15614
12190 28986 10497 2669 31298 6259 9062 19586 15227 29203 3506 21148 8900 2956 13743 18867 25291 8236
12746 22483 2741 13295 11729 19542 5754 22420 13474 8152 20637 29652 12811 16627 25240 13937 10379 26843
12214 32078 22476 29796 21891 23686 20197 32060 28499 6603 10002 12117 30562 15043 25357 5800 25222 397
11723 24931 20966 29391 30299 20971 30556 17234 9054 23903 1934 18015 23381 12887 22190 15287 7279 9233
31544 5836 8519 13647 4943 7365 19919 16429 1975 29850 8141 30089 27088 1364 24724 12671 18245 16106
4668 24319 4092 10429 21842 26842 27363 21256 17171 29200 5148 1562 30585 21272 8741 19425 18377 5891
19617 12286 24876 29932 4664 20879 19436 471 22447 9192 3713 5744 24071 30926 27889 9570 10882 12706
241 32303 15653 12901 9597 14129 12574 29430 29493 15682 9115 19167 18671 17049 32085 21248 7279 2674
31063 31174 3864 19618 1773 9637 924 11718 24995 374 12101 1858 31454 20353 25481 31744 4797 24158
3140 5363 6774 31927 7633 25141 15667 1675 28567 23622 11098 26893 16044 348 915 14616 21746 27450
30386 14099 4148 22857 411 24040 17891 27344 22789 22462 15949 1309 25647 29950 17710 8868 24899 489
2439 1486 4193 5610 19041 3133 151 14809 2878 7771 23367 32651 19794 30400 18902 26783 2209 16060
20827 14097 24967 14923 16612 994 22137 47 3557 14396 25059 31592 14956 17650 19607 12201 8845 13333
11270 32456 19222 28853 18763 27175 3864 24835 27611 3213 18257 11979 17644 18422 18516 23031 30438 25562
21130 29030 30022 6132 20559 3584 14385 15994 32513 27734 305 11139 23883 16352 11087 25611 31957 7469
17424 12687 4436 5523 26699 19914 23074 25096 8539 8812 16938 14192 16068 23008 20956 8611 26577 15146
20494 66 25017 3865 11212 662 17800 2323 3566 15461 8938 28737 11202 12974 19160 1331 14487 31009
15962 24474 4419 16073 32303 16378 32274 25765 13777 4699 9961 31291 32642 7300 5477 15652 15430 5238
25071 30221 15327 7180 26125 20600 12693 23463 4566 2227 12472 14820 16191 2980 11718 27467 8100 26013
16272 22115 8114 6747 7364 1978 23942 17553 4467 12969 3327 5734 27004 31184 26198 6462 2663 31802
31511 18204 14830 25211 3344 23217 19704 26682 17360 28966 14914 7703 23609 23262 19910 24378 11892 13749
30781 14354 9669 11801 30427 14436 1841 544 20263 28257 8696 8881 23385 1345 18040 3934 25302 17634
8023 18474 31451 27925 18625 29087 11120 10540 16932 1811 5375 6222 5595 14229 4390 9638 21401 18526
3328 11377 14461 6712 5878 9554 8641 11468 23795 22237 9649 15387 5865 18236 28338 21649 6540 26874
13450 30946 3394 16841 28715 13999 1408 869 9548 17648 29719 22181 24312 2231 13584 20858 14691 7351
11930 21987 5827 13837 16737 21712 23120 1108 1247 12672 17686 26451 3147 16586 20892 5894 12098 8475
10574 6719 4986 26153 4182 9925 29132 21849 25559 18632 21570 11844 1599 27530 18392 15178 21975 8430
16099 9937 2460 17160 8061 20508 4210 19443 14917 7487 20083 9 9526 1140 21653 17944 14104 19011
28251 18960 7937 12261 8764 17898 21453 3445 32681 3244 22622 5325 22542 13285 4023 14454 15666 30501
7544 29494 25292 12783 3768 27366 15769 3029 18114 11496 31989 13001 27812 32129 15079 16323 21609 30875
32273 8601 8432 32217 27151 10792 6638 9616 14932 6512 29203 14759 25222 17329 31112 28424 29213 11449
30934 23212 5483 13914 12218 24518 20833 15551 13394 4505 21852 15574 11969 17820 32597 24910 11495 21016
28157 4555 2605 13526 15781 24577 10261 7704 19199 28558 29271 7119 6217 13242 27605 24869 12391 8104
16319 26179 9420 9340 4690 23607 323 6722 3775 12582 20971 28296 27862 8442 6076 13743 27381 3545
18166 31237 30741 7514 11318 26055 2730 21937 21344 8841 24335 14102 19727 2975 6819 3470 28228 3710
3806 30491 26131 21767 6424 22914 17906 5823 23053 17696 22502 11201 16852 32718 24385 15883 11331 13131
8057 13643 2369 31995 17730 14463 19865 22830 3557 25160 10240 9971 18600 801 13877 16376 3897 3602
13965 24775 20282 2914 29101 23897 730 11766 22694 24036 13175 26233 4816 8067 8792 4370 30905 30162
13296 6438 14006 2100 31018 12188 5026 1940 29429 28409 6280 22662 27700 2650 5073 27976 1499 25067
13579 19559 20790 6735 15631 32607 5283 4559 32248 26071 5713 20500 10226 10367 2417 19455 7569 18642
31130 9090 19776 2231 20518 8822 18969 9865 20601 13024 8600 10540 9651 5072 10567 14548 24403 29378
16586 16243 30632 17033 17411 19953 16584 27988 10622 308 21436 15454 2423 25550 23943 4590 2181 1938
26438 21001 25367 21421 29578 5269 5277 17075 3791 32413 22439 3451 11707 23872 31121 32090 30088 24328
16133 25479 19265 1984 21536 28710 17569 14804 1430 26070 22385 29443 15675 25945 25390 5665 32689 19879
28878 24696 26015 27679 17690 25515 19790 30994 8391 9160 16673 7244 19257 12793 19790 30295 17216 25175
17049 27029 12881 30700 8484 8098 32221 25218 10000 1862 4831 27476 16438 17968 18385 27514 20798 23450
28824 26759 7050 28218 281 13387 13594 889 22965 27038 20755 6687 6694 25605 21426 26033 5792 3589
28500 9705 19250 8335 17865 22153 26982 12804 18635 13084 23548 11914 22600 19299 23867 5811 22406 9165
31505 8398 14189 7715 9713 6259 12425 9861 9592 6090 10727 24745 3976 30588 1893 20856 7659 4352
23801 16473 32163 11948 16820 19964 29895 18099 16256 31146 31471 23423 6800 5237 7977 7998 28050 23431
22761 13585 21993 14154 7839 11420 11300 23241 24332 5119 1186 16075 14468 15325 29820 13820 2708 2521
22314 5272 15801 29932 3966 10417 23998 2183 438 32469 25064 2452 16729 11982 16269 6610 12150 11308
9007 30066 1302 22594 27415 9959 1561 20207 16757 19763 22528 11439 28460 20445 14677 18606 17972 7711
5386 7846 15761 21304 11863 26049 7090 24010 24704 3874 19169 1350 12110 10461 13440 26949 9080 24901
15817 22457 12073 9825 17199 5339 5950 7579 11891 29005 7285 28646 447 19281 24805 9668 30317 21759
17812 4076 2303 15848 15560 30690 4052 6599 19411 5399 14367 8980 14840 532 1246 12782 9976 11750
11322 1734 1510 1535 28500 17050 14541 21514 18389 10615 18355 3149 2123 2932 28853 2055 19022 28608
3016 26683 18269 24047 32531 7324 30588 25028 16202 19165 4723 9449 6328 4669 20224 15117 15298 26379
31952 31799 19071 709 21487 2425 25147 9329 5908 22513 23791 7365 25639 23899 18265 25419 20104 15384
18272 12034 8221 2147 28221 20452 23659 1093 13229 17432 25076 28051 5234 17918 17876 15002 4585 19928
17774 24685 3390 17505 27340 32746 15217 24806 16110 5309 11547 28775 9774 728 9937 43 17242 7649
17781 10579 31963 1879 11017 30775 32672 32328 12229 11281 23895 32317 21275 19192 8149 18226 26977 18003
28517 11496 16756 11051 10008 18397 16095 6835 29518 25731 9156 1978 22224 19750 1960 29544 12695 18844
13828 10064 9846 28986 29014 9833 31329 11171 22100 21467 19117 31430 23387 2208 13530 27741 10300 5692
19739 19623 16968 29048 32495 30649 18531 343 13291 25937 15253 20073 23741 19092 4062 3591 14559 28262
254 18005 30683 2865 26588 1601 4445 23606 3053 27988 28451 12240 11502 216 17810 7450 16661 2026
13834 14033 8928 27853 6162 22825 11249 24172 1073 28106 30657 11557 32099 16814 19049 8466 21698 18799
22500 17354 9057 28759 26580 23233 30266 19615 4324 3510 2251 22316 2311 30000 10638 74 17787 3566
9430 16356 26508 19409 20955 31409 12541 18788 7803 23298 32058 20430 13337 30429 31389 12887 5174 24622
8115 15143 17946 31837 6442 9095 29520 15561 11203 21657 3689 5799 18019 27716 24465 21547 16625 17079
5084 7319 688 27511 10896 20086 3404 28582 23752 1999 10318 15211 23366 30912 10325 31910 32424 23656
3852 27922 17816 13340 32521 17744 15778 8296 16354 21411 12758 30001 20228 29523 15370 25377 14367 24624
5168 21493 12866 8703 14791 21723 15646 3311 21524 11005 14964 4474 25578 28232 16331 22794 9248 18129
7311 27274 13362 10218 20515 21422 26903 9696 27748 4599 24688 16813 8312 14359 12726 18300 26582 3067
23059 6771 6487 6275 15906 3028 21185 28643 24023 6003 31893 6690 5973 8978 25118 27527 4862 7093
6498 16439 14025 3360 14277 22193 15087 4047 3851 18433 15802 10482 28092 22221 28845 30980 8473 5090
15574 21573 12778 4631 30847 8533 6832 9995 3010 6870 29017 29572 7963 20029 16835 12507 12379 30216
5104 32250 10655 2271 23273 10400 22174 7273 18376 12218 21640 29989 15542 30919 22439 24911 23741 30298
25516 14709 29500 14990 20928 9206 12295 12729 16747 30211 29591 359 20311 20327 10123 18370 11854 19563
24439 13999 32476 27068 15742 18420 145 30509 22613 1256 31257 13271 7133 7887 29550 29002 25480 21334
7639 22663 18382 22867 1780 11624 23824 20881 28967 11354 23904 30822 28449 24028 31675 4843 7415 31992
23242 21683 5073 19366 25649 14847 29610 28898 31749 4525 8125 15932 19633 13341 2180 30312 9854 8568
8344 29443 12391 1278 22346 17343 25629 22563 13810 9400 4880 8702 31578 26148 28491 3886 20772 8955
21636 23983 30659 24942 19978 22851 1172 31193 5130 25510 3662 24502 32188 17802 25439 10551 9162 17269
10030 28839 11903 13081 28870 27764 3256 3231 18583 22796 3761 13468 8088 4509 8585 31198 7648 29281
9856 957 25065 24968 8887 11423 3971 6734 17219 1180 18508 5767 29054 30896 27222 12796 29500 22933
12687 25726 21448 16282 5876 11726 4299 1594 2605 4134 18288 23579 24951 13523 24113 9033 7083 5832
26110 7615 20668 20531 12501 8721 27714 25948 22451 21608 3637 10926 11524 8136 11853 8262 22413 27554
23833 24654 4416 18749 16336 31480 18053 5677 8700 23952 4554 20013 14807 7954 20238 2512 31342 20290
17441 25857 4169 9270 6319 19023 25676 8641 6812 24038 16627 6000 2872 1363 30055 4231 28626 18137
4969 4740 8933 32205 8940 17845 8708 7841 26728 25563 21283 1896 6398 2465 16084 6302 6466 17824
31359 4629 8703 551 16052 28726 26490 9534 26122 17796 7780 625 20515 19533 31755 31570 25819 11439
3019 27164 13220 13010 30550 12963 27516 29022 7417 5409 9927 3109 4162 8174 18320 10104 24801 23260
24584 14049 17361 2380 25401 10473 31351 7690 6671 10958 5284 15832 6287 141 26632 27623 12121 11525
23192 15576 5446 26203 23241 11210 17818 4848 8754 28077 19976 19011 7769 24286 2385 5662 7154 26372
507 28722 4133 28485 31031 14238 7197 18038 20042 6950 10014 4043 16855 13155 10796 6137 20928 18701
2800 11163 10490 1046 8201 19800 24587 32277 15328 25879 2357 30241 23009 17904 17781 8204 18915 9761
23879 19417 30096 26052 6703 25128 7279 16151 23529 28732 8699 15733 9754 16456 18918 5748 8884 15051
32450 16736 21493 2734 32490 26756 29325 17213 2963 4448 13567 329 30258 5772 31262 17626 10191 20515
5268 32591 32658 1657 12838 4509 8713 2752 7057 14009 6159 4719 18561 5703 22346 12346 978 31700
4352 2087 7152 28054 25340 6385 23471 8332 18284 14466 18257 952 24051 7721 22931 24649 27634 5896
15718 18916 11857 16747 16230 23302 23039 26985 29718 31195 26308 25708 19975 8496 32637 1771 8233 26984
13837 4112 18666 20125 21529 10230 166 28100 26335 19481 2425 14042 24836 17853 14928 20287 28347 1760
8899 8192 22563 2393 17180 19631 3566 3173 5305 3684 15352 19398 24055 11996 32461 3632 4025 8237
5829 9460 9692 27688 13717 15017 18556 30910 16949 2949 10656 23521 12108 25746 23255 15447 16110 1108
5981 31227 20949 14997 15887 6994 7128 25024 30720 14913 23346 3781 18301 28141 28115 4957 31392 27686
24829 11803 16067 24479 22293 1384 20502 11792 24561 18422 259 10930 7903 4143 5771 28920 23423 25984
13386 25493 22678 30662 21762 3013 3374 29023 2888 21656 7103 31532 1694 24300 9257 20250 6301 26948
19220 29767 13909 2041 5296 649 12885 10714 27749 1793 10842 9437 30672 26507 26027 18164 4018 24773
8111 10138 31399 31064 31338 13552 18168 2160 5539 14785 24047 10736 1580 22360 11700 15674 10545 12235
1403 18871 4115 15502 32770 26277 133 3296 6106 32595 17533 26924 17051 5074 18135 5629 11711 20034
14368 13221 31246 2811 14175 30158 4453 12082 15278 12191 29266 26895 14658 28621 3656 14127 16244 10612
5667 20768 2763 9276 20613 20278 18145 12771 22223 11215 32020 25390 21576 31615 27527 14697 9062 30436
16270 4168 25974 13131 29029 15294 28791 9463 15188 5691 12052 18479 27060 31567 20300 3186 32462 27188
23235 23976 26356 19685 5567 26559 14637 8027 16461 28804 16368 29449 5501 25631 17893 2681 9504 28332
25461 2432 25487 16812 18468 30014 3021 24122 15379 203 12268 652 22104 25067 5017 5415 8993 10714
11500 10883 13795 24263 26554 238 25729 20775 1732 3742 9755 27008 16213 32234 21046 27285 27429 13382
15450 25369 27768 16074 26552 19644 8320 16733 20270 4773 31721 17455 32113 31863 11719 31537 29129 14747
25758 25616 3206 2190 4545 22085 32749 14016 18185 24926 463 29874 2727 5571 14524 14838 15620 4968
8676 13754 28037 31465 27374 1944 14533 7484 31824 15498 3535 1202 12231 19474 29910 13691 28452 4565
13542 16171 14087 32572 29518 32156 14954 409 10634 8974 8704 22547 3429 26996 9162 22168 18278 1324
28506 20472 4884 13997 10706 9653 9845 5636 30337 13932 31330 29843 18335 10710 21158 28999 29484 21588
7931 6914 18518 12031 4945 15647 8390 8117 4519 12899 10926 3563 17068 23057 26147 32525 30696 2851
5164 14262 13616 8734 4265 7373 31566 1238 21800 20795 12664 14444 8216 19248 18706 26131 31675 24202
30569 26873 8694 30469 8618 17359 30639 32396 22451 6038 7449 11257 30750 30961 19884 13900 23426 16358
3314 10149 8566 11707 23296 19659 31719 1218 28018 32006 5269 28479 10455 13838 26956 20354 22046 18496
14714 22291 20514 3875 25347 32691 9683 29184 18599 17062 27776 10536 7891 10870 15902 748 15068 6842
8281 9496 16458 27182 20226 1808 18549 11016 10220 7986 24691 15822 12804 412 30978 2486 32043 27238
9498 30813 22047 28759 17033 3753 2779 23557 26791 16551 15082 24307 14714 23382 28770 9997 28981 8351
31864 2689 20401 29165 21801 18352 14423 9395 28253 5471 9277 23848 19461 32547 17009 2950 18348 19025
25301 26497 18180 24223 1667 1416 24081 28650 13137 25333 6755 25390 25881 1036 29071 11417 14654 97
4276 8518 12396 6449 2037 31143 8993 14042 3573 32756 17277 26436 22581 9950 19033 15264 17167 1184
10679 8188 17975 28183 25163 2335 29062 11869 22118 5248 28161 5785 14336 30406 16094 25001 27699 21604
16222 10426 414 24656 6180 25508 5300 23916 10615 12667 15908 23939 9561 26052 26600 23316 22055 5540
9315 2378 19736 8517 25512 30189 30069 30111 8955 22960 18398 657 29470 13080 6512 8417 28621 1804
17360 25832 1665 25605 8485 6473 10020 922 6148 24020 14955 9638 13447 9945 31627 739 2110 6293
3884 28724 20421 31484 30010 4492 6117 16815 12453 13908 24281 25659 16774 15470 28238 626 19830 5384
26872 4486 4685 18500 18798 3192 32469 4810 19480 26085 3535 31090 554 13579 16287 28523 2187 23516
19881 27342 7971 8392 29757 794 7229 30975 28358 30205 30866 32522 513 11884 28325 20827 12464 10806
27560 21878 30343 22900 19363 6903 9490 21598 7723 23388 16212 884 28566 20855 28482 5621 20962 25994
29035 25175 8842 27001 5001 3361 18437 24916 8331 4641 25568 5126 22321 3005 13542 24685 18177 21641
9663 4695 12121 24350 17258 13383 15576 24663 6266 6405 16620 10105 10312 6574 16276 16646 1603 17357
28630 16217 17884 29706 2462 17956 15977 6346 32451 13151 24445 6441 31163 766 4408 7218 16022 18751
23840 11394 19083 24060 23315 29645 19882 6098 7820 2801 23100 12310 8237 6716 26500 11840 24383 17909
430 29817 14332 8918 17522 19335 10660 12123 31789 2026 2246 3274 2243 9764 23178 29891 24336 30827
21261 9964 17526 17259 13566 19200 8403 25750 3334 793 679 24345 1404 10676 12579 27399 20044 31067
26926 25270 21878 5816 8148 10807 19234 15441 26590 27993 11987 459 21676 20381 24599 31658 30786 27340
28620 12200 22246 14180 11650 6230 27951 15207 11698 13850 9360 7112 17167 26536 20941 27498 10542 1803
6677 21707 23296 1789 22984 31294 20812 3114 27125 10109 9721 16201 24607 12914 22280 21136 9172 9612
9839 30831 30477 4299 20772 17869 19548 7376 7154 15578 1927 15377 28445 31727 1167 5819 32523 19728
152 3166 15642 4319 16744 26638 3162 17130 5865 8890 30511 4462 4898 20463 24675 17783 5185 4239
27936 30599 31994 10215 8910 19520 14125 3875 30064 13633 23694 8943 16923 29352 8754 18217 29044 20573
24926 7487 16148 23502 23458 10297 24654 3587 5189 31650 2087 9659 23734 20538 683 11783 28409 6944
25907 27896 12729 816 3673 13970 946 20568 29383 24611 10396 12824 29075 20355 13424 30471 11688 25391
4417 4948 9871 11783 31404 4493 3693 17255 3206 18779 5938 4117 16053 30827 13557 31317 27678 6779
4127 18360 16207 6655 9175 399 8639 14505 17596 22276 2310 18787 3060 13902 16046 6281 25173 6955
32230 7847 10228 19646 897 22837 13255 2095 27836 26079 10178 21371 32611 15276 21735 29775 14573 7881
11274 18247 16276 10812 30235 29584 4496 3144 20907 13910 3841 20571 12225 17192 14677 21467 19832 29667
17852 16743 26045 17733 23936 11591 5969 23468 10363 12578 15095 3107 32259 8630 9736 9587 22555 14966
5355 30167 25763 23475 14986 18562 20757 14115 12046 22457 11365 1620 15267 28451 31506 10094 15920 14844
22886 15538 8543 31268 18521 10613 9351 8935 14 2515 28812 5208 25929 174 13426 29345 31897 30614
17965 22043 30712 11646 1122 20140 15035 11980 29486 30896 28552 5304 21114 7432 3338 9754 10148 6676
25599 14074 30663 4184 5251 25077 11862 4123 1306 30802 27591 17064 14331 17401 14460 19493 6813 30667
22544 24973 11180 27226 14564 20154 4913 30371 15293 26924 2248 8043 20430 10926 9303 20528 7914 28711
29907 22832 17945 6399 31110 248 22078 668 22839 18626 6399 7191 29678 16011 22071 3632 10940 31208
5487 13181 31197 7902 5937 23833 16680 686 929 7989 22115 20376 2097 8715 15997 17004 25237 13111
10368 24073 4857 4913 1741 12778 13193 15115 25323 3647 12082 5703 18282 17048 21888 27965 23468 17067
1558 31636 3733 19901 28863 28389 27418 29613 9696 18877 29429 5282 29298 26357 7164 14076 17740 6442
19241 20336 6082 8757 27280 22351 5911 32652 29975 19743 2522 17968 5218 31645 11681 2875 11647 8887
2318 5344 30575 24282 28182 20222 30654 27343 10357 16526 509 5973 5213 32052 5334 5457 6518 20175
12764 28217 17970 5043 2893 18091 1841 3187 9244 18218 14080 5850 16012 18280 544 4205 13410 6040
23316 23928 5695 993 31575 20508 11375 28272 11104 27666 13889 7014 20553 16941 953 2932 30891 24688
17790 24 26176 4692 11978 1742 20345 27925 17907 9728 21927 25806 32490 2167 27430 25836 31742 17133
9659 10729 4435 4077 14741 22138 26069 7641 6143 350 20261 19314 28370 14219 17186 28269 959 11775
31843 32752 10309 8394 11348 19526 16747 6439 22512 32723 8299 6419 14958 11988 9848 26138 19111 13093
29251 28944 15913 31876 4182 5552 9993 11974 27848 11944 1977 10904 106 14796 30953 23575 30349 2183
15917 27713 18239 14533 25723 12323 282 29086 18180 29310 16436 8450 5713 29588 3203 13475 15769 15196
7407 3156 17010 6612 15056 8079 31412 29082 16611 5071 13374 10418 29600 16153 11236 23536 11435 21178
28028 12272 6013 10826 31552 23813 31145 31399 22109 20679 17307 24041 18084 617 26005 30358 31829 21783
9495 10221 26515 9306 28162 7760 25192 22337 23704 9003 2539 5442 31605 31351 24573 31140 29120 17110
5254 24900 7568 6023 4265 11792 22222 28051 8146 7560 22014 27013 21417 3299 31712 10630 32162 18386
29792 16249 23396 15679 29374 22415 20697 13887 358 18179 19678 27611 8733 32488 13419 5707 15011 8107
28477 21249 2365 10322 29574 31954 7664 32375 27489 20970 4961 18957 20637 1299 1221 24996 6947 5137
31572 17143 23796 212 20519 21418 26912 18652 16087 26188 24656 14094 9107 16212 16409 27421 8759 5877
20560 13342 12530 21157 2672 6291 17366 29497 22497 10526 5107 29409 16786 31046 16256 4097 28396 23274
15734 16299 3519 14133 25095 17584 443 8809 28450 9919 29997 1478 27881 1564 10383 31623 18164 1858
7121 14659 26990 21179 28370 9392 23188 25977 4795 28234 3199 11643 11018 20111 25348 11819 14260 16734
10770 10696 26139 23416 30727 2581 9340 5775 14470 1674 21177 12008 23433 16772 11917 28801 25696 23112
21764 3299 21869 12208 30360 22677 13195 19992 6634 2490 7826 18039 2026 21962 14603 26945 16111 2346
23786 8612 2027 29887 22614 27908 2401 20042 11898 10908 30089 24257 6384 16311 11726 6851 17693 19371
30996 410 2526 26752 10233 24146 4567 13234 17256 18165 13628 6887 8603 30316 151 10643 32109 23539
9081 21029 27372 32163 17284 28610 18367 2173 28492 31890 211 11053 11877 14252 18990 5849 26803 14218
9615 16994 8833 9505 21274 19295 18650 6782 1998 4665 2490 25141 1802 27552 30014 4788 31179 1256
25156 16959 8237 22057 21425 20154 14690 16155 23058 30175 15827 10703 11582 14809 18269 20436 31318 19960
17403 32119 8719 1952 20154 28558 25361 3988 19129 10037 11484 20337 7301 20481 5779 22343 7623 5180
13908 14289 10010 31629 21700 3210 19479 12272 14510 12843 9645 17570 1796 25972 18182 23471 29478 17947
14332 17758 15191 31258 4728 30259 11645 27912 7576 28432 12297 26636 904 29488 2934 32155 32082 10628
28480 1504 4296 673 28746 10036 15635 721 31311 9924 12603 18563 29260 32154 26896 28316 1341 28122
19501 9249 24158 5171 11113 5593 17024 12725 14434 1930 19254 10682 21394 13779 15926 28698 19463 24449
15675 25515 28137 4172 18898 20770 31622 2682 22980 6615 27489 27225 30583 15127 2520 24646 10933 12719
22647 7287 9623 30110 18270 18858 29154 2559 9544 12705 6760 23916 24993 26596 3275 30294 31952 5899
12134 10195 17122 19441 26562 19084 11379 23407 3275 13845 377 15938 444 30263 6972 32471 29976 30937
24412 5666 32692 12312 20978 20928 8329 25619 22972 8534 20514 12766 4645 25870 10421 29189 18500 7036
24180 883 32149 2280 997 14070 3326 13690 22194 22128 20018 23802 4262 1221 21346 11605 30942 29122
7446 28497 12627 7755 24623 30024 31865 11533 14934 27720 30586 31466 28854 27514 1050 31820 5245 23999
24446 6660 10856 8573 8389 2858 12239 31445 7167 26249 6767 13253 26007 26789 11812 1832 29045 10816
17669 12576 2833 17019 26102 17069 8548 4541 17677 4719 8938 12473 2677 26844 26197 16238 31648 16812
23342 4361 25227 16449 32493 28487 20323 12783 20998 29326 4209 14916 18854 10807 31786 1670 31007 4344
26992 8759 28732 2497 29282 19160 2334 24699 23827 23860 8986 2939 18103 14733 1324 10458 27867 14697
25883 29771 12618 5171 20104 12576 13223 19875 26285 17497 7577 2757 18399 31551 32052 26872 29102 14886
18845 13088 2283 3917 28084 4560 25742 26183 30086 4244 8695 22334 14639 5668 15929 20178 8986 11035
28478 2597 27431 10817 14647 8929 25925 14192 31869 10239 15818 6319 30570 32294 16317 19935 30873 1258
494 427 15717 15390 5653 12845 14528 25834 5672 10867 15889 23563 11214 11045 19547 10059 28258 23815
30226 29724 13120 27099 8245 487 11167 22405 5946 13543 28080 337 12870 19726 17191 19375 1101 32059
23143 28128 21694 24258 13832 28242 23623 32046 30271 11458 551 30291 22763 5899 5572 27168 2907 25512
16466 14271 11064 28526 10954 16835 4218 6175 5160 14184 16080 13002 21523 7625 6241 30494 1344 5453
12125 32181 21663 6020 20883 11369 12486 10465 10776 11552 21813 15177 5562 19011 28147 15419 1271 20038
20451 3030 2311 16567 169 22444 26215 7704 2909 5649 18948 25949 23879 7529 31913 6289 9936 5175
12449 2707 31884 13522 17788 6214 13576 8627 7725 9999 15958 17935 25949 1562 26655 32357 23649 3479
23983 1435 3947 6254 19686 25134 3395 13348 29775 20395 31830 8914 5775 24690 10864 2998 3479 21431
29306 30093 31228 23457 5299 26528 19132 20478 23797 19679 6478 2216 13160 29981 5573 23787 29521 20691
32615 628 9244 17110 25956 18655 28909 9364 11170 28034 31230 22601 4150 856 23723 1501 11452 11079
3418 23886 12365 6304 24615 31882 19737 7644 23344 20961 5881 15697 12183 6724 19887 31507 29830 21751
20428 27068 204 18856 12713 12441 32320 31935 13448 1395 4959 11804 6684 22247 16392 15818 4180 8923
18276 4886 12624 13600 17560 25154 21370 19082 17813 27567 9800 21565 2169 4612 22202 22252 13963 25127
14441 8935 14856 27037 11979 24513 2589 30566 21180 10419 2234 8777 4109 13634 20271 12929 14222 18881
1184 18621 16802 27722 6896 24597 15383 6702 3565 1381 8559 31044 120 25074 5019 16808 21632 29554
14151 23522 6245 3749 11088 28376 26471 2152 22674 23202 6135 8369 5538 23279 21569 3037 23429 20038
30980 13908 1451 23838 22231 7824 23317 32103 12604 24848 23288 3613 6286 21123 2601 1952 31142 17609
15522 31644 24 20890 5919 24992 9799 18341 17719 27640 4207 5633 8041 24636 3416 20880 15844 12620
22818 12584 13049 21501 32559 7021 27182 3438 29995 9044 26529 13490 19803 3785 25443 9539 6812 17234
32012 23828 25211 13664 1028 1006 14898 13740 3981 21993 26975 14496 25433 12005 12012 29803 23606 12766
1229 28925 24836 18658 32069 26224 5123 30954 5897 1443 16456 17892 8966 1801 16246 9113 6427 7125
21442 11813 30319 7506 12836 9981 641 5760 14559 29216 5634 1012 3615 4019 16533 26054 8995 19890
26607 66 22374 11720 15891 26190 14344 15301 10578 10820 6049 20467 31387 20728 31288 31197 3610 25470
4459 3883 12872 14915 17681 6973 28806 24367 986 10807 5362 8636 22605 11532 4094 14666 32276 28977
3559 4547 29526 26920 24953 7776 17083 16592 7048 20156 266 31262 28244 647 15250 3630 13874 5809
21176 20079 17482 27023 31908 549 18535 28887 27705 31785 29823 15873 22592 9417 13870 3319 24334 13369
9053 14564 528 6386 29747 13094 13814 18002 10226 22790 17106 26561 12188 17129 28816 13295 15187 27291
15302 23596 1398 17166 3745 21562 14442 7903 14888 28235 18998 251 11189 1852 27406 13136 6847 16147
24874 16425 10941 31131 28640 10586 15710 9130 9234 31188 28994 30731 9113 3526 2138 16645 23176 11353
13101 21126 8879 20572 31736 14184 16771 15005 20007 20577 22640 11024 22033 24024 8947 23481 13571 13117
7982 6657 17797 3469 32013 6774 27532 19152 28459 25217 11691 32114 14866 25754 4523 6206 7732 10960
31218 11768 30602 10974 32522 477 12172 8610 308 25625 24054 4053 28319 5726 13010 13686 31080 13604
2053 10162 14907 24723 13275 23620 31475 8752 31389 18432 9670 19109 14894 27367 5200 17302 11208 26324
15122 4597 22620 31870 28006 1152 6813 2668 13618 19018 19393 27192 31554 28209 30305 18573 31702 29041
11193 21136 17241 985 22158 22098 12089 4831 10577 12545 12083 11766 433 10080 17164 31427 24255 1303
28644 13741 17774 7537 10863 31280 12011 2748 29011 20571 23988 18437 4932 14801 13487 225 24113 15172
27751 13209 12734 7729 17086 386 13053 26338 196 18818 7072 15019 29394 26864 25038 12909 12008 16109
13349 21808 17739 19833 1492 14184 14202 5380 10036 31173 20675 1698 9866 9501 16037 10186 29960 7617
346 17660 3014 11269 5219 19994 3461 21444 26737 14704 8314 31101 2942 2258 31737 3763 7149 19677
26351 17158 24815 17037 8779 30103 9702 26441 31688 25103 13226 7903 1233 18152 1066 18408 10696 32538
3124 23107 9595 19537 14228 27686 3342 19860 29609 14611 28583 24015 25501 1893 18164 22281 7106 1933
13137 30070 32274 2653 16647 22255 5644 10456 12498 21206 3607 15029 322 9701 7040 14054 13370 11912
31803 23160 3277 13667 25566 12731 16618 32202 29069 24462 23543 6919 3426 16130 19701 17817 18232 15176
23951 11357 5169 31131 3268 32424 1585 12766 2667 10767 22974 20729 20088 2214 30306 16858 2274 31652
15496 30883 25975 11730 16010 7125 24647 31436 16195 26599 9721 13875 4947 10638 15493 20251 16529 26926
28766 2985 30553 9685 16768 22866 17048 14702 19691 27877 2557 17363 28300 12045 16954 14307 5902 12562
26515 26263 4643 9731 7902 9534 14603 7062 6253 26773 19765 28640 4534 29570 30563 16148 4230 29456
9899 17769 13650 9544 19532 29038 16132 26060 12045 8792 7508 15684 21341 20190 11696 20082 13252 4196
32150 15844 17638 19925 12398 28646 716 853 25074 14487 372 25113 9407 23069 15927 17427 30089 28040
11605 12410 16753 4436 16270 27704 23147 31480 23591 21103 30148 17868 2892 29120 4376 7394 19522 10569
22836 6895 21635 16982 28636 31824 12876 16886 11001 32605 4167 28413 10905 3841 5301 18534 24885 5049
6465 26483 27095 1744 14098 2798 18655 8978 25329 17838 29351 20780 5593 3612 13556 10551 15762 10627
24042 9924 29119 12254 15921 27467 10537 9183 24584 10965 27433 23329 4681 7868 14706 12980 8226 6865
11754 19341 21457 8389 2314 19452 8148 3526 11368 24704 2411 15915 15663 31112 12944 17371 27497 265
7485 2670 6410 1157 1355 1521 23929 3891 27825 18323 8543 12464 13749 5361 20058 27542 26565 23906
20422 2125 31242 10644 24216 2227 16577 24899 22180 14135 22597 903 3872 3762 11057 11566 29725 30336
28113 2352 23636 3748 11351 1984 22045 2100 18212 30505 27164 17966 31129 23396 3400 17006 18123 8082
16181 29417 26807 32232 4357 11064 7545 14784 4200 13834 28445 2055 21154 9133 20785 16824 7249 1978
12600 15565 24820 9189 21705 26492 5877 15005 8770 316 7132 1562 12176 3780 9444 3953 13173 25523
30641 25167 13494 24206 26403 22620 5060 13178 20687 31151 19139 24667 5707 11439 32596 10288 20265 12929
17202 12232 11909 11281 7868 6488 22952 8947 16853 14884 10857 21089 30434 17926 6589 11529 13419 3568
20219 23242 26698 11252 3800 10826 23054 14881 1793 13222 16015 28496 12776 9927 23238 15898 20112 455
20476 21068 10493 11442 28411 2205 11888 13314 11516 15451 2684 8289 5885 1972 18354 9873 24458 20961
12539 11060 25213 18439 28447 22262 15094 7094 7794 14152 18436 9298 22749 9979 15106 15977 28666 31526
3215 1317 21441 12412 29615 16946 24867 5355 15107 12278 5363 10492 4251 27098 24422 13850 11143 9977
4940 21701 25723 6859 11766 24310 7019 6291 29443 2776 2244 21587 6372 10753 21512 24263 271 18474
3318 14064 14547 10079 25316 3743 16000 21300 13892 7238 18014 18623 24775 6132 31837 28502 20241 15902
32165 23650 18790 29876 1747 8364 1582 28258 4591 6374 25303 26716 24831 32549 24278 24104 12506 14462
13593 20395 4098 6742 12229 30100 5652 9442 4498 32767 30452 27857 12970 15130 11991 12884 10863 13985
16924 24466 9285 19228 19820 27545 14965 6389 25199 23988 29496 24390 27755 27898 15403 17178 6474 30672
32712 26181 710 20516 12642 26600 5076 6019 27481 11059 26273 10122 31514 141 5721 17110 30729 3304
16744 2525 16478 2957 14321 28691 30746 17848 4797 11658 26220 23760 11775 26810 19821 17119 17558 5203
6073 31964 10157 15752 30964 3038 20037 18092 23471 6188 14701 18875 14940 14931 26671 8029 15880 32526
22604 18024 16253 260 20226 9961 1653 13530 26083 28235 25515 17351 6113 32536 20 4006 19268 12578
32636 16038 4873 24173 20679 26526 9461 30546 18499 15816 16365 7141 24811 22130 32321 29932 16195 25751
20617 18895 21187 1841 7330 3528 12659 1385 15553 25137 2535 5479 23373 18603 18182 2277 26128 415
17093 31950 5832 21239 8882 26055 19196 13055 14974 6325 10383 5091 4461 10226 19054 19183 26024 13240
29161 20573 18879 2138 30585 21338 14495 9963 30828 24113 15203 5178 31917 1762 32325 2472 4246 26572
28337 25801 3951 23703 16432 28877 6593 16256 29699 26249 29691 8969 15816 15994 18836 17221 25485 12545
4165 11330 29619 323 1905 20478 27810 28159 4072 2303 13218 25662 22550 17688 29973 20795 6042 21576
19353 11705 22718 6150 18670 8153 2135 3781 15741 20315 19263 30658 23002 18393 21334 2733 1705 1403
12557 62 3764 1968 23860 26282 30547 1651 30436 32268 8941 9637 29094 6614 6658 16997 12324 16807
5657 14167 18121 3835 11083 12891 25259 770 11149 31074 4313 20557 8435 14439 25084 21818 31129 14021
9631 17040 16851 3661 15052 10729 2357 16488 12237 28903 19734 17872 11961 25734 1439 29809 29318 26693
12714 22418 16271 32306 31654 22029 7461 8911 22035 17160 19186 14620 10541 13510 11890 881 28580 15808
13717 25551 23772 25611 26692 24912 27159 29417 10032 11514 25959 682 21182 9064 24324 21199 21919 1696
4380 21078 20571 27643 7527 29280 24725 6692 15759 7966 16608 21512 16684 31430 15582 19212 30440 14092
13625 13993 23207 10416 12355 19220 10069 29046 12982 3347 9696 23573 23710 15745 22250 18089 1710 22908
21122 14176 23481 27265 31387 30532 10793 8951 23298 20304 27242 728 21555 17365 13577 195 27702 27173
9383 29491 24969 13390 24983 13834 23736 20331 20535 18438 23549 28548 8312 23832 13529 9986 14601 8304
18520 8885 15230 8975 17794 26962 7178 12891 5583 30954 2495 4941 20513 24110 8978 23951 19916 8882
12974 29433 15877 11437 28718 20325 21340 28015 450 11387 26582 31297 14662 13869 12989 27359 18971 19211
27947 6870 29522 1244 179 10427 22961 1540 7162 20438 3651 17993 19005 30747 32022 23711 26675 6116
16445 214 5112 17614 4837 16754 29418 3605 24855 10740 27057 32073 12081 21906 8823 22987 22015 10642
32197 2498 20236 13456 18751 11779 3306 28079 22723 21460 7201 20409 23988 22780 2060 3481 6347 24090
16392 22936 16820 25440 31043 32245 16718 27483 18425 16735 6625 16405 28122 21421 6678 13946 6151 16057
13652 3002 2503 6092 8027 14746 28412 27890 1304 23554 21332 10970 204 1492 31092 30384 9081 7985
3714 14428 12631 10908 30126 20793 27611 3031 10383 14952 1671 11604 26339 2102 8646 8187 13202 3347
26617 4280 22747 6418 10443 12523 29145 4573 3828 27764 13128 24185 19424 2685 29055 25468 22008 5251
7567 3014 5341 7917 14297 6396 6167 20692 29133 14519 13293 17833 31982 6546 8328 9398 16641 31940
30527 2982 30544 32729 10806 9835 26080 6815 21061 4688 14068 3453 28432 26230 10437 15303 30052 32578
4441 11952 18375 26469 29459 15352 30047 31678 7353 3480 23320 9481 4766 1221 759 17433 15212 13820
23947 11314 3407 30952 12830 18294 14253 18579 24731 16901 1174 28655 20969 22242 28404 16029 12937 7048
10452 16824 21389 25919 3469 15692 19876 9520 15606 25026 16980 22123 23014 31108 22510 23104 10730 2822
19195 24330 4176 11008 12935 11418 8747 31484 21213 29646 20046 4108 6482 31663 21839 15777 8160 18710
3628 256 21007 7308 13091 2193 4090 25204 12921 5046 27739 28969 16334 9898 24627 12783 8608 20214
4336 4007 30422 29618 1207 18404 28956 28225 24870 31321 16048 26491 4072 4685 8523 13517 26205 26290
27768 12739 10810 11279 26846 20908 4548 5437 22351 26006 6491 15648 4154 21173 19367 14522 31668 13473
22519 26933 23807 10324 4824 28145 12103 15088 15635 20423 3491 14599 11382 17159 25642 23094 13206 7048
25807 1218 25385 20222 31887 9597 472 8621 17663 22625 22194 22827 11787 23721 8463 4520 23512 4512
23448 4348 30018 30646 9409 13455 24044 29121 27246 21771 6514 17020 12947 15493 20990 514 8048 2790
16325 2071 2353 9331 27782 1611 18942 1693 3838 20074 6274 7991 31560 319 3125 494 25300 8590
10397 6036 24809 18275 2590 9261 3962 28515 4496 16159 8229 8908 10657 6528 13636 29468 733 11887
30609 1690 24988 14944 9194 12466 23227 5104 3348 21111 6585 17212 20032 52 3559 29638 10559 9721
6555 7154 19864 10663 7968 30560 760 17479 2229 12078 29985 4167 9793 19613 6881 1946 32119 20985
30188 28185 26663 5544 9957 25733 7448 15207 4536 8013 32333 26669 3507 32220 19152 3020 24275 32255
3489 23837 29231 18371 26513 25699 7090 19790 3808 12274 20268 15207 8571 3820 4676 13678 9574 28258
8834 6816 21310 13532 2915 20144 1814 14268 10489 17199 29611 10043 21125 15637 29604 3168 10646 4690
5448 13749 18713 23538 15419 11633 20762 22607 30138 5794 2593 31089 23254 3104 7570 23560 7472 24088
7576 8699 6614 18776 22985 28208 3633 1424 15338 31652 19352 17697 10443 3388 1211 889 8603 12763
4533 15878 8558 6261 17925 29324 29385 28877 13545 234 31194 5077 32755 18827 11894 28914 3062 10267
17110 31516 14422 8826 12839 4720 29669 27469 13193 9665 19697 4667 19832 2241 22244 32426 1261 14897
625 4167 25964 5686 17432 646 23800 12631 9302 28106 10307 22325 5886 750 19162 27166 13336 23884
20608 7723 12054 1769 20890 19733 10444 2691 30924 24175 14133 12375 1075 32668 16133 16677 32586 10344
31976 27418 12519 10182 22397 9507 31027 13482 22630 11454 7322 16256 26466 31137 13856 32646 9132 17386
20137 30834 30581 30880 21483 29833 16903 14349 27662 12032 13216 15019 24984 10788 14274 14478 8975 28240
2644 11815 4992 11490 20892 7315 9928 887 23609 7877 1640 23359 23537 29253 14957 8450 15286 19752
4849 20695 27370 7868 19761 4745 15406 5725 12672 25103 12597 3284 9556 58 20921 11086 27995 10156
26638 27985 7175 16941 16523 22618 26717 6666 18068 1530 26800 17409 7313 23691 28206 15617 2390 4432
31825 30848 22717 20892 6222 23283 2466 11758 28020 23728 26288 8974 265 20648 25943 24062 29487 3041
26197 5547 1871 26804 13830 5881 28933 25275 25851 24381 8664 18119 22717 24787 4644 13054 11582 19954
17202 25467 17807 1484 29953 1780 9818 32722 19637 6039 30397 20888 26343 29906 17301 10825 4712 14312
24720 24888 12101 586 1020 29115 28187 16352 30871 577 27491 6237 422 20684 25438 3699 19820 8802
31191 1585 4471 4135 21154 12371 11749 20240 30178 5420 29240 19893 15601 15407 24775 17585 17174 11274
3203 5250 5942 15891 27748 3709 10448 711 16908 941 11794 12917 28085 13744 32167 26026 19742 1656
6398 4710 47 336 25315 2344 12351 7018 15890 28312 13626 17773 4169 27941 13695 11267 25943 6909
7060 17037 12048 20593 32310 29698 23671 27216 22232 5574 17935 13474 8755 31034 10756 31129 18203 14188
13475 28945 24468 4810 20770 2980 16461 2879 15983 22201 23043 170 9429 29797 20888 32618 9974 25498
27192 4934 11235 5298 7515 15470 23797 1586 32199 25331 5095 26029 16415 25670 13770 28938 1599 5971
13612 5134 18528 25145 14681 32278 30947 16130 9681 11260 15869 18946 32027 8821 24071 14062 23910 21595
14770 18373 4065 29096 28863 8711 26866 6731 3255 7910 29988 12623 20015 28799 11657 19613 30735 14933
12489 31851 13608 30594 15465 26507 29739 19305 25181 30517 21909 6277 13928 4086 2140 31137 28828 4664
12305 30977 16216 7980 12887 8760 17760 24098 1378 18886 360 15871 24007 10114 6230 28433 21964 7824
16643 4269 27549 20575 19274 20502 28906 21873 32762 29260 18876 14362 21757 1814 5324 3661 12592 16382
6778 19767 15659 10155 7632 12977 31736 13547 27638 25015 10198 30470 17875 3259 4017 21825 32706 18966
28844 8034 29683 28451 1888 27151 8795 3341 22169 29565 7126 27757 23754 3234 4743 8914 14171 16943
11618 7836 27776 16935 31014 17651 23291 14759 5152 32360 2262 9950 28714 19820 20279 23358 18072 19233
7646 10724 6826 9868 21286 32433 26149 472 25700 22706 19479 18972 21135 26079 28193 25870 9780 14943
16317 20780 29039 24623 29608 5155 4233 15175 24629 4949 10157 32228 29922 13021 6291 10402 7972 22136
27757 21454 14509 8446 28232 15346 23686 3575 29055 20224 15875 16761 61 13890 24113 10838 28407 6066
15225 21069 3851 3126 22373 30937 32459 1401 11985 21470 20682 8430 64 4832 2079 8743 31873 80
9355 4603 15708 23900 15081 15801 7926 21336 21993 4770 22282 6256 6978 4519 26232 8558 28833 22363
16694 32481 7479 29786 18514 16259 9144 4483 29310 30117 20471 7402 16002 14935 13676 31404 19459 19272
6529 30282 14080 7720 1636 28701 4292 1902 533 779 5037 19970 9573 7803 27931 19046 4021 20664
14681 27484 29326 15640 3654 15575 12720 31559 12184 19848 21296 22956 18947 3754 15368 16611 20486 2406
29930 13176 21951 1855 29478 9517 1534 2155 8611 10050 3720 9335 9975 9384 7660 12498 8846 10867
20503 19028 24307 30839 9440 7254 13304 22183 23742 649 5427 27079 22554 24686 2232 1392 21634 19428
527 13633 9342 25921 23949 31613 15620 31205 30651 32390 13816 19799 7396 9260 6270 9244 19855 21446
5955 27973 4630 23904 3527 9678 23490 16689 24868 21208 11507 21164 8082 11612 1715 29840 31238 23763
21866 26815 29669 23487 23209 28812 25982 25207 20178 14623 11213 29754 14114 20570 9137 27318 11189 7598
19072 7042 2638 6991 8469 29695 20717 19455 11594 10150 7344 10298 13721 19393 2405 218 4825 32525
27795 4303 13410 30105 10643 15349 12941 2191 6514 13683 2864 9005 17169 2846 25723 10891 24492 20581
29170 15228 26560 26106 22580 23176 9154 6537 10815 29291 32171 6522 23844 15517 3609 31147 20154 28735
8806 17238 14666 21276 13881 20029 12971 2343 7773 23910 4355 15862 24215 15510 20913 1203 26807 22904
24270 2600 16307 5539 20171 30022 14981 19569 31326 4486 25609 18759 1115 8162 12891 10773 12370 27100
4917 27127 8997 29459 1999 4192 27075 25757 19874 16430 25155 3863 20245 8984 25474 7812 22559 28115
15969 23777 19488 30549 30193 7871 22276 8671 18772 13801 22228 3796 27717 1736 31252 23522 2439 7032
19888 25513 27658 20889 14264 16210 27049 32301 6638 942 27844 9074 6353 30524 14306 5545 17092 15358
16216 10546 5069 10658 13721 18390 4336 21604 9609 1991 30848 31528 14042 8373 16931 23307 31077 23511
27506 8775 20943 22872 19616 32736 25882 18694 29045 2858 7746 28677 12964 -6 10764 6634 2847 2776
1317 20283 26115 8540 30853 28383 24647 8972 8204 1360 15214 15919 22358 32308 31628 21832 10432 3118
28239 24667 6899 25400 5580 1741 30841 8332 13286 27946 28040 32197 29106 29620 6124 10578 24353 24727
26078 25104 18207 12984 24094 12240 5057 6359 12095 22480 16064 18571 8286 26143 2599 12784 16598 27109
32142 19286 29079 16285 25307 28983 9539 1495 16438 5744 29158 6123 2450 16572 20962 11074 1717 3443
11773 27287 10584 15026 3735 11156 20420 28739 3751 6812 12169 17741 27940 30996 25710 15887 22655 18863
24480 15829 20645 1785 13159 10539 15118 16434 30366 13430 1301 14458 15563 6763 28839 25637 24171 14209
26344 24680 3414 17576 28078 16662 29071 12067 6758 20686 18973 18465 8227 8010 20108 18625 21296 31303
19471 26171 16218 11195 15212 29324 11261 7073 19211 17636 11011 12015 6443 26351 3496 348 6699 16884
23365 21770 26480 18472 9998 21738 29292 22214 24461 1259 22470 19376 29817 31900 20166 3034 28351 18427
28975 30141 22278 2752 22352 31744 1582 16758 17376 25798 15424 15701 23796 26715 6516 13812 11383 11566
21911 3446 25853 23348 20912 8953 10116 17488 24519 20224 17494 23588 23856 26227 13612 31917 31394 24506
19234 13084 20227 30255 19634 4274 4147 26452 120 15397 3632 10059 24514 16072 19567 9838 28038 19130
21879 1521 28153 29818 9403 22107 31081 7533 17085 15508 10391 2604 28519 6306 21594 24912 30339 2941
9700 3704 2809 30290 29542 17777 17271 20621 9355 8649 5656 28604 7126 7784 28144 7755 24418 25031
14005 7097 32460 6614 31557 25551 28844 25822 29067 22363 25760 475 4514 9212 17834 17856 4604 1354
26725 4225 26430 15648 8737 16088 8459 23909 17294 21402 16885 16512 13314 22003 27964 19473 10537 8108
1735 22951 13960 6010 8672 25060 12730 5109 22872 17930 9782 25151 28369 21305 22094 11677 19326 23693
957 17086 16308 1869 31849 27500 7318 9475 10252 24250 941 14395 4413 272 2364 32642 10141 28872
1176 8758 13647 6872 10912 23589 17858 21436 20191 17151 30647 12529 26164 586 30842 7714 10396 10616
8751 27429 27846 26696 31659 19931 6553 21860 5060 5204 19104 6897 29931 897 586 9800 11566 7608
1658 13513 9863 19950 17283 23450 19333 12975 20788 26052 13220 1490 30267 9198 21634 23561 17796 2781
29493 14594 12919 15440 20856 13211 14060 21847 21431 9812 26460 8207 6896 10192 4560 604 20165 18563
16998 18465 5194 20245 19123 8850 27761 29282 9971 31376 30513 19267 23981 28986 22212 31217 13757 10767
12028 15659 24072 15436 32073 29674 25697 25989 17514 18536 5539 23414 18613 32563 9453 22370 22723 9824
13437 14322 24085 8361 7498 21850 12763 18938 4198 25515 29325 11877 28370 32672 21794 4915 29688 16674
11983 19209 3505 28836 13111 4763 32481 14989 8826 29126 10376 31860 25533 23729 5275 2448 18380 4458
8122 74 28755 28027 23669 3813 5863 14328 3389 16870 12428 7148 20666 14686 10633 20084 23518 24418
13602 7614 24198 32244 28264 25558 28324 20052 17361 6748 5375 24272 27853 2355 22726 27469 25136 20196
25837 811 6132 15502 9343 6652 29187 16792 28733 24195 12954 25811 11083 29620 23551 1266 27035 26683
17051 23884 31975 1993 19405 2956 935 25399 5193 4311 22209 10865 31576 2967 28874 13585 19941 9659
11267 21684 3634 29282 29314 19958 4946 14570 15487 5022 32079 26465 30981 8155 14685 10675 15502 2039
4704 24703 21120 9761 2432 29954 3141 30107 29522 17608 27381 32011 5378 8513 32579 25371 15833 8321
7022 2374 6357 14696 13299 18694 13047 26742 2489 12112 28911 22733 31541 20948 29249 19807 6026 6948
7082 18042 20417 10443 17909 8072 25207 6023 19843 8427 23986 23068 32175 16956 21269 30171 5232 6406
6679 16888 23167 12095 15544 1291 2928 15964 27217 3137 2621 2689 3267 6570 7672 23040 23452 17393
13033 17697 2612 9499 23451 23118 27347 29376 3689 20934 9557 23846 23377 20098 23395 20566 5575 26375
22259 29564 12082 29190 8014 580 15599 21488 4116 23852 26538 18466 20080 27410 15860 25325 14645 10783
10103 18231 11805 2538 29899 19784 16963 27825 18088 5259 18522 27177 19074 16132 16756 12581 1604 20390
5042 8931 12577 27161 9076 1307 21495 28098 10922 26145 11972 10725 27242 3856 7524 9568 4864 8354
31093 14069 32169 13809 13239 27112 5472 10605 8794 27231 2343 22654 16141 30413 9461 243 20859 4352
27886 5364 16927 27518 22200 8448 4377 20337 15562 8300 11668 30343 26861 23520 10544 5427 20392 11867
945 4426 23289 19464 2834 8291 24310 26620 2990 19278 5241 21398 19666 4358 13932 29760 5432 9760
7424 11216 13471 3251 29533 3765 19510 82 25456 1174 21683 29204 21537 12107 7123 4442 5541 13305
13909 7229 6129 16929 8809 29915 2011 30112 5560 13900 28142 28259 13482 18005 11284 14951 11548 7920
29948 28238 29069 19577 6650 1980 4282 23507 19236 30322 25931 13531 9677 26433 6643 7462 11518 11608
15707 24357 2173 26143 25337 20758 9570 13016 2951 14557 5747 9422 21047 18269 19639 14271 6593 10449
2043 30287 13796 25776 6281 9518 19812 2698 20472 4044 28554 26200 15144 21532 6874 14815 949 18437
12111 13721 4810 21787 2338 11877 21121 26365 16314 19243 10626 18282 17683 9961 3322 1337 24851 8930
17522 16601 17727 25885 15495 31624 13529 16145 853 17642 32017 30928 19250 25166 14704 15368 4122 19622
8346 7086 15037 8426 21849 29587 24147 24044 30660 7316 27724 3469 29404 12450 31400 13073 16941 23371
30736 7313 11185 29312 27266 29241 10821 21409 5212 8150 1045 16543 6985 29933 18734 14696 3483 5756
14006 3541 25120 8107 14853 9093 19878 3112 4106 11300 2886 18751 15680 18374 29427 2250 22951 20439
31150 12919 27805 17948 30882 4028 22008 9092 22099 3433 32300 1104 28076 12222 19372 27433 20450 5391
6145 6523 15418 8723 8524 14229 27187 13536 13266 18756 433 31263 2167 10860 24010 16417 4702 4077
30097 25833 14792 18713 1819 14728 16047 15651 24895 30882 16354 24762 26259 10919 8708 8210 10174 5177
21335 31038 12148 2922 10018 17045 23752 20115 17898 22865 26563 14792 28094 13514 27767 30276 32324 6518
6077 212 3581 26770 21225 8495 773 18375 2346 12515 27712 7462 25470 19359 5876 7011 5868 18003
7248 23134 8350 2082 25545 14298 3253 8620 21730 31847 8947 16099 13846 210 5660 20153 29522 20309
4369 32074 18662 32135 16032 23594 3818 14924 10003 21797 8391 19477 172 17174 7324 31575 19908 19639
30605 9528 25963 24182 8732 29344 17006 23982 14357 28537 13348 29360 31193 32305 20041 1255 2345 25409
12766 17677 9797 25949 3548 25061 27012 15787 28822 17196 13616 21550 18584 26203 23353 1161 12030 14999
13203 26358 22619 5536 7896 22935 18424 8252 12501 17876 8422 21525 32656 24075 12795 26620 21104 20487
5974 18129 11774 9813 3763 27652 30554 22449 22956 17156 11336 15659 19028 25708 27520 27971 22083 19893
18729 14171 19296 28365 11123 15078 894 10929 11199 22327 12756 9579 14260 28648 9978 31945 28376 16460
9959 18210 30786 15500 11599 29864 19604 14914 15479 28302 12331 23874 4497 4303 22976 1287 23656 22996
254 13870 21618 27843 20875 15375 18544 16845 32336 32479 1094 8398 28885 18870 10559 16878 20783 32122
21554 12589 25025 27390 11845 20333 27582 21144 17339 3574 14163 17102 15625 16593 19608 21612 22092 8782
30882 32173 12478 26028 21098 31368 23220 29672 15530 1267 10675 11762 8006 22827 17066 21159 21920 17075
27855 24937 3181 11520 2619 6203 3218 29955 21304 26429 11659 30290 12150 30512 27825 4405 18867 7549
25666 9378 14769 23271 7939 14359 24602 16550 982 21100 20771 22268 21978 14469 26883 25368 1160 4162
26265 9822 18485 9125 10489 29843 18185 16519 27257 15231 15736 28690 5734 22952 26653 758 5314 24326
10413 11615 10393 4976 9226 12262 15434 24617 21541 18360 14287 30432 18985 25615 15921 21392 7433 23334
27699 29753 16443 7142 30135 25346 16045 5996 15765 28329 5645 24367 17221 11519 11854 13081 788 9183
10517 31822 9304 13345 1600 28525 4674 9021 22423 21516 23190 24230 432 11176 28380 21942 17508 13578
9157 1509 2068 2143 2670 5379 10886 18153 210 5615 18596 7017 4983 21334 16451 1622 3555 15592
26066 13047 21820 21154 11020 20498 26913 10902 12521 10585 9976 27775 723 31922 10991 24586 30042 18496
27594 26923 25992 3081 27867 3763 21604 15495 8660 26451 6830 24785 24928 2162 12467 6527 437 21403
18102 3017 31602 15993 10605 27767 11917 28690 11928 10135 9691 20840 9778 24624 29873 27527 2925 17469
2750 12378 29270 28853 6667 2384 28068 25178 27468 18602 26754 11831 15560 22672 12496 32473 1757 17704
11770 4410 17257 31722 32520 11900 4839 24053 32355 23957 23576 170 25689 18743 16922 14291 1832 5667
3100 18124 29275 9643 23583 21387 21235 111 20296 30717 29599 25871 25853 3478 17717 14292 18356 3939
12119 19969 21646 11692 9613 20843 31998 28925 15503 14479 24137 1554 15241 3850 11270 4406 26109 2462
18495 8985 31184 9029 9781 11364 7501 15906 21281 2800 14819 1179 16700 3604 32427 1784 12627 3224
1926 20751 22090 26876 25663 29764 3789 8221 31795 16812 20916 15880 2518 12486 10294 21840 10950 11777
21137 21526 16403 19918 29398 21478 6848 8097 23059 16234 12370 7679 21415 27294 21486 30124 2799 31003
12196 8643 26390 11984 31209 6191 31018 1717 8976 498 22653 11285 30613 15317 2388 12731 29239 7079
18846 9113 14972 13625 24602 20180 2927 7153 18947 23479 32396 23686 25084 5583 30472 10992 24235 32566
10593 224 16991 2238 31463 10171 6540 3438 13803 27641 9074 27562 19929 29584 16604 22773 12237 30099
17780 19415 23365 19819 1743 6077 16139 9927 18012 6048 5781 15751 20734 593 17222 28132 28991 17820
24203 4349 4047 842 32645 24988 7633 3185 28995 25908 9756 30460 21882 5329 8168 10731 28436 17180
24734 31468 4405 31147 18179 15098 28264 19236 32125 19716 17504 21877 28117 8885 8007 28774 17340 15280
12829 17432 6532 625 32432 17480 10961 9381 18992 19279 10640 16514 6654 20967 4568 1278 13470 32366
5888 8274 25316 2461 1968 6229 27997 12774 17414 27047 4678 15526 8677 2178 28523 15996 23421 8250
7234 10356 25689 11491 28830 21804 16466 19225 13145 4674 14589 23059 11568 25159 3385 19492 23594 29317
30470 16704 17149 332 9180 18376 4292 12396 31394 24513 7460 35 19620 7221 29773 28047 19535 32427
28562 29353 26160 26906 5710 24866 22655 16905 17036 22131 9371 9963 18038 17330 14071 18608 3567 17901
24891 20116 30711 19082 644 23418 25843 15384 31246 4324 13552 13129 16413 11515 12721 26624 16668 7699
8719 24356 22231 10470 93 4121 31787 32023 4611 32475 5900 21400 23274 1541 29751 29580 10517 19881
20969 14727 13497 10686 5268 31929 4199 23867 323 28354 26057 32099 6926 20843 14801 28939 32369 7836
13926 18565 22248 32556 13071 27046 19102 11005 31412 19401 30879 4133 2385 16508 25959 23535 15868 1078
28984 16939 15617 4937 13611 7936 32370 32528 25078 20124 17628 16248 32227 22318 30816 15586 7113 16787
8638 3543 26936 15315 492 9578 11907 25042 506 28102 7533 18587 30365 2776 2303 10161 29921 16659
25935 15525 12921 15671 10215 17701 11867 14151 26512 10893 7686 11889 21938 15585 23122 14626 28228 5909
18798 9506 31214 2578 34 25646 15966 10641 6196 160 30934 22476 30271 5715 32555 27335 31889 3105
8919 18547 26004 2316 12786 5283 17163 25190 13231 19814 23822 32066 14674 29121 28120 24880 25276 3671
29995 30336 28873 19658 8331 11502 441 24809 867 1730 21566 28732 7032 17387 11395 20496 23980 10654
14208 13682 18216 8684 2221 13242 11805 12285 3524 9410 20453 29653 5360 22566 22068 15218 16653 9281
20819 23293 2199 13695 25203 18971 6641 14337 4568 16610 17184 14199 3568 20888 14012 20743 19983 14925
19377 5185 21952 27363 4898 11533 5208 31553 24696 13540 7281 3517 8139 17896 12372 23052 5752 11295
23987 23574 27094 20757 9849 25410 2209 15868 29070 32202 21007 20280 16240 31932 6050 30586 24601 3028
21724 11171 9171 6538 14686 22039 17709 3075 24932 27569 1830 32051 22578 32537 17227 31846 16701 28280
25614 3877 17117 1842 1965 28381 4095 15387 18229 15981 11148 18902 23948 13426 16998 25980 11049 29979
14213 20789 20889 6410 15948 29594 25508 7104 7921 19711 25989 11974 452 26386 6484 11490 23536 6789
21415 10630 23286 18322 21729 22693 27209 23525 25127 19067 12083 17303 6916 14355 5884 8110 18151 23432
21239 24487 6014 4322 24460 6212 6812 15092 28891 13789 22757 10408 25015 25470 23702 30354 373 17824
7234 10379 23282 25094 1586 30641 21214 21203 10255 4273 14248 7937 11849 15942 8164 21935 14410 15326
13051 18282 15530 11411 14301 31192 31134 29351 1597 12682 11705 25256 13811 11814 5370 3932 10353 29892
26081 10684 18618 17473 19223 12580 7551 4261 5373 28647 2447 8133 8170 32735 22062 9426 10763 21374
25695 30195 5674 32546 8062 14367 22109 15996 3818 7499 31462 29281 8631 4224 8567 4708 4167 27868
16595 20411 28803 6676 3153 25394 22638 11228 27638 17431 10825 24319 17637 17226 26584 4404 3390 18005
10073 3774 27040 7908 1742 21217 19862 15023 14774 5570 23846 10066 3329 17799 2545 9882 31929 17605
10598 20175 14578 3055 32341 29644 13335 2156 29541 21447 6069 22149 406 17496 15313 12509 32465 23659
31759 13036 20707 21914 1943 18696 16664 8783 1633 27450 27445 29671 12808 32297 1387 11647 15268 30179
31882 32310 7329 6040 8152 8354 11640 29930 23016 31130 7918 32239 12558 5105 12604 17747 3194 13391
17932 21167 31129 236 10195 7942 27972 31232 9314 6081 15782 15857 21737 17357 20576 22164 12498 26353
14447 2455 18068 16201 16618 27154 13966 14701 8096 9747 19647 13869 19471 19470 21561 16204 14035 1294
226 17867 23774 32513 3018 18173 29538 754 23879 29589 10142 29702 25012 13544 12134 12880 25724 11440
9567 7725 3252 2761 28090 14231 22794 21862 8033 5640 13589 32581 11526 13405 1282 26763 19141 19762
17450 9571 19376 17190 4385 10033 29672 20945 17463 9212 31465 664 27811 22540 14828 8704 20316 32141
17042 12593 17583 5864 23064 3966 3973 26401 5229 22681 2984 13374 2986 12997 19861 12365 28644 2375
4359 9381 27397 28458 4433 15032 5437 9767 10393 80 30037 1504 20612 287 18789 16275 25073 4790
5114 14738 11909 12103 10561 32615 20548 31194 14414 500 19448 18784 3367 9252 24940 21975 1695 20311
9730 25470 31892 3236 17855 2180 4679 24053 1552 26865 12653 21371 26493 1234 10434 6539 283 29752
11168 31369 29275 11856 11597 4345 1854 13804 21687 9810 27316 18638 1146 31106 832 27843 13087 27097
21913 30605 3984 17008 2586 27808 11735 8611 28610 19730 14362 14506 6711 13945 24554 24507 30038 27303
2935 14861 27494 8071 31696 26275 31097 12152 26184 30948 19960 2306 16164 13670 19870 30828 12247 20381
6759 10109 30184 8910 31006 28586 9680 9244 12497 23136 3635 2211 16567 27609 14218 23393 2157 5015
15270 32713 15889 24530 29121 23725 20272 20153 10960 11047 1849 23067 31188 9631 6418 6412 17611 5019
26140 5209 6527 27938 8154 10374 716 4888 8186 4817 23086 22309 4673 910 20846 20598 19728 21467
12446 14375 29646 14444 1121 19133 16372 3985 14411 26819 3097 9426 22978 29893 32053 1837 32496 10483
26188 19790 3555 24766 17038 25723 24613 5033 24820 17653 32359 31581 7904 10610 28822 8853 19681 9336
24076 22492 6467 12222 31211 16693 7516 4665 30728 2843 26839 14358 1509 28837 10037 22856 942 5955
15341 2541 31254 31502 28755 4408 1988 26445 4080 8885 17256 14083 3923 21857 19978 23112 6298 30118
4465 23333 6886 3249 26318 24398 14201 15133 8701 24995 10602 16595 15471 8316 915 20491 7373 31643
24689 1494 14006 16094 24787 9602 32446 5322 5153 29106 28302 7604 10102 16441 5501 26320 30375 9165
29008 15876 23457 18474 2819 7432 22533 23655 5198 10754 29942 10196 251 1928 30025 9280 22664 28893
13798 15301 15454 24349 22569 953 24024 12757 4924 4729 24811 6293 18073 19187 26297 14327 11203 15162
15521 18450 16872 26776 27536 9651 20364 9785 9037 5375 5842 20987 15975 12289 6056 5013 23029 15660
31899 31271 15908 27239 3453 4941 4706 10336 17568 22941 6735 8698 25174 5193 30374 3066 6676 1484
9841 18718 14038 1077 17557 7750 20730 22636 15746 29442 29338 32482 31045 23095 17988 10043 13736 24352
11168 3509 3228 21161 20191 2877 25419 5285 7629 30535 15542 5610 14205 14443 11543 3595 12862 7884
26987 8591 21429 25873 12064 29846 5944 29596 32761 25967 7712 16782 28291 27579 26415 28851 30285 22403
26405 32599 7387 27838 24730 11317 22148 5947 5397 26882 27591 12856 11585 30447 23205 8462 29454 2427
28791 13165 14817 3002 6109 4630 4406 25485 5898 12276 7570 20260 14895 31544 13198 14685 9782 19206
4414 7945 20443 17677 20946 25610 21168 14173 30557 12684 9448 8975 9973 15105 25269 29264 29473 1341
11930 5976 20585 2968 24937 3952 4155 24621 1790 1529 32235 8387 25256 5171 31283 24499 30819 22662
12483 23022 22040 25392 17410 6054 6392 12716 2908 21294 27407 14317 16246 16912 30184 12408 12490 7275
998 12791 25780 32424 20333 17425 13397 273 14673 28900 18934 8757 25572 3853 6343 24365 28206 16222
10924 5681 19314 23348 24629 3941 29399 20206 32573 18491 25476 7336 11065 23627 14511 841 9323 10637
18997 1438 26811 2477 5497 19947 4856 15990 27144 10687 5355 27704 5938 6571 9940 15905 5424 12751
2444 4424 26417 17960 30473 16805 12574 7965 23756 30131 15846 13070 15577 964 29203 7890 20725 19981
26192 23547 19357 12435 9876 28112 21517 23964 20822 982 6128 17532 4835 19401 3907 24094 14674 28733
20289 31824 23672 32533 1624 30502 21995 13573 32647 21619 1460 26642 18216 17848 7946 4039 20097 6228
31019 9341 10579 29628 8377 21378 16769 553 9503 17234 7537 24443 24192 25580 5227 27194 10053 1997
3309 21252 18136 16604 8658 1635 2017 15719 18752 19501 14064 8712 23053 14806 1446 6919 2951 21272
3505 8828 19165 29740 28877 13954 1019 25291 20455 31720 14064 8524 5961 2158 31098 24567 23296 21076
15679 10412 16194 32561 31012 8392 10536 3956 4275 31987 13198 8846 5541 1062 9346 20070 16310 15220
24217 18380 14017 6552 2751 22264 2886 23433 30239 21569 30968 22604 24698 10526 20287 28219 13982 4472
7385 26377 29935 6343 30963 28102 11973 4202 1718 29548 30016 31000 3908 7436 6973 7492 19931 6457
4154 22458 18957 30432 20881 17009 23648 23174 10649 18697 14682 11784 15502 23690 7785 9845 7563 17090
32060 15408 26356 15813 16821 28983 5191 2068 3381 465 5961 24855 1337 23364 26036 9485 3985 30042
31600 11828 6313 26919 3207 31152 16632 25348 25585 19640 2978 19080 10778 22033 27670 15391 4052 1993
19845 12836 6576 9556 28901 30400 1955 16795 15581 15666 5176 10627 23648 31961 2369 30406 18118 27275
25475 18135 3983 11315 871 21018 5778 8862 9706 24422 30688 26034 8474 20421 21812 20150 8652 15974
21964 11502 25831 28909 30903 100 10527 5097 5316 22371 21732 32618 9151 10559 3264 72 12966 19590
13748 24823 5440 25167 8235 12146 14121 21696 22141 31448 10150 17207 19650 1281 15211 31008 27622 9566
24750 19046 13703 22251 372 29414 31742 12102 4230 21458 27255 14738 7085 10997 22933 29058 399 8447
11277 23330 9319 18759 12217 29262 14314 28764 16072 28408 1340 21629 7488 6421 16586 9384 20156 10571
20169 24945 24653 29090 4605 31892 25312 19080 8220 21118 4529 32754 31100 23076 24793 15076 7679 10048
28813 9053 7399 6757 8224 13810 31396 23533 15815 2635 2315 31897 3554 1473 3406 22753 10118 13751
20775 6665 24634 20201 31093 29202 17602 3205 16124 27963 22972 27569 26242 30373 8359 32566 4512 27105
7425 22425 18237 20578 22043 15173 19797 9159 4169 11000 12646 13112 15207 28329 6946 1716 20663 9816
17687 23725 7550 7017 14362 7644 13792 19985 9297 25456 2995 31511 29951 27475 26024 5573 31326 5852
13053 29226 17846 20385 30491 7090 5008 28282 18846 5058 24748 259 9863 29849 1171 2369 2739 13543
28344 4936 6309 1757 25074 15765 16771 4147 18955 3865 11841 30220 1927 14420 25879 31041 19977 6540
26527 7862 28736 11397 17398 8234 14057 11113 22508 8566 7510 4820 16135 25893 4297 22811 10531 32438
3542 30989 5575 15300 14248 10699 12037 16969 17992 24993 16712 7859 26206 32527 2796 16034 26621 13153
24581 4918 22203 3177 24359 22655 22745 14408 12599 15458 28779 24257 4760 25182 31355 11732 8217 32515
2266 29640 9263 2063 29165 25602 24612 13517 12988 25010 3661 18997 32560 27905 6059 28676 7450 3714
14934 2417 25748 23714 7148 20184 882 30643 1081 8849 24147 6096 15463 24352 11429 2446 19962 6459
10771 13360 7797 4521 31458 1743 8959 21543 7761 26477 10372 15814 2821 32 27595 26673 20993 1769
32248 13501 25558 23395 12626 29685 21478 5913 2646 25957 13809 27535 28840 2915 29223 27447 7395 3995
11022 6129 32315 13108 4579 21645 5204 1992 17789 5043 31144 27721 5786 25079 6639 2630 20390 9561
20742 20314 22929 12178 28019 7936 23480 32348 21590 14428 12695 17932 16441 3284 21249 8851 22837 543
2644 2648 8398 23860 5457 24512 28218 20860 3020 15572 30396 28587 10434 21764 7813 29040 20953 2356
3506 7443 30978 2641 17740 15834 13295 9653 12567 27531 9924 6178 28960 8070 7197 712 22442 20840
26527 24245 22436 6038 28437 2674 24312 2347 30001 19922 22826 23253 842 28660 22189 29942 3240 15343
5054 32112 10409 3870 23628 4577 32356 19991 1850 11831 16323 23529 1705 31573 19819 28449 18483 570
25091 25052 24916 32516 24302 22351 17420 20600 6205 21470 30741 16360 14784 9145 5099 7427 8976 11074
29321 27181 21949 32242 24756 5325 20901 22412 16252 30322 31636 21346 22042 6444 27101 32240 20632 32083
13291 7380 9842 23263 7982 18645 26036 6916 18211 13840 7694 1597 6855 18190 26758 25244 19659 17697
18130 32310 4688 23484 22480 25039 19213 12786 7046 10255 28741 15805 17263 13423 26141 11780 19343 18138
2738 1746 22330 10119 8172 19332 3661 26318 27447 21379 30439 28008 10148 9511 1731 22776 9783 29329
26995 24786 14557 5472 13998 16058 17070 9251 5276 22658 2939 32314 677 9502 12581 27089 18531 2741
21250 8306 17654 12398 21469 26010 6787 193 19985 866 29108 22503 5595 18892 21010 6778 26093 27669
18920 12496 4714 22574 25299 8632 24079 25845 7903 19032 19716 29141 30946 28094 4959 21883 9787 6365
30777 13909 5130 5862 19497 10603 23807 29095 19869 13200 13152 14891 5964 2164 31538 5642 29997 9428
4313 19535 15261 7592 30576 20299 31939 17100 27763 32213 14322 28405 6725 6610 24489 8857 26663 11800
20957 17583 8640 24822 7679 9647 29467 28426 13783 8473 29947 18986 25669 30981 17734 6292 9830 18386
26537 4270 17135 9378 27337 27714 15293 21854 3416 28939 30142 11122 24475 18556 13093 26276 7477 9364
15224 14921 15094 27730 20118 20592 25962 27869 15672 26545 27359 19127 17462 26356 20145 12077 1514 870
32675 28198 15797 21810 28581 8240 2538 30135 1824 27734 26614 1209 12421 32556 16026 12089 30906 26929
4742 5340 32430 25056 16761 10200 12408 10972 24326 25182 4023 3986 4154 28418 31408 15583 208 7918
13673 27902 20401 19087 12153 9197 3151 30846 16669 30601 9144 26234 24071 8442 22163 20727 30475 20716
5768 5268 2218 1356 25825 1467 4617 23177 4159 7029 28586 5513 27662 18178 22255 24883 24164 5834
27953 32070 24605 32592 14331 22610 19282 26128 24748 21194 5054 19241 2217 9661 17873 11414 10807 10809
26547 108 16589 31955 6284 24756 13907 14675 2650 17881 20541 19082 12703 27506 6446 2760 18285 15020
634 12361 31219 22516 14925 16859 26354 11740 29145 4092 15569 4874 4052 28123 7532 26078 2879 10017
8081 15031 27230 28037 2755 30737 8643 15014 10438 32118 20508 25253 18972 12322 4541 21029 22529 2572
26788 13687 4415 1952 29878 875 19721 3820 30776 10354 24587 11682 25765 20021 32721 18802 27520 31562
16416 7683 20373 1882 1884 9691 29352 7941 5164 18704 23305 21653 29173 28262 11625 30928 30587 19175
22410 14287 11237 2830 26154 13871 11672 13084 17442 10938 30626 20707 23915 12283 8586 23601 25081 19016
29931 24966 9629 24092 30126 21229 22410 4698 14415 6900 3709 23326 8892 19989 25738 10433 29412 5757
8263 30544 10223 13772 9480 14698 10639 14583 10210 23727 18904 15119 25891 24902 31937 20874 20915 16966
25189 32582 1174 10791 32639 18844 21841 12166 16369 19390 27114 5659 8063 25669 12645 20475 5405 22826
1647 15099 7204 3510 30362 22181 30757 10014 26961 28139 3691 15054 9074 29081 29312 25475 25395 32437
7 22627 4046 19807 8206 25160 14838 897 4908 19275 26662 10365 24323 9382 27561 13375 14793 32527
14665 30493 3916 28872 674 22020 32112 1598 3024 5716 25028 31012 30923 14014 22108 18771 3995 4044
14340 5176 10939 14511 4950 18045 22339 27911 5055 961 23513 28098 20721 24843 9132 6977 5732 19591
18814 17212 299 16626 16238 24251 4193 7584 20084 15610 758 16978 27255 22011 8411 18412 5780 16734
18816 29910 21889 3530 25900 17911 25167 29792 5137 11131 11630 9309 14385 21212 23029 9042 13614 7100
14061 31984 545 4707 29047 16413 27199 3399 31243 837 6017 18451 23480 27972 17196 6490 32144 32520
10564 7859 3620 6327 6584 31350 4692 30614 17385 74 21578 10203 6365 27566 12087 10049 24321 31988
29441 13041 21701 6203 23610 32454 31983 17101 23635 20502 29128 6910 11815 14584 23047 9592 29371 28570
23602 3573 21012 32307 11355 13617 23725 18149 4028 10691 10464 6107 29463 26313 26705 19472 28397 29996
29331 13240 22055 19194 32414 16791 10956 1202 2566 14285 5477 21939 10018 20909 14884 18914 12385 9575
2179 13843 7024 14806 24895 29415 26771 3320 11847 15700 27300 1604 18752 23067 25279 4462 19471 22199
11470 23923 10156 1399 30680 31676 7515 3819 18079 23471 30186 13879 13565 24160 4979 11112 15536 32388
14556 2045 30515 18630 9351 21000 5932 8246 22568 8413 5805 2819 11178 16565 21806 877 1511 28738
8801 2316 22494 5258 28793 28240 13845 32490 11144 7765 11262 8610 28858 22193 9745 20015 8537 4511
3530 23155 3869 7346 29720 18309 15330 6072 26091 18259 27111 22311 18164 15373 30808 26599 20210 3598
18387 11879 1288 29710 9194 24217 21808 2356 27567 18428 7253 20057 30658 12684 17955 28660 30644 17010
22954 28686 17459 13007 4046 3354 24879 16509 20549 976 11362 9352 12414 1774 29678 1150 20806 2411
29090 7245 13838 14009 26077 7220 29459 13672 20260 30447 19835 4122 31278 7212 10545 24665 25936 23413
25182 6248 13638 27397 27479 1661 13646 20265 20108 28327 8214 7525 27963 22304 11403 22704 6524 25233
7013 24843 26078 21613 16442 13264 18357 7231 17323 30847 26443 626 6383 5336 14947 21450 25693 18072
17831 10006 19917 31737 7936 6311 31576 27095 3941 6434 12376 6388 28266 10525 19609 26673 5141 8268
10197 16034 31956 23036 1415 27189 31791 25676 7376 26189 6389 3516 28851 1737 28835 27768 29847 17216
15330 15475 14607 7811 21059 12115 7359 26200 18412 2829 15770 18274 310 12806 9852 29046 22759 29354
29922 18444 13451 14298 29345 23281 9001 30878 24688 9056 25035 442 27748 16688 25369 30058 4199 13361
13381 7615 21859 19972 23784 27803 14003 22619 5310 18071 8470 10887 27606 29662 19215 11433 16595 21273
24608 517 8639 11015 15848 22562 29342 13779 15335 5615 30384 17201 15495 26487 6128 3151 548 24917
2128 5720 1033 14544 6691 16099 16448 19475 27020 20220 17676 30424 13679 12290 28413 28354 456 8009
5953 9393 24701 31645 11740 26075 31891 2326 31944 14643 17318 18185 3735 13659 18745 13502 30177 19060
16601 8196 28855 15440 10776 22909 9287 18750 2786 27786 27907 14436 21551 13321 32420 19679 19682 27193
20737 22795 7869 3736 5204 28155 25068 15839 10889 25444 17023 22627 24697 13063 7263 4812 25385 25984
10600 19696 11752 2738 7581 19110 27591 31264 19979 11154 2671 22599 15706 15501 30722 7106 11049 32573
19033 3769 314 1231 18859 2207 15136 30094 7159 23612 9263 25677 3178 13784 1901 18092 11045 26066
11798 12369 16690 21299 18482 11398 21691 4790 7003 20860 14758 24126 5068 27266 27162 26613 5124 21434
9132 17993 7694 25802 1178 29648 13234 1406 9499 8067 2087 18492 26942 18778 24784 10119 1750 26310
16308 16700 31691 3040 13377 11296 28834 21674 28312 17352 17097 2683 28877 1706 13404 16794 31321 25251
31395 27515 2667 2894 10744 6330 5005 14105 14679 26628 15945 24136 6770 23569 21881 22582 8662 6004
14765 29531 15240 14151 30104 25233 10150 19186 20981 7577 15199 9144 741 3954 25157 30955 19412 11951
23491 7126 13717 23725 28854 14471 13020 9834 7615 24162 20107 17401 27922 19765 16626 29226 32067 16969
1708 599 28643 16936 22022 15489 15467 6653 3753 28605 9138 5595 32602 19635 16155 9949 7741 26250
26779 30113 3856 30210 30331 7390 5082 15082 1977 2256 17304 6027 23679 13809 9187 17042 30388 19656
32646 11082 32573 21901 6314 27643 11045 14 4236 26158 7365 15410 8575 26120 32306 7672 1874 26379
20062 19147 12865 22410 8204 27145 7973 30310 17375 22120 29480 9911 7004 2963 13521 22016 3999 2974
16347 20636 26836 14651 20172 8233 411 25060 14132 20661 4790 29788 13385 14186 4882 8022 23273 6234
26660 21645 5376 17867 25139 27639 15980 5707 16650 25405 16504 19601 15665 30056 18215 20006 20734 1814
28059 17324 15905 8776 31618 -6 2910 32616 4666 18724 30328 21942 25262 24513 5740 28696 19093 24736
10789 17097 29620 23733 20219 31867 20689 17140 7090 20525 5518 30996 23514 29521 1115 15775 26425 2967
11849 12644 20827 2558 424 8749 28176 11551 17024 29748 25841 10353 18802 17895 21112 11028 9461 10611
12390 17415 30833 4396 729 23827 13857 18882 1434 19360 3763 7927 21869 12286 13189 1641 20972 8880
18196 27777 13223 26850 5992 83 4601 11567 32517 6289 21977 31017 2085 4104 21629 27287 11717 13081
3680 24956 22448 7369 20092 8646 27624 7344 9630 9650 4907 1117 32357 7252 2807 30222 17675 20505
8803 4696 24507 29225 15570 8084 29431 1304 30520 2003 11896 25827 19287 18635 7684 9833 19784 12938
15018 19315 24470 4035 14455 1774 31026 5338 19411 3464 22973 12504 25569 11798 18510 7408 5232 12039
14402 17912 11441 11068 28703 27737 13748 27566 3960 5677 21877 31025 3542 12168 21120 25197 4388 29997
12962 29181 13710 1367 13179 20741 9188 13008 5598 20991 4682 30332 31324 24453 2770 6822 18834 19372
5377 32025 25882 31647 7358 822 7280 11019 13409 7229 8706 17501 3091 28119 31970 2303 15433 1852
12958 1432 15857 13817 9413 3853 11557 22897 24470 17244 12797 20626 21607 19149 11167 23945 15402 21887
31145 7141 7847 4394 32733 25880 14735 4873 16342 16074 17414 29231 9546 12302 19049 3563 24644 6201
7745 15490 27129 25681 5756 24129 3883 16072 7152 4273 7682 5395 15880 32242 4241 4160 19422 1212
21297 23180 11604 13338 32737 20727 30876 22485 11409 31039 24 4282 10089 23430 21522 13703 15777 6537
30010 30699 26620 24613 13011 2456 31270 3920 29156 15814 12286 13339 22459 25350 13683 12598 5513 20821
949 12624 20346 26637 12807 16461 23784 30901 5081 9711 23537 22885 16681 24472 21997 7198 26046 21441
28626 9665 29183 7061 25328 8602 2685 32644 14853 3398 20861 342 3671 22646 26323 4319 16716 21814
14791 18066 28165 29853 2555 16735 3981 2890 12670 253 5873 6780 5614 23661 28060 22864 23435 27992
8315 31291 13935 3691 11890 26780 30308 18319 14354 31506 10368 17532 2758 21863 27558 12744 17594 30505
21078 7115 3251 12921 28578 11301 6759 1756 27167 24898 2805 7344 12475 7216 15776 23642 11851 8416
13493 24153 5892 25666 14062 12045 11384 17725 11448 8929 5038 2860 30252 14095 6478 18230 13579 14873
132 29583 18066 14561 14259 27937 27287 27620 3974 9084 20914 8366 20614 6843 4227 23466 19043 7165
13053 11778 14874 12304 27567 31708 8649 16456 7081 12031 28525 31112 11851 4450 3367 19887 1456 19521
14375 12070 29490 18230 14833 25295 30666 25589 24491 1023 18852 20937 19324 5915 22693 30123 31946 17897
20612 8856 10751 8858 21071 7615 18725 3266 25128 11164 25197 5367 17904 8370 2293 31265 20345 13028
5617 7548 20298 1758 543 2222 11194 13806 31040 25134 22527 18393 1034 27598 10221 23869 25660 26500
15209 1543 32504 32480 32361 32759 29039 2030 31115 23033 11153 17681 28199 14103 11638 31509 31560 11823
17010 30903 18070 330 22179 28067 25950 10801 17246 10909 666 30234 11389 10401 31771 11899 19791 29144
29883 2483 20218 18680 5812 24514 1410 11020 508 24611 11886 1798 8972 17026 3821 18453 28111 12575
2742 3564 14571 26207 4657 12134 13637 15187 708 25425 15792 8685 21675 11167 31449 18416 13374 24220
6071 24022 24608 27379 430 15902 27376 12498 29128 28849 14899 3773 14644 18077 24657 31634 3807 2625
11274 19221 22701 32550 2792 30986 11601 12038 6535 5664 2682 15868 32247 13146 31397 17375 26878 26536
10224 25950 22751 19423 5806 10598 31418 2218 1145 18192 18042 21242 10094 26470 12372 29346 18804 6098
3336 12118 31826 26749 1100 16248 24925 29457 11596 5528 16850 17825 12687 10318 29563 28160 4649 4027
17667 8526 27371 5583 28509 15245 20519 5277 18127 5019 8829 16149 10330 24456 29963 12179 24524 9494
24960 22894 309 29270 26388 14297 29572 23225 12098 22462 9996 29770 21714 6096 13305 20799 2368 14897
23963 12637 13398 9487 13641 26774 27168 27984 23097 13439 21223 1885 4358 32631 24979 14886 12207 19212
29792 12420 6614 16129 15273 17673 18767 6274 737 25500 7878 30161 14381 7601 30406 14800 19960 19622
16131 1029 21145 24158 1968 30967 23190 10259 19773 22121 6410 23418 30346 4205 16926 31269 17164 29201
5145 25363 9476 32451 8744 22165 17579 4043 15929 3172 9932 27119 7176 14321 13380 18348 2913 5928
7526 4879 25612 26410 21907 19610 69 23409 9113 22970 24896 29480 350 14270 23046 18647 18666 20311
23759 14374 26833 25577 17876 30239 7487 23325 16768 30546 26929 22856 10233 16556 19485 27942 27466 32293
28505 18637 29656 31748 18546 16911 1744 24087 27399 6052 4892 12639 1959 13930 168 13272 21114 31437
23924 28402 19930 10878 1366 32606 13856 8830 8148 10197 2206 30046 4169 2682 25529 30124 13354 8990
15047 26812 2988 24905 6698 23967 10399 31626 30738 25684 32701 22830 19680 8527 30626 12007 28775 31049
21113 10356 30495 20741 20087 15807 2958 7654 5870 3479 32750 16892 26027 23243 5221 28909 27869 1878
11554 6461 26679 10827 29894 3359 28678 7053 10036 26640 27296 4553 146 27827 14330 12038 3204 22205
29498 5952 20918 23818 26448 27911 5421 24676 4332 20724 13071 489 19281 16050 17931 7777 807 25790
7289 26908 2932 21099 13484 9173 28972 6048 15898 11779 26798 13227 23182 26931 12720 27988 7090 11506
3403 29224 30905 18342 8791 22413 14429 18139 27680 22967 2855 1176 3843 30144 20986 13445 12283 14661
19590 27966 10639 25725 11441 27254 15286 15043 18780 549 4434 7428 28250 3050 14555 19102 951 12928
27218 25759 2585 28411 14349 3841 9916 10171 1341 19538 15351 12174 24469 28558 18947 8491 5725 16442
5128 21271 11224 11478 17698 24405 32141 10030 4691 31762 15885 1974 4977 8094 7554 4634 21003 11652
15414 30961 18154 10095 17236 31592 17689 7789 16467 30919 3143 24632 7680 5863 32741 7495 22583 22090
15945 657 17882 12514 5206 944 5314 7927 2327 20929 21547 7657 32200 14774 10621 5644 7661 26483
2742 14851 7209 18771 7172 15466 30357 3870 2790 30826 16372 573 970 26532 10451 12635 7595 789
17693 11512 22783 27094 18916 20389 2820 27160 16152 20142 21746 18633 25105 3978 227 25348 13284 31873
24771 1511 28713 22176 2976 6330 26629 16159 5467 30046 32009 30104 7324 2746 14707 1576 19126 9670
16133 25594 8769 31892 3000 11199 14207 22431 19828 2901 12119 30078 17148 2105 8308 1216 25656 9069
12947 20440 20381 5431 6160 30692 14128 7416 15868 22728 18934 8557 19934 29785 21956 7526 24196 32591
7521 5158 28202 27898 7782 2718 895 5203 17437 16552 4377 19543 16881 9805 30275 6600 4788 18859
15067 19385 22395 14608 24898 8757 4962 5384 27255 23261 32588 20151 26668 16465 29112 20230 14793 5985
5916 292 20177 1683 30216 32257 3227 21559 31897 21462 12553 5732 4310 9658 20632 12629 25100 8141
18958 16376 30321 31528 19567 17135 12512 3765 19403 12687 19088 10147 32614 18767 32166 9851 18135 14107
23406 7298 4369 30679 2913 25816 8599 2488 28106 30384 20582 19746 24374 27337 8109 12049 6124 29200
17345 31227 25511 14332 31167 26874 11666 27931 18443 22820 7276 30321 1269 13566 15129 31840 16452 30378
27003 22038 27180 23479 4412 3486 21791 10147 23325 30650 28070 4197 24692 7154 17515 12659 5355 26955
18083 8329 25711 29387 16542 358 16788 12507 1723 13090 8120 469 24661 29739 5679 26667 4447 6235
9980 16352 7618 11597 26116 26725 9087 10518 31941 7950 26207 32468 17878 1384 27349 13886 31983 4078
14868 24725 16198 22837 11654 2173 22522 5401 23341 30669 5294 8167 409 28570 7858 26264 3421 11935
5174 8826 5278 25065 23972 9613 26010 23457 31664 13042 715 11275 18629 8096 10625 31011 27611 14190
16087 12316 30375 8804 16059 27919 27691 17902 2409 13679 11285 24325 10951 24584 32198 20401 30855 18435
14284 23987 8715 9536 16285 23726 3839 10203 23974 285 10161 12680 8573 22301 25638 18645 21092 6632
15628 9055 10200 26393 23345 25034 18153 2655 8464 23047 16126 24010 27291 3117 988 31151 8109 7463
7905 12634 29690 29633 5453 6050 29120 21569 15967 2072 10998 5569 1534 28655 11278 20041 22277 21497
3440 4263 10953 19939 16154 6414 30753 32377 27260 900 32411 12227 1661 26837 10927 9125 31260 32159
3434 19055 26779 4024 9408 24045 1206 32194 28687 7333 1459 1320 3275 8541 6809 514 22416 4799
30693 32157 19774 10092 23418 9976 10433 14886 8828 4554 30796 27204 19943 22389 10173 1191 4399 30314
15061 12388 18142 3045
