10957 28335 29314 7194 793 21485 19440 27326 4052 21161 6158 7544 16679 20400 11158 15877 19794 450
7945 22084 32296 12489 26493 29846 14263 4663 30268 31572 9240 28371 27582 1957 12432 32132 10816 31621
18528 8095 21243 30534 30701 27150 31541 19864 26137 10336 9253 16385 19978 17529 16941 3422 26357 16294
24499 8311 25755 10568 9899 26990 32048 15943 23964 11940 8326 7749 9255 24712 19610 16756 31317 15714
11041 7214 24457 20274 25725 7090 5255 4633 21503 26622 19634 19734 2306 5828 23196 27185 16929 15461
9208 23158 19604 1266 26702 20592 30140 17310 10145 24081 31078 8865 13272 17016 6532 24735 14691 29212
19215 18352 19380 9883 9281 18637 16377 533 30711 26943 25640 4359 19034 27932 23683 14383 2792 27348
13476 22858 16212 13337 28675 15062 3166 16431 9545 32743 18203 784 28960 14873 31815 24194 19564 25576
6137 6029 4430 19801 7007 32288 15378 18520 2928 12558 12944 8313 1197 11272 8061 10631 8292 2650
11431 29119 5910 11046 10398 25326 19486 8958 25373 24347 11987 9769 19857 9286 7215 22756 10784 930
11982 12433 22071 14197 10101 20952 31879 25890 23184 6315 14766 5543 20481 13556 245 12719 32558 2246
19346 19711 21665 13312 24492 19686 27947 30919 14851 13866 12789 25957 26552 11733 16881 28571 23170 31176
21605 27920 1212 3088 281 5326 18436 26072 6475 30331 1066 23916 32303 4610 20505 4959 8355 32196
11031 9062 5633 17521 12422 23504 28291 27040 7011 2252 14405 15967 9408 7829 23676 29763 2426 20249
16623 6301 17266 22166 23382 25978 16815 3021 8641 5139 11272 32616 1103 7129 32207 13928 23519 2895
1024 19362 31439 26143 2708 1374 18800 13298 17601 10565 7616 11541 15671 7163 13976 12311 22707 6153
2351 27828 14549 1972 19321 28665 2331 20107 26548 32207 1043 3511 17802 25461 15180 12263 5114 12188
28299 18523 276 31590 32362 4387 2646 12563 17965 5298 21168 31585 26796 20152 10744 19091 23794 20479
12523 6864 17727 12807 18164 26437 24143 25921 11617 30449 4393 9974 2863 28316 29863 10909 16051 21492
18820 16771 10303 28127 16058 3837 23015 11907 2116 4828 22732 4561 5483 6010 23452 7606 29255 20280
12830 28615 8404 11461 16901 980 29848 17228 17765 8107 15924 14601 13812 4214 20969 6619 4532 9480
13645 5314 25776 4520 58 28888 17604 10480 15748 17647 10569 5561 22037 16240 19791 775 21497 2114
1571 23620 2134 2850 15318 4982 24755 13403 28271 6195 30605 27988 29856 27697 11287 25565 24510 245
19819 26893 12529 19084 9376 29546 19314 13298 27266 4123 20631 24707 29719 20339 20553 26195 9033 30921
31625 28307 25942 4488 17337 26182 20006 881 4935 11504 6551 28181 2973 27743 8368 28617 29800 1344
3602 29081 18363 15742 23869 17023 2071 7134 29055 3632 19222 7204 20516 31415 9612 10632 18808 31072
25948 2466 7564 6005 17318 9438 26633 22867 31989 22544 24307 28006 31306 15265 12613 16972 30644 2957
4172 19453 21478 7350 12444 1111 29956 3009 19950 29473 28433 4357 32392 18617 22281 9608 25025 22715
28652 25988 30165 32617 7229 23577 8443 15932 16805 9304 14722 7293 2303 2833 6531 5607 10258 7827
2489 9669 8407 22351 3940 14449 8472 17803 27075 4196 28755 28910 19054 27305 5660 21630 5454 28182
9781 9384 13221 12955 23981 18914 17947 27353 32039 15655 17062 32152 3272 12575 18721 6729 29958 13536
15214 5378 6346 15306 25746 5443 23755 14088 15240 25719 18516 11121 3284 26460 11092 29112 6085 3827
30026 2805 27244 19559 10673 14075 2461 21599 7698 14314 12104 15814 27713 28272 11477 18217 18218 15437
15424 20526 7153 22233 19657 20884 11438 30709 5810 24826 4171 6000 555 2950 17330 6665 11745 5068
14437 8600 8243 24492 3094 27263 28787 8201 21779 25154 29303 310 12644 25496 12851 28141 390 17282
18995 12626 32067 7066 24895 1238 3485 32232 23490 21672 6148 32212 2986 18465 9936 14876 27731 22708
6849 21640 13563 1240 21000 616 20276 27011 28822 8819 31676 20338 13580 1056 13172 30486 2085 19437
3796 12470 12264 8498 16715 2760 21833 4302 29504 9204 18018 20887 1978 27894 8792 21920 6469 25667
22988 21729 14812 6783 12725 15689 16948 2420 12852 13248 15485 2601 12154 4778 13787 30338 22471 4451
958 16944 29345 430 18427 5741 15594 19748 16468 15784 3807 8525 11677 27125 14075 29658 23874 8805
13824 19666 8957 25829 18535 385 19745 17881 26954 19765 24732 7176 14820 29349 10201 816 31516 21240
24852 16932 981 9704 6135 24649 24688 16177 30303 30150 2077 3427 6214 925 21112 15751 12123 24218
7012 12408 305 31133 16310 11609 3441 6945 24248 31999 26241 18986 3537 23360 2569 32273 26826 26846
17527 24062 11065 2794 27606 7072 16337 25477 32180 13422 28730 20508 27818 10087 8895 6083 10386 26812
20675 14468 11957 8627 8937 31880 11390 1897 24042 17718 534 21740 3428 14123 12203 13384 5951 13311
31344 9044 9379 19589 21636 8007 3171 6420 21579 9242 10738 8824 18195 19071 20147 18541 10937 4482
14085 20835 6840 8040 12909 3937 31902 1456 26417 17920 30573 21613 24721 15900 634 2220 20794 12885
5990 8819 14338 268 21398 28066 20679 20394 5269 19030 32621 2714 23515 117 8134 28591 1538 27240
26225 3163 8453 812 16348 24145 28057 9169 22344 203 22604 31645 13352 4887 30026 4174 6204 17580
19420 20677 2736 12901 31965 1931 15661 182 4209 14421 13705 24433 30513 13477 26908 25287 2705 29745
13537 23886 6140 31668 24464 10151 17460 24560 4111 222 20748 12078 26142 29833 4738 20066 8016 29142
8138 5498 30219 58 2782 14085 9511 15554 11059 16055 15743 3359 18586 13208 14325 13322 12408 10630
29042 12872 680 19828 31608 8641 16744 14692 28357 29969 28875 6983 10813 18711 20815 31623 11257 13018
344 11872 28425 14275 4787 15549 31400 23079 24187 20539 3755 26508 9440 28318 6408 29775 17389 4117
24830 12262 4431 23888 4932 32542 9251 8276 6921 1855 6430 13564 30000 5677 7775 1082 26594 5260
21166 22298 19383 27721 17313 3311 21124 4359 5906 61 30311 5445 11331 10139 32584 31065 16278 15689
18611 7965 24025 31344 13666 3910 13083 12597 31686 31670 57 21090 14384 11058 17393 10818 28628 14915
25407 24732 28969 23933 23775 2007 15790 4302 21550 18401 26847 24619 32520 28588 6179 13739 17219 31313
4286 22625 3886 21382 32202 2331 14655 26296 23719 26560 29522 18041 14844 3737 7366 30197 11316 3600
36 8888 14072 13956 18414 22715 1108 23190 13985 32459 7889 30569 28093 9464 6360 28083 20778 29507
19797 14313 20437 17170 9684 19048 8620 12306 4458 2024 17286 11262 6451 30685 16057 25143 15953 10718
2010 30233 3147 29318 241 26875 3498 27891 27306 13080 3381 28216 20681 23500 20619 21981 15923 7501
14406 26431 17367 24429 28931 6339 7896 5492 8654 1002 2672 19349 17368 25263 2133 28597 3927 17977
11539 8343 10725 29403 15171 4496 360 3359 6657 19582 357 1125 29396 24395 3239 26174 692 16623
26623 1984 27161 31031 911 12124 2351 22629 19367 11352 12713 18805 28695 1960 15822 3072 19575 14764
21755 24926 23838 4462 27816 30892 28197 14626 20481 9927 28531 935 15101 13517 6531 28561 21666 21022
20497 2888 5283 30165 28118 9878 24642 15149 25910 31988 27121 1411 25240 17922 8479 30489 23514 22086
15502 1954 14543 15797 11265 17833 355 3954 32161 3961 15498 16047 443 20218 27888 15569 15075 1331
22123 17637 25699 12474 31007 59 7249 23412 27987 28811 32014 23497 3385 19129 12677 5321 5989 12214
20827 16852 14065 28112 3967 6479 7241 14275 2252 21170 5058 32003 15777 23540 17821 20207 614 18920
2684 32653 29640 20531 454 26061 14872 19506 21719 29158 10110 12153 21552 176 32310 21771 22739 5809
26970 3728 6056 29025 29996 29725 21018 6388 4796 17250 3960 24641 29368 23206 19450 32042 17222 6682
18686 9822 7583 14654 27221 25324 11835 23296 19744 30288 25863 27966 896 5720 14361 8115 8686 22022
17964 32250 2457 29127 25627 30931 7178 26767 24990 27305 17429 3825 4492 25458 22 1769 24813 18363
22854 18627 2456 3765 29785 10775 11284 11302 10163 3278 23687 28912 16927 9345 28447 28482 28630 31876
3956 11680 26476 11079 28525 13812 19833 24337 6514 19132 30766 12257 12636 20592 297 25270 12658 13813
20464 2477 28101 26541 2527 11813 27547 6828 4970 28483 22379 31409 3673 16979 9904 1840 457 16401
12426 11322 5806 11162 18885 25115 5720 7679 12368 24664 5559 945 20883 12320 31238 22178 14435 10670
17080 17017 11775 10580 17605 7404 23138 1839 17101 24628 28591 7887 3861 4760 11599 29040 8795 18113
17795 12286 21421 8669 29475 14381 7806 4819 18922 20609 8360 9882 3669 12291 16085 9697 8378 7460
6486 26634 18278 12172 16064 1901 25690 451 18317 25194 25099 23889 18171 5751 25440 11981 15685 24579
797 19677 30472 2884 11838 24180 1534 25373 26107 27769 16062 18555 29824 27254 26684 24403 25002 17067
2007 31981 12886 12673 30529 17166 16138 31687 12109 5365 11848 19655 29761 20743 23973 18220 20228 31773
18030 5455 -9 18886 10619 1256 22296 11858 3634 31146 7302 25919 24762 17258 30620 6605 15271 9041
32307 7213 10431 3243 23000 20535 25866 27727 11682 16766 29708 1014 10740 2136 3661 9327 30961 27713
14175 21297 28786 28549 1716 10010 13657 12418 28604 26763 15277 19258 5650 16535 20634 10583 30583 977
6457 27247 31354 25531 12946 21027 11178 5159 24449 26420 13753 12079 28364 12303 25088 25898 18296 14389
10965 17180 17836 19349 11839 7399 21911 4684 2931 26281 30329 31275 30591 2322 5102 6553 5494 32104
24616 30561 24011 15468 6974 25527 8328 19667 29615 20170 28579 31907 27799 18549 31593 4616 29885 5425
12145 32616 6910 1023 6562 26314 3036 29246 26931 30786 17581 10221 4311 30621 10111 31209 22478 30156
23734 23784 26246 2257 11703 22025 6802 3973 17565 29784 11595 19501 32155 16334 31411 25310 13691 18821
29298 1652 16639 18718 254 24883 31237 29539 31610 1226 3493 30286 23324 27916 30611 17925 21410 25200
22248 10113 4413 18328 2029 9213 10587 7659 12115 21009 2911 20003 8863 8173 31683 32477 23007 2684
26401 2014 22158 28210 6183 19258 11189 23842 7427 772 4976 9740 26537 19723 15746 30877 30195 681
17225 21360 3168 10137 27908 9897 20684 31740 13322 22616 20331 32120 11936 5586 14346 25570 20709 7769
24021 25934 11978 29449 18133 19598 11216 6167 22119 12274 17271 21272 24334 21165 22332 4817 10067 32169
11715 27661 11869 23386 3921 22477 15168 9098 11097 7870 1007 8528 13201 7667 30514 24907 22514 20623
30191 4732 4175 19265 1994 26245 24305 5235 22243 32114 30802 1596 32491 10306 31909 9426 31576 3858
11785 6011 16675 1650 20510 11514 20302 8174 7478 6951 17200 16788 31834 25175 15269 20904 25752 686
6041 16414 6658 28248 23510 31945 12082 26029 19462 9179 30930 10170 803 28143 23994 9310 5849 12171
12553 7156 4705 29546 112 22537 21662 31886 1289 26874 7494 15083 8249 5479 21937 8 4807 26205
24616 32398 22637 32118 31620 24763 21825 7998 1293 710 16416 8086 9794 7210 30254 7005 14741 25568
9182 10919 29284 31866 28444 30970 5208 13092 3790 28277 17896 23995 31576 22033 19014 25750 9368 11639
11823 17230 22845 2543 13426 3214 19135 15961 3395 15795 23443 11971 9520 27896 8697 32027 5951 8134
19361 31494 3577 21275 20447 3342 8218 1126 6590 27404 29826 17609 6237 27111 14594 9176 24484 14959
14502 32259 18223 18831 7582 31083 12690 11713 10650 16033 26991 19848 29213 14514 16320 11184 27545 26554
22285 1081 20511 4986 18473 9961 11577 26845 3128 15051 9385 20166 22455 22373 11544 32251 21260 7794
23874 10419 23552 17377 3891 15533 15590 11766 26063 3503 1166 7052 665 29122 27639 31515 30172 7745
29867 24385 14003 20179 11479 15444 11794 1115 17548 23369 8435 26466 24547 11806 1534 6354 21255 28876
4658 32501 13020 17546 2352 22787 26396 12078 7230 9776 10788 11451 25862 11306 8508 15785 18256 10333
31430 7814 17946 30979 15637 5336 6072 18685 13145 32139 1447 2886 8906 2075 25351 20828 13799 19280
9995 18701 18569 7995 30192 28100 330 26695 9629 14446 25645 16320 2426 23412 19102 9579 4495 21765
27815 9873 2218 26039 26378 9707 32261 13632 27484 12635 9743 13189 1206 4210 15946 23 7645 30793
16631 25921 13534 4284 29521 12936 26475 14090 7014 465 17668 10563 26955 13496 4641 1804 24363 13387
26742 21584 17677 16429 24772 26670 29562 22935 12751 30189 443 5270 28751 6890 8899 23985 23707 7512
15895 32166 26918 18762 3982 26988 26241 5632 23087 10380 182 240 31367 24493 31050 18890 25743 18786
19261 31783 22502 11056 9175 29183 22584 4305 23768 15272 13457 23483 25584 6398 10693 29007 15189 28651
27697 5122 32697 27606 9464 13508 8052 13001 11815 18083 12055 23426 6751 25151 1736 4318 21357 17467
5470 3749 23696 29469 5281 25399 976 6235 2712 8948 3618 22700 17450 30875 11186 14201 13617 16075
16031 20925 27023 3889 16726 31762 29555 29304 22606 4095 882 7669 23161 29841 5369 27119 23981 11737
23737 28189 4552 83 25623 28230 30484 29492 32200 1256 15466 15779 32657 14076 20453 27591 28145 23742
28528 18128 1030 3034 17465 19498 17771 28390 21871 16389 1349 13837 24163 10067 3642 3327 21458 13446
22538 16885 9333 29748 30247 2674 172 17496 11123 4227 13739 25424 20435 13844 26574 8631 29268 14511
14326 1002 25794 9060 8344 24180 7399 14598 5508 14817 5703 17510 13142 2506 8731 31038 2590 782
20333 21215 20178 7545 22890 7038 214 3225 17994 2486 19911 15245 9209 7709 16751 6309 3467 12039
3156 15291 26191 19709 28132 13302 30182 27898 3489 2298 20938 793 20435 15115 16322 31636 28983 20191
32257 15365 30242 12297 7273 6739 14520 30520 21136 30005 8800 24515 32741 22872 23817 30634 16445 24586
1631 22483 16963 13108 13315 28388 19125 25266 20877 11158 4387 30307 9786 4687 25065 27154 3711 2546
12609 32370 13286 27542 3003 2841 20668 8845 4066 15873 19173 26142 23872 29753 12747 23510 9319 6105
27618 11370 17529 12066 7933 22515 8640 2250 8210 21933 8616 12773 30395 19095 30715 8380 16069 25462
12546 16584 30281 7768 9640 19599 608 3817 17384 8105 30472 27217 22893 28527 28307 26185 19113 4972
31753 14215 25506 19552 1356 15077 11744 13181 4020 5751 30603 16294 19594 23991 30718 2934 28892 1161
15665 18574 9169 11742 20173 3193 4329 8616 12909 25204 26966 30098 15589 20150 24737 13722 23780 11960
28695 6047 19228 8957 28206 1495 19260 28157 17598 3363 27225 29741 21090 31337 26288 18861 17297 13037
11414 30907 28226 5155 5248 28063 32176 26341 20154 13336 30850 12706 10148 29065 28371 30171 4616 18560
23320 9475 8712 4642 641 22686 26007 6149 24733 6494 17970 15216 27092 16846 24512 13955 12780 18469
30916 24963 16595 31552 1982 10932 9099 32482 29171 10806 985 4967 28456 11 21312 29794 16134 26338
21850 23292 6995 10268 5484 28341 5069 23942 4927 12912 16121 11224 13005 14350 27714 25262 15399 10077
17300 11659 30103 25758 32233 17032 9610 25101 8983 14797 1924 26723 31050 31403 148 25356 4402 27018
7857 31689 7072 17277 12249 4260 29898 21251 31649 21019 4138 27063 27909 5156 12766 19403 13956 7781
8620 30731 15928 1983 17033 31188 23731 26927 15372 12325 15221 29640 8384 13659 24120 13819 15818 21735
9240 7227 32738 14836 19298 30907 6527 17226 17597 7799 22044 10360 25119 23390 18230 23610 11319 24131
13795 22588 27562 21302 1594 15850 12637 17376 30605 30884 27103 1686 28243 19807 18543 18717 12998 720
5329 573 20828 4075 10424 22282 2031 31415 10319 16115 27826 21720 16868 29540 14829 269 321 30416
27397 11922 423 15938 5964 13462 2930 19192 13654 15472 26901 16150 13323 25510 32459 14597 5332 17476
29235 730 29428 3489 27851 24705 9280 6994 17816 2342 24354 13439 7777 6220 4485 24736 16306 439
21889 32331 16606 21627 12016 1487 18026 23043 32346 9878 25636 23394 21773 10444 28320 6838 5822 16459
18311 19277 5110 15732 29103 5436 2588 18054 30644 28696 13509 1754 29386 24868 23483 32432 15340 26748
2882 24830 5324 10676 24631 10698 21435 7076 5917 23098 24393 19311 18143 1489 1116 32460 30172 7332
29801 16771 29575 8014 30269 10879 9191 10155 5714 25434 10168 29454 25214 16451 3646 22946 31886 29193
31830 24373 4201 8243 29720 18734 31111 30179 11009 25910 8971 28223 6175 28304 28731 27619 10221 15085
14026 26564 16895 7623 6565 17214 2793 11342 20060 2347 4144 20293 6652 10965 18723 19713 4353 868
6425 14864 26267 11995 16052 31151 22414 254 23729 15569 31602 9753 2026 10613 2595 15449 1568 6063
24574 28561 11001 4033 19830 25759 32018 30100 32126 32766 4444 3419 95 21368 18222 17824 17441 16206
20873 29253 2484 4718 14817 25855 8286 13847 18440 3860 30001 12426 31603 6157 16608 2877 375 5701
24955 26598 21758 21505 11134 20802 29590 20034 15707 4830 21381 22640 9018 9195 1818 4624 21820 29148
14749 6316 23919 5547 28916 9152 12498 16580 16653 30067 1917 27933 23550 19736 16497 7256 11286 18014
7217 12951 25182 20930 23233 14314 10006 13073 2372 3505 22272 12329 2571 25254 31236 23913 9442 29344
24379 13217 10681 23877 2542 23160 29501 8185 23596 21827 21530 32611 10853 31735 15353 27575 9286 28156
8063 11508 16147 27164 28565 24932 3290 14264 11267 7201 11577 3319 23829 12013 17271 7885 230 27239
7492 17855 14216 25257 30602 25576 14929 557 3080 30892 27447 30861 21488 3367 1619 20562 11397 26166
17302 14293 18482 10162 29428 18861 6485 21685 24697 24656 8759 22886 2870 16533 22057 2507 31639 10263
30666 16918 17646 2617 8473 5094 32325 2294 24570 11574 15918 29790 5261 25578 26258 24047 31922 4943
19115 2726 6253 13922 32066 20640 21540 27510 20821 11292 9109 19782 23259 5905 31356 19678 31175 28895
19875 31072 15714 190 2796 24647 10710 24425 12357 29645 11759 21628 29141 8592 21274 29243 6297 1921
30162 32200 1478 28960 4154 27988 2258 2740 25748 2668 28946 30060 4794 863 2532 10390 25860 30636
27501 19592 24628 19421 19645 31365 25331 20564 17243 3488 24569 2050 7129 29109 142 6548 14276 6778
14520 14475 7380 4294 7216 4350 8532 16583 32146 805 25044 29995 9592 14790 27656 11263 11278 26624
19214 12437 17130 14936 24766 9878 31054 18209 14435 29331 18374 2530 16042 11143 28588 13858 2751 524
30971 28065 9408 18448 23616 9602 30087 1722 8973 18113 19300 19655 3143 22067 8273 8880 32607 12137
3496 20361 23224 7953 6227 23481 27094 26759 17183 31890 3549 636 4520 21782 26196 5956 26876 14434
1129 5074 31011 22737 30240 21109 7172 4343 13234 11466 21923 12612 15741 68 24990 32628 29757 29461
31149 21179 30996 838 16793 31094 8247 11749 1194 21626 17298 14490 12201 21188 58 27494 13503 15124
11025 17615 17565 28330 2345 30224 2082 4383 5801 12748 18515 16777 27052 6796 11913 20761 31707 23583
2781 8813 26499 15545 19162 7903 25611 12435 3637 27742 3384 15755 1130 20756 16949 14751 32677 28664
10100 12405 26838 19125 6202 31967 311 13553 4807 24774 7444 9349 27750 10457 17251 2978 22689 10053
24401 9936 3863 4609 28259 28231 7530 4020 22604 4710 12256 172 23513 13039 23959 20041 15571 15016
17293 20049 8202 3235 31606 1323 16210 28344 14658 21307 25555 23810 7269 23032 20775 13036 8 9144
3503 21901 22155 23340 13425 19116 23655 7648 15274 27061 11836 13787 23875 4507 3575 18184 3147 4043
25477 15108 9042 9475 17564 31016 14509 21162 4009 13577 17272 24005 26179 24719 32210 13143 4744 3404
12527 6520 9261 18689 21955 23139 20563 16785 14142 21512 24791 15297 407 6515 16106 10679 27472 4387
25834 27782 25266 15554 17219 3308 27984 5639 25876 30558 9283 11436 24379 1891 31203 29284 22412 28163
13510 24320 11959 16322 19401 23195 6511 13674 3989 6329 13666 27796 19793 20656 25694 13092 22115 32625
31770 10741 6620 7707 5074 19215 15012 31398 32363 7894 20330 7434 15060 11439 14144 26033 26665 29372
12296 20973 2359 28879 6604 4284 8900 4852 4954 21837 376 1742 23636 4786 13023 18541 10269 3281
32224 29271 20122 27250 26105 7412 1412 13551 1616 22743 4034 28812 20368 4308 3338 15015 30063 24265
22495 6291 5876 8241 7074 25724 28279 21867 4378 682 5292 6341 2864 19605 8852 14398 16799 23829
16323 16167 1144 10691 26210 31323 17654 5543 27589 17514 8202 26933 5996 9270 21856 23364 21952 2971
22570 6105 20926 16599 25945 28509 529 16174 19018 7191 30015 7023 18789 18347 27034 13986 18479 16145
31599 19710 12642 32553 30619 11214 14837 1605 7324 6635 29143 6146 22288 16519 20263 23806 17828 7886
7583 3358 4104 21556 87 3562 23874 20181 28550 13136 30031 10472 24803 3196 22975 16595 948 27401
25075 22897 16370 3709 9792 19644 24820 8661 18088 7792 6782 30104 22640 31047 21136 9149 1901 25595
23687 2222 13808 14663 4506 15630 10434 12074 29315 32146 2485 31089 15971 11127 19866 21389 11030 21096
18887 32142 10830 24516 1146 30846 26746 30491 3226 3596 28850 3966 25865 28413 8682 18149 20118 30106
24864 5645 32209 22238 13649 20970 1952 20179 14386 9870 4464 5252 2183 30365 4205 8489 10607 19723
9275 5664 31513 19243 22622 20204 14523 16495 22974 27012 10148 22335 27302 21176 25540 860 8780 8525
30035 7472 17377 19644 7060 22097 14407 2742 31061 29619 30651 24681 3580 30901 28121 12994 10374 12157
9772 25049 16170 15001 19051 15350 22722 7221 16740 21346 29476 24098 30735 993 4754 18144 8901 13079
26413 18668 257 6258 12938 5709 28870 6183 23428 1489 23865 32136 23258 13688 21576 8338 27801 5677
20454 17043 13411 19603 32300 11894 15544 4964 5354 26584 334 2718 31912 30119 28059 8305 24162 5135
32083 32516 24851 22854 27041 11129 8727 6654 4068 17115 13579 6399 32166 32555 14073 19914 19869 29372
16462 20183 16960 9274 17083 10890 18807 30724 7659 15454 21870 4857 30543 18416 14014 8786 8685 26766
25578 13524 8269 8023 23073 4398 3797 3310 747 13759 136 8667 19321 28011 6961 21312 22848 9681
32608 7541 1848 29366 18141 25350 6467 27294 9902 29274 20444 18668 175 16100 18948 221 28618 6413
24444 11785 7169 29244 24819 3567 24928 30536 26927 28450 5672 3749 11090 16680 31908 1472 27309 12827
11218 31076 1969 1387 31553 17857 19931 3938 16045 2321 28537 717 23639 1630 23050 31487 2795 29372
20577 28644 16988 31288 30133 32380 11401 2010 13830 13154 8304 7396 14308 16911 29983 17283 17224 21888
14319 26728 18876 26190 4420 10233 31706 16814 26063 23210 6127 11709 32208 27713 24026 22446 16472 19236
21563 30238 19888 31156 19209 19872 1167 4140 18174 507 16186 14598 17069 24830 21373 29858 28830 4685
8647 12403 27348 22661 16391 32073 31543 20430 2833 28865 27095 21866 11321 32341 31701 1168 23795 21252
4078 29920 30420 249 1040 9607 6751 1506 20593 16883 30930 30941 938 11239 3476 27474 3064 30347
21204 18843 31238 16066 15660 17920 10504 3357 2753 7198 30606 11387 12707 13994 32299 8803 31010 1178
28451 13390 2795 2540 2865 9847 1735 30561 22500 8128 26118 21879 716 24253 14881 3809 7796 11314
4685 26057 9209 14063 5332 8422 26235 17517 5920 31606 25471 25367 16709 9303 7261 2533 2353 22770
25988 20645 4135 26247 22110 11901 12392 8118 18176 26695 17832 4229 1670 7631 31966 32260 14155 7940
14150 32008 31699 30465 19639 11343 24950 22579 14642 23992 13271 21975 416 15057 9717 5788 23515 12456
31819 27783 26140 11998 9241 32301 31064 1500 25705 27922 25388 28795 5000 9558 4851 5329 32390 17089
1495 2051 28070 14019 32432 8692 29097 7122 21618 11107 26412 25192 25780 13348 23209 17064 29809 7116
14786 8091 3315 6722 32302 18341 8092 21279 15680 15902 31910 16524 18907 31324 27078 359 20898 18385
25469 22115 9702 13137 22037 23169 6064 12835 22918 17224 5810 28016 15557 13149 31620 24481 27767 27907
11750 12049 125 28588 3406 29019 32068 19630 19654 17509 5080 16216 11031 26766 28053 21585 13477 18451
20173 11266 31287 6123 7470 9323 26945 32089 5241 30303 12558 25940 14241 4492 25015 30975 18488 17428
12303 23337 20909 31101 2648 7011 4978 7339 27516 2556 22201 26931 5643 22945 31510 14265 9544 14797
18054 4600 8097 22287 17622 6582 30179 27596 16958 3872 7086 20222 11533 534 9730 11181 27298 31566
6600 19969 27623 10312 22664 12613 3285 22100 22045 15233 2848 18822 881 20972 8278 14903 6877 13103
2876 1597 14704 16936 5187 24858 29167 11955 22873 3996 17386 9974 27906 31372 9751 32452 5264 9448
3017 30577 12720 20745 5369 5461 9036 24876 21307 11871 10622 16255 20498 7750 6396 22709 16301 19320
26998 30427 3706 27029 27539 1649 12906 9494 12721 4999 28273 9308 30916 2424 29383 2474 6952 681
1726 25273 23557 12972 10106 12602 5350 14379 18505 30968 4974 25099 8181 32475 12722 13228 12155 9560
30167 13434 28153 4653 17800 22140 17872 2390 30678 202 20273 10502 21284 2199 29572 29517 16779 9661
26262 20637 18774 11927 8363 30676 5113 10007 17890 26470 4315 28419 9989 23448 32448 7044 18243 28244
26959 18406 4972 19515 25899 27074 13975 10891 5977 29731 14176 27277 21578 22081 19246 5765 25006 8472
2628 9083 10214 24750 28950 9254 24220 29733 23346 22987 116 29047 25303 19865 4583 24602 21086 24509
2059 22303 4745 30544 22976 19115 16998 16427 2194 5132 25569 8497 11447 508 19005 22646 20638 31641
13613 26692 9997 609 17951 16819 26967 8206 14663 22561 26655 2896 4507 2652 7136 4051 8370 3203
16419 1393 6330 16321 18104 25322 4932 8869 11618 14249 14733 18278 863 6336 31175 31442 10727 19742
30163 2251 7117 17725 5941 18955 18660 10770 29778 26311 20459 3750 29326 31539 9309 4577 21079 2256
27411 31443 4081 24812 6766 7297 17768 29923 10649 3311 31331 14065 23282 31653 3195 30919 28192 13012
7491 29519 17652 4234 12693 25476 18335 626 28107 26754 5187 20826 7036 3838 17922 18330 25720 13886
24258 32443 28383 14722 8324 24845 18082 2975 25123 10587 16410 12062 10952 28327 16370 14360 8508 1829
5257 17193 6729 19990 19447 3427 20913 6443 13352 6650 7131 26853 28536 4252 6452 8407 19204 16870
14770 20984 16922 31750 6978 26008 23252 7550 4084 12942 18409 4237 22158 19000 31794 7260 21284 2148
6828 14096 21107 12964 28787 17699 9461 13013 25489 29223 7324 14606 770 3730 14891 20590 9341 8008
5681 13214 15041 2418 20488 27753 20936 2225 4542 2600 23482 22966 29095 31808 15240 18082 16503 23336
14481 63 3495 11545 18245 28897 28615 29113 21471 29752 23438 331 31041 8292 5826 2800 20993 3227
4458 15867 19980 16536 13222 27447 14894 14790 26930 10347 25634 12566 31111 17415 2165 3800 30287 5000
30024 14065 19861 26945 3756 7003 19227 15743 8203 16005 5311 22203 9867 5259 28268 32056 353 27762
20760 1476 12978 20258 8456 16335 7687 32678 3962 4765 28734 2196 29499 22018 7194 662 9448 12794
6304 145 10781 4558 19570 19648 15382 30322 21157 25318 30037 13288 1115 21578 13052 26162 29770 110
29839 10546 18144 20315 18468 24650 5133 22767 3278 6234 15961 9645 6283 21036 27305 29836 3576 16143
1553 12844 27803 15720 1088 3382 10392 8180 17291 21548 22038 3284 16924 2094 13082 32654 4144 20787
7536 14927 11281 16284 16198 12907 12969 1637 32599 17475 4621 7128 13 14893 10370 27103 14868 29408
32150 32031 32384 13052 32663 23625 27466 28146 29498 29970 8197 4498 32669 19068 15649 8721 1078 20506
31523 12311 9119 7911 25637 30340 12216 28407 32146 11236 25431 752 27761 21075 5266 28713 24930 4906
19719 28832 22383 29174 29382 10655 29331 25156 28350 5148 2340 3328 31922 29208 9379 20775 4032 32038
1494 19296 30945 14993 30723 28960 14885 8299 32641 2815 13187 30711 12181 6685 5264 10578 13152 30002
16340 23673 22064 10317 2869 6991 5947 25699 2433 24857 5146 2422 18865 17230 22330 6430 13964 8011
21674 6837 1172 31101 8985 16447 22615 31270 15229 21959 4773 12934 19424 18421 28009 6196 27196 20122
22134 24853 12608 1386 13031 11477 5629 240 30736 10119 32548 10777 17892 4517 27868 28032 28199 22847
15128 2433 5447 12344 19291 2029 22504 19522 8689 11961 8895 15206 16869 29706 9791 31366 21800 16799
5328 14543 27262 4927 5494 29647 22640 15518 6135 23117 3565 25166 30343 7864 24394 29193 4164 10214
6553 9854 18687 19099 27200 25011 6857 30882 25793 27501 9239 4306 13481 24141 24428 15490 17938 20594
28770 1617 29185 781 12759 5586 31055 9713 28993 15632 23444 31026 893 17059 21665 23347 7801 5561
3522 3392 9423 22156 19964 15257 19875 24817 13735 5321 22225 17338 20750 31796 11142 20761 3750 9168
11429 13507 25672 6482 1530 15189 12218 4704 15616 13874 7838 1031 25840 10668 10560 20930 9141 12214
27906 8040 29799 15387 29180 4711 21262 11766 10172 3700 15741 23092 9518 14641 13687 31689 30756 20810
12343 13471 4018 9422 7932 3080 3596 12973 32006 5770 3469 17301 3750 12984 9486 1466 15879 1881
14210 30859 16453 11974 23157 13070 28870 15320 24704 20861 3433 884 21071 5792 16290 22523 25405 3059
8050 8648 11564 11552 6975 115 16262 27389 28882 25125 19874 4444 9244 15291 2056 23692 7812 19922
28058 18896 25618 9221 8056 28444 2433 14424 1047 26175 22463 26782 17977 5913 18565 10507 31342 27940
18493 8057 30742 17511 26938 5282 12793 6431 29759 26205 6516 18359 490 26292 22916 26251 2535 21728
29901 2154 4842 23303 4819 28910 28746 15758 2180 2468 14414 10094 26640 8344 24724 16301 9219 16396
10993 29890 4463 10227 20468 10331 21897 14177 4746 10482 2695 20778 10478 9327 10110 1952 9925 46
30687 7060 21677 16886 11757 6865 8407 30329 23683 10583 5346 16684 25648 17004 32032 285 8037 31896
11505 14036 23094 7406 3204 6204 24818 1396 23467 31991 12873 19250 22022 4184 8336 32514 9373 29894
28238 30219 18506 17363 12811 7473 27064 6179 3423 9166 15057 3129 807 2556 21693 23247 31053 23981
16353 3096 12590 13126 4289 23634 17425 9585 17897 18469 28231 26632 21415 26925 13700 15022 2201 4359
14096 17921 14263 19583 10347 12420 21277 15556 22553 30433 25848 29044 14494 21250 4315 12304 17273 16001
2766 21712 16313 23734 12143 14354 13904 22416 10608 17999 9069 31752 20508 13247 11733 8589 11112 31358
29271 10467 18720 3409 11666 7736 20274 27600 20980 19009 30562 988 21588 16107 24677 3159 15361 11086
24513 17628 16894 616 16768 18226 3010 16760 8383 21901 19662 25045 17789 21037 23486 16722 13311 19566
1756 3773 22786 20224 13130 1209 32670 23304 5116 116 31757 15643 985 16301 14311 9997 20155 20828
2947 15100 30332 1608 4259 29693 15929 27786 23165 6037 2461 8750 16055 7369 23396 2915 7178 13339
32355 14266 18854 23841 9931 749 7290 13625 5623 15377 11526 27434 3545 24915 19198 1200 8030 14822
18911 24745 8307 23463 4856 8934 21715 26549 10358 29929 5750 2809 1494 18483 2331 3277 2463 1494
9496 31265 21551 22206 9552 14040 18471 29157 9389 807 6018 7032 30296 16287 2711 16707 1511 31979
27551 24615 18971 8790 17488 8034 5991 14405 22544 19574 23872 8455 1932 9388 6976 19937 2517 6081
6333 14938 9840 28621 11411 15280 23747 2674 7985 28367 9422 3904 29911 21035 13541 20346 10842 22098
31053 15068 12682 29238 10295 5606 14531 1515 8080 23884 2449 6691 30714 605 2841 17658 30961 28015
13024 17334 23108 28838 29125 4801 32413 6219 26530 4439 5006 1260 27246 31778 17050 14810 11336 19338
24565 3483 3418 16579 16834 10031 25709 11934 11566 13492 19220 18688 1234 18309 14556 2077 9129 296
31206 27351 4648 32254 19627 9263 6 10399 13093 32762 12096 25350 17131 2866 15585 12485 252 19186
29240 19975 5173 3912 3102 24783 23492 11462 8973 11897 13308 10679 8319 795 30580 10859 28048 13790
1595 10377 18167 30371 24927 16965 25191 20735 9431 11261 20617 4182 28014 4544 18702 29033 30002 29672
19281 19647 29650 19121 16604 9982 3464 32105 3174 20899 24135 30924 13010 2455 27317 28770 2331 16150
1514 5981 4887 29252 30048 23742 144 20862 24710 30350 29265 1255 22460 18538 30055 21180 32279 28936
24378 2470 8933 3076 30453 23490 22051 29025 6176 5822 17515 368 15055 26128 26020 18329 3187 2433
19417 93 1673 11600 7212 20144 11820 20489 47 11384 26868 24771 6526 25131 4938 784 17747 4710
17334 9368 15111 9066 26497 20205 20913 5521 9425 25513 31088 3903 11661 11578 13204 11691 28688 28917
5681 25482 20655 28314 9950 29717 22678 30956 6368 21633 1591 5073 14910 357 10842 17210 7340 4709
32540 30637 17640 6815 25522 17401 28186 7893 27009 18457 11272 12157 7848 32106 30835 29292 16865 20474
30768 10006 19166 12641 769 29260 29943 4224 15094 32173 13928 25293 16107 13694 20731 10913 17505 12926
26630 10002 9341 6773 18268 6322 10342 1189 18442 18381 8365 11428 32239 14312 5240 308 6750 13353
4818 23016 12467 8625 29912 24661 18306 16985 6575 30760 25408 21849 27259 13030 30312 16652 12655 6817
25151 12702 4115 24581 30145 22861 8417 14231 5364 15841 4083 29280 30133 16222 14112 7601 7814 17400
2356 13858 4398 13552 22717 14778 20478 14719 17792 9683 10079 23052 24016 11173 26951 31073 15995 10340
1378 20193 16075 11411 10993 19848 29468 7810 24467 9513 4788 17411 14205 18418 3432 16343 6942 8645
23547 19837 17738 27796 22490 18702 26531 19993 9828 19933 8070 10948 739 30897 10365 22961 29785 6401
30725 9854 14909 23892 11872 19340 31866 18234 2243 21054 2761 29293 16600 994 14137 31456 1342 22588
6107 3688 30646 3412 15374 30113 23567 21541 8341 8126 25782 16084 28476 32294 18529 23631 21932 15023
3283 11432 32580 5538 13156 23401 32449 30372 12791 27225 12876 32036 26106 14880 28627 7111 27700 7131
937 2872 2559 22594 20224 8283 5029 22380 4471 20840 31743 22177 10703 30332 31111 22175 23031 4501
27763 12301 23171 10585 29201 30793 18709 943 20873 9146 15908 19186 11707 4548 5652 27406 10356 28071
14719 12646 25300 4218 28866 31756 1795 20707 3806 1160 18178 27507 32589 4449 32014 28887 901 7018
22728 25797 11113 12750 17933 31411 21792 10701 30935 6941 16405 25977 19074 7897 32602 15798 21475 27434
22292 23411 29061 23257 20812 3237 7155 8520 5682 24441 16970 4672 21265 4526 4521 31470 15644 7907
21907 30861 31525 31286 24118 30720 664 16069 5947 19105 13296 25621 15487 31886 16932 16656 22430 22554
12654 27333 29398 16967 31104 14870 11587 23793 5767 1257 7250 6619 5641 22080 9780 11017 27266 12788
16987 31886 4713 12124 18870 9070 24222 30578 17943 28100 25565 29208 26976 39 25504 11938 6741 11372
14344 21419 17176 28025 3900 8723 19544 13441 519 22343 29212 29589 20881 31468 24014 4310 22622 25482
12576 12253 31413 32406 28282 31703 8728 10232 27372 24229 4144 7211 13580 20959 5278 21130 7371 13437
29316 18937 18775 21054 248 5458 1898 2022 21169 13042 15706 12532 29008 31645 12398 19080 30602 13426
1795 30686 5806 4079 13395 21288 21371 11059 14720 14508 1571 20738 26505 30350 27082 4459 3798 3571
18082 30621 18427 29054 1071 27616 16753 27892 11801 3076 16085 8737 14460 1954 13679 18175 3951 19311
12731 4426 15817 1907 29266 31476 14180 23911 25697 19510 4687 16694 27791 5832 15081 22930 10784 3586
28783 27528 7863 26887 5021 7429 26474 14611 5342 6981 29519 25162 3625 28608 25379 8354 21395 4337
32304 18116 1870 31263 26728 8760 32100 22094 1532 12238 31133 2718 14295 3868 5575 11208 23991 23858
23202 11015 18739 26137 22553 17933 3642 22240 18642 1597 23730 23750 3351 23396 20368 24149 2228 7545
23739 14566 12418 371 21183 12330 21150 19941 3906 31289 26258 23160 23330 5528 28679 9817 5966 21443
16752 4819 10174 17866 10535 3142 18039 30029 22182 11966 11544 6043 606 12754 15996 9496 9443 10137
7799 759 18893 23300 25214 10516 18708 22887 18287 29255 29863 29523 6380 157 1066 16508 13699 25634
19718 29482 23711 28121 4282 1739 12638 23736 28455 5501 7852 20299 18420 24955 2226 10033 5851 23830
30610 18750 6067 15986 10072 26452 15707 27206 10500 16199 18390 16848 283 31503 1618 8265 28465 7684
3978 4952 19204 11201 32228 6872 8829 29720 31476 31737 1285 12291 9677 29586 10409 23620 8389 21373
21330 31970 21222 22432 14011 13927 10154 15802 10274 26529 23259 27903 25160 12617 7035 14402 15524 5852
4484 2112 748 9247 4955 30715 23325 17553 5724 12749 25547 14274 9909 5715 30758 20249 29243 31638
17716 24702 13035 3831 7192 6876 1144 9874 11769 10085 28904 3452 7348 17432 16584 6128 3361 17381
23145 2628 9842 8152 15483 7950 11024 1364 24512 14542 5689 3555 3118 2719 27503 3111 27939 17543
8895 6653 28934 3676 24161 21474 16421 24236 22005 28045 22153 30818 8750 3105 3464 7099 22205 4366
8179 14019 5276 17038 30285 8388 586 32119 17797 11541 21658 23558 19831 8480 21884 32260 16983 22987
5011 24126 11657 11227 9964 24915 20921 19429 14131 2384 24062 18732 12160 31528 31892 26681 19088 16654
2211 26640 25813 30190 30504 32571 16313 18094 16217 7072 8742 29703 20042 12836 443 16957 20841 10438
8729 396 25872 10437 21823 7187 28985 25473 18511 21862 16969 5839 2779 9829 10560 23693 14958 25440
11753 4460 1 5817 8742 24314 18974 15663 7859 13500 28878 20316 14403 15689 11860 17456 30579 6493
6508 30983 24670 28533 3292 10946 5335 6607 10172 27694 24136 11 21452 17891 10919 26635 31853 27320
18735 18904 25368 11917 29022 29442 15610 10557 25130 1340 1538 13178 9144 7187 13539 10429 14602 9720
15522 6747 19488 15516 1850 24583 8741 2159 21879 12653 25137 31588 12324 13637 31686 28459 22173 12589
14392 29239 22108 18285 17303 20594 14285 28017 14530 9011 27817 1993 31850 29668 27480 22350 29697 16020
9078 9090 25407 24443 14326 20062 32102 14302 10819 15617 30025 5586 25172 16950 6409 11192 16637 30089
17658 8920 9787 9261 14682 5404 6616 18123 8170 31223 117 10412 19520 21234 2698 11311 1008 8993
18436 22658 22804 32202 3512 7277 25869 14491 6087 29369 28087 3291 5374 21294 17036 13367 2050 7632
23638 19482 10631 27234 3275 3366 14242 27031 18644 8512 24180 17341 23168 9514 9756 8224 1574 8580
4582 16960 28262 1627 23704 26568 17420 30485 32363 21505 3245 28768 26518 13437 3231 5779 7385 19230
8324 13884 8313 2331 4464 17563 21870 1953 12624 27503 18147 2379 18783 27470 420 28944 10412 25073
27231 23176 24053 16272 15726 16242 26559 30522 9140 22059 26899 14041 2256 5522 11335 12800 7829 2649
515 19599 14719 27034 18101 12238 29437 3079 7062 6040 15396 16207 8024 25138 20138 6160 12600 12227
9742 12616 3090 7316 28366 1279 17503 25404 5798 19022 30087 29041 27000 1133 10861 15446 26817 12065
19710 24603 18138 13441 10681 22192 13439 6077 20888 20991 27418 364 26534 1265 8309 6390 9719 26698
20392 22300 9592 17953 843 15890 13716 6480 3288 8804 20066 2896 21838 29156 27285 7728 13112 8897
21655 19704 29128 14558 13014 12305 30024 3003 24361 28805 10410 14885 21965 5673 8378 30360 18247 32220
8178 6472 6604 621 26681 9053 26084 9431 1343 8043 14784 16342 31900 2788 12538 4796 3864 13665
10848 12151 30398 16417 10640 6098 20173 11380 12271 5653 4266 8565 6283 7368 20914 22675 17292 14767
12075 23142 7336 26682 4769 31060 18667 20222 15280 13581 2000 13398 15243 29616 5020 14042 19751 15274
3261 5168 14081 23400 15533 3049 8698 10730 15384 10548 4506 19609 18462 32749 26974 11937 21153 10465
11153 5426 6735 2411 23805 32078 22000 12842 14893 11917 15835 24862 10771 12134 627 29425 6464 1695
30829 20331 11102 30188 2280 7545 27851 6632 12505 18922 29288 6966 7043 11796 4659 23729 9335 24835
8467 21429 19471 130 25127 29818 27754 32040 4871 24690 14493 13683 16826 16827 21358 27784 22364 32689
2464 26611 1104 14627 31518 16549 31172 12042 16222 13114 7318 3421 20880 31643 7320 15460 20264 1979
7808 10271 22203 3500 25039 10225 4356 20741 4240 29758 12831 8971 9362 21849 32074 27391 3402 30428
6214 16600 822 3421 14817 26525 13519 14523 32754 13059 14384 20331 30729 9251 28254 20 10249 18877
17352 29428 8601 12051 31167 23015 27878 26320 26009 6355 22174 31990 20687 29598 28059 23377 26167 27983
15084 28311 22783 17515 517 5398 12380 14575 5011 9780 25811 1753 32707 7175 15012 17029 13337 11475
1385 556 20458 24509 16654 92 15490 26650 11249 9242 21645 21781 20066 6617 9824 24462 6952 27168
7720 25525 5562 14595 8835 21015 10485 6942 28974 9061 7177 11222 18027 7100 20390 20651 7078 27011
12678 22017 2497 27357 4050 20695 6746 9941 15188 29237 5133 17856 8583 14176 3740 5301 19684 9149
22985 24650 30174 28529 967 12976 4464 22516 2657 16676 2204 32006 1124 5152 1423 30671 19776 14209
398 5736 103 32120 168 26963 20408 8344 9752 3501 444 20965 3699 24871 8769 32011 6825 2659
12973 20684 6272 1005 26066 22104 29775 4814 12946 9051 24521 22499 18913 29820 6697 25983 15367 14799
17903 1639 22885 25468 30452 8914 6654 31013 26369 28013 6308 18632 31337 18096 27994 14496 737 221
29340 2229 27362 29081 17013 3859 14038 31845 30295 15369 1749 648 30358 28854 1729 25739 25811 30122
30274 59 28058 7252 14109 22690 3570 22466 3135 21199 5934 22737 30233 13290 32396 31112 22637 19719
17510 804 21807 32606 32167 7300 2201 1600 19835 27398 4799 12998 23004 12939 6668 915 1790 302
13160 18134 1766 12891 23337 12620 1896 21611 27573 5672 2959 15916 15622 11430 15550 24402 22918 3797
16001 6228 29840 23864 20987 9617 3441 13370 21566 26968 27765 24166 25705 8612 25715 28715 15472 21749
1636 14554 2418 560 12661 13472 20332 24588 11456 27668 9182 14217 13950 27896 19426 9677 13251 18438
2393 20798 28291 16387 9212 23942 2955 5718 30789 11146 9958 8380 6987 12256 16624 5119 23712 27894
26822 12402 13308 23662 20401 15089 26127 21400 12940 28659 27772 12106 17268 23363 27940 21209 383 16681
19662 18028 10598 1276 10473 190 11081 14485 17504 10088 20982 16742 13385 21397 1875 16046 22299 9383
25091 7370 25530 12122 26721 447 6979 4877 13455 32635 27275 17219 26119 14038 1709 20332 3121 22499
20639 14075 30263 11212 3204 5125 5252 5016 14273 10472 22189 10379 2717 7713 13250 26924 28959 31400
18052 8310 1788 9089 11329 29021 25325 28464 4002 13337 15704 6074 3555 4281 15827 6207 24648 658
31896 16878 30635 12615 615 5055 29827 19207 21608 8750 10495 19405 22194 6468 4007 24115 4750 9985
25501 16741 11184 22439 17925 24584 4254 13006 7328 1280 13018 8788 5661 22750 20837 29062 32379 5342
9108 28427 21065 5939 28219 32282 14813 17456 20665 9014 23116 24862 21716 22471 10174 21560 3606 12649
9392 30144 21632 10219 15009 24147 26104 1788 6211 24283 31689 22322 16417 3351 7832 18827 13748 4666
17921 29511 29288 9717 3985 25651 4376 25398 6280 25693 22981 25218 18306 25951 6972 17495 4273 29303
32219 6758 408 11320 15167 22683 8349 6967 26552 15494 27334 26126 14419 21799 32145 14099 29398 6301
14217 23575 29334 12968 23723 28398 28325 30896 2388 4180 27970 12005 269 455 4203 2730 9235 11192
10205 7748 6333 23028 13382 6594 29578 15260 18355 3351 27313 29374 28439 6109 24839 16044 4447 12676
21501 3558 28587 30602 30955 785 12905 11406 5501 14648 12392 21713 24504 21359 23197 7123 28921 9152
30954 28486 6192 29921 9589 31531 5974 17322 12122 29523 6251 29682 21523 21980 25959 19370 31165 4991
12150 17026 22066 18505 29116 28683 12277 29282 15081 9516 9197 20857 27184 31987 7357 23501 11284 28859
26423 29811 16706 15182 4015 20074 24054 6047 30029 10704 11156 9844 15884 21819 14965 1915 6217 8535
28097 29129 29983 12548 12251 22219 10401 21321 31038 24044 6891 20973 30336 16910 30352 25086 23129 24288
49 8433 9732 31128 928 19320 30116 4270 456 6483 6961 16100 3140 27312 5466 32132 31244 12862
11544 21009 24880 18758 18147 13060 620 6195 13020 12209 4356 16615 2147 10170 1274 13916 22784 7601
24994 27870 17973 28848 7646 4199 18181 2414 6571 27511 10328 18122 19645 27584 5356 13559 6735 28588
12304 23691 30303 18735 4214 13426 18492 8792 9550 833 13858 11852 21298 15307 17894 21555 21554 8393
32630 16127 10052 15387 31787 32466 6821 29929 3939 10010 15754 20795 29805 5739 17818 11989 11747 21389
12984 32556 491 11094 16102 21189 16339 31855 25825 16304 15122 23411 2671 28504 10159 32192 6477 24487
17223 5051 5114 9001 30720 456 29045 11452 25659 8616 19530 29252 29703 31189 12510 29375 30571 5377
5885 27554 25065 26667 21143 18751 8113 28876 2003 7869 11157 31032 28269 12528 21164 11633 28742 24804
20661 28031 28401 340 12887 2471 15625 25384 10248 21169 5726 9725 13956 11382 9078 5933 28859 3386
21624 11338 9825 5720 7966 25911 13381 12805 27665 8407 25054 25310 16219 12699 30628 12252 26718 15575
31553 23104 17577 12759 15558 18594 25200 25545 8382 21184 3617 4790 21576 23350 5873 28860 21944 25116
22336 27956 32480 31951 19332 21545 31882 24387 17688 3155 24281 25181 1019 284 12207 13232 17400 687
14709 6730 2182 10977 27558 31989 13534 3998 2217 5554 14963 21069 2132 32312 27406 21770 23672 518
14866 9159 550 24992 31055 23751 3183 29362 23635 9218 5177 18949 20444 28182 14637 23109 28645 11815
8443 13379 10614 13131 7684 21575 21291 16638 27852 10445 18743 12055 12831 15975 22821 7303 9841 15644
1991 518 6773 8804 32661 12128 16698 25941 12582 85 27401 28462 29699 21642 7728 5556 12769 5891
14418 639 27004 24722 1446 13278 5336 401 30962 634 15889 32574 28910 22722 20606 20351 14100 1815
28699 24832 9097 25022 25778 14779 4626 5011 25621 14530 5341 21077 18388 18459 4031 24576 31189 2251
10639 1435 9359 18162 15876 29409 29213 16567 15675 12202 26415 3215 9319 2653 9301 10980 31666 12107
6992 3764 1397 22031 906 10690 2726 12108 6458 18413 28783 104 29826 17825 796 6155 843 28045
8825 2083 29384 2529 15085 20730 5049 29836 14444 27075 1652 12973 24136 21033 14836 26499 12353 6459
2472 10837 22823 1456 2015 3042 14946 19265 15817 22231 4322 31058 28652 22442 23391 3806 12607 14221
28073 24508 20989 14021 23901 14062 29953 21080 13286 25190 22849 8333 4491 5040 8669 29002 11758 17051
10660 32074 25018 31781 11794 12384 9583 19320 23863 23479 12742 10169 4861 23183 11487 4885 20926 30365
4390 22401 16941 6050 14600 3081 17982 2598 15460 20490 27503 27012 2712 26406 18527 31079 28305 8886
4543 31226 26484 17575 29208 17412 731 18227 28979 14278 9312 13832 30441 19303 26117 1268 13421 17533
32375 3906 438 26796 22511 11483 31168 12784 17601 2132 25068 20913 32000 8839 10516 3974 20843 12019
2383 20184 16296 13810 6502 18433 21402 10182 22864 16512 521 19710 1522 20134 26803 16415 16492 29816
8009 23756 21531 7474 1517 20315 10269 19308 15639 13100 10365 230 12798 26718 12748 11939 27980 4246
19661 14358 3639 23379 17604 21811 8004 4382 25918 24607 12362 1716 27486 22981 24960 26177 30176 12886
19417 31040 190 8179 29430 24634 14396 4563 11202 25387 11862 2471 9438 18343 16596 26861 31695 22480
14616 31986 3025 1787 29841 22174 25060 24363 8008 14634 424 9221 20074 11278 26626 22306 1491 31911
30388 2367 29868 14918 13656 9556 30171 31310 4970 8139 7862 28487 6122 14425 27210 7920 10697 14395
19013 17398 24083 22923 11523 9916 30428 17589 16658 31052 32760 19990 1273 729 13414 25094 28224 9746
6457 18674 13067 3820 31259 12691 1000 5146 12840 11277 16366 5797 28468 600 28866 28183 22882 6627
6526 10995 19515 19128 9511 15582 3437 22327 55 18401 11308 29175 10543 13548 30252 31774 17646 18908
11768 27019 451 21521 28202 30185 22044 13145 26177 5883 26191 20169 23671 22634 7546 16933 8416 3270
17941 19863 24045 32670 11605 21779 29194 5291 7661 31467 16024 242 15932 8553 6172 2163 7560 24638
17290 27927 31887 14439 11533 31667 7483 5097 17399 24861 9681 23719 10199 13700 25371 13906 4877 26721
30231 10197 11817 31188 14518 16302 14657 11661 26069 32763 13736 8877 20650 7511 32204 31920 14126 23850
30102 2600 31733 8015 16464 5153 21335 24268 10310 17265 12181 13807 8802 18063 30831 12647 7332 9454
23024 32553 147 27655 13966 17367 6063 8433 2141 9254 15517 9153 15804 19695 1536 28625 23761 1750
22101 25999 31478 8442 32047 2368 21234 16186 21890 25415 1582 22333 3475 28056 22012 26926 849 14949
24398 16232 25427 16339 9770 16794 29592 30062 31770 10023 14441 11893 3610 5194 24182 23919 9597 28553
5566 11624 26734 30987 18983 7084 9516 29357 25832 32646 29987 24976 998 10962 17113 14589 20883 4073
32575 30353 27175 6339 4653 32517 31447 7024 21046 17813 1367 6129 4048 2743 29958 10897 32624 15956
29110 24767 3902 20713 6907 23082 29638 55 6435 25441 30741 27371 12189 30154 23805 30676 15382 18661
21433 23559 20350 24743 24434 19588 19324 17682 10924 9982 12827 20302 6989 7629 4579 14261 12866 13167
15281 20791 577 4328 11639 7730 18899 909 24195 10771 31957 11832 22775 21750 18595 14703 19541 31608
24624 3819 1438 10496 6909 27802 30741 15939 13149 23119 17491 14731 12292 20369 26433 3117 17617 4992
32634 10561 14058 9535 21334 14689 4102 13987 1095 8167 11447 1690 7055 15761 29369 9896 23592 7116
14731 30709
