15311 807 17355 12636 16789 19638 4316 14969 30798 30474 28698 16980 5922 6230 23258 22596 2119 30609
21626 6353 11792 9510 10550 27273 26454 6044 19207 31788 24339 5692 30546 28708 29395 1 4441 24888
15660 14651 24318 11368 3770 19625 4542 11269 25330 3001 18845 20550 7079 14903 31976 16633 4179 4310
29069 29753 15401 9082 13135 26316 6118 30318 13256 24950 27194 20226 32484 30648 7261 2853 12636 11136
23742 3199 7206 25315 7725 806 16629 6607 15650 8826 5164 32314 22813 3702 12334 24818 11461 2945
26042 10166 29069 15836 21872 11413 6753 1025 32505 14022 29168 14490 28935 30846 26558 26486 1763 15878
6338 16863 24296 14940 24333 24116 30399 7350 30021 3691 6185 23379 30842 23198 944 24557 21988 27078
1111 282 28578 26331 22583 29858 1237 11283 6934 10211 10507 16994 7565 10397 22111 32602 21949 2990
26558 20263 21840 31867 1454 29958 28813 25063 21164 20352 746 17573 25287 27545 31883 25244 19021 29549
9525 7004 20460 17389 16553 8777 3595 13822 32698 8636 3847 26340 27497 15180 12677 2875 13413 4503
24357 6830 5257 18246 25275 23837 11518 7917 27165 10397 3633 10415 32457 22902 21648 10485 506 21103
1733 9292 30711 3921 8464 15468 11902 6067 31253 19140 2751 23627 27809 25662 2685 19359 29464 12820
17372 10832 8049 19392 29097 31290 7525 32495 21864 31990 10459 12205 32222 7662 9863 15995 15406 20255
18700 8138 21648 9551 28609 4024 13785 16416 10914 4231 17561 18503 3937 7397 1430 4574 19423 15461
13133 11692 8742 25858 2669 30117 14507 21885 23147 24782 27924 21897 9264 10792 4968 1772 21814 5888
20134 13258 26875 26784 28400 18030 32327 17647 118 22081 11043 8882 30722 30174 7400 1124 10405 11878
20058 3949 28315 21636 25204 18790 15231 8692 27955 2399 28570 16626 14385 26652 11464 13433 20161 15261
3625 18976 23659 27143 29048 217 11248 8071 15693 4404 20534 13236 20721 710 17767 18971 2368 31455
5351 31243 1752 12380 18569 2461 8533 12528 14677 2043 13367 25437 1329 21240 12517 29616 14279 21459
8565 4913 29500 32580 2390 15252 9011 25841 20262 23989 2034 22917 6982 10924 9349 2331 22608 24933
23451 31671 16407 19962 18571 23029 9008 26171 7911 31863 21440 12069 7511 4784 25471 22517 24679 27868
7626 13835 8090 13687 27473 3792 8796 9621 2853 23019 30755 217 19654 27001 16316 25713 14236 8999
2476 13666 19366 13951 8721 14850 18267 31931 19947 10998 7883 28078 18135 18186 4149 21949 851 13977
404 14763 5360 18964 5000 4813 10929 24495 5515 20835 593 31925 18273 20379 21625 26002 5056 8648
2342 16737 12338 28786 15914 5363 20064 18159 28118 8365 18997 959 16432 28083 524 21966 21519 5840
17156 29528 2816 6132 30628 30133 9358 12646 777 1645 13528 10721 30096 18865 16997 31860 1779 12904
5926 15635 329 10833 4291 16528 2395 15636 31759 21536 28862 12011 18452 4025 31787 11696 7132 4103
19498 1775 7144 9019 21015 3740 27302 13748 32569 9188 12351 2347 6189 32434 13725 938 23200 12937
24295 8607 24397 4840 4285 22319 26062 25724 19793 27808 30116 2035 5155 8742 52 2485 20925 10035
28733 17244 27052 12371 21182 31192 10485 14647 1147 9565 10876 15624 4504 19988 31670 29359 12691 10844
3113 22602 3411 27202 13335 6481 14836 23582 24255 7371 5336 22174 9047 17930 27919 5048 23002 13610
9807 26946 30436 4740 16505 2714 14962 12662 28970 16266 32350 5774 14793 15464 12298 11434 10097 1967
16585 13740 10181 6250 6752 16937 7986 6734 25087 15523 11281 715 5877 21372 17392 25514 22635 20198
5320 9845 24188 7518 22667 7549 29290 9232 1422 5704 29258 7615 2095 22651 11206 5511 29091 16086
6661 18622 18504 21828 21280 31692 25853 10156 12507 3748 2509 11947 32745 23600 7655 1280 17261 12591
15031 21162 22290 26153 30323 6402 31940 26840 6052 19484 8519 16579 7719 25994 25717 23234 19786 23593
12319 10358 9026 11647 27489 24077 27113 25567 5017 23624 19576 18001 18941 4374 7889 7561 8111 23436
16910 14762 11591 16210 20976 9797 16846 29483 2017 13967 13426 5801 32588 22424 9795 7008 18080 21324
15977 11508 27233 28887 11760 9462 25874 7830 1842 21884 8181 4268 13230 14112 29186 341 5559 18051
18225 32384 8593 7325 23951 28694 30966 3765 17252 17444 22242 24925 656 27678 21939 23235 9572 5945
23880 16422 91 21971 17355 2766 27959 4794 28229 24525 25566 3382 31716 6075 7033 16492 18682 24812
8596 25615 21716 18761 4763 29280 22348 15220 24249 24388 4396 15054 18684 27793 9187 27548 2771 18468
31909 12601 18881 24140 7911 28758 18748 3657 22949 16482 1744 11161 13390 6147 10925 30898 7902 16566
31261 1773 12531 7727 14008 10140 1194 5222 5931 23169 30748 6463 17702 26010 25235 15671 3206 496
2272 14236 10172 18865 23775 16838 21858 21425 21508 19882 9070 10266 25069 25434 6904 31320 24869 12965
14882 21579 30716 8947 26140 7832 17482 28366 17388 12895 23148 5907 8382 24659 25493 14455 22754 6269
26433 4424 26435 8244 3164 16817 2643 70 23752 5003 10825 6467 22826 21917 27762 2189 26379 5557
8180 19067 26337 17993 28590 18059 32016 6957 1390 12264 23118 10702 2654 26586 3807 6203 12428 19652
13758 26617 12832 9053 624 10146 28954 1089 32367 6125 9572 31556 411 4129 17080 17317 12832 11619
1287 19997 5968 6607 19893 31607 3184 30292 15801 14535 7526 13290 14667 26879 7280 26720 16698 18305
31128 27127 19617 12268 10813 15968 4234 30627 11152 10616 24701 17366 27734 26118 5283 2379 10789 22368
8376 8560 3386 15619 18557 8304 4282 13758 7587 22646 210 7854 12895 14006 7462 6361 11735 25822
10744 16880 11636 23753 31932 27917 8036 22660 20475 26115 766 19477 27173 3133 14708 21624 25640 20629
21600 18388 6834 25354 3494 21185 5954 6875 21544 20248 31725 26280 6640 16304 16106 20308 20402 7624
16640 23132 14738 25426 2883 22333 2250 32410 16482 25759 26382 6967 3199 14320 24308 27689 8483 29979
19829 25471 2064 8353 18717 706 22722 31168 10722 12526 7796 18292 7924 16828 30754 25748 32005 6628
16554 6023 12927 7399 18841 258 3241 20514 30109 11776 14775 24178 15872 6484 13606 27205 28560 10199
1997 22481 10895 27766 2778 32058 29178 16158 5817 25517 22032 29479 19433 1471 1639 14517 24801 14145
22180 30113 8538 8682 703 8596 2674 981 16122 28948 12478 6827 24109 23657 23274 26718 7190 19746
32253 15664 22187 32571 1708 12987 17048 24928 7241 1172 26359 159 18516 29066 27745 19178 12319 4908
2921 13670 19077 21859 9724 4511 16491 31813 22568 7709 24827 25207 3128 7709 22601 23882 24079 1163
4692 29193 22927 32414 30786 18393 24710 26900 29097 1020 17313 32026 22574 31336 23265 16493 18338 24633
10458 1127 30779 27298 21996 218 3229 2102 3552 21940 726 7770 3421 32761 12640 30878 27347 3651
32230 21832 25986 8201 14666 14999 18767 31917 19594 585 12395 19832 9082 17758 12668 18102 76 5495
17351 19573 9327 12225 26558 24145 31437 5319 24073 22111 12119 12708 31277 18312 24418 1622 23629 1848
20453 30082 7720 11750 21597 10616 16259 7006 21376 14847 23958 18909 5297 56 525 31927 17139 17174
5316 5680 20805 10560 15708 8309 11217 7201 16265 21989 25272 2236 7987 13445 14855 10464 5907 26910
19132 16987 12122 7414 8537 1830 32550 29496 1396 670 25891 16774 22232 16490 17364 20436 11083 6217
3234 11077 6761 19266 9917 22689 25097 24059 31878 29143 20554 23723 15589 31414 7863 29625 7020 31005
10906 2541 7151 7205 14040 18476 13655 32441 8875 14791 22439 20849 16893 29332 8518 30581 17082 26124
20376 25360 19299 23498 14001 15596 16217 11539 19581 8949 21356 14346 4869 2723 24792 13180 28111 4598
8390 20613 12041 19495 15623 21828 26406 21867 25205 7320 17568 14862 16470 10144 3577 31907 8437 11143
1015 18339 1975 18990 13994 5697 32751 24052 6501 24687 2498 2258 25244 5643 20324 28465 642 30129
4228 19703 15675 2589 28102 20241 13297 23491 726 24316 27044 8332 30920 19215 3777 30677 32241 30720
8264 31986 20301 2069 9723 15684 16082 8983 7202 23980 25315 19422 21546 31505 23479 28407 22679 4576
22788 5757 8362 31092 19924 28521 7822 15943 31981 3022 30047 26471 19132 3770 25123 29520 186 11521
9262 6152 28074 12132 28760 4684 3902 25117 15434 4148 12601 7534 27694 769 11614 21381 12304 25602
14578 20452 7287 14616 27520 4964 18980 25633 27298 31338 2343 2510 26432 5953 29480 7062 22493 28353
26886 20776 7323 388 18257 7413 30628 20052 24274 26592 1999 15027 31632 8253 12219 2933 1869 26715
5789 23407 4981 28632 11837 15135 22061 17575 27105 25994 26229 9913 4883 13923 17400 11182 26371 19859
30075 15660 27033 3042 19295 16073 6520 21672 4210 26366 29132 16719 14032 5998 25695 12675 19351 16516
14881 25851 15867 7233 988 2647 17737 19531 2271 28490 29454 10016 24227 15893 15161 16562 5527 29726
167 31277 10117 32254 28692 9504 4787 9347 14061 1423 20191 14142 24827 16333 1769 8212 26981 31997
17456 19534 19217 21307 30439 5770 7196 15590 1922 7793 218 11082 24148 14626 382 85 2794 26431
4041 31608 31246 31782 18301 26181 25642 25138 13808 2998 24883 10366 13659 18211 19966 17930 10007 13886
28304 15694 6425 23122 31159 3667 8873 13549 31304 8450 1219 11151 12513 5399 22775 16107 25484 9035
23610 24774 18011 31729 8381 30210 27016 20070 12960 20254 22610 26128 31913 9279 21912 2215 30630 24757
24943 351 28941 18777 29738 1492 30021 19023 6756 24580 10469 30777 24223 2323 7457 4208 11159 8745
27590 1149 5260 30162 9749 23853 11863 28438 25418 19 26016 12709 31173 9591 32437 16155 12382 2163
10881 21970 29164 7885 23733 29883 20710 25672 20211 12443 26109 1180 24034 18011 21865 28962 10974 5840
2209 11701 12062 30625 26148 24721 11302 1383 5440 29154 9624 25383 6375 17926 20456 4839 19838 24442
8390 21438 5746 29681 27674 12523 18071 16551 15207 11808 4099 10680 18696 15750 1799 28945 19893 27216
1193 4258 2774 25864 29689 866 15928 23833 22294 2556 27392 21317 3809 13980 9129 20917 13002 19467
16814 13601 733 15328 13884 29469 16853 20481 24487 2565 548 19345 4411 1463 12829 3835 14155 17818
29626 2877 17591 28810 2858 4122 22090 16635 28907 17052 13969 5934 21311 17773 12115 31828 4751 24990
21599 746 1348 14828 13138 12397 3787 21917 5324 23652 21996 3732 15096 12352 9837 11966 18707 13581
18839 18502 16496 6676 25197 5566 16014 8387 6460 27884 26771 22929 8604 4427 12293 7951 26777 29006
23706 30938 30169 7031 1921 21756 19311 30274 29601 16893 20956 1877 28543 5703 6788 22099 11275 12491
1607 13923 13487 16132 6663 877 29960 13342 4050 7726 30526 23865 28251 13309 18469 16219 13353 7558
11364 10777 25055 24765 4805 11268 28611 8790 28684 21440 31365 4639 28586 27418 13128 7918 9761 5787
24323 32183 12358 1758 28937 20385 27677 9956 3243 29652 13955 29694 31382 20523 23192 27214 23746 7432
7696 13129 11821 285 5834 272 22989 1925 13795 17192 29775 15787 13288 8208 26001 1188 18920 24831
3355 24838 25790 14793 11783 22200 15446 6888 11755 7072 32054 30771 29513 11735 28422 12551 28381 6383
17367 1514 7358 30265 32098 18168 2093 29944 4893 10253 7907 29975 17817 26008 24539 419 19247 10105
12463 13911 16921 19510 26383 23623 4959 2649 20696 18973 13127 4671 18342 21299 27457 7623 7091 21067
6323 6340 25016 6955 3297 20244 28806 24548 31444 19395 6439 21731 7586 21867 26369 8365 1157 13319
29397 25227 12306 11108 5325 23710 27739 22555 618 3385 5437 22607 8961 17262 11858 28297 10220 31388
32331 2500 13238 2526 5447 24210 7375 29197 28178 32100 5990 22413 5156 4680 20997 29366 31340 14832
21126 1090 28677 6057 7417 6257 23994 6412 29443 9583 14605 4711 13664 20889 22638 8383 13763 27598
5236 32040 701 25744 25256 11488 31765 20679 21904 15154 14728 17704 11670 26754 4426 5074 26540 31238
18738 14848 29930 6048 16390 2129 1887 25210 6434 21124 8298 12450 14362 12983 19462 6795 5818 11180
13686 17786 17295 13881 361 5868 4666 1579 6306 15821 19569 4673 20739 15426 27879 11134 7901 24491
12912 12243 15321 20683 5636 9140 28491 10734 28659 16211 25481 15845 22679 15043 13474 31953 4093 26041
9256 8561 30958 22045 7847 5175 29539 14910 32161 12150 8676 6675 13229 20667
