1026 15826 8348 25979 8826 11792 9208 27493 5642 6588 24019 8488 5202 29000 1538 29752 11212 961
25242 3910 15420 1726 28096 187 12417 29216 29005 19250 29631 27783 13600 15485 24346 17322 6982 9854
7101 11574 18118 22247 13631 19360 10305 26722 22475 13167 3416 19144 30526 27883 3546 7459 22986 11627
29516 13788 17272 17863 30480 30121 15720 63 29202 16432 13761 27443 23476 14127 29577 19368 12765 5057
6896 13439 10283 14923 15826 32095 14564 25587 13423 5770 29838 31491 14923 29823 11056 1293 2952 4045
19583 14280 32394 13664 6589 5037 21825 8999 1629 8522 17300 11443 25155 11371 25970 25612 11018 6624
8507 832 7852 13096 12936 4487 27966 1252 22877 322 9322 10948 26870 16862 12579 9859 13259 529
5143 7301 3787 7747 9134 4838 27045 30582 30977 3936 14058 11809 25185 11783 8341 32080 30870 4072
17625 12915 12906 15039 30418 31968 4581 18310 16397 4549 18558 31460 7688 24724 27922 9218 14247 21308
8253 24074 1899 22330 15104 3843 13727 10813 25492 16833 7877 10172 9386 13722 17045 4629 25191 16541
5714 5254 19095 24512 30959 31013 6647 4539 16868 20231 21669 22466 10491 31940 19558 30869 664 31530
4396 25061 3001 13395 10296 17429 17009 17104 9412 17355 1739 3378 32720 24154 32661 31126 18823 23534
32725 13779 4373 27702 26625 20419 7891 18741 16384 6536 23723 31883 1256 5759 2198 8830 26478 27648
3499 18408 30281 4798 7926 15853 28889 17504 28945 -3 15970 24842 11666 2182 17662 18786 32061 12076
7480 26869 17291 28119 24049 27743 27016 10208 31765 24692 21031 20280 31498 13552 21872 1080 26886 24506
23850 2922 25597 7286 157 13698 8808 1096 14822 5628 15491 31148 4603 9109 12852 9424 24259 7956
26635 31725 28516 23692 6619 5193 17114 19088 31920 14056 9463 21500 3435 30208 19814 30664 18272 15914
23787 13007 16209 8317 21824 6362 24284 20557 26303 13944 15276 4479 12412 6759 18307 4835 20162 8323
21479 28979 21408 23289 9899 23976 1480 13874 6696 9661 404 12921 1591 5669 6268 20457 27890 30423
2743 2413 10258 6928 30457 30911 4699 16727 7326 337 27014 16404 19485 7622 25593 14938 8582 11011
14109 22753 25935 19921 2559 17204 12210 20200 4033 21799 10696 2263 18142 19619 2368 17517 6233 27562
8741 8035 21246 19062 11069 22843 16222 22046 4082 8769 18374 14093 28006 18685 28747 7235 5382 25031
7056 9882 12733 17582 22327 28648 27451 32115 11507 27400 9152 2593 13310 6091 11202 877 24137 18219
2084 2994 15937 27582 9892 8191 16657 12907 7252 10113 6261 24472 19043 23826 20922 11289 1444 28459
21453 7960 7001 29126 17120 8000 20802 32532 821 14651 15172 8642 22756 21928 891 26128 24407 23476
194 11500 21883 31688 14127 7420 31179 7807 7911 20142 29452 13329 19800 3545 179 24445 23702 19896
28738 14977 11452 11182 4663 11665 23583 7006 11161 6167 4385 6652 8168 17577 29384 758 20171 26187
27385 25575 25219 6356 4093 27018 2632 8852 20197 17458 23863 29124 13669 7521 24808 4621 29987 31873
28972 5807 32205 13627 807 13493 18707 15536 289 2411 13570 39 15044 18724 2233 6830 9422 21027
32547 1201 26178 24563 29753 6574 27776 23215 4174 4259 1172 32533 3446 16874 13408 23090 29650 22620
20534 21961 26433 18384 2118 20651 25633 9835 27397 32679 1365 17370 5876 4692 12758 6914 6552 22592
19275 31191 13771 25326 15282 31609 3802 24277 31902 12401 29703 8663 30096 4522 18294 10615 19382 6339
16006 1305 110 7099 30031 26864 31187 17886 4899 25828 20869 19340 31497 31707 1568 13321 17480 5943
27151 21966 30621 4735 28054 24722 19532 23388 7826 4636 25019 25108 31327 28951 12557 21876 28285 10783
13148 26689 8977 27443 30610 6589 27566 22826 9541 16111 31383 31688 10043 18505 12782 15280 31347 32587
12136 20142 23925 14461 28236 11947 23468 13740 6963 30249 28987 13421 30403 16253 17132 25815 25129 25164
9861 17530 29144 10983 30476 6569 8892 26767 29137 2758 3516 27917 5912 3704 13574 23393 19381 11998
18468 24674 13824 24217 31267 12671 5140 22722 17846 28117 1453 18914 15359 15777 1578 15600 14680 19402
4894 2126 7294 30160 15189 14231 23531 19922 4458 11575 5451 19194 16192 30790 29617 17440 13679 6912
1838 4237 13057 15674 27592 27414 8542 1712 22918 29613 173 7871 31681 27308 24610 2845 10712 771
7913 27466 24307 26122 28924 19657 2904 17943 25681 4714 7246 6894 25267 11568 22109 25789 27427 8277
23915 4423 32671 3666 1990 24302 1115 18854 22130 23198 2274 9779 12489 21416 15312 1708 15703 24997
372 25175 30227 22799 27426 16131 20869 18878 2703 23374 8074 25526 23958 1286 29485 24147 20066 22552
14256 15822 856 24920 19207 4735 31763 25055 15154 3880 13629 11874 405 4259 21179 26412 22632 29803
2035 969 1732 22918 15790 28569 16050 9908 12225 12787 27008 29744 32551 24377 32310 13005 29687 19867
16093 11625 27712 19017 30503 16655 12906 19246 6671 26352 14449 22635 22881 27830 29423 10862 5006 30523
20680 14399 13280 11101 2751 12753 24772 6375 18360 8945 5201 17512 20578 14874 31600 27193 20580 28600
13965 22726 24220 2511 22860 31868 19029 14176 17393 31306 26696 16564 13136 29651 23708 1915 8966 21256
7141 21339 23947 13913 8653 9850 22294 23814 5843 5775 11840 11245 25363 26219 28521 10697 26865 23283
30131 3427 25607 2351 1798 14754 10319 6239 1416 17504 15831 13206 21528 25399 5213 10577 18497 23195
19220 28915 18254 19249 18798 5814 26823 31106 8974 18053 15263 27543 1212 29525 2517 31108 9555 22309
13742 11077 30504 18165 3504 445 5425 5817 13057 1394 10557 2633 28012 14225 17763 3496 2570 16737
28309 12879 8294 32229 21269 11330 22847 14759 26915 19371 5148 17599 29173 11897 1739 13209 7440 9827
13117 26856 18301 3884 20433 18213 5093 4384 32108 9016 22090 3026 26700 22023 4180 9464 11954 2068
31174 14301 10814 4949 20830 8368 30458 5946 29094 8268 21855 6951 26168 21575 16799 23261 32096 32523
24172 6596 4490 7301 3285 6012 1947 32415 20200 901 15614 28296 20761 2827 25067 3484 13437 23613
31913 29467 30976 15570 4107 16874 8279 3657 8938 12890 26713 23706 9086 19615 14048 21194
