19023 31112 18756 8434 13496 14299 27477 19665 32073 9762 17907 16094 10803 21743 21850 16391 11685 22305
13616 16154 17969 10114 4703 18833 8683 1236 17926 16690 8183 24469 5296 2604 19439 13988 19788 11315
28708 32184 17583 9646 22788 27202 27008 27027 10290 17046 27621 18014 20690 2895 13853 12599 6674 11952
12439 12450 17695 31431 3866 25772 12182 4454 8549 26169 4531 9870 25745 31516 12776 10455 20638 23059
11043 12514 7687 31713 8474 20871 32715 13180 32469 10242 3562 2861 7084 17702 23406 8677 25146 19830
30058 1185 21988 27366 17918 16407 4710 28071 6011 10020 8602 13935 13297 2109 17319 18296 23759 20617
1395 6045 5881 22140 16614 944 1782 18646 25689 31225 22900 32130 6950 15440 29701 7603 13661 21523
27160 26908 26897 5242 29227 3635 19102 18238 22371 21088 5767 24457 8977 1591 10643 20185 31484 692
17387 22717 28504 10700 29085 9 13676 10159 13795 27358 2609 28839 21588 22765 14704 13914 21687 1899
1242 20988 7312 8270 26519 24238 15272 3707 29178 32687 17928 21817 14729 3911 22743 17850 6490 12743
9470 11861 15877 2228 7273 24722 15147 581 7522 10582 9166 275 14378 5901 25530 22586 27317 10904
21828 22381 28436 19906 20173 25496 30545 11459 9348 22384 29859 19737 23342 10390 17367 32732 1558 3256
23720 2270 3624 6946 24309 6478 23752 9847 6782 30667 9993 19079 27819 29463 21828 27341 4262 31471
17079 7340 15829 31551 20867 14965 12357 21834 3848 6642 30655 5000 25652 9217 10401 13130 3669 18474
19336 8416 23604 1998 9905 16917 27401 5813 15841 10937 24630 19219 9336 22380 23292 22965 32283 2772
6725 7023 18631 10447 4898 21872 19985 11363 29483 17091 22089 4918 19187 23013 31133 23532 23996 2649
11186 29293 20449 28306 24000 9857 13011 11874 21120 2221 10440 3429 136 18777 7299 25020 7943 30238
18889 28391 14428 12638 4509 24884 24489 16432 22340 25896 25491 2665 24857 5933 7288 26941 31182 18335
12242 24411 19927 20216 26272 6181 16738 28269 29089 18653 14855 30842 14348 20377 6421 15882 3093 11614
25175 31622 25240 13718 19063 17064 26608 4209 10763 7073 4088 27413 4364 23478 31620 29266 30204 27421
20713 29554 15861 30593 25058 16212 6237 20202 15543 11227 27470 24201 688 20341 19472 4608 8485 21238
16310 3846 18740 30174 16450 2273 16678 8282 16851 10374 27740 8267 13311 17651 9523 27614 15291 26467
17860 1704 8551 22591 31285 25927 11951 12317 14742 27283 31097 10447 308 23501 22092 11017 11723 26295
28544 21533 3855 5514 15442 28623 4541 20039 21628 8891 7058 14057 23541 16586 30127 7400 699 2999
24910 14940 21860 22145 12889 30131 22854 18478 3295 30597 12644 15225 8243 13011 18285 30367 31895 15139
13525 14152 24366 1345 26699 20149 4085 28201 17354 19043 11816 9207 11829 25748 1796 19846 21929 14708
21086 3013 7738 31826 29177 12704 30797 10484 3803 20046 7132 28050 12487 25992 25461 18586 11303 29225
17430 5915 601 3831 7299 3826 4004 25058 22895 25076 9306 9553 10696 1188 25391 27572 16142 21866
665 31099 22068 8253 19515 20753 1121 14900 30334 19785 1166 12692 13342 26106 154 19974 5792 31451
4942 23851 7842 16514 32312 1824 5694 11303 20454 10193 4637 30880 30319 26565 13473 8886 31292 4632
3812 30488 23750 25026 15569 3797 22583 17374 5774 21925 31365 18896 5352 30521 22874 18367 17286 19962
23085 23377 23974 12419 18989 22175 28883 14688 17178 19339 8723 25778 6063 13087 28969 8295 17614 27997
5781 10915 8900 5421 22239 23099 21152 25764 26876 11690 9223 9590 19165 15384 28460 27070 8087 25819
7928 2273 29869 22775 26566 7419 2271 23266 26043 31787 29097 20708 8225 27234 15074 1322 11348 32587
23693 12442 28049 31941 8970 11135 11352 4346 25873 24794 705 16790 9475 24501 22647 31291 30494 9812
27432 31819 19204 1229 8108 10719 29381 12428 5748 27106 1204 26344 16704 8156 29480 14783 29718 29774
30421 25178 12207 26890 9887 13917 7888 30223 23263 7013 1218 10874 13755 5253 6154 3501 28285 17900
1195 15616 15087 2889 5017 306 29401 31815 12691 22697 18979 31398 21231 12688 15454 10134 28460 20581
2055 23163 4340 7799 21033 30359 13881 23871 20957 14951 32008 31069 7480 26019 22511 31283 29851 20787
18217 18803 10353 21972 20889 20321 29904 7240 15048 7872 28603 13481 12303 11697 26036 3882 27359 22002
16324 13213 762 6741 20733 21261 27906 27556 9531 3962 24762 27201 11879 5686 9449 24566 27751 26608
31143 28090 27347 27556 8297 10774 12519 10019 15256 11176 32 14951 614 15298 31946 30972 1352 11621
7345 15695 32362 5270 30824 21213 27203 23007 23199 4667 25744 26081 10668 2851 1488 24936 1922 22941
15485 17858 17323 108 24284 14613 31695 26158 28968 29460 1561 20769 23393 9773 589 31811 3147 10383
11469 9055 17331 22976 20440 8510 478 113 28480 31719 22115 7218 2668 31544 3002 26631 4126 9704
27455 2199 24880 16502 5344 9003 31942 10909 10089 22630 13160 14034 13600 24484 31825 22615 16457 16032
18547 17217 15489 22744 28710 23203 20347 21444 5894 2424 20192 2837 8768 24897 13800 4356 7338 6966
3912 30534 9610 22469 4018 23486 17751 14322 23476 30259 17665 11622 14162 8503 25346 7224 6195 7261
833 11233 22905 494 13512 24902 2717 11551 10747 24512 6159 3313 32471 27750 17974 7802 27056 3879
15951 3064 12734 28318 9938 11349 2251 16830 997 24124 8676 29724 23725 31776 9097 22546 24669 25658
20257 917 1980 20597 31559 13046 28387 31541 15383 19965 25393 19495 21998 27454 25002 2257 22009 28123
285 18006 28060 6433 1359 5726 27558 14048 5549 11642 28681 11177 21654 31867 13714 5482 21214 31524
3620 20568 7080 7816 27893 32240 21530 14201 7011 27266 11222 13827 29559 27789 6490 3170 15734 6883
7873 11881 2730 29817 4831 27024 11179 22320 10821 4216 7052 24503 15566 14232 32372 4445 907 32117
3541 24124 19086 7065 3816 28495 21259 15158 12229 17847 25119 19124 26190 4752 14192 20250 11657 24831
26622 28059 15737 28410 22945 10703 6286 20336 23095 5085 3150 13170 4056 25320 32558 29911 15440 14282
10652 16453 4494 1058 5209 30788 4695 20868 31267 12137 14995 25844 26277 21563 27853 31427 12355 27554
24279 5698 10257 30117 995 8769 7071 22544 11715 23940 1441 27577 25353 20298 2148 1989 9632 16518
3761 10056 9366 29966 12009 1322 6016 8435 11371 18998 15604 22117 13098 10650 14909 26506 10626 1848
22131 30973 13390 1221 20066 16383 18801 4316 15512 10587 27686 21585 20838 25632 28700 6565 22442 3457
24196 2864 16700 30627 22877 25350 14388 18835 6413 26955 28669 29538 24667 23836 12968 12864 621 8951
26384 8467 22314 22071 2692 4354 14833 6224 23328 9898 28227 14929 11836 30498 1798 7399 12072 8653
11253 25203 589 8603 22777 20284 2110 21370 29723 29779 15674 27733 21979 36 28924 23418 8010 20941
21155 21933 31397 10833 3334 969 8833 6212 28402 4656 19057 31205 23650 7205 18104 12437 745 12213
3537 25572 3914 25997 28735 28104 24294 18771 8864 19897 26975 3562 30268 15731 24234 19072 23393 17587
13640 15166 2658 26255 9396 17086 28323 17790 18488 10069 12307 22872 26049 18704 30365 5041 5453 19295
17453 3727 17502 28554 184 8514 20857 6940 5252 30535 15435 18096 11523 1543 9770 20677 1869 31760
7711 28962 23963 1853 30157 18492 21105 3241 6806 18155 30294 12060 11930 27283 17266 16275 24151 2354
11283 29732 11879 10703 5811 306 15679 9590 25725 28847 13789 3096 24256 21446 28125 2449 9547 10909
27745 18268 31835 7839 21795 1654 5086 27295 29515 27884 9593 3517 24984 17523 1192 9192 2410 9384
31996 294 30526 17947 6870 27452 16032 30965 14896 3233 27332 31803 30647 32535 14140 12713 24637 1820
3340 26871 31287 24253 32684 16423 1465 10767 18118 21390 3692 29160 28625 14969 11276 16680 17417 3016
3323 16401 7847 26360 10013 27057 12147 15704 10965 14358 25987 22432 5276 25119 32272 21411 30830 2029
29671 5618 25523 27018 19113 27857 29021 960 29388 24031 27734 12073 16724 23987 7154 7592 14373 27112
5879 20949 6829 17715 14495 27945 2668 20013 5092 28576 10231 12181 347 18082 29749 25598 8913 17694
28141 19004 31091 25304 10112 17834 27206 23842 20673 10000 19630 5756 29007 22914 24382 20516 20261 4069
16129 6566 15675 28128 15517 5003 20075 27173 11287 24379 10457 25634 2712 22974 30037 10814 5794 31911
10036 27778 13896 258 6168 22296 18456 8464 13427 20875 14691 4960 13223 7602 32764 7443 6436 21375
20781 22001 31012 29826 13176 31319 15868 5109 18050 26730 27032 20223 23783 8870 3866 4388 17669 29908
300 24859 23354 6089 28585 12728 17127 28339 29393 29417 24962 15100 15709 24533 30751 25254 29667 17393
30356 9306 25563 13622 26104 22047 5981 32424 1083 2630 115 13891 28362 13957 14711 15423 30466 14632
5452 7567 32041 22774 31587 6061 28066 6854 19741 14208 15302 2492 20055 20869 30804 19895 20153 19895
23673 11207 3945 901 26767 19727 8310 8873 28690 26637 13040 25513 12393 10167 7028 32004 19918 27965
33 6189 21044 18414 28581 17217 2759 16179 23605 6805 24496 19200 14016 9999 389 5720 9847 11190
2519 26742 6218 24819 26981 20318 9016 22179 16499 27083 31860 31670 32298 27238 30642 1201 24895 12774
20511 12238 14206 6889 13638 8293 30629 21648 22593 20240 4236 26335 30005 18841 3101 15835 5421 16368
24359 22134 1021 6278 1033 27122 13926 2398 15287 13188 7361 29030 4271 11317 7626 28126 30841 22769
13621 26630 12056 1771 29526 5967 10501 4678 22632 13120 14154 4827 18548 21077 14814 2905 4866 12369
31779 30379 19370 22961 6131 20341 28228 30348 31378 28219 3041 12847 26646 22816 31665 31444 6421 25219
19514 5542 20083 12686 28867 17147 30559 4309 26412 28345 17931 8168 20979 10588 19918 16975 16966 25730
2157 26944 11950 12381 23770 5003 20896 30068 1246 8080 27785 26087 27789 19426 11056 9152 26676 409
8947 22261 23642 17737 10924 12301 13329 27187 1686 4827 16878 25466 9372 25945 26211 20433 25814 16142
6513 7028 10784 29813 12618 21542 12132 15004 1158 2935 23665 24409 16861 25460 6077 20842 6666 8625
20510 29909 6257 25627 15005 32771 17785 21638 212 23570 28561 30245 23416 18140 13906 27047 21700 12242
13252 17119 12302 3600 24558 19864 12345 10786 2784 23558 15318 6290 2210 31612 6316 24567 27557 11175
15292 2046 26985 29696 26923 3164 17735 29519 8498 28653 23939 17776 5304 27713 14032 23480 7703 31087
8634 8952 31385 10715 22180 5216 16369 5792 9201 3109 18877 22532 2597 697 7086 17954 25283 1114
29648 32234 27912 544 2258 26252 23796 23131 12577 12958 18657 12959 27998 6674 4312 32762 5122 18486
7345 22890 6353 14808 3066 28970 11366 1985 13414 20340 12350 22927 2683 11269 15101 31870 20527 403
10523 23274 9892 14305 30018 20339 23662 32668 21901 4385 6230 15608 22678 13041 14456 7192 32555 29800
1214 11266 3545 24040 3812 7088 4859 25981 23934 30082 23790 6089 15479 29879 23730 326 20592 20838
12383 21415 18427 7835 21075 976 18206 5772 10368 23479 27008 29042 28589 15496 30257 8732 16223 3388
8723 5487 8637 4417 31950 20290 31712 9087 25372 627 16981 4549 5234 32374 13725 5059 17892 3978
9083 7016 20524 11550 26627 30797 21289 4694 11030 3186 27699 7421 5664 3169 23149 3739 32310 2034
11608 2992 15874 14184 22960 30153 15535 18597 20623 31356 23623 10387 29897 30326 19638 1284 2677 1321
32599 620 31984 23504 13847 25201 5859 18961 27495 5657 2152 32051 3594 30929 22554 24957 19872 12076
6551 15788 29325 26158 1726 25862 32626 28401 22280 6974 5558 29169 28922 1833 23210 14276 21101 20185
22899 16540 18970 15076 7274 10525 24705 31561 31505 5926 2589 27364 22716 10887 106 27919 20120 11916
23816 16758 32382 1873 21262 27142 2610 5990 8887 32657 27213 6671 8929 4191 8669 11580 32230 25799
2632 2082 31523 18097 13050 6672 29759 9837 4559 3378 20349 15098 32651 27135 7523 30526 15505 22170
13178 29335 31197 11922 25215 7917 8785 28425 8688 26978 24593 12935 20022 8546 6738 14815 21733 16751
26477 15555 27530 30369 12013 32480 11368 608 30756 25785 13725 20981 8429 1399 9876 26878 30857 29889
6003 31125 31502 16491 26375 18130 10432 24240 31479 11788 13762 2331 19985 29038 3640 16044 26841 8664
27218 27471 8315 16927 28436 28388 14312 243 5814 163 16127 9527 24024 11038 19578 2047 28856 23509
28056 14759 21669 17399 26677 11330 18881 1134 11082 212 24826 25296 2378 21157 590 582 6490 7504
24338 23759 23067 6085 3392 30941 29472 8997 17794 5837 12425 9932 888 21284 5405 30439 122 30871
7655 8587 18314 32431 5359 15712 23930 28779 3515 6024 14572 14165 26722 23251 1770 1703 30260 3557
30614 25301 7519 718 3914 296 5809 5708 14224 31742 8452 22393 3302 5819 18412 30536 9319 3731
6004 6450 17776 12993 23362 25313 21647 16992 17167 26040 26935 18604 2606 16034 19753 30527 31826 2116
24283 14163 30141 31512 5438 28696 14557 22640 7875 15517 13902 31483 22888 3757 9064 10787 7822 30996
31411 2863 8011 7935 17139 19689 19650 766 14331 27051 2305 13009 12897 6987 7161 2701 26840 23947
10409 3370 26630 6824 7853 3208 23816 24103 25581 7647 3384 10828 12955 5771 6425 19184 26470 3323
25943 17246 15425 6673 17817 12894 10875 22095 17928 18437 29262 20495 11984 10802 527 29944 7703 25364
14694 11429 21514 13892 17696 7881 3405 30609 3906 25181 1899 16518 32576 4096 3035 8205 1634 30159
7429 8245 13493 26223 8639 15952 20898 24842 10937 12651 13752 3381 11882 6850 24484 18216 22365 31920
558 14408 16442 5101 1592 14287 15003 28301 15568 28625 31718 24058 15852 663 19501 7842 12001 11220
5115 21046 28081 6840 25450 10191 23507 32666 20620 20133 17961 2633 18135 3854 9308 21742 9825 9558
11573 30225 19367 15198 31347 14376 24294 7188 14722 12453 1300 32055 9304 13153 20272 31655 15899 24153
1025 9662 4244 14784 8156 12203 25990 10316 9880 11943 14570 9081 9290 30151 24062 89 30599 29058
5720 14518 16997 7496 5122 29749 7581 28485 9288 19871 27102 22171 32428 4374 23403 10166 29735 28048
7132 4841 31421 22379 7802 267 20731 5796 616 29507 13887 15834 7977 16240 29367 1315 6101 18593
11263 17761 4055 3160 16862 3941 24189 8964 12050 7227 23694 3624 10979 4267 10256 28954 1616 20922
31366 4035 482 25899 27934 12197 6071 6634 18317 14243 30152 30037 13478 10512 9284 8326 31147 20460
5194 20834 2946 17632 4875 27891 7799 7591 23784 23754 3056 26480 19688 21922 10923 18457 25776 2504
29965 24831 10264 918 6578 20605 2511 9434 21090 28040 25475 1461 7448 6518 14028 12363 13160 17468
12873 29806 23569 32395 13937 20393 29414 14041 22386 9544 17121 31661 5820 17188 3721 24899 20769 28210
25216 25741 7402 29559 3709 26889 5224 31040 24601 11376 18602 3290 31909 19684 22661 10229 29782 15728
26551 10990 27759 17464 29305 1761 31528 24545 14641 5130 4631 11871 16526 20727 4863 12867 8553 1254
27224 4752 9667 867 19605 12366 27922 3014 29099 12016 5498 184 27201 19103 9453 29793 27653 6288
11973 17558 12135 3640 29004 17203 15419 27221 26617 10004 16411 23576 3444 16596 19324 1275 19008 12345
4255 12419 19261 5568 258 24151 15585 31731 25800 31408 9823 30150 18718 24796 24855 11435 24487 1072
26696 23369 11608 23316 32058 28591 8922 26757 23371 21256 31591 32607 30859 4138 32289 7315 3670 22426
32004 29442 26216 6873 12015 1547 10292 15540 16182 28167 8734 4459 12251 9003 19293 11004 27120 27312
31236 11820 6169 16900 2351 11053 10132 25769 27510 14141 2830 18410 26032 16864 7241 10483 28121 25250
14235 2361 27306 6918 28101 13610 20119 18678 26623 12480 19387 17693 23160 9978 7178 27039 8415 14084
6468 32021 24933 15303 8608 15830 20820 27135 1105 2434 31033 24610 29412 23685 4567 1198 12781 9825
22588 20245 1823 11670 29699 22092 7840 80 19327 16897 25841 11590 25160 31229 4559 16468 7772 12232
24020 16398 3851 7777 8624 9996 4698 7296 22847 5578 29826 23763 18001 14457 26131 30933 12440 7540
25567 8524 32055 30568 27986 4535 6815 2145 9505 8566 32014 12469 14332 3985 9917 24096 9761 25702
30953 22341 18960 1539 18582 8083 15022 23100 29679 28441 25300 4963 29618 31427 27540 838 9423 2285
21631 4113 18100 3624 22091 10208 26910 19950 27573 20000 18202 15425 7284 8107 18728 6890 26333 26805
11442 3874 25405 10560 2833 11252 32225 9144 15621 11216 25364 20891 22162 22471 31112 23309 14022 21977
1784 27557 26716 23483 23294 612 19878 702 7191 6020 21947 13988 4917 13434 13648 32168 4407 23154
24550 5284 19140 21177 15729 6847 18005 17886 22456 19104 14559 13461 31947 31369 27648 12105 4310 25041
2876 26471 3342 23994 29438 30598 26048 13110 23960 32104 22038 2159 2967 25138 19121 4853 16609 28015
27004 13770 13646 32117 29035 3103 21236 718 28228 7071 24170 6478 31986 11237 26137 23562 7175 32117
4878 20237 17546 23889 14466 31553 18116 20638 15679 6410 10147 21680 15298 25810 31268 28486 29697 31198
28946 2829 27711 20343 9492 23614 23317 13332 19154 18865 14558 25449 21864 5675 4698 4526 16708 17855
31311 2607 789 31601 13628 15213 22250 19324 31436 19928 27619 15686 27235 8337 10165 31252 3386 18587
32470 25486 805 28209 7333 3827 13588 9313 22468 24597 10958 5837 12066 16663 23971 10777 19131 12838
9851 27090 15563 11550 8590 24951 32652 6669 9321 15109 27291 20483 8806 16443 7504 23777 6999 6658
6302 4944 28728 27104 1513 5980 14937 6643 25964 26681 210 32495 8563 8678 26616 10424 16774 29493
14196 31902 14798 1009 20995 30373 4867 18302 31797 11347 26162 30570 3285 28177 26912 12946 25534 8954
1666 31826 17153 14976 16194 6084 26199 20673 20206 31739 29868 24722 20794 23436 10220 8282 25454 32013
18232 25856 32291 24391 20254 9927 829 26202 25726 1225 15397 3185 27916 25231 17494 21267 27320 31738
7151 28787 29874 2916 24297 30106 27539 24002 23603 26582 17023 29075 2329 2956 31722 31624 3373 23052
13217 28073 25116 24810 21335 23719 17423 1179 19898 24485 28161 25566 31599 17905 24226 22272 30324 16103
8485 18399 3987 20711 22178 24026 15006 14665 31625 14770 3118 5034 9563 16018 9766 25298 13459 8787
11863 22565 14089 17106 11055 30008 30314 31471 25390 25514 28313 29729 6629 8002 10560 12344 18359 20055
14525 18223 10174 25708 20348 5566 14314 27365 12252 22399 1834 3162 28760 27082 28249 15801 20316 13002
3812 8751 5148 26755 13286 1210 14084 13465 29084 1133 20247 28584 7923 20143 32450 29102 1382 1018
23976 12764 25369 8883 6659 13203 6958 5148 20249 31370 12412 14303 19245 1084 26188 2446 16860 215
9089 15516 10022 18701 29704 27216 11849 19324 17462 11837 10480 28398 13051 19692 17074 9323 5548 16509
21743 9638 2731 18462 20136 7117 13738 21777 27824 10953 756 29267 15976 7184 3090 704 12850 9793
31652 28913 9877 3325 2697 11674 15211 5334 29706 6192 24427 1904 31660 11740 21997 17464 25100 6754
12449 6351 25310 1961 31277 24154 6705 18273 3185 5750 27528 12960 20319 1265 18156 23621 23461 331
26833 28978 15990 31988 28638 25292 22668 31038 25857 14376 5657 27174 4549 8398 31434 16574 16642 9807
15833 6776 17818 6084 29383 20543 25540 3005 31193 25029 30795 5202 13642 31142 31254 373 15944 1291
12831 19896 5812 7176 17825 4327 4799 13838 28262 5478 30416 26324 32024 27486 1513 7926 668 5733
31746 11662 15065 12671 12525 32132 5686 9454 24357 19275 32067 19174 19228 20185 10809 7643 18103 5629
13735 19848 19731 2763 12370 22050 12921 25163 26645 30026 9365 28551 12968 6740 30447 5821 23219 11114
30676 23778 2878 15929 18702 20322 21854 7673 31013 16407 11172 15427 22844 4456 28895 26516 19004 3847
29713 25841 32615 3673 30452 18083 28679 21466 6968 7781 30268 30704 20814 25834 21933 18566 9684 13320
9852 25401 2374 12076 24738 629 28112 13774 760 15467 22363 15479 5030 11616 14856 26561 29549 19006
17083 17868 17037 22440 26063 16819 20634 16729 20638 11645 21962 19804 6237 32369 28535 26610 17407 5878
7605 934 3118 15241 15526 18770 27911 3492 13891 5296 26303 10402 26681 31014 2110 15685 31318 19125
8167 18208 8407 26435 11934 14512 1873 15329 31064 14680 24450 17119 21665 20921 20660 30073 1611 8805
17168 28233 23004 161 17271 14247 17063 5522 31612 605 10394 23423 31121 16559 15085 5540 17810 25045
25932 7642 32129 10472 17229 9394 30322 23834 11770 16395 7631 19856 16278 25427 5840 25992 27091 7903
20593 19686 31294 16481 3827 20726 10415 13053 9861 4444 3166 14413 24993 11600 4767 22656 20372 27934
21669 9351 30690 9215 26382 9809 11573 17842 32631 7013 31942 27991 3305 21973 30316 20295 7682 24367
18525 21583 12673 14900 27498 22622 19869 24040 23440 18924 30842 18451 6334 9548 28644 16585 27559 2200
15068 11529 11038 23439 29058 2922 32144 18375 22287 30444 21154 32113 8770 19431 4454 32662 4101 19356
13936 30087 7232 22947 24124 15321 31972 12318 30781 12830 15210 9581 7528 64 2140 24762 18372 20697
9507 6274 26063 15168 77 14271 1590 23060 24488 1138 6087 18926 13639 9624 31175 3177 31163 8792
22620 2911 10710 14347 4423 14410 16833 8808 7393 1062 21112 12728 14180 11093 3529 19341 18018 4573
25733 12707 13940 11257 4767 10975 19778 11951 13830 27334 11199 1250 19317 21245 31891 17576 11602 27475
2826 8334 29020 11197 15803 4478 16439 29853 12861 13492 758 20867 29678 6620 943 25128 3215 32202
23450 1307 26505 11502 19314 8582 18031 2714 23285 10890 16804 30703 22841 14709 4298 6050 7366 22871
6097 10639 7310 25043 29803 31407 16421 31611 1848 9601 471 10943 13768 7765 16116 32021 24667 18439
21109 13390 18486 3387 21925 3075 25168 14700 9118 30177 20922 3629 31324 26428 1730 20852 22125 5593
15935 20220 25792 15950 23787 2797 9964 20700 25409 8238 9555 8413 30034 1820 19443 29081 13108 16544
19720 32354 23874 8548 9827 22543 282 14615 9371 13654 10827 4735 216 4377 21488 18255 29767 13022
5580 9326 24292 32247 19006 23063 23326 8793 10313 30059 23801 3054 3491 7271 13978 11409 30007 19442
8063 31616 22036 4332 6662 18341 26153 31203 21178 14362 32175 15733 22079 5713 5765 20510 14767 16273
9221 26359 4300 22397 16117 8747 20085 6575 25019 23629 27587 25987 12519 22887 28935 24475 3049 21079
15637 17956 25091 6347 9990 21320 1967 20243 22019 18839 2000 28760 27491 1829 11711 9534 23244 14921
17143 8329 3431 5477 15796 14 10761 7235 23301 28137 8399 26599 25036 32310 21554 31938 2482 1154
31958 3879 16956 24031 8998 20895 22128 27470 19399 10765 10397 14299 12730 26803 548 2008 10943 23959
13263 19298 4839 26559 585 12742 22755 23504 6899 22849 2538 23423 3262 22045 30462 31767 366 3988
20753 22360 13076 11034 22269 25050 23014 1398 29137 9405 3607 29495 23421 13444 23089 17902 11206 766
31089 20779 26421 26344 32419 27657 27798 30282 24322 11027 23693 3762 7581 19963 22342 10172 4723 7701
11515 19463 2764 14518 23478 21588 15521 494 30869 16593 19247 15234 24105 19668 22342 31814 15809 6289
22554 875 28364 1323 14396 9308 6246 8024 29415 18096 4400 13260 11597 13936 4500 27132 2169 16490
5072 370 10090 22316 32510 3327 9444 15322 30595 18517 30295 26465 29307 25654 30316 12311 26362 25613
5132 26452 14739 27284 24973 27524 15970 4224 84 27217 27873 8510 9293 20275 8872 23051 11314 6697
4004 1886 2452 6800 10577 7301 30080 19107 16221 8554 11508 18112 3987 4837 12842 7460 29448 4299
19914 29212 555 30414 19523 13324 19162 15169 13146 23519 29853 12321 27820 30234 28580 644 8061 28529
2304 5188 14172 25173 600 2973 21203 24604 1804 13736 5738 29454 7096 5762 8180 21565 25618 17338
5568 4540 23392 25990 3814 8471 23107 31139 20112 6728 1986 13532 4299 5695 4112 7810 25273 28319
15737 16955 17227 22756 20461 5203 2149 6717 11926 25654 17416 20379 20398 30757 9640 1451 29308 12660
5145 7589 2047 20623 31644 14813 25894 14565 3011 11935 7167 20049 25170 13245 5796 18635 23967 20944
20648 6908 5105 18430 19119 17966 10855 26085 5207 14596 2196 5655 2101 5252 9303 5165 5714 29396
24956 3076 14509 3357 17045 7248 28222 23193 25796 31231 22478 1748 1266 12196 21412 22907 2207 13687
13035 27941 18237 23778 25989 20329 3920 19741 14432 26683 9372 2931 424 17021 12795 19474 22354 5099
27506 1791 11331 7763 23771 3436 28429 18339 8332 6919 1911 968 31312 8160 20028 28016 4791 15930
23225 10308 20089 14615 17172 27140 32326 20006 10882 17780 25278 14638 14875 5081 16544 23158 24460 6278
338 15978 28201 15037 7066 194 32370 29155 16553 18552
