	学号		语文	数学	英语	物理	化学	总分
	00000001	75	76	77	83	75	386
	00000002	78	77	75	77	75	382
	00000003	78	76	78	77	74	383
	00000004	76	76	76	75	74	377
	00000005	76	74	72	72	75	369
	00000006	83	72	75	79	78	387
	00000007	74	86	72	76	74	382
	00000008	75	75	76	73	78	377
	00000009	78	79	79	76	81	393
	00000010	72	75	70	83	85	385
	00000011	76	73	81	75	73	378
	00000012	84	80	79	75	72	390
	00000013	71	73	81	75	79	379
	00000014	71	78	79	82	81	391
	00000015	75	76	69	75	79	374
	00000016	76	83	78	72	85	394
	00000017	82	71	74	77	82	386
	00000018	80	65	80	78	75	378
	00000019	77	81	75	78	82	393
	00000020	75	76	80	76	72	379
	00000021	74	77	80	76	73	380
	00000022	77	76	74	82	83	392
	00000023	86	78	79	82	73	398
	00000024	77	77	75	74	78	381
	00000025	78	75	66	75	76	370
	00000026	76	76	75	77	76	380
	00000027	69	70	75	74	82	370
	00000028	70	81	76	77	78	382
	00000029	78	77	86	78	85	404
	00000030	75	83	72	76	74	380
	00000031	65	81	66	75	76	363
	00000032	75	79	71	80	78	383
	00000033	83	76	78	68	75	380
	00000034	79	80	78	75	76	388
	00000035	72	83	76	82	78	391
	00000036	69	73	73	79	78	372
	00000037	79	82	81	70	74	386
	00000038	77	80	80	73	79	389
	00000039	66	78	85	78	71	378
	00000040	76	66	76	77	71	366
	00000041	78	79	76	83	72	388
	00000042	73	77	73	82	75	380
	00000043	71	77	80	76	79	383
	00000044	75	80	77	77	75	384
	00000045	78	75	79	73	71	376
	00000046	76	71	75	76	74	372
	00000047	78	74	79	83	75	389
	00000048	73	76	76	73	79	377
	00000049	74	78	74	78	73	377
	00000050	78	77	73	78	72	378
	00000051	82	78	74	73	74	381
	00000052	78	72	74	76	77	377
	00000053	77	77	74	77	81	386
	00000054	72	79	71	78	78	378
	00000055	77	76	76	75	80	384
	00000056	77	75	79	77	74	382
	00000057	74	79	82	76	79	390
	00000058	80	73	84	77	71	385
	00000059	76	75	82	79	76	388
	00000060	77	74	77	72	79	379
	00000061	75	74	74	68	75	366
	00000062	79	80	75	79	76	389
	00000063	75	82	79	77	80	393
	00000064	77	76	76	78	66	373
	00000065	76	79	79	75	77	386
	00000066	74	79	78	77	77	385
	00000067	75	74	79	78	77	383
	00000068	80	85	84	77	77	403
	00000069	83	79	68	78	75	383
	00000070	76	78	78	77	72	381
	00000071	77	76	76	73	78	380
	00000072	73	76	74	78	78	379
	00000073	77	77	81	87	78	400
	00000074	65	78	77	70	78	368
	00000075	72	82	78	78	76	386
	00000076	69	87	78	74	69	377
	00000077	77	73	74	72	78	374
	00000078	81	78	73	79	77	388
	00000079	77	74	76	71	75	373
	00000080	81	77	68	77	78	381
	00000081	79	82	74	75	77	387
	00000082	73	82	80	75	79	389
	00000083	76	74	75	81	73	379
	00000084	81	76	78	75	72	382
	00000085	78	80	81	77	76	392
	00000086	83	74	75	66	81	379
	00000087	74	75	72	74	75	370
	00000088	79	73	78	79	81	390
	00000089	66	72	76	74	70	358
	00000090	75	77	78	82	78	390
	00000091	78	60	76	82	81	377
	00000092	73	76	75	75	77	376
	00000093	74	75	81	77	77	384
	00000094	76	80	74	78	75	383
	00000095	78	71	73	74	73	369
	00000096	74	77	78	77	79	385
	00000097	75	77	79	74	79	384
	00000098	70	75	82	75	74	376
	00000099	76	77	79	76	75	383
	00000100	79	80	74	75	71	379
	00000101	75	83	76	71	75	380
	00000102	69	78	75	75	80	377
	00000103	76	73	83	77	74	383
	00000104	83	78	74	72	79	386
	00000105	83	78	78	76	78	393
	00000106	84	75	74	79	69	381
	00000107	80	71	69	69	77	366
	00000108	74	66	75	73	88	376
	00000109	77	72	70	73	79	371
	00000110	69	78	78	82	77	384
	00000111	83	80	73	81	75	392
	00000112	78	79	72	76	76	381
	00000113	80	77	79	75	79	390
	00000114	79	70	72	76	79	376
	00000115	76	74	71	66	77	364
	00000116	78	79	73	75	78	383
	00000117	76	81	75	76	73	381
	00000118	75	78	81	78	72	384
	00000119	71	77	76	83	79	386
	00000120	78	72	74	80	86	390
	00000121	78	73	72	75	75	373
	00000122	76	75	75	73	69	368
	00000123	80	76	76	77	74	383
	00000124	70	78	79	84	77	388
	00000125	68	76	76	73	79	372
	00000126	76	79	72	73	82	382
	00000127	80	78	75	81	77	391
	00000128	73	77	71	78	77	376
	00000129	75	77	75	77	82	386
	00000130	77	75	76	77	79	384
	00000131	80	77	78	75	76	386
	00000132	76	81	77	75	82	391
	00000133	80	81	77	82	69	389
	00000134	77	78	77	79	74	385
	00000135	72	80	77	73	76	378
	00000136	78	84	77	79	78	396
	00000137	81	82	85	77	70	395
	00000138	83	75	74	76	71	379
	00000139	84	77	75	82	77	395
	00000140	77	74	73	80	76	380
	00000141	81	81	83	82	78	405
	00000142	74	79	83	74	83	393
	00000143	75	77	82	75	82	391
	00000144	80	82	71	86	77	396
	00000145	83	76	79	78	75	391
	00000146	74	82	76	74	77	383
	00000147	73	77	75	82	79	386
	00000148	80	78	81	76	76	391
	00000149	71	73	76	74	79	373
	00000150	77	81	79	78	69	384
	00000151	74	76	77	80	81	388
	00000152	80	75	76	78	78	387
	00000153	79	81	79	76	74	389
	00000154	84	79	74	83	72	392
	00000155	79	83	77	75	75	389
	00000156	72	73	76	80	80	381
	00000157	78	78	82	86	83	407
	00000158	78	78	86	76	71	389
	00000159	76	74	68	73	67	358
	00000160	82	80	78	77	80	397
	00000161	73	70	75	74	65	357
	00000162	79	75	81	83	72	390
	00000163	78	76	73	86	73	386
	00000164	74	77	77	81	75	384
	00000165	72	78	78	79	80	387
	00000166	74	74	77	73	73	371
	00000167	71	80	69	73	74	367
	00000168	81	75	72	80	79	387
	00000169	81	78	72	71	77	379
	00000170	82	79	79	76	85	401
	00000171	75	81	73	72	73	374
	00000172	75	77	70	75	74	371
	00000173	76	73	69	79	78	375
	00000174	80	80	80	84	80	404
	00000175	65	77	72	72	82	368
	00000176	79	76	79	79	79	392
	00000177	76	73	81	75	71	376
	00000178	80	74	78	75	73	380
	00000179	77	73	74	77	77	378
	00000180	75	76	71	78	81	381
	00000181	70	74	81	76	74	375
	00000182	77	70	78	70	79	374
	00000183	85	76	73	79	78	391
	00000184	76	77	72	76	73	374
	00000185	81	80	77	75	75	388
	00000186	75	78	78	76	75	382
	00000187	75	75	78	67	77	372
	00000188	83	77	77	76	77	390
	00000189	80	80	80	79	76	395
	00000190	76	78	76	79	72	381
	00000191	79	78	72	78	85	392
	00000192	77	75	78	77	81	388
	00000193	76	80	72	77	78	383
	00000194	70	68	72	74	75	359
	00000195	79	79	77	78	77	390
	00000196	76	75	76	81	77	385
	00000197	72	72	75	78	75	372
	00000198	78	75	77	77	96	403
	00000199	73	69	78	77	77	374
	00000200	76	81	80	77	74	388
	00000201	74	80	74	77	77	382
	00000202	80	79	75	78	78	390
	00000203	75	74	76	81	78	384
	00000204	92	80	82	74	74	402
	00000205	74	75	78	76	78	381
	00000206	80	79	70	77	73	379
	00000207	80	77	73	83	68	381
	00000208	78	82	77	78	83	398
	00000209	75	77	79	77	70	378
	00000210	72	74	75	74	76	371
	00000211	67	80	79	76	83	385
	00000212	76	76	82	76	77	387
	00000213	75	78	77	77	78	385
	00000214	78	81	75	80	78	392
	00000215	72	76	78	70	75	371
	00000216	75	77	76	78	78	384
	00000217	77	69	69	89	75	379
	00000218	74	78	79	75	78	384
	00000219	80	70	80	75	73	378
	00000220	77	75	72	81	77	382
	00000221	74	82	85	76	82	399
	00000222	80	74	63	78	85	380
	00000223	70	73	72	76	73	364
	00000224	81	77	81	74	85	398
	00000225	77	88	81	79	78	403
	00000226	77	76	66	73	78	370
	00000227	70	77	79	77	77	380
	00000228	82	75	69	74	67	367
	00000229	75	78	77	76	79	385
	00000230	77	79	75	77	76	384
	00000231	79	74	78	72	75	378
	00000232	80	76	72	81	82	391
	00000233	74	76	73	76	72	371
	00000234	77	74	80	76	77	384
	00000235	76	70	74	75	76	371
	00000236	75	77	80	78	69	379
	00000237	74	77	78	72	81	382
	00000238	70	69	76	67	74	356
	00000239	76	75	75	80	77	383
	00000240	75	75	71	79	79	379
	00000241	76	75	75	80	77	383
	00000242	77	73	70	77	77	374
	00000243	76	71	81	76	71	375
	00000244	78	76	77	80	76	387
	00000245	72	76	79	85	77	389
	00000246	75	74	73	77	72	371
	00000247	71	74	73	79	76	373
	00000248	71	74	75	79	75	374
	00000249	72	75	76	76	78	377
	00000250	79	73	70	79	77	378
	00000251	69	79	74	80	77	379
	00000252	76	72	79	74	74	375
	00000253	78	78	75	77	79	387
	00000254	72	67	85	76	77	377
	00000255	77	74	78	72	77	378
	00000256	72	80	78	82	72	384
	00000257	82	74	77	79	81	393
	00000258	72	74	73	74	79	372
	00000259	82	76	78	73	81	390
	00000260	74	79	75	75	78	381
	00000261	76	79	67	80	73	375
	00000262	77	76	81	76	76	386
	00000263	79	79	76	70	75	379
	00000264	81	75	74	74	71	375
	00000265	82	76	76	77	79	390
	00000266	83	75	78	82	74	392
	00000267	76	77	74	74	76	377
	00000268	84	79	76	75	75	389
	00000269	74	72	76	76	76	374
	00000270	77	79	76	81	76	389
	00000271	80	75	77	78	75	385
	00000272	79	81	79	78	86	403
	00000273	78	68	73	79	77	375
	00000274	81	73	79	80	74	387
	00000275	71	72	79	79	78	379
	00000276	79	78	72	79	78	386
	00000277	77	78	74	79	76	384
	00000278	75	78	78	82	76	389
	00000279	79	77	81	74	81	392
	00000280	77	73	79	76	78	383
	00000281	74	75	79	70	77	375
	00000282	79	74	78	79	74	384
	00000283	80	69	68	78	78	373
	00000284	78	76	78	76	83	391
	00000285	78	75	85	73	82	393
	00000286	80	67	80	81	72	380
	00000287	84	82	77	74	77	394
	00000288	83	73	78	79	80	393
	00000289	76	78	79	81	76	390
	00000290	82	83	76	73	76	390
	00000291	76	77	80	77	70	380
	00000292	75	76	75	78	78	382
	00000293	82	75	82	82	75	396
	00000294	75	78	82	78	79	392
	00000295	77	76	78	80	68	379
	00000296	81	74	71	77	78	381
	00000297	73	78	75	77	73	376
	00000298	76	78	85	74	75	388
	00000299	78	81	71	75	70	375
	00000300	72	83	75	77	75	382
	00000301	78	74	79	79	84	394
	00000302	77	69	83	77	81	387
	00000303	75	73	71	77	72	368
	00000304	76	77	70	76	80	379
	00000305	75	78	77	80	78	388
	00000306	74	83	75	80	74	386
	00000307	75	78	77	73	77	380
	00000308	72	83	78	67	78	378
	00000309	79	76	75	75	76	381
	00000310	75	75	72	73	71	366
	00000311	80	77	75	78	77	387
	00000312	78	76	72	84	83	393
	00000313	76	77	79	76	74	382
	00000314	74	74	78	77	76	379
	00000315	74	77	68	74	76	369
	00000316	74	70	77	68	70	359
	00000317	75	74	77	78	74	378
	00000318	76	88	72	75	77	388
	00000319	76	73	65	77	84	375
	00000320	76	73	71	68	73	361
	00000321	75	69	74	73	83	374
	00000322	72	73	78	79	70	372
	00000323	76	76	72	75	79	378
	00000324	72	75	81	73	80	381
	00000325	78	67	77	75	82	379
	00000326	77	72	79	71	81	380
	00000327	79	78	77	76	78	388
	00000328	76	73	74	76	90	389
	00000329	76	80	81	79	84	400
	00000330	74	73	76	71	83	377
	00000331	77	79	77	77	80	390
	00000332	74	78	79	77	75	383
	00000333	80	81	75	79	83	398
	00000334	73	76	75	79	67	370
	00000335	76	73	77	71	73	370
	00000336	74	75	73	76	76	374
	00000337	72	85	79	86	75	397
	00000338	81	81	71	76	74	383
	00000339	84	74	75	76	76	385
	00000340	79	78	77	75	76	385
	00000341	80	76	75	77	79	387
	00000342	76	77	69	78	80	380
	00000343	66	75	76	75	77	369
	00000344	89	73	77	75	77	391
	00000345	79	76	72	82	76	385
	00000346	75	76	82	72	76	381
	00000347	81	77	79	81	78	396
	00000348	70	70	74	77	73	364
	00000349	74	77	70	75	76	372
	00000350	80	75	78	73	76	382
	00000351	70	78	68	76	78	370
	00000352	78	74	80	78	83	393
	00000353	89	79	80	74	86	408
	00000354	65	71	78	75	78	367
	00000355	76	78	79	71	76	380
	00000356	83	74	77	77	80	391
	00000357	76	74	72	74	73	369
	00000358	61	74	78	75	65	353
	00000359	67	76	73	72	73	361
	00000360	75	77	84	76	68	380
	00000361	77	79	65	76	71	368
	00000362	88	78	75	78	78	397
	00000363	63	71	81	74	77	366
	00000364	74	77	77	69	78	375
	00000365	70	77	81	80	80	388
	00000366	74	77	71	79	73	374
	00000367	70	79	71	76	77	373
	00000368	79	76	78	80	76	389
	00000369	71	74	75	80	73	373
	00000370	80	75	76	76	77	384
	00000371	76	73	76	76	76	377
	00000372	78	84	78	81	71	392
	00000373	73	72	78	69	76	368
	00000374	78	74	76	75	74	377
	00000375	76	74	77	75	74	376
	00000376	76	81	75	81	76	389
	00000377	78	73	77	76	80	384
	00000378	77	83	76	73	72	381
	00000379	76	72	76	83	76	383
	00000380	76	76	80	70	78	380
	00000381	82	73	77	75	79	386
	00000382	77	75	71	80	75	378
	00000383	73	78	80	72	76	379
	00000384	75	77	75	73	72	372
	00000385	76	73	75	72	75	371
	00000386	74	78	78	80	79	389
	00000387	76	74	79	75	76	380
	00000388	79	78	79	79	75	390
	00000389	83	78	80	80	79	400
	00000390	78	83	77	76	73	387
	00000391	77	79	78	77	72	383
	00000392	76	72	73	80	78	379
	00000393	73	76	75	80	78	382
	00000394	79	80	71	71	75	376
	00000395	77	75	71	75	74	372
	00000396	77	78	77	76	78	386
	00000397	79	72	82	74	74	381
	00000398	71	75	75	83	73	377
	00000399	81	67	74	85	76	383
	00000400	77	69	75	76	75	372
	00000401	77	77	75	82	72	383
	00000402	75	73	75	75	81	379
	00000403	72	78	78	74	77	379
	00000404	74	81	79	83	69	386
	00000405	77	77	77	78	77	386
	00000406	79	77	72	71	76	375
	00000407	75	77	73	82	79	386
	00000408	83	80	78	78	74	393
	00000409	92	77	82	75	81	407
	00000410	75	77	77	74	73	376
	00000411	69	79	68	72	79	367
	00000412	80	81	77	67	75	380
	00000413	80	75	77	78	83	393
	00000414	70	71	77	82	73	373
	00000415	74	79	81	77	81	392
	00000416	73	78	73	79	76	379
	00000417	76	71	76	79	72	374
	00000418	74	76	74	76	84	384
	00000419	69	81	74	82	73	379
	00000420	71	78	86	76	71	382
	00000421	74	76	74	75	71	370
	00000422	76	74	76	75	73	374
	00000423	73	71	71	75	73	363
	00000424	66	77	78	78	81	380
	00000425	80	76	72	74	75	377
	00000426	76	80	76	77	77	386
	00000427	79	77	72	72	76	376
	00000428	75	76	77	78	76	382
	00000429	80	78	83	71	77	389
	00000430	76	74	76	80	79	385
	00000431	76	87	75	76	78	392
	00000432	75	81	76	75	71	378
	00000433	80	72	79	76	76	383
	00000434	76	80	78	75	76	385
	00000435	75	76	76	78	71	376
	00000436	77	69	75	79	78	378
	00000437	77	84	78	80	77	396
	00000438	77	74	80	76	76	383
	00000439	78	77	71	70	75	371
	00000440	72	81	78	77	73	381
	00000441	77	77	73	79	78	384
	00000442	78	78	74	72	80	382
	00000443	76	78	77	78	79	388
	00000444	67	77	77	81	73	375
	00000445	82	76	75	74	74	381
	00000446	76	73	75	75	77	376
	00000447	76	77	82	80	78	393
	00000448	74	74	78	75	73	374
	00000449	76	77	70	78	77	378
	00000450	77	74	81	76	75	383
	00000451	70	75	82	71	77	375
	00000452	64	67	75	81	77	364
	00000453	72	74	77	68	77	368
	00000454	79	78	76	78	77	388
	00000455	79	73	78	79	77	386
	00000456	77	75	83	66	72	373
	00000457	78	74	81	79	76	388
	00000458	75	77	76	79	76	383
	00000459	75	79	76	74	75	379
	00000460	75	80	73	79	77	384
	00000461	75	79	76	73	88	391
	00000462	76	79	78	78	77	388
	00000463	76	73	79	78	76	382
	00000464	73	76	76	79	81	385
	00000465	77	73	78	73	75	376
	00000466	68	82	69	76	73	368
	00000467	84	81	78	72	78	393
	00000468	79	74	82	90	74	399
	00000469	77	67	74	71	69	358
	00000470	73	82	81	74	72	382
	00000471	76	78	79	83	78	394
	00000472	76	77	72	78	77	380
	00000473	78	77	73	72	76	376
	00000474	74	73	75	73	82	377
	00000475	77	77	74	73	73	374
	00000476	75	72	75	74	76	372
	00000477	90	78	68	75	78	389
	00000478	80	75	74	79	70	378
	00000479	79	78	74	77	73	381
	00000480	70	74	78	81	75	378
	00000481	76	74	77	79	79	385
	00000482	81	76	79	72	80	388
	00000483	75	73	78	78	74	378
	00000484	82	80	77	77	76	392
	00000485	80	77	76	65	73	371
	00000486	82	71	76	75	76	380
	00000487	74	77	75	88	79	393
	00000488	69	72	80	81	78	380
	00000489	78	77	78	71	78	382
	00000490	76	84	73	73	69	375
	00000491	75	79	74	82	80	390
	00000492	72	71	78	77	77	375
	00000493	75	76	76	77	87	391
	00000494	75	76	72	77	76	376
	00000495	71	72	79	77	69	368
	00000496	77	74	75	81	76	383
	00000497	75	77	78	74	84	388
	00000498	73	84	76	79	71	383
	00000499	78	83	74	73	74	382
	00000500	75	79	73	78	79	384
	00000501	74	77	76	77	73	377
	00000502	82	80	78	76	77	393
	00000503	75	76	78	83	71	383
	00000504	77	72	70	78	78	375
	00000505	74	80	68	77	75	374
	00000506	84	75	78	75	78	390
	00000507	79	77	86	80	83	405
	00000508	75	69	78	79	83	384
	00000509	70	77	73	77	73	370
	00000510	78	75	65	82	69	369
	00000511	80	74	72	81	72	379
	00000512	77	79	78	78	78	390
	00000513	79	70	73	74	72	368
	00000514	76	75	75	75	78	379
	00000515	88	78	85	76	76	403
	00000516	72	76	71	75	72	366
	00000517	77	84	76	78	73	388
	00000518	77	77	78	71	78	381
	00000519	68	71	75	68	81	363
	00000520	75	74	77	80	89	395
	00000521	76	76	71	80	76	379
	00000522	81	81	76	76	75	389
	00000523	78	76	78	81	75	388
	00000524	71	80	71	87	76	385
	00000525	74	74	77	81	81	387
	00000526	83	81	76	81	74	395
	00000527	82	75	77	80	72	386
	00000528	85	79	82	76	77	399
	00000529	80	78	76	76	73	383
	00000530	76	76	82	73	79	386
	00000531	77	76	77	81	81	392
	00000532	72	86	73	80	75	386
	00000533	73	77	76	69	72	367
	00000534	75	78	68	75	79	375
	00000535	75	74	75	78	75	377
	00000536	78	75	77	72	78	380
	00000537	77	81	76	77	70	381
	00000538	77	81	76	77	76	387
	00000539	77	76	81	77	75	386
	00000540	74	71	73	79	67	364
	00000541	72	79	78	75	76	380
	00000542	78	84	83	77	76	398
	00000543	73	79	77	77	72	378
	00000544	81	87	82	72	78	400
	00000545	77	76	77	73	75	378
	00000546	80	75	74	82	74	385
	00000547	82	79	78	76	76	391
	00000548	71	71	82	70	75	369
	00000549	79	77	72	78	74	380
	00000550	77	74	89	78	78	396
	00000551	74	69	79	74	78	374
	00000552	76	75	79	78	75	383
	00000553	72	73	87	74	83	389
	00000554	76	75	80	77	85	393
	00000555	76	75	77	73	77	378
	00000556	74	77	73	79	78	381
	00000557	74	78	74	75	73	374
	00000558	75	76	78	69	74	372
	00000559	78	78	80	75	86	397
	00000560	77	80	73	72	87	389
	00000561	68	77	78	79	74	376
	00000562	82	77	73	72	80	384
	00000563	67	79	85	77	75	383
	00000564	77	85	77	81	75	395
	00000565	85	83	75	75	79	397
	00000566	77	74	76	68	81	376
	00000567	78	74	79	75	83	389
	00000568	79	71	74	75	73	372
	00000569	78	78	77	78	76	387
	00000570	74	76	79	79	73	381
	00000571	83	75	70	72	75	375
	00000572	81	71	91	80	78	401
	00000573	78	80	73	74	76	381
	00000574	72	84	73	77	74	380
	00000575	74	72	79	77	69	371
	00000576	76	71	74	76	77	374
	00000577	77	81	72	77	77	384
	00000578	77	75	78	80	63	373
	00000579	82	82	78	78	74	394
	00000580	72	78	76	77	76	379
	00000581	77	73	79	77	84	390
	00000582	73	76	61	74	78	362
	00000583	77	75	76	73	73	374
	00000584	77	78	75	71	77	378
	00000585	80	77	78	80	69	384
	00000586	76	76	69	79	75	375
	00000587	75	76	78	75	76	380
	00000588	83	77	78	77	77	392
	00000589	77	79	79	75	66	376
	00000590	77	77	78	75	82	389
	00000591	81	77	79	76	69	382
	00000592	77	76	78	79	76	386
	00000593	71	75	83	73	76	378
	00000594	66	75	79	71	79	370
	00000595	77	76	77	76	70	376
	00000596	77	81	80	75	75	388
	00000597	77	75	75	71	77	375
	00000598	77	78	70	77	78	380
	00000599	79	76	77	78	76	386
	00000600	75	77	74	76	74	376
	00000601	81	70	82	79	76	388
	00000602	80	79	73	75	74	381
	00000603	79	73	74	77	79	382
	00000604	72	73	88	76	80	389
	00000605	78	76	82	64	72	372
	00000606	73	75	71	80	72	371
	00000607	75	76	74	81	82	388
	00000608	76	73	82	77	78	386
	00000609	80	68	79	75	77	379
	00000610	76	79	82	76	78	391
	00000611	75	72	76	68	75	366
	00000612	79	76	77	77	73	382
	00000613	77	80	77	78	81	393
	00000614	77	79	75	77	81	389
	00000615	72	66	75	74	82	369
	00000616	80	82	72	80	77	391
	00000617	85	68	83	85	77	398
	00000618	75	71	76	81	77	380
	00000619	87	73	75	76	80	391
	00000620	72	75	75	78	74	374
	00000621	72	75	76	80	78	381
	00000622	74	79	83	77	78	391
	00000623	82	80	68	71	75	376
	00000624	78	73	77	84	80	392
	00000625	78	78	77	75	68	376
	00000626	77	82	75	71	77	382
	00000627	75	81	73	74	75	378
	00000628	80	69	78	72	75	374
	00000629	83	74	75	74	73	379
	00000630	77	78	68	69	67	359
	00000631	78	87	74	74	73	386
	00000632	79	74	76	76	76	381
	00000633	76	82	78	83	83	402
	00000634	67	77	75	81	83	383
	00000635	80	77	75	76	75	383
	00000636	76	87	74	80	72	389
	00000637	79	67	74	77	78	375
	00000638	74	76	79	80	77	386
	00000639	85	81	77	79	83	405
	00000640	76	75	75	79	81	386
	00000641	83	75	81	72	78	389
	00000642	80	78	77	81	80	396
	00000643	82	70	78	75	80	385
	00000644	77	71	78	68	67	361
	00000645	78	73	76	74	78	379
	00000646	77	74	73	74	76	374
	00000647	83	81	72	75	79	390
	00000648	78	76	81	86	70	391
	00000649	75	83	75	77	77	387
	00000650	78	71	75	80	77	381
	00000651	83	75	77	81	78	394
	00000652	71	78	79	74	75	377
	00000653	80	69	76	79	84	388
	00000654	79	78	75	81	75	388
	00000655	75	80	72	72	85	384
	00000656	77	82	69	77	79	384
	00000657	74	82	71	81	81	389
	00000658	77	70	77	77	78	379
	00000659	78	72	84	88	70	392
	00000660	85	80	83	84	79	411
	00000661	76	76	79	77	75	383
	00000662	76	84	81	79	82	402
	00000663	70	74	78	73	73	368
	00000664	77	75	76	77	80	385
	00000665	78	81	77	70	75	381
	00000666	72	77	74	76	74	373
	00000667	82	78	74	73	71	378
	00000668	76	78	76	77	76	383
	00000669	81	78	77	76	76	388
	00000670	77	76	81	74	76	384
	00000671	81	79	78	80	74	392
	00000672	77	79	78	71	76	381
	00000673	74	75	71	69	74	363
	00000674	85	67	80	75	76	383
	00000675	75	78	81	76	75	385
	00000676	75	81	78	69	77	380
	00000677	76	77	75	76	76	380
	00000678	86	76	79	67	75	383
	00000679	78	75	78	76	78	385
	00000680	85	76	70	80	77	388
	00000681	82	84	75	80	80	401
	00000682	73	79	78	80	88	398
	00000683	78	78	79	73	75	383
	00000684	75	77	90	77	79	398
	00000685	76	71	81	73	79	380
	00000686	77	68	77	76	77	375
	00000687	79	79	76	80	77	391
	00000688	72	81	84	81	76	394
	00000689	80	70	75	74	80	379
	00000690	80	79	76	75	81	391
	00000691	76	70	77	75	79	377
	00000692	73	74	81	80	75	383
	00000693	75	75	79	74	79	382
	00000694	76	82	74	76	72	380
	00000695	76	82	84	74	75	391
	00000696	77	78	87	73	78	393
	00000697	77	84	78	70	75	384
	00000698	77	75	72	74	80	378
	00000699	76	79	76	74	78	383
	00000700	83	74	74	77	85	393
	00000701	83	81	74	71	81	390
	00000702	75	76	70	75	81	377
	00000703	76	75	77	82	78	388
	00000704	75	77	76	77	75	380
	00000705	86	86	78	74	76	400
	00000706	71	76	79	73	80	379
	00000707	77	77	80	78	72	384
	00000708	81	70	77	80	69	377
	00000709	77	78	74	76	82	387
	00000710	78	78	70	77	74	377
	00000711	84	76	75	79	73	387
	00000712	73	72	78	79	76	378
	00000713	74	75	75	78	79	381
	00000714	82	84	77	79	77	399
	00000715	76	79	77	80	76	388
	00000716	72	79	76	77	77	381
	00000717	76	80	77	76	77	386
	00000718	82	78	74	74	76	384
	00000719	70	82	75	81	82	390
	00000720	74	76	77	76	74	377
	00000721	76	72	77	79	78	382
	00000722	77	79	79	70	70	375
	00000723	85	73	79	79	79	395
	00000724	77	79	81	76	77	390
	00000725	81	63	74	77	82	377
	00000726	79	71	65	80	74	369
	00000727	81	80	73	73	78	385
	00000728	77	74	78	74	77	380
	00000729	72	81	73	76	74	376
	00000730	77	84	86	71	83	401
	00000731	75	82	74	81	75	387
	00000732	79	77	75	80	69	380
	00000733	80	65	76	77	75	373
	00000734	75	78	78	75	75	381
	00000735	71	77	81	76	81	386
	00000736	72	86	75	81	75	389
	00000737	71	75	77	75	75	373
	00000738	76	82	76	79	76	389
	00000739	77	77	73	75	82	384
	00000740	83	80	78	75	71	387
	00000741	79	82	81	75	72	389
	00000742	77	75	77	76	72	377
	00000743	82	75	71	68	77	373
	00000744	81	73	67	72	78	371
	00000745	73	75	73	76	79	376
	00000746	78	75	76	78	77	384
	00000747	81	81	83	65	73	383
	00000748	73	77	73	74	86	383
	00000749	70	74	77	76	71	368
	00000750	79	81	79	81	81	401
	00000751	74	75	77	77	77	380
	00000752	77	75	73	77	79	381
	00000753	74	73	79	76	80	382
	00000754	78	75	79	81	79	392
	00000755	77	71	72	75	76	371
	00000756	77	83	72	78	77	387
	00000757	80	75	76	71	73	375
	00000758	69	75	69	71	78	362
	00000759	76	77	83	74	80	390
	00000760	77	73	80	78	73	381
	00000761	78	83	83	72	75	391
	00000762	77	80	84	77	72	390
	00000763	74	74	73	69	76	366
	00000764	75	71	71	73	84	374
	00000765	75	73	76	75	78	377
	00000766	79	75	81	74	81	390
	00000767	78	75	74	86	79	392
	00000768	77	73	87	75	75	387
	00000769	87	80	71	82	71	391
	00000770	77	75	77	81	77	387
	00000771	79	78	71	80	78	386
	00000772	80	79	81	74	74	388
	00000773	75	70	77	78	77	377
	00000774	77	77	81	79	73	387
	00000775	79	73	71	76	79	378
	00000776	81	79	74	82	78	394
	00000777	75	81	71	71	79	377
	00000778	77	74	76	73	77	377
	00000779	65	75	74	76	75	365
	00000780	72	77	76	81	75	381
	00000781	72	77	78	76	82	385
	00000782	78	84	81	77	75	395
	00000783	74	66	74	77	78	369
	00000784	80	75	77	82	76	390
	00000785	80	71	76	78	78	383
	00000786	75	79	76	76	78	384
	00000787	78	78	70	74	79	379
	00000788	77	76	76	76	77	382
	00000789	78	76	79	80	81	394
	00000790	78	70	74	84	79	385
	00000791	78	76	73	73	74	374
	00000792	80	77	77	78	75	387
	00000793	76	74	77	79	74	380
	00000794	79	72	80	79	75	385
	00000795	79	72	74	83	76	384
	00000796	71	88	75	80	75	389
	00000797	79	72	82	76	72	381
	00000798	71	77	76	77	71	372
	00000799	75	78	79	70	81	383
	00000800	83	75	75	78	77	388
	00000801	77	72	75	72	74	370
	00000802	80	86	88	80	65	399
	00000803	77	74	80	87	76	394
	00000804	81	74	78	71	83	387
	00000805	75	78	77	72	81	383
	00000806	73	63	79	72	73	360
	00000807	77	78	75	80	78	388
	00000808	80	75	78	74	71	378
	00000809	73	77	75	75	81	381
	00000810	77	76	83	76	76	388
	00000811	83	79	71	69	76	378
	00000812	79	70	75	78	77	379
	00000813	77	75	81	74	77	384
	00000814	77	78	78	77	68	378
	00000815	81	80	73	76	83	393
	00000816	81	77	73	69	76	376
	00000817	79	75	76	77	79	386
	00000818	74	74	78	77	78	381
	00000819	72	81	72	77	69	371
	00000820	77	71	79	81	68	376
	00000821	71	76	75	71	80	373
	00000822	73	76	78	69	76	372
	00000823	79	81	79	73	75	387
	00000824	77	78	76	78	82	391
	00000825	68	79	75	78	75	375
	00000826	80	77	76	72	72	377
	00000827	78	81	75	77	76	387
	00000828	83	79	78	81	80	401
	00000829	74	77	77	76	78	382
	00000830	76	78	74	84	73	385
	00000831	79	79	72	72	75	377
	00000832	75	74	77	74	77	377
	00000833	81	76	75	77	80	389
	00000834	79	80	77	77	77	390
	00000835	71	77	76	74	78	376
	00000836	73	79	76	77	75	380
	00000837	79	75	77	78	72	381
	00000838	86	80	76	72	75	389
	00000839	78	78	81	78	74	389
	00000840	75	74	76	77	76	378
	00000841	75	77	75	82	74	383
	00000842	75	76	76	75	80	382
	00000843	71	69	92	73	83	388
	00000844	74	80	79	82	71	386
	00000845	78	76	75	79	79	387
	00000846	77	77	75	76	76	381
	00000847	77	70	78	78	78	381
	00000848	70	78	76	75	82	381
	00000849	87	74	70	68	80	379
	00000850	78	71	79	75	80	383
	00000851	73	80	77	77	77	384
	00000852	74	69	78	78	76	375
	00000853	77	75	77	72	73	374
	00000854	75	76	75	68	78	372
	00000855	76	73	77	78	75	379
	00000856	83	66	81	84	77	391
	00000857	70	78	77	73	79	377
	00000858	84	80	80	72	78	394
	00000859	76	77	76	78	81	388
	00000860	81	78	74	82	77	392
	00000861	79	75	78	75	80	387
	00000862	76	78	68	77	75	374
	00000863	87	73	78	79	74	391
	00000864	85	83	78	79	80	405
	00000865	76	76	91	77	74	394
	00000866	76	62	77	76	78	369
	00000867	74	74	76	76	75	375
	00000868	75	75	78	74	75	377
	00000869	77	72	75	74	72	370
	00000870	68	79	81	77	75	380
	00000871	79	83	79	78	80	399
	00000872	78	74	68	77	77	374
	00000873	82	78	77	76	68	381
	00000874	76	78	69	71	75	369
	00000875	80	74	78	72	79	383
	00000876	78	77	75	73	79	382
	00000877	76	86	80	88	73	403
	00000878	75	74	78	77	78	382
	00000879	82	79	66	73	82	382
	00000880	77	76	77	79	80	389
	00000881	77	73	78	78	74	380
	00000882	79	79	73	74	72	377
	00000883	74	76	76	80	72	378
	00000884	75	81	78	75	77	386
	00000885	77	78	74	83	81	393
	00000886	74	74	74	71	71	364
	00000887	79	77	78	76	70	380
	00000888	77	77	85	80	77	396
	00000889	78	79	67	83	85	392
	00000890	69	77	82	79	82	389
	00000891	77	73	76	82	75	383
	00000892	73	76	79	75	78	381
	00000893	80	80	80	72	74	386
	00000894	84	66	73	75	72	370
	00000895	82	76	72	78	72	380
	00000896	75	79	77	67	74	372
	00000897	82	79	81	77	76	395
	00000898	77	72	76	81	80	386
	00000899	73	77	70	74	77	371
	00000900	76	78	73	68	81	376
	00000901	68	74	81	69	78	370
	00000902	86	79	76	71	81	393
	00000903	69	80	70	79	80	378
	00000904	74	85	80	76	76	391
	00000905	76	77	71	75	75	374
	00000906	77	75	73	79	75	379
	00000907	75	75	83	83	83	399
	00000908	81	77	73	85	75	391
	00000909	76	78	79	81	80	394
	00000910	81	76	74	73	78	382
	00000911	77	77	74	73	77	378
	00000912	75	75	72	75	77	374
	00000913	72	81	76	83	78	390
	00000914	81	77	72	82	73	385
	00000915	73	72	76	82	79	382
	00000916	73	80	80	75	79	387
	00000917	78	77	76	70	79	380
	00000918	76	77	77	77	74	381
	00000919	83	66	70	74	78	371
	00000920	76	79	78	69	83	385
	00000921	76	72	70	80	72	370
	00000922	75	77	73	75	85	385
	00000923	80	77	82	73	83	395
	00000924	76	69	77	73	79	374
	00000925	74	77	82	76	75	384
	00000926	79	76	72	75	73	375
	00000927	79	74	82	80	76	391
	00000928	84	82	70	78	70	384
	00000929	75	84	77	76	70	382
	00000930	73	66	76	75	72	362
	00000931	73	76	75	79	75	378
	00000932	76	77	77	77	79	386
	00000933	83	77	78	76	78	392
	00000934	77	68	69	74	80	368
	00000935	76	81	76	82	77	392
	00000936	75	77	81	76	76	385
	00000937	73	75	80	72	76	376
	00000938	77	67	73	75	70	362
	00000939	72	77	78	79	71	377
	00000940	73	73	74	74	78	372
	00000941	72	76	75	79	77	379
	00000942	75	94	75	77	79	400
	00000943	79	77	70	75	78	379
	00000944	73	77	72	80	72	374
	00000945	74	76	79	79	73	381
	00000946	79	83	82	80	74	398
	00000947	78	81	80	74	77	390
	00000948	79	83	79	72	72	385
	00000949	77	70	82	77	76	382
	00000950	76	77	76	73	73	375
	00000951	68	78	76	77	77	376
	00000952	87	76	81	77	76	397
	00000953	72	73	77	76	84	382
	00000954	75	77	71	73	69	365
	00000955	74	76	75	85	74	384
	00000956	79	76	76	73	78	382
	00000957	75	78	82	79	75	389
	00000958	71	75	78	75	77	376
	00000959	81	76	80	77	77	391
	00000960	76	80	73	75	78	382
	00000961	74	76	83	80	80	393
	00000962	76	69	80	95	76	396
	00000963	86	77	77	76	78	394
	00000964	71	77	87	75	76	386
	00000965	74	76	76	70	82	378
	00000966	75	79	79	76	78	387
	00000967	79	79	73	74	79	384
	00000968	79	76	80	81	71	387
	00000969	73	76	83	85	72	389
	00000970	76	76	79	73	77	381
	00000971	68	78	77	73	75	371
	00000972	75	76	79	78	80	388
	00000973	76	77	77	82	78	390
	00000974	70	89	76	77	86	398
	00000975	81	76	77	77	79	390
	00000976	79	70	82	76	73	380
	00000977	75	82	78	80	81	396
	00000978	81	75	74	76	78	384
	00000979	77	76	81	78	75	387
	00000980	75	77	75	71	80	378
	00000981	69	77	70	74	74	364
	00000982	78	75	75	78	72	378
	00000983	76	74	83	75	78	386
	00000984	81	78	71	75	77	382
	00000985	83	68	77	76	77	381
	00000986	91	77	75	72	70	385
	00000987	78	75	82	78	77	390
	00000988	75	76	82	77	74	384
	00000989	75	73	69	77	73	367
	00000990	80	75	70	75	76	376
	00000991	76	70	78	72	78	374
	00000992	78	74	72	75	76	375
	00000993	82	77	77	78	71	385
	00000994	79	75	69	78	81	382
	00000995	70	78	75	77	75	375
	00000996	74	80	70	76	78	378
	00000997	77	76	72	85	75	385
	00000998	78	77	75	73	75	378
	00000999	77	80	80	76	74	387
	00001000	77	77	74	76	80	384
	00001001	77	79	76	71	81	384
	00001002	82	81	78	64	78	383
	00001003	79	76	72	80	79	386
	00001004	77	74	78	80	78	387
	00001005	74	74	80	73	79	380
	00001006	82	78	74	72	76	382
	00001007	74	81	76	75	71	377
	00001008	81	78	78	83	74	394
	00001009	76	78	76	79	70	379
	00001010	79	73	75	84	78	389
	00001011	71	82	85	75	79	392
	00001012	74	76	74	66	75	365
	00001013	79	71	74	80	80	384
	00001014	68	76	76	81	83	384
	00001015	83	76	76	77	70	382
	00001016	76	78	74	82	72	382
	00001017	87	76	74	74	79	390
	00001018	80	77	76	77	87	397
	00001019	75	80	80	85	80	400
	00001020	73	84	76	78	78	389
	00001021	82	76	84	76	77	395
	00001022	78	79	77	77	75	386
	00001023	75	77	75	76	73	376
	00001024	79	76	76	76	74	381
	00001025	78	75	73	70	74	370
	00001026	73	77	78	80	79	387
	00001027	80	78	77	78	77	390
	00001028	77	74	86	84	79	400
	00001029	75	78	73	81	72	379
	00001030	80	74	76	82	74	386
	00001031	77	74	81	81	78	391
	00001032	78	80	70	78	85	391
	00001033	78	68	78	81	74	379
	00001034	77	77	76	76	79	385
	00001035	79	77	76	73	79	384
	00001036	79	79	75	74	77	384
	00001037	77	88	79	73	77	394
	00001038	78	75	77	76	75	381
	00001039	87	86	84	76	76	409
	00001040	74	75	74	74	72	369
	00001041	77	76	77	79	74	383
	00001042	74	72	72	75	73	366
	00001043	74	82	78	79	71	384
	00001044	62	76	68	79	82	367
	00001045	78	74	76	73	79	380
	00001046	82	74	81	78	84	399
	00001047	81	76	74	75	78	384
	00001048	77	75	80	73	75	380
	00001049	82	78	76	77	80	393
	00001050	76	74	75	77	74	376
	00001051	73	64	74	86	77	374
	00001052	78	74	80	74	80	386
	00001053	83	77	79	75	78	392
	00001054	78	76	71	76	74	375
	00001055	79	74	74	69	76	372
	00001056	76	68	82	77	70	373
	00001057	83	77	82	73	74	389
	00001058	71	76	77	78	77	379
	00001059	76	77	73	75	77	378
	00001060	81	81	79	77	75	393
	00001061	83	78	78	78	80	397
	00001062	75	74	74	75	77	375
	00001063	76	78	70	77	80	381
	00001064	77	83	78	76	74	388
	00001065	78	79	68	74	73	372
	00001066	66	79	76	82	79	382
	00001067	76	80	77	79	77	389
	00001068	82	72	79	75	80	388
	00001069	84	76	77	87	83	407
	00001070	70	88	76	78	72	384
	00001071	76	75	76	79	79	385
	00001072	65	79	70	81	71	366
	00001073	72	75	78	72	73	370
	00001074	78	79	74	75	78	384
	00001075	78	77	80	78	79	392
	00001076	74	78	87	84	83	406
	00001077	81	84	72	69	73	379
	00001078	83	79	78	79	76	395
	00001079	79	77	71	79	75	381
	00001080	77	72	76	81	75	381
	00001081	74	76	78	76	73	377
	00001082	80	77	79	78	82	396
	00001083	78	82	73	75	65	373
	00001084	77	77	72	74	82	382
	00001085	71	76	82	81	81	391
	00001086	79	78	75	77	75	384
	00001087	79	77	74	83	76	389
	00001088	81	79	79	73	76	388
	00001089	78	75	76	76	79	384
	00001090	79	72	81	76	75	383
	00001091	75	76	73	79	77	380
	00001092	84	76	79	82	76	397
	00001093	78	81	77	78	75	389
	00001094	81	80	78	77	76	392
	00001095	79	72	78	76	80	385
	00001096	82	66	78	79	77	382
	00001097	73	76	72	70	78	369
	00001098	77	78	78	72	77	382
	00001099	72	76	71	68	80	367
	00001100	73	76	69	78	75	371
	00001101	79	79	75	76	71	380
	00001102	76	77	80	73	76	382
	00001103	79	76	75	83	71	384
	00001104	73	74	79	78	70	374
	00001105	69	77	73	76	75	370
	00001106	78	81	78	72	80	389
	00001107	76	76	76	79	75	382
	00001108	77	78	77	74	75	381
	00001109	77	75	74	73	68	367
	00001110	77	76	77	78	71	379
	00001111	82	76	76	71	76	381
	00001112	76	74	83	72	82	387
	00001113	69	74	73	72	72	360
	00001114	76	78	75	78	74	381
	00001115	73	73	70	74	75	365
	00001116	76	80	79	81	78	394
	00001117	75	81	77	74	79	386
	00001118	76	77	73	75	74	375
	00001119	77	75	79	74	82	387
	00001120	77	70	74	80	77	378
	00001121	73	76	80	79	80	388
	00001122	84	72	82	73	77	388
	00001123	76	79	76	78	79	388
	00001124	76	75	74	74	72	371
	00001125	74	79	79	70	75	377
	00001126	75	77	84	75	73	384
	00001127	80	77	78	77	75	387
	00001128	78	77	71	71	81	378
	00001129	77	74	74	80	75	380
	00001130	72	73	75	75	70	365
	00001131	74	81	74	78	70	377
	00001132	77	68	73	82	82	382
	00001133	76	77	80	71	84	388
	00001134	80	75	80	77	74	386
	00001135	73	83	68	77	79	380
	00001136	76	79	74	78	83	390
	00001137	76	79	70	80	80	385
	00001138	77	76	81	84	77	395
	00001139	76	82	79	78	82	397
	00001140	73	77	75	72	88	385
	00001141	68	76	74	75	72	365
	00001142	77	75	77	77	72	378
	00001143	78	79	69	76	77	379
	00001144	76	79	81	74	79	389
	00001145	75	75	76	76	78	380
	00001146	81	81	79	78	73	392
	00001147	81	79	74	78	77	389
	00001148	75	71	85	78	77	386
	00001149	80	75	78	76	74	383
	00001150	73	70	72	78	76	369
	00001151	78	79	74	76	74	381
	00001152	81	84	78	77	75	395
	00001153	77	78	79	78	76	388
	00001154	78	69	79	78	78	382
	00001155	74	74	78	81	75	382
	00001156	75	72	80	74	88	389
	00001157	78	82	73	70	75	378
	00001158	75	81	73	75	83	387
	00001159	82	73	68	73	80	376
	00001160	76	80	76	84	76	392
	00001161	83	78	66	80	85	392
	00001162	73	78	90	76	81	398
	00001163	77	76	76	79	73	381
	00001164	77	79	77	72	82	387
	00001165	80	78	77	76	79	390
	00001166	77	77	79	72	78	383
	00001167	79	75	72	79	83	388
	00001168	69	79	84	65	76	373
	00001169	76	83	79	77	83	398
	00001170	77	72	78	75	72	374
	00001171	86	69	77	77	72	381
	00001172	80	77	79	75	73	384
	00001173	77	87	81	75	73	393
	00001174	75	74	76	74	84	383
	00001175	75	86	70	75	75	381
	00001176	73	76	72	76	81	378
	00001177	75	76	77	74	75	377
	00001178	76	83	79	76	83	397
	00001179	71	75	72	78	70	366
	00001180	83	67	76	77	69	372
	00001181	76	82	76	75	81	390
	00001182	77	77	75	81	80	390
	00001183	80	75	74	74	77	380
	00001184	84	78	79	77	73	391
	00001185	77	75	77	67	72	368
	00001186	74	83	70	76	73	376
	00001187	83	82	75	77	74	391
	00001188	82	79	78	83	75	397
	00001189	71	78	84	70	78	381
	00001190	77	70	78	84	75	384
	00001191	84	70	78	74	73	379
	00001192	69	74	69	80	72	364
	00001193	76	81	83	76	79	395
	00001194	73	74	84	69	71	371
	00001195	77	79	75	74	75	380
	00001196	83	69	74	72	74	372
	00001197	77	70	74	84	80	385
	00001198	79	81	77	73	81	391
	00001199	82	76	73	76	79	386
	00001200	76	77	75	68	79	375
	00001201	81	75	76	83	85	400
	00001202	77	74	76	75	80	382
	00001203	86	73	75	72	74	380
	00001204	79	76	73	77	77	382
	00001205	75	74	76	76	73	374
	00001206	75	78	81	73	80	387
	00001207	76	73	80	73	84	386
	00001208	78	74	80	76	75	383
	00001209	80	81	75	76	75	387
	00001210	77	82	78	77	80	394
	00001211	81	77	81	77	75	391
	00001212	78	78	74	71	75	376
	00001213	80	74	82	75	79	390
	00001214	75	76	79	82	72	384
	00001215	76	80	73	80	78	387
	00001216	73	77	77	76	73	376
	00001217	78	69	77	76	74	374
	00001218	70	77	72	72	82	373
	00001219	86	82	77	79	79	403
	00001220	77	79	76	81	77	390
	00001221	74	77	74	83	75	383
	00001222	74	79	75	68	76	372
	00001223	77	81	83	76	69	386
	00001224	75	82	77	73	80	387
	00001225	75	75	72	74	80	376
	00001226	70	77	73	78	83	381
	00001227	77	76	73	79	76	381
	00001228	77	78	77	82	75	389
	00001229	76	73	84	77	80	390
	00001230	76	71	77	78	81	383
	00001231	76	76	71	76	71	370
	00001232	90	77	75	76	78	396
	00001233	74	77	76	74	75	376
	00001234	77	76	79	76	75	383
	00001235	78	80	68	77	82	385
	00001236	76	75	82	76	78	387
	00001237	76	67	80	76	75	374
	00001238	70	81	72	71	79	373
	00001239	74	82	76	79	75	386
	00001240	84	82	77	79	68	390
	00001241	68	82	83	74	82	389
	00001242	73	69	76	80	78	376
	00001243	67	77	76	75	86	381
	00001244	79	86	77	76	76	394
	00001245	76	75	81	70	74	376
	00001246	74	76	72	77	75	374
	00001247	82	71	77	78	79	387
	00001248	85	73	70	68	75	371
	00001249	83	79	83	65	72	382
	00001250	73	68	78	79	78	376
	00001251	86	77	77	74	75	389
	00001252	73	73	76	76	76	374
	00001253	78	77	78	76	77	386
	00001254	81	75	81	80	78	395
	00001255	74	79	77	82	75	387
	00001256	71	75	76	70	76	368
	00001257	77	74	75	77	78	381
	00001258	77	77	72	79	77	382
	00001259	82	71	77	72	78	380
	00001260	80	76	81	72	76	385
	00001261	71	70	86	77	77	381
	00001262	81	82	73	78	78	392
	00001263	78	76	75	71	76	376
	00001264	75	75	76	79	77	382
	00001265	76	76	76	80	81	389
	00001266	84	85	75	71	76	391
	00001267	80	77	75	74	78	384
	00001268	72	77	83	75	70	377
	00001269	79	86	79	79	76	399
	00001270	73	76	70	74	78	371
	00001271	73	83	83	72	78	389
	00001272	74	85	75	74	80	388
	00001273	76	73	78	75	77	379
	00001274	68	75	75	77	72	367
	00001275	80	77	73	76	74	380
	00001276	73	66	82	68	78	367
	00001277	78	77	75	77	75	382
	00001278	77	81	77	70	75	380
	00001279	78	75	78	79	73	383
	00001280	76	79	79	81	69	384
	00001281	83	77	77	78	80	395
	00001282	79	79	75	77	74	384
	00001283	80	77	75	84	74	390
	00001284	74	82	78	78	78	390
	00001285	76	76	76	75	71	374
	00001286	76	81	76	74	78	385
	00001287	71	77	70	75	79	372
	00001288	77	69	80	75	74	375
	00001289	78	79	80	83	74	394
	00001290	74	75	79	83	78	389
	00001291	69	74	75	73	80	371
	00001292	77	78	77	73	76	381
	00001293	77	75	80	69	75	376
	00001294	77	82	73	70	74	376
	00001295	77	81	78	74	81	391
	00001296	77	81	78	77	74	387
	00001297	73	81	76	77	75	382
	00001298	77	77	78	73	75	380
	00001299	73	82	81	77	77	390
	00001300	73	74	77	72	74	370
	00001301	82	78	74	83	83	400
	00001302	77	74	79	79	70	379
	00001303	68	71	74	83	72	368
	00001304	76	84	79	74	77	390
	00001305	77	81	79	69	78	384
	00001306	79	78	72	74	74	377
	00001307	68	78	80	80	78	384
	00001308	78	79	69	71	79	376
	00001309	80	80	84	77	77	398
	00001310	65	76	74	75	76	366
	00001311	85	77	77	72	77	388
	00001312	75	82	79	77	75	388
	00001313	75	76	74	85	85	395
	00001314	81	74	72	73	65	365
	00001315	78	74	77	77	74	380
	00001316	75	78	80	73	75	381
	00001317	77	77	76	78	71	379
	00001318	77	78	74	75	70	374
	00001319	81	77	75	78	70	381
	00001320	76	79	80	82	74	391
	00001321	75	76	77	75	78	381
	00001322	71	74	76	76	81	378
	00001323	75	85	72	77	74	383
	00001324	75	87	81	85	77	405
	00001325	78	74	67	76	71	366
	00001326	74	80	73	76	73	376
	00001327	79	65	79	80	79	382
	00001328	79	76	65	75	77	372
	00001329	75	77	70	80	80	382
	00001330	78	85	79	79	73	394
	00001331	70	73	76	71	72	362
	00001332	72	75	77	78	71	373
	00001333	77	77	74	74	75	377
	00001334	88	81	74	76	70	389
	00001335	67	81	72	69	78	367
	00001336	77	74	74	80	74	379
	00001337	73	80	74	75	80	382
	00001338	76	77	78	70	73	374
	00001339	87	77	75	76	80	395
	00001340	77	74	78	78	76	383
	00001341	77	81	77	78	77	390
	00001342	77	75	71	70	74	367
	00001343	75	76	81	80	73	385
	00001344	78	75	66	76	69	364
	00001345	79	78	80	76	77	390
	00001346	79	68	78	74	74	373
	00001347	71	80	80	84	80	395
	00001348	76	80	77	71	76	380
	00001349	72	76	85	79	75	387
	00001350	68	78	78	76	76	376
	00001351	79	78	72	77	74	380
	00001352	84	79	69	73	76	381
	00001353	76	80	83	77	77	393
	00001354	76	76	81	74	79	386
	00001355	77	78	78	75	81	389
	00001356	76	76	79	77	79	387
	00001357	84	81	72	74	78	389
	00001358	76	73	75	78	85	387
	00001359	75	75	69	74	87	380
	00001360	76	70	74	76	80	376
	00001361	84	83	72	78	75	392
	00001362	77	74	79	76	73	379
	00001363	76	76	75	75	76	378
	00001364	86	79	80	74	77	396
	00001365	81	78	72	77	81	389
	00001366	68	81	76	72	79	376
	00001367	74	75	76	74	76	375
	00001368	80	74	74	75	75	378
	00001369	76	81	75	76	77	385
	00001370	89	74	78	80	79	400
	00001371	74	78	76	78	79	385
	00001372	87	80	79	76	80	402
	00001373	73	79	73	76	80	381
	00001374	76	70	75	82	76	379
	00001375	83	74	76	75	77	385
	00001376	83	86	67	79	72	387
	00001377	73	78	81	89	73	394
	00001378	71	79	72	78	73	373
	00001379	71	76	80	76	71	374
	00001380	75	76	81	82	72	386
	00001381	84	76	76	72	93	401
	00001382	77	80	78	74	74	383
	00001383	77	78	68	84	80	387
	00001384	83	78	77	64	77	379
	00001385	82	79	83	74	80	398
	00001386	77	80	69	70	78	374
	00001387	69	78	75	78	83	383
	00001388	76	78	85	79	78	396
	00001389	79	85	77	82	74	397
	00001390	77	80	79	78	80	394
	00001391	78	77	76	82	75	388
	00001392	83	80	78	81	80	402
	00001393	90	69	73	67	75	374
	00001394	76	75	79	71	79	380
	00001395	75	73	73	73	74	368
	00001396	79	78	75	74	78	384
	00001397	77	70	74	75	75	371
	00001398	78	75	69	81	76	379
	00001399	70	76	76	76	77	375
	00001400	75	79	81	73	70	378
	00001401	69	81	74	76	77	377
	00001402	75	73	81	82	76	387
	00001403	90	74	76	76	83	399
	00001404	77	80	78	81	76	392
	00001405	78	82	68	71	75	374
	00001406	73	76	78	68	62	357
	00001407	74	72	71	79	74	370
	00001408	76	75	72	78	70	371
	00001409	80	90	80	76	79	405
	00001410	76	75	74	79	78	382
	00001411	77	79	72	76	73	377
	00001412	74	78	78	76	78	384
	00001413	77	72	83	80	85	397
	00001414	82	72	75	80	80	389
	00001415	72	75	79	76	73	375
	00001416	81	82	76	75	86	400
	00001417	77	78	78	82	72	387
	00001418	73	79	79	77	79	387
	00001419	74	83	77	74	76	384
	00001420	75	78	76	79	74	382
	00001421	76	79	84	72	74	385
	00001422	76	76	78	79	74	383
	00001423	84	77	88	77	77	403
	00001424	78	78	83	73	78	390
	00001425	86	78	69	72	73	378
	00001426	76	67	76	76	78	373
	00001427	75	75	76	73	79	378
	00001428	72	70	86	84	75	387
	00001429	74	83	75	72	74	378
	00001430	81	76	72	78	74	381
	00001431	81	70	77	72	73	373
	00001432	75	75	80	80	75	385
	00001433	78	71	82	80	76	387
	00001434	72	77	73	76	73	371
	00001435	72	81	78	82	74	387
	00001436	73	79	79	77	82	390
	00001437	71	84	77	76	75	383
	00001438	78	75	81	88	71	393
	00001439	79	78	84	75	72	388
	00001440	80	77	76	71	76	380
	00001441	80	81	74	77	82	394
	00001442	78	73	73	75	69	368
	00001443	82	82	76	80	83	403
	00001444	76	79	79	75	74	383
	00001445	75	73	68	84	87	387
	00001446	78	82	72	72	76	380
	00001447	68	75	74	74	76	367
	00001448	75	78	82	77	73	385
	00001449	77	78	77	76	63	371
	00001450	79	76	78	83	72	388
	00001451	76	79	73	80	77	385
	00001452	76	77	76	76	76	381
	00001453	78	80	75	73	81	387
	00001454	79	76	76	79	75	385
	00001455	84	77	78	77	77	393
	00001456	78	72	81	75	76	382
	00001457	77	77	80	79	75	388
	00001458	81	77	80	73	75	386
	00001459	79	76	81	77	71	384
	00001460	84	73	78	74	72	381
	00001461	78	82	73	73	74	380
	00001462	79	79	79	82	75	394
	00001463	82	77	67	72	85	383
	00001464	80	75	79	76	78	388
	00001465	85	77	78	75	83	398
	00001466	74	70	75	79	83	381
	00001467	81	74	86	65	76	382
	00001468	84	76	76	72	77	385
	00001469	73	76	84	81	77	391
	00001470	75	80	62	74	74	365
	00001471	75	75	72	82	78	382
	00001472	75	78	70	72	74	369
	00001473	74	73	73	78	78	376
	00001474	73	74	84	67	78	376
	00001475	74	78	78	79	85	394
	00001476	76	68	79	72	83	378
	00001477	79	82	76	87	75	399
	00001478	79	85	77	70	77	388
	00001479	76	81	71	84	79	391
	00001480	84	75	75	71	78	383
	00001481	77	68	76	73	80	374
	00001482	85	74	77	79	76	391
	00001483	75	79	80	77	76	387
	00001484	75	78	79	74	75	381
	00001485	82	82	79	84	69	396
	00001486	78	75	78	71	77	379
	00001487	91	77	69	82	73	392
	00001488	76	73	75	75	78	377
	00001489	74	80	78	69	77	378
	00001490	78	78	78	76	75	385
	00001491	69	76	71	84	81	381
	00001492	78	71	75	88	75	387
	00001493	71	70	76	70	80	367
	00001494	66	75	76	76	74	367
	00001495	78	72	74	67	76	367
	00001496	79	78	76	78	70	381
	00001497	84	79	73	77	69	382
	00001498	78	73	80	76	68	375
	00001499	76	86	75	77	80	394
	00001500	73	83	80	80	77	393
	00001501	75	72	71	75	78	371
	00001502	77	82	79	78	77	393
	00001503	81	72	81	77	78	389
	00001504	80	78	76	83	78	395
	00001505	75	66	85	78	81	385
	00001506	82	74	81	71	72	380
	00001507	72	68	73	73	70	356
	00001508	77	77	75	74	76	379
	00001509	80	74	86	69	78	387
	00001510	75	76	79	79	78	387
	00001511	73	79	63	83	77	375
	00001512	67	77	77	77	80	378
	00001513	76	77	75	72	75	375
	00001514	63	73	76	77	70	359
	00001515	83	71	78	77	80	389
	00001516	74	73	78	75	75	375
	00001517	77	75	73	79	74	378
	00001518	72	77	77	76	75	377
	00001519	76	77	80	77	77	387
	00001520	71	76	82	67	77	373
	00001521	76	78	75	74	78	381
	00001522	85	75	89	74	76	399
	00001523	76	74	78	68	75	371
	00001524	77	71	80	71	76	375
	00001525	90	83	80	78	63	394
	00001526	82	82	81	75	78	398
	00001527	72	77	78	81	80	388
	00001528	74	76	74	78	83	385
	00001529	76	77	73	76	83	385
	00001530	82	76	79	75	77	389
	00001531	77	74	76	75	85	387
	00001532	78	78	78	70	77	381
	00001533	82	80	78	78	79	397
	00001534	76	78	80	79	83	396
	00001535	82	78	80	80	66	386
	00001536	77	75	70	75	77	374
	00001537	70	72	78	82	75	377
	00001538	63	75	73	87	72	370
	00001539	84	78	76	70	73	381
	00001540	73	76	77	76	75	377
	00001541	75	79	84	76	75	389
	00001542	78	74	74	72	79	377
	00001543	78	76	77	71	73	375
	00001544	70	71	73	74	76	364
	00001545	76	76	69	77	75	373
	00001546	75	75	75	79	70	374
	00001547	77	76	68	77	73	371
	00001548	77	72	82	78	81	390
	00001549	72	82	78	76	80	388
	00001550	76	69	76	70	80	371
	00001551	88	81	78	74	78	399
	00001552	77	70	78	85	85	395
	00001553	77	78	79	79	76	389
	00001554	78	73	76	77	76	380
	00001555	73	79	81	84	72	389
	00001556	81	77	76	72	75	381
	00001557	76	71	92	76	69	384
	00001558	78	71	77	80	76	382
	00001559	84	71	77	72	76	380
	00001560	75	75	78	75	70	373
	00001561	77	85	76	76	84	398
	00001562	81	78	72	76	78	385
	00001563	78	80	73	74	68	373
	00001564	73	76	78	79	73	379
	00001565	82	75	83	82	75	397
	00001566	76	75	72	77	79	379
	00001567	79	73	80	79	76	387
	00001568	71	76	73	86	75	381
	00001569	75	78	77	77	69	376
	00001570	72	69	72	76	76	365
	00001571	81	78	79	74	75	387
	00001572	80	76	69	77	71	373
	00001573	75	83	76	71	73	378
	00001574	72	77	87	76	80	392
	00001575	75	77	77	76	75	380
	00001576	74	76	75	76	78	379
	00001577	79	73	77	84	76	389
	00001578	76	79	71	75	79	380
	00001579	78	78	74	82	76	388
	00001580	81	78	73	81	81	394
	00001581	70	75	77	67	67	356
	00001582	83	77	76	76	76	388
	00001583	75	76	77	90	78	396
	00001584	77	76	76	79	80	388
	00001585	72	74	77	84	76	383
	00001586	74	82	76	74	74	380
	00001587	79	74	73	75	76	377
	00001588	74	77	78	80	74	383
	00001589	85	81	74	77	77	394
	00001590	74	75	68	77	70	364
	00001591	74	78	75	76	82	385
	00001592	81	77	79	83	74	394
	00001593	82	75	74	79	83	393
	00001594	80	81	76	78	70	385
	00001595	69	73	78	77	81	378
	00001596	74	78	76	83	76	387
	00001597	72	71	74	83	72	372
	00001598	78	72	76	79	77	382
	00001599	75	77	81	76	78	387
	00001600	85	77	77	78	77	394
	00001601	73	82	74	79	75	383
	00001602	81	77	78	77	69	382
	00001603	79	77	82	77	80	395
	00001604	76	87	83	72	79	397
	00001605	79	83	78	73	76	389
	00001606	77	82	86	75	73	393
	00001607	77	75	72	76	80	380
	00001608	76	76	77	79	77	385
	00001609	76	68	75	75	70	364
	00001610	81	86	82	79	75	403
	00001611	75	78	75	69	69	366
	00001612	81	73	74	78	74	380
	00001613	75	70	72	74	75	366
	00001614	80	77	74	73	73	377
	00001615	75	71	78	75	78	377
	00001616	71	75	73	77	75	371
	00001617	81	72	76	76	74	379
	00001618	75	75	79	76	78	383
	00001619	81	80	78	75	73	387
	00001620	80	76	77	73	70	376
	00001621	73	81	77	76	75	382
	00001622	76	70	77	77	79	379
	00001623	75	73	77	80	68	373
	00001624	83	77	79	77	77	393
	00001625	74	75	71	77	74	371
	00001626	78	75	78	81	75	387
	00001627	81	74	72	74	80	381
	00001628	78	78	73	77	74	380
	00001629	77	77	79	76	79	388
	00001630	75	80	81	79	77	392
	00001631	70	76	75	82	77	380
	00001632	75	81	75	77	74	382
	00001633	76	77	75	79	82	389
	00001634	77	78	71	73	86	385
	00001635	76	78	75	72	76	377
	00001636	78	82	80	71	81	392
	00001637	74	75	75	77	75	376
	00001638	71	77	75	74	73	370
	00001639	77	74	81	86	74	392
	00001640	80	73	75	76	76	380
	00001641	78	73	73	75	79	378
	00001642	73	75	69	82	69	368
	00001643	80	79	77	76	73	385
	00001644	75	71	77	77	78	378
	00001645	75	80	73	78	75	381
	00001646	74	72	74	82	73	375
	00001647	81	75	79	76	77	388
	00001648	76	87	79	81	75	398
	00001649	69	77	82	74	79	381
	00001650	75	77	73	80	76	381
	00001651	74	80	79	78	78	389
	00001652	68	80	75	76	74	373
	00001653	85	77	72	89	74	397
	00001654	71	77	74	77	83	382
	00001655	78	78	77	76	81	390
	00001656	75	74	78	78	70	375
	00001657	76	73	73	75	73	370
	00001658	76	77	78	76	74	381
	00001659	74	83	69	78	75	379
	00001660	78	74	78	81	73	384
	00001661	78	74	78	76	71	377
	00001662	81	74	74	80	76	385
	00001663	76	84	78	81	86	405
	00001664	82	83	77	76	73	391
	00001665	79	80	78	70	74	381
	00001666	84	74	77	78	82	395
	00001667	74	78	77	72	73	374
	00001668	76	79	73	75	81	384
	00001669	76	84	79	85	78	402
	00001670	76	83	72	85	79	395
	00001671	68	81	77	74	89	389
	00001672	74	79	79	73	82	387
	00001673	69	76	80	71	73	369
	00001674	79	72	77	76	75	379
	00001675	73	80	73	74	82	382
	00001676	79	74	80	71	79	383
	00001677	81	69	75	74	76	375
	00001678	75	80	85	80	75	395
	00001679	74	81	74	80	74	383
	00001680	75	77	75	80	76	383
	00001681	73	73	79	76	76	377
	00001682	72	82	76	79	79	388
	00001683	72	72	80	79	75	378
	00001684	81	72	67	76	79	375
	00001685	77	81	79	78	74	389
	00001686	86	71	76	76	79	388
	00001687	73	75	77	80	75	380
	00001688	72	84	77	73	80	386
	00001689	73	81	78	81	84	397
	00001690	79	78	70	65	70	362
	00001691	76	74	78	79	78	385
	00001692	75	80	80	75	75	385
	00001693	77	69	72	72	77	367
	00001694	79	74	75	77	85	390
	00001695	74	81	77	77	74	383
	00001696	72	76	81	81	75	385
	00001697	78	88	78	76	76	396
	00001698	79	73	72	75	75	374
	00001699	74	76	77	74	75	376
	00001700	76	82	78	77	77	390
	00001701	76	74	72	79	78	379
	00001702	78	80	74	82	76	390
	00001703	76	80	75	74	74	379
	00001704	71	75	76	73	81	376
	00001705	69	76	75	75	77	372
	00001706	77	75	72	73	75	372
	00001707	76	70	76	80	74	376
	00001708	78	75	75	74	76	378
	00001709	83	71	73	74	75	376
	00001710	76	76	76	75	73	376
	00001711	81	81	72	78	72	384
	00001712	75	75	80	74	76	380
	00001713	80	77	74	71	79	381
	00001714	80	77	79	76	74	386
	00001715	76	78	82	81	75	392
	00001716	79	80	73	80	78	390
	00001717	75	76	79	78	76	384
	00001718	82	71	76	76	80	385
	00001719	75	79	74	79	80	387
	00001720	87	79	80	71	77	394
	00001721	77	77	78	76	72	380
	00001722	81	76	80	74	78	389
	00001723	78	75	78	70	86	387
	00001724	73	68	71	75	81	368
	00001725	66	81	76	74	82	379
	00001726	80	76	73	75	75	379
	00001727	79	76	80	74	81	390
	00001728	81	77	76	81	77	392
	00001729	80	80	72	74	68	374
	00001730	77	79	77	76	77	386
	00001731	83	77	74	74	77	385
	00001732	74	80	74	68	76	372
	00001733	72	77	71	75	79	374
	00001734	76	70	72	77	80	375
	00001735	75	79	78	75	75	382
	00001736	73	81	83	83	80	400
	00001737	77	78	67	82	69	373
	00001738	78	77	78	79	83	395
	00001739	77	77	77	73	82	386
	00001740	73	73	76	80	76	378
	00001741	71	73	75	72	73	364
	00001742	79	76	72	79	72	378
	00001743	74	77	77	74	76	378
	00001744	76	76	75	80	81	388
	00001745	76	69	74	77	75	371
	00001746	78	81	76	75	77	387
	00001747	78	78	77	70	78	381
	00001748	76	72	70	74	78	370
	00001749	81	80	78	75	78	392
	00001750	76	70	73	77	71	367
	00001751	78	82	79	78	75	392
	00001752	80	77	75	77	82	391
	00001753	77	73	70	75	81	376
	00001754	74	76	77	74	76	377
	00001755	79	78	83	76	74	390
	00001756	77	74	80	75	82	388
	00001757	76	73	72	75	87	383
	00001758	77	77	76	76	75	381
	00001759	77	73	74	79	79	382
	00001760	83	75	76	82	77	393
	00001761	80	73	78	74	83	388
	00001762	79	76	78	78	73	384
	00001763	71	78	80	75	78	382
	00001764	75	80	74	76	79	384
	00001765	78	78	81	78	75	390
	00001766	79	69	77	78	76	379
	00001767	76	78	75	76	76	381
	00001768	74	74	77	76	78	379
	00001769	79	78	76	79	76	388
	00001770	86	76	80	75	76	393
	00001771	81	76	74	82	77	390
	00001772	78	69	70	74	78	369
	00001773	80	73	85	76	72	386
	00001774	79	74	75	75	77	380
	00001775	72	74	77	71	77	371
	00001776	72	78	83	73	79	385
	00001777	76	77	74	77	75	379
	00001778	77	74	73	75	82	381
	00001779	75	77	75	77	68	372
	00001780	72	76	80	77	76	381
	00001781	74	77	78	80	81	390
	00001782	72	77	74	76	68	367
	00001783	75	79	70	80	77	381
	00001784	76	78	82	75	78	389
	00001785	82	81	71	73	80	387
	00001786	87	84	74	88	77	410
	00001787	69	76	79	68	78	370
	00001788	77	80	70	80	81	388
	00001789	78	79	78	76	76	387
	00001790	73	74	74	81	72	374
	00001791	79	77	75	79	77	387
	00001792	86	71	77	73	77	384
	00001793	76	74	71	75	75	371
	00001794	76	77	80	72	70	375
	00001795	89	78	72	77	80	396
	00001796	86	76	77	82	75	396
	00001797	76	77	71	76	80	380
	00001798	71	75	81	80	76	383
	00001799	82	77	78	75	84	396
	00001800	78	72	78	75	71	374
	00001801	79	66	78	84	82	389
	00001802	81	76	71	72	74	374
	00001803	75	80	79	77	76	387
	00001804	77	76	75	74	78	380
	00001805	76	69	82	80	76	383
	00001806	76	76	79	77	78	386
	00001807	68	73	76	78	80	375
	00001808	73	81	76	77	74	381
	00001809	72	81	80	79	69	381
	00001810	77	77	73	75	72	374
	00001811	74	80	74	75	70	373
	00001812	78	74	70	79	77	378
	00001813	74	73	76	74	74	371
	00001814	74	73	68	75	76	366
	00001815	84	69	77	77	76	383
	00001816	77	80	87	79	78	401
	00001817	83	81	75	75	70	384
	00001818	74	74	72	80	82	382
	00001819	74	70	77	73	73	367
	00001820	79	76	72	78	75	380
	00001821	76	74	76	86	71	383
	00001822	78	79	71	78	74	380
	00001823	75	83	74	72	77	381
	00001824	84	72	80	71	80	387
	00001825	72	76	81	77	78	384
	00001826	79	74	80	79	82	394
	00001827	76	88	78	74	72	388
	00001828	75	78	73	69	74	369
	00001829	78	75	82	80	71	386
	00001830	77	69	71	71	82	370
	00001831	77	79	79	77	68	380
	00001832	78	76	74	80	75	383
	00001833	77	76	81	75	81	390
	00001834	75	79	74	75	84	387
	00001835	80	73	78	76	75	382
	00001836	83	75	77	76	71	382
	00001837	80	77	79	77	76	389
	00001838	79	77	72	81	81	390
	00001839	77	71	73	77	75	373
	00001840	76	76	77	83	75	387
	00001841	78	80	76	79	73	386
	00001842	77	73	72	79	74	375
	00001843	81	77	66	73	82	379
	00001844	83	75	80	76	77	391
	00001845	71	78	76	78	77	380
	00001846	73	72	77	77	80	379
	00001847	78	73	77	77	82	387
	00001848	75	77	80	79	76	387
	00001849	78	79	70	78	76	381
	00001850	70	71	77	78	71	367
	00001851	79	75	79	80	80	393
	00001852	79	72	84	75	77	387
	00001853	77	73	77	79	72	378
	00001854	74	76	78	76	78	382
	00001855	86	71	80	74	76	387
	00001856	76	72	69	73	80	370
	00001857	78	75	83	75	75	386
	00001858	80	75	75	77	79	386
	00001859	74	81	79	74	76	384
	00001860	78	68	75	74	75	370
	00001861	83	74	66	79	77	379
	00001862	68	81	82	77	76	384
	00001863	82	75	81	82	77	397
	00001864	77	69	76	73	73	368
	00001865	77	70	78	79	78	382
	00001866	85	75	74	76	77	387
	00001867	74	83	81	79	82	399
	00001868	82	77	74	77	68	378
	00001869	79	72	76	77	75	379
	00001870	75	78	76	79	72	380
	00001871	77	79	79	77	79	391
	00001872	80	75	76	75	79	385
	00001873	77	69	72	74	73	365
	00001874	75	77	75	83	77	387
	00001875	74	79	81	82	72	388
	00001876	72	82	78	78	78	388
	00001877	77	76	76	78	74	381
	00001878	67	77	74	76	81	375
	00001879	83	79	78	85	82	407
	00001880	78	80	75	72	84	389
	00001881	73	76	69	78	78	374
	00001882	75	89	79	71	77	391
	00001883	77	77	72	82	77	385
	00001884	77	73	77	70	77	374
	00001885	72	80	78	82	71	383
	00001886	75	74	70	76	72	367
	00001887	66	77	77	76	78	374
	00001888	76	75	70	74	74	369
	00001889	75	72	72	77	77	373
	00001890	82	73	78	80	75	388
	00001891	83	67	76	78	79	383
	00001892	77	85	87	80	79	408
	00001893	75	82	78	74	76	385
	00001894	74	76	78	78	75	381
	00001895	75	75	69	81	82	382
	00001896	74	75	78	73	75	375
	00001897	81	86	77	79	80	403
	00001898	76	79	79	80	72	386
	00001899	75	80	74	65	74	368
	00001900	80	73	76	69	81	379
	00001901	80	79	78	80	74	391
	00001902	76	85	76	74	81	392
	00001903	78	78	70	74	81	381
	00001904	77	76	76	74	73	376
	00001905	78	77	81	81	80	397
	00001906	76	76	75	69	75	371
	00001907	79	72	74	77	69	371
	00001908	78	76	79	79	80	392
	00001909	77	83	75	73	83	391
	00001910	78	76	75	71	75	375
	00001911	79	82	71	73	74	379
	00001912	77	78	72	79	70	376
	00001913	73	76	76	76	74	375
	00001914	63	69	79	88	79	378
	00001915	78	81	67	71	77	374
	00001916	73	74	82	82	75	386
	00001917	79	76	82	77	80	394
	00001918	74	78	71	78	71	372
	00001919	78	81	77	71	78	385
	00001920	75	84	75	72	76	382
	00001921	80	78	76	76	74	384
	00001922	79	75	70	76	80	380
	00001923	83	74	78	68	71	374
	00001924	77	77	75	68	77	374
	00001925	71	68	84	70	83	376
	00001926	74	84	72	78	76	384
	00001927	75	76	79	74	77	381
	00001928	74	76	78	76	78	382
	00001929	72	81	73	81	74	381
	00001930	77	77	79	73	76	382
	00001931	77	76	75	74	68	370
	00001932	81	74	81	77	77	390
	00001933	79	75	83	77	74	388
	00001934	74	73	72	76	77	372
	00001935	77	73	71	76	73	370
	00001936	78	80	76	70	82	386
	00001937	78	78	77	84	74	391
	00001938	75	80	68	76	70	369
	00001939	77	80	74	84	76	391
	00001940	75	78	76	73	74	376
	00001941	85	77	79	75	74	390
	00001942	79	80	75	75	70	379
	00001943	68	75	79	76	79	377
	00001944	76	76	74	70	72	368
	00001945	76	83	79	75	65	378
	00001946	78	77	79	82	74	390
	00001947	77	79	76	80	89	401
	00001948	80	80	74	82	76	392
	00001949	74	76	85	73	77	385
	00001950	73	73	84	80	76	386
	00001951	76	74	77	73	78	378
	00001952	78	82	81	82	84	407
	00001953	78	79	78	80	87	402
	00001954	79	77	76	76	80	388
	00001955	77	81	78	76	80	392
	00001956	80	81	77	77	76	391
	00001957	74	76	79	72	71	372
	00001958	83	75	77	75	79	389
	00001959	78	77	78	71	84	388
	00001960	71	88	77	76	74	386
	00001961	80	80	81	78	83	402
	00001962	73	75	86	74	76	384
	00001963	72	78	73	86	78	387
	00001964	73	78	76	75	77	379
	00001965	78	73	86	74	75	386
	00001966	76	77	81	78	75	387
	00001967	74	80	73	82	82	391
	00001968	78	77	72	79	78	384
	00001969	75	75	86	73	71	380
	00001970	76	75	81	75	74	381
	00001971	82	73	77	75	79	386
	00001972	77	74	81	72	80	384
	00001973	75	71	82	76	79	383
	00001974	79	74	77	75	76	381
	00001975	76	74	74	83	75	382
	00001976	80	85	76	74	81	396
	00001977	75	83	76	70	81	385
	00001978	75	75	82	77	76	385
	00001979	76	80	78	70	71	375
	00001980	80	78	78	78	76	390
	00001981	73	76	77	72	77	375
	00001982	76	80	78	77	77	388
	00001983	76	81	81	78	75	391
	00001984	78	73	82	81	81	395
	00001985	71	84	71	82	73	381
	00001986	73	85	75	82	80	395
	00001987	77	76	77	71	74	375
	00001988	80	78	79	74	76	387
	00001989	75	77	75	84	75	386
	00001990	72	67	70	75	71	355
	00001991	71	80	75	82	77	385
	00001992	79	75	76	75	80	385
	00001993	71	72	76	72	75	366
	00001994	73	79	82	74	77	385
	00001995	83	78	71	77	78	387
	00001996	74	72	79	79	79	383
	00001997	75	83	71	76	81	386
	00001998	69	70	83	74	77	373
	00001999	78	72	76	72	78	376
	00002000	74	82	81	74	78	389
	00002001	78	72	79	65	81	375
	00002002	78	78	76	86	74	392
	00002003	79	70	76	75	75	375
	00002004	79	73	76	73	73	374
	00002005	78	83	78	80	77	396
	00002006	76	77	76	74	76	379
	00002007	70	76	75	78	72	371
	00002008	82	72	83	79	81	397
	00002009	73	74	79	81	79	386
	00002010	85	75	77	75	76	388
	00002011	76	79	75	74	77	381
	00002012	64	84	76	77	78	379
	00002013	82	73	81	69	76	381
	00002014	78	78	70	76	85	387
	00002015	67	75	77	77	84	380
	00002016	79	72	80	75	77	383
	00002017	75	76	80	78	73	382
	00002018	82	76	79	74	72	383
	00002019	73	79	73	75	82	382
	00002020	76	76	71	75	73	371
	00002021	79	79	70	76	75	379
	00002022	72	78	76	71	80	377
	00002023	81	76	72	73	75	377
	00002024	76	70	79	79	76	380
	00002025	81	66	69	73	75	364
	00002026	75	80	78	73	75	381
	00002027	80	81	75	76	79	391
	00002028	79	82	80	81	74	396
	00002029	79	76	78	74	74	381
	00002030	81	72	78	75	80	386
	00002031	74	73	83	77	73	380
	00002032	74	73	81	76	76	380
	00002033	77	77	76	72	80	382
	00002034	78	81	75	76	76	386
	00002035	76	78	76	78	75	383
	00002036	80	77	76	79	80	392
	00002037	76	80	70	73	77	376
	00002038	77	74	74	74	58	357
	00002039	80	82	67	78	73	380
	00002040	73	76	77	79	76	381
	00002041	78	73	78	81	79	389
	00002042	78	70	74	75	72	369
	00002043	76	79	76	73	69	373
	00002044	74	77	75	75	78	379
	00002045	79	81	84	75	77	396
	00002046	75	78	80	75	73	381
	00002047	76	76	77	77	77	383
	00002048	76	75	78	78	66	373
