1028 1026 1022 1016 1014 1010 1004 996 993 983 979 975 972 971 966 964 955 947
943 934 929 928 920 912 909 901 899 896 889 881 872 865 858 856 849 848
847 841 839 836 832 824 820 818 809 804 799 789 788 780 771 767 757 755
745 743 735 727 720 716 706 698 692 689 687 680 670 669 666 656 652 649
641 638 635 633 625 621 619 610 608 600 592 585 584 577 571 565 560 557
556 551 547 546 539 536 528 527 518 512 507 497 490 480 470 469 461 459
452 444 434 429 425 420 412 402 392 385 381 378 376 367 358 350 347 345
344 340 333 330 321 316 315 308 299 290 284 283 280 275 274 267 262 259
251 249 242 237 234 225 216 213 211 210 207 205 199 192 183 179 174 164
160 157 152 142 135 125 118 114 104 99 93 88 86 79 78 69 67 64
63 62 53 49 43 42 37 32 31 23 22 21 16 15 14 6 -2 -10
-17 -24 -34 -39 -40 -44 -47 -56 -63 -68 -72 -82 -90 -96 -97 -100 -106 -116
-120 -130 -139 -146 -154 -164 -170 -175 -182 -190 -193 -199 -203 -206 -208 -211 -215 -222
-227 -234 -242 -249 -253 -255 -257 -266 -269 -273 -282 -290 -298 -308 -313 -322 -324 -327
-331 -335 -339 -340 -346 -347 -355 -359 -363 -370 -375 -377 -379 -381 -389 -395 -405 -406
-415 -419 -422 -424 -431 -435 -444 -449 -458 -464 -471 -479 -489 -493 -499 -500 -503 -506
-515 -525 -527 -537 -542 -548 -555 -565 -574 -576 -577 -581 -584 -591 -601 -610 -613 -616
-624 -628 -634 -637 -642 -652 -660 -666 -676 -684 -692 -702 -708 -711 -718 -719 -722 -724
-732 -734 -737 -747 -749 -755 -763 -772 -774 -784 -794 -798 -805 -809 -811 -818 -822 -825
-833 -838 -841 -850 -857 -864 -866 -875 -882 -892 -899 -901 -904 -911 -913 -918 -921 -927
-929 -934 -936 -937 -939 -947 -949 -953 -958 -967 -968 -969 -975 -984 -994 -1004 -1011 -1015
-1022 -1028 -1037 -1039 -1040 -1045 -1053 -1055 -1059 -1064 -1074 -1080 -1082 -1086 -1089 -1094 -1101 -1106
-1112 -1117 -1123 -1132 -1138 -1148 -1157 -1163 -1164 -1165 -1175 -1176 -1179 -1181 -1189 -1198 -1201 -1211
-1213 -1219 -1224 -1230 -1238 -1244 -1247 -1249 -1251 -1260 -1262 -1269 -1270 -1271 -1274 -1277 -1286 -1291
-1300 -1308 -1315 -1322 -1324 -1334 -1338 -1348 -1356 -1357 -1367 -1371 -1374 -1380 -1383 -1392 -1398 -1405
-1411 -1416 -1419 -1425 -1427 -1436 -1441 -1449 -1457 -1465 -1475 -1484 -1489 -1493 -1494 -1500 -1509 -1517
-1527 -1532 -1542 -1545 -1547 -1549 -1554 -1557 -1561 -1565 -1575 -1582 -1586 -1589 -1595 -1599 -1604 -1612
-1618 -1623 -1631 -1639 -1643 -1651 -1653 -1659 -1663 -1665 -1672 -1675 -1684 -1687 -1697 -1705 -1711 -1721
-1726 -1736 -1741 -1746 -1755 -1758 -1759 -1767 -1769 -1778 -1782 -1784 -1786 -1788 -1789 -1798 -1808 -1818
-1824 -1827 -1830 -1837 -1845 -1851 -1859 -1868 -1875 -1882 -1883 -1887 -1889 -1894 -1896 -1901 -1907 -1910
-1915 -1919 -1927 -1937 -1940 -1943 -1949 -1952 -1959 -1964 -1966 -1969 -1979 -1984 -1994 -2004 -2010 -2020
-2025 -2034 -2037 -2046 -2051 -2059 -2062 -2070 -2072 -2076 -2085 -2088 -2093 -2100 -2103 -2112 -2121 -2129
-2131 -2133 -2139 -2140 -2143 -2147 -2152 -2160 -2162 -2167 -2174 -2181 -2185 -2190 -2191 -2200 -2210 -2213
-2214 -2220 -2229 -2231 -2237 -2240 -2245 -2254 -2260 -2263 -2267 -2276 -2285 -2293 -2297 -2302 -2306 -2315
-2322 -2332 -2341 -2349 -2354 -2362 -2367 -2375 -2383 -2390 -2394 -2398 -2408 -2415 -2424 -2426 -2429 -2432
-2435 -2439 -2446 -2451 -2454 -2461 -2463 -2472 -2481 -2483 -2489 -2491 -2499 -2500 -2510 -2516 -2522 -2524
-2533 -2542 -2543 -2548 -2555 -2562 -2567 -2574 -2580 -2587 -2592 -2601 -2611 -2616 -2623 -2626 -2632 -2633
-2635 -2641 -2647 -2650 -2657 -2660 -2661 -2665 -2666 -2671 -2680 -2690 -2691 -2699 -2702 -2705 -2710 -2713
-2717 -2718 -2720 -2728 -2733 -2735 -2739 -2746 -2752 -2759 -2766 -2773 -2774 -2775 -2776 -2786 -2788 -2793
-2795 -2796 -2806 -2809 -2814 -2816 -2824 -2834 -2836 -2842 -2847 -2856 -2864 -2873 -2879 -2883 -2886 -2893
-2897 -2901 -2903 -2911 -2920 -2928 -2929 -2930 -2934 -2940 -2948 -2953 -2955 -2961 -2971 -2977 -2986 -2994
-2997 -3004 -3010 -3011 -3021 -3030 -3032 -3040 -3050 -3051 -3052 -3055 -3065 -3070 -3078 -3085 -3091 -3095
-3098 -3104 -3110 -3119 -3123 -3125 -3128 -3138 -3139 -3144 -3145 -3150 -3155 -3157 -3161 -3171 -3172 -3178
-3186 -3187 -3188 -3196 -3200 -3201 -3205 -3209 -3210 -3214 -3220 -3222 -3229 -3238 -3245 -3247 -3253 -3254
-3261 -3269 -3270 -3274 -3282 -3285 -3294 -3299 -3302 -3305 -3307 -3312 -3313 -3316 -3325 -3335 -3338 -3339
-3349 -3354 -3357 -3367 -3377 -3383 -3387 -3393 -3394 -3403 -3404 -3405 -3409 -3411 -3413 -3420 -3430 -3437
-3444 -3445 -3453 -3455 -3463 -3473 -3482 -3484 -3491 -3493 -3501 -3506 -3515 -3517 -3520 -3522 -3525 -3535
-3544 -3546 -3547 -3550 -3556 -3564 -3567 -3574 -3584 -3594 -3597 -3607 -3608 -3615 -3625 -3628 -3629 -3637
-3640 -3646 -3652 -3661 -3663 -3673 -3674 -3680 -3685 -3695 -3704 -3707 -3713 -3715 -3724 -3727 -3736 -3738
-3741 -3750 -3753 -3758 -3761 -3762 -3769 -3774 -3783 -3786 -3790 -3795 -3801 -3810 -3819 -3824 -3834 -3839
-3849 -3850 -3859 -3860 -3868 -3873 -3882 -3890 -3897 -3898 -3899 -3907 -3915 -3924 -3932 -3935 -3937 -3943
-3946 -3952 -3961 -3963 -3965 -3972 -3981 -3991 -4001 -4011 -4020 -4026 -4027 -4034 -4042 -4045 -4053 -4056
-4063 -4073 -4083 -4090 -4097 -4101 -4102 -4112 -4117 -4124 -4130 -4139 -4140 -4144 -4147 -4156 -4157 -4160
-4168 -4177 -4187 -4194 -4198 -4207 -4212 -4222 -4232 -4239 -4241 -4251 -4253 -4256 -4261 -4265 -4272 -4280
-4290 -4299 -4303 -4305 -4314 -4315 -4324 -4331 -4334 -4342 -4349 -4359 -4363 -4367 -4370 -4379 -4383 -4387
-4395 -4403 -4407 -4414 -4421 -4430 -4435 -4442 -4444 -4453 -4459 -4464 -4473 -4477 -4478 -4484 -4490 -4491
-4495 -4502 -4508 -4511 -4512 -4522 -4531 -4537 -4539 -4542 -4547 -4553 -4555 -4561 -4567 -4573 -4580 -4587
-4595 -4596 -4597 -4598 -4605 -4612 -4616 -4618 -4620 -4627 -4631 -4633 -4638 -4644 -4652 -4660 -4667 -4677
-4684 -4689 -4696 -4697 -4701 -4702 -4705 -4710 -4715 -4723 -4725 -4734 -4743 -4752 -4755 -4759 -4764 -4767
-4775 -4780 -4785 -4790 -4795 -4800 -4804 -4808 -4813 -4819 -4827 -4830 -4838 -4847 -4852 -4860 -4863 -4871
-4881 -4884 -4893 -4897 -4905 -4915 -4919 -4921 -4930 -4936 -4940 -4945 -4947 -4952 -4958 -4965 -4968 -4977
-4981 -4984 -4985 -4988 -4992 -5001 -5003 -5006 -5007 -5016 -5020 -5029 -5039 -5042 -5051 -5053 -5058 -5065
-5075 -5078 -5084 -5089 -5091 -5100 -5107 -5109 -5118 -5121 -5128 -5130 -5137 -5140 -5145 -5146 -5156 -5166
-5173 -5182 -5191 -5193 -5198 -5207 -5213 -5223 -5226 -5236 -5244 -5246 -5251 -5257 -5262 -5272 -5282 -5286
-5289 -5297 -5299 -5306 -5315 -5321 -5328 -5333 -5334 -5337 -5341 -5343 -5351 -5354 -5364 -5366 -5371 -5375
-5381 -5383 -5393 -5403 -5413 -5417 -5421 -5422 -5429 -5431 -5441 -5442 -5449 -5457 -5462 -5466 -5476 -5486
-5494 -5503 -5504 -5514 -5522 -5528 -5531 -5541 -5548 -5556 -5562 -5571 -5579 -5581 -5586 -5587 -5588 -5591
-5597 -5598 -5602 -5610 -5615 -5616 -5623 -5628 -5635 -5638 -5643 -5651 -5654 -5658 -5665 -5667 -5668 -5677
-5687 -5694 -5704 -5709 -5712 -5720 -5728 -5731 -5733 -5738 -5740 -5745 -5755 -5756 -5761 -5768 -5778 -5784
-5785 -5786 -5788 -5790 -5794 -5804 -5805 -5813 -5819 -5828 -5836 -5840 -5847 -5850 -5853 -5863 -5870 -5872
-5881 -5891 -5901 -5907 -5916 -5925 -5933 -5942 -5944 -5952 -5959 -5966 -5967 -5977 -5980 -5981 -5985 -5988
-5994 -6001 -6007 -6010 -6016 -6017 -6020 -6026 -6033 -6035 -6037 -6039 -6049 -6054 -6057 -6063 -6071 -6075
-6081 -6084 -6085 -6088 -6089 -6098 -6100 -6110 -6113 -6116 -6121 -6131 -6139 -6142 -6149 -6151 -6152 -6155
-6162 -6169 -6170 -6180 -6181 -6185 -6187 -6193 -6196 -6203 -6205 -6214 -6216 -6221 -6225 -6233 -6238 -6247
-6249 -6255 -6263 -6264 -6267 -6276 -6278 -6282 -6284 -6288 -6295 -6299 -6302 -6307 -6310 -6314 -6323 -6326
-6335 -6343 -6352 -6354 -6359 -6363 -6364 -6374 -6382 -6388 -6392 -6396 -6405 -6408 -6417 -6419 -6426 -6431
-6432 -6440 -6444 -6453 -6457 -6466 -6472 -6477 -6480 -6482 -6485 -6489 -6497 -6501 -6502 -6505 -6506 -6515
-6517 -6523 -6524 -6531 -6532 -6535 -6539 -6549 -6555 -6561 -6566 -6574 -6576 -6581 -6591 -6594 -6598 -6606
-6613 -6621 -6628 -6631 -6637 -6645 -6651 -6652 -6655 -6656 -6658 -6660 -6669 -6674 -6680 -6684 -6693 -6699
-6708 -6714 -6723 -6728 -6732 -6736 -6738 -6743 -6750 -6754 -6757 -6764 -6769 -6774 -6779 -6787 -6797 -6806
-6815 -6820 -6828 -6836 -6838 -6839 -6845 -6850 -6857 -6862 -6867 -6875 -6877 -6887 -6897 -6899 -6903 -6912
-6922 -6931 -6938 -6939 -6944 -6947 -6951 -6959 -6960 -6966 -6971 -6973 -6975 -6979 -6989 -6997 -7003 -7004
-7011 -7019 -7020 -7028 -7036 -7042 -7049 -7054 -7063 -7065 -7070 -7078 -7084 -7092 -7102 -7106 -7109 -7111
-7118 -7125 -7130 -7137 -7139 -7148 -7154 -7162 -7172 -7180 -7182 -7188 -7192 -7202 -7207 -7214 -7217 -7224
-7225 -7231 -7233 -7236 -7237 -7246 -7252 -7256 -7260 -7261 -7267 -7273 -7282 -7284 -7293 -7301 -7310 -7319
-7320 -7327 -7334 -7335 -7345 -7348 -7356 -7358 -7360 -7365 -7373 -7380 -7382 -7384 -7389 -7399 -7401 -7405
-7411 -7421 -7427 -7435 -7437 -7442 -7452 -7453 -7463 -7466 -7471 -7475 -7481 -7487 -7497 -7504 -7511 -7513
-7517 -7520 -7521 -7528 -7536 -7543 -7544 -7550 -7560 -7565 -7570 -7576 -7584 -7591 -7596 -7603 -7607 -7616
-7621 -7626 -7632 -7641 -7647 -7650 -7651 -7656 -7661 -7669 -7679 -7684 -7689 -7696 -7697 -7701 -7705 -7706
-7714 -7719 -7720 -7729 -7738 -7744 -7748 -7749 -7755 -7765 -7768 -7776 -7778 -7787 -7794 -7800 -7806 -7807
-7809 -7811 -7818 -7824 -7829 -7837 -7842 -7851 -7857 -7858 -7860 -7863 -7869 -7879 -7889 -7891 -7893 -7901
-7902 -7911 -7920 -7928 -7932 -7939 -7946 -7954 -7955 -7961 -7962 -7970 -7978 -7979 -7980 -7982 -7984 -7988
-7991 -7992 -7998 -8003 -8005 -8010 -8015 -8016 -8026 -8027 -8029 -8034 -8044 -8052 -8060 -8066 -8070 -8075
-8079 -8087 -8089 -8099 -8100 -8110 -8111 -8120 -8130 -8133 -8143 -8148 -8156 -8159 -8165 -8167 -8170 -8172
-8180 -8189 -8192 -8194 -8195 -8202 -8211 -8220 -8228 -8234 -8235 -8237 -8241 -8244 -8254 -8260 -8265 -8272
-8273 -8275 -8279 -8289 -8291 -8298 -8308 -8314 -8320 -8329 -8330 -8334 -8344 -8352 -8358 -8360 -8366 -8372
-8375 -8382 -8391 -8394 -8396 -8397 -8401 -8407 -8415 -8422 -8432 -8436 -8443 -8446 -8453 -8454 -8459 -8461
-8464 -8472 -8476 -8484 -8488 -8498 -8499 -8504 -8511 -8518 -8524 -8530 -8538 -8539 -8544 -8553 -8562 -8572
-8579 -8582 -8583 -8590 -8593 -8598 -8606 -8616 -8617 -8627 -8630 -8631 -8639 -8646 -8655 -8656 -8659 -8663
-8672 -8677 -8678 -8681 -8686 -8690 -8693 -8699 -8704 -8708 -8709 -8712 -8718 -8721 -8731 -8741 -8743 -8746
-8752 -8756 -8762 -8772 -8773 -8775 -8780 -8782 -8787 -8795 -8797 -8805 -8813 -8823 -8828 -8838 -8845 -8854
-8862 -8872 -8876 -8881 -8886 -8895 -8896 -8897 -8903 -8907 -8912 -8914 -8917 -8919 -8929 -8936 -8937 -8941
-8947 -8956 -8965 -8971 -8972 -8974 -8982 -8985 -8993 -8997 -9000 -9005 -9009 -9011 -9016 -9017 -9022 -9031
-9035 -9045 -9047 -9050 -9057 -9064 -9072 -9075 -9081 -9088 -9090 -9100 -9109 -9118 -9124 -9125 -9132 -9138
-9142 -9145 -9150 -9156 -9157 -9160 -9165 -9166 -9175 -9179 -9184 -9187 -9195 -9200 -9206 -9213 -9218 -9219
-9221 -9222 -9223 -9226 -9227 -9230 -9232 -9242 -9251 -9259 -9262 -9263 -9272 -9274 -9283 -9291 -9293 -9297
-9301 -9309 -9311 -9313 -9322 -9328 -9330 -9335 -9343 -9352 -9359 -9365 -9373 -9377 -9387 -9391 -9395 -9400
-9405 -9412 -9417 -9424 -9434 -9443 -9451 -9459 -9465 -9473 -9474 -9480 -9486 -9492 -9498 -9506 -9516 -9525
-9532 -9537 -9545 -9546 -9555 -9557 -9563 -9565 -9569 -9574 -9575 -9583 -9593 -9603 -9611 -9621 -9622 -9630
-9636 -9640 -9646 -9647 -9651 -9658 -9659 -9666 -9671 -9673 -9683 -9684 -9688 -9696 -9702 -9709 -9718 -9725
-9727 -9732 -9735 -9741 -9742 -9749 -9751 -9759 -9760 -9769 -9779 -9780 -9789 -9797 -9806 -9807 -9814 -9824
-9831 -9833 -9839 -9847 -9853 -9855 -9858 -9865 -9873 -9880 -9889 -9892 -9893 -9898 -9904 -9909 -9919 -9928
-9932 -9936 -9943 -9948 -9952 -9960 -9965 -9972 -9973 -9976 -9980 -9982 -9984 -9988 -9993 -10000 -10003 -10008
-10009 -10011 -10017 -10021 -10027 -10034 -10044 -10046 -10056 -10060 -10062 -10068 -10075 -10080 -10087 -10088 -10096 -10105
-10110 -10113 -10120 -10121 -10125 -10134 -10138 -10146 -10155 -10162 -10164 -10170 -10177 -10178 -10180 -10184 -10188 -10196
-10200 -10205 -10207 -10213 -10221 -10230 -10231 -10237 -10239 -10243 -10244 -10252 -10253 -10255 -10261 -10266 -10272 -10274
-10279 -10280 -10281 -10289 -10296 -10305 -10307 -10308 -10313 -10316 -10323 -10332 -10341 -10346 -10354 -10363 -10367 -10369
-10377 -10387 -10393 -10395 -10404 -10409 -10416 -10424 -10428 -10430 -10440 -10447 -10449 -10455 -10459 -10462 -10466 -10474
-10480 -10490 -10495 -10496 -10503 -10506 -10514 -10520 -10530 -10536 -10543 -10547 -10554 -10563 -10571 -10578 -10586 -10593
-10599 -10603 -10613 -10615 -10616 -10625 -10631 -10637 -10640 -10643 -10645 -10654 -10657 -10665 -10672 -10673 -10678 -10685
-10693 -10701 -10708 -10715 -10722 -10724 -10732 -10737 -10739 -10744 -10748 -10754 -10755 -10759 -10763 -10766 -10773 -10775
-10781 -10785 -10789 -10799 -10800 -10805 -10810 -10811 -10819 -10828 -10837 -10847 -10856 -10862 -10863 -10871 -10876 -10878
-10880 -10890 -10899 -10904 -10910 -10914 -10918 -10924 -10926 -10927 -10936 -10939 -10947 -10952 -10957 -10959 -10969 -10971
-10978 -10983 -10991 -10997 -11006 -11011 -11018 -11023 -11032 -11035 -11042 -11050 -11058 -11060 -11070 -11076 -11083 -11085
-11089 -11096 -11100 -11101 -11102 -11111 -11120 -11130 -11140 -11147 -11156 -11157 -11164 -11169 -11178 -11187 -11192 -11193
-11199 -11207 -11211 -11218 -11224 -11228 -11231 -11236 -11245 -11248 -11250 -11253 -11263 -11270 -11271 -11280 -11290 -11295
-11303 -11312 -11315 -11318 -11319 -11322 -11326 -11329 -11336 -11343 -11348 -11355 -11360 -11368 -11369 -11372 -11374 -11375
-11384 -11389 -11391 -11401 -11402 -11405 -11415 -11419 -11421 -11425 -11427 -11430 -11438 -11447 -11455 -11462 -11472 -11474
-11480 -11482 -11484 -11485 -11494 -11503 -11512 -11516 -11517 -11520 -11528 -11532 -11536 -11539 -11549 -11559 -11568 -11575
-11583 -11586 -11596 -11599 -11604 -11607 -11614 -11621 -11628 -11636 -11644 -11647 -11652 -11657 -11660 -11666 -11671 -11680
-11684 -11687 -11694 -11699 -11701 -11707 -11709 -11719 -11720 -11724 -11725 -11726 -11732 -11738 -11742 -11743 -11752 -11756
-11759 -11764 -11767 -11773 -11782 -11790 -11794 -11800 -11807 -11816 -11819 -11827 -11836 -11843 -11844 -11847 -11856 -11860
-11869 -11879 -11880 -11881 -11891 -11896 -11903 -11904 -11908 -11911 -11918 -11924 -11931 -11937 -11939 -11943 -11950 -11951
-11954 -11963 -11971 -11974 -11980 -11988 -11991 -11996 -12002 -12004 -12013 -12015 -12020 -12023 -12031 -12036 -12038 -12047
-12051 -12055 -12056 -12065 -12066 -12068 -12077 -12079 -12080 -12084 -12093 -12103 -12113 -12123 -12127 -12137 -12146 -12154
-12158 -12168 -12171 -12172 -12178 -12180 -12181 -12189 -12191 -12194 -12200 -12201 -12209 -12218 -12226 -12236 -12241 -12243
-12245 -12248 -12255 -12258 -12265 -12271 -12275 -12284 -12285 -12287 -12297 -12302 -12305 -12309 -12315 -12321 -12325 -12330
-12338 -12345 -12353 -12358 -12360 -12364 -12374 -12375 -12381 -12386 -12387 -12396 -12402 -12408 -12417 -12424 -12427 -12431
-12432 -12437 -12445 -12453 -12454 -12463 -12464 -12472 -12481 -12491 -12493 -12499 -12507 -12511 -12521 -12527 -12529 -12532
-12537 -12543 -12550 -12556 -12559 -12564 -12570 -12572 -12576 -12581 -12589 -12590 -12594 -12601 -12602 -12606 -12608 -12616
-12621 -12631 -12640 -12645 -12653 -12658 -12661 -12671 -12675 -12681 -12687 -12696 -12704 -12713 -12716 -12717 -12724 -12732
-12733 -12735 -12739 -12749 -12750 -12760 -12765 -12775 -12785 -12795 -12798 -12803 -12813 -12820 -12821 -12828 -12836 -12837
-12846 -12849 -12853 -12854 -12856 -12859 -12867 -12870 -12871 -12877 -12879 -12887 -12897 -12900 -12901 -12904 -12909 -12914
-12915 -12921 -12926 -12930 -12932 -12936 -12942 -12943 -12951 -12954 -12956 -12963 -12972 -12975 -12980 -12990 -12995 -13003
-13012 -13022 -13024 -13034 -13036 -13037 -13045 -13047 -13051 -13057 -13061 -13067 -13071 -13079 -13087 -13097 -13105 -13112
-13118 -13125 -13134 -13137 -13139 -13146 -13150 -13159 -13161 -13170 -13179 -13184 -13194 -13201 -13211 -13213 -13215 -13217
-13227 -13237 -13244 -13245 -13246 -13253 -13257 -13264 -13266 -13274 -13276 -13280 -13288 -13294 -13299 -13302 -13309 -13314
-13316 -13321 -13322 -13327 -13330 -13335 -13337 -13346 -13354 -13362 -13366 -13368 -13378 -13384 -13394 -13401 -13402 -13403
-13405 -13415 -13417 -13427 -13437 -13446 -13456 -13458 -13459 -13469 -13474 -13481 -13485 -13491 -13496 -13499 -13503 -13511
-13513 -13520 -13524 -13531 -13536 -13539 -13541 -13550 -13554 -13560 -13569 -13572 -13580 -13584 -13591 -13596 -13606 -13613
-13616 -13619 -13621 -13631 -13637 -13643 -13646 -13655 -13660 -13665 -13672 -13676 -13684 -13689 -13698 -13700 -13708 -13713
-13717 -13721 -13725 -13734 -13738 -13740 -13744 -13751 -13754 -13755 -13760 -13763 -13773 -13776 -13780 -13784 -13791 -13795
-13799 -13803 -13804 -13814 -13817 -13823 -13831 -13837 -13840 -13849 -13855 -13857 -13859 -13865 -13870 -13875 -13882 -13884
-13889 -13892 -13898 -13905 -13913 -13921 -13925 -13932 -13942 -13947 -13955 -13963 -13965 -13973 -13981 -13989 -13999 -14000
-14001 -14004 -14008 -14011 -14016 -14026 -14035 -14036 -14040 -14049 -14056 -14058 -14065 -14074 -14075 -14081 -14082 -14088
-14097 -14102 -14112 -14115 -14121 -14124 -14132 -14139 -14148 -14150 -14153 -14163 -14173 -14182 -14190 -14197 -14206 -14208
-14215 -14219 -14221 -14229 -14238 -14242 -14252 -14258 -14262 -14263 -14269 -14270 -14272 -14273 -14277 -14284 -14294 -14297
-14298 -14303 -14306 -14315 -14319 -14328 -14331 -14339 -14348 -14358 -14364 -14373 -14376 -14385 -14390 -14400 -14401 -14403
-14411 -14416 -14422 -14424 -14431 -14439 -14447 -14449 -14457 -14463 -14472 -14473 -14480 -14481 -14488 -14489 -14498 -14508
-14515 -14521 -14529 -14533 -14542 -14543 -14547 -14549 -14555 -14557 -14565 -14566 -14573 -14576 -14577 -14584 -14592 -14595
-14604 -14613 -14620 -14629 -14639 -14643 -14651 -14658 -14667 -14675 -14680 -14690 -14691 -14701 -14707 -14710 -14711 -14713
-14721 -14722 -14732 -14737 -14743 -14749 -14750 -14757 -14765 -14774 -14782 -14783 -14793 -14800 -14803 -14806 -14811 -14817
-14818 -14826 -14835 -14840 -14846 -14848 -14850 -14859 -14861 -14870 -14872 -14876 -14880 -14884 -14892 -14900 -14901 -14909
-14918 -14928 -14937 -14946 -14955 -14956 -14964 -14972 -14973 -14978 -14980 -14990 -15000 -15008 -15013 -15017 -15026 -15030
-15031 -15038 -15044 -15052 -15057 -15064 -15071 -15077 -15079 -15085 -15090 -15092 -15099 -15100 -15107 -15109 -15114 -15116
-15117 -15124 -15131 -15133 -15140 -15145 -15153 -15157 -15158 -15164 -15165 -15169 -15179 -15183 -15187 -15191 -15192 -15193
-15196 -15200 -15204 -15205 -15215 -15218 -15224 -15234 -15243 -15246 -15253 -15261 -15267 -15271 -15279 -15288 -15292 -15293
-15294 -15303 -15312 -15320 -15328 -15336 -15337 -15344 -15354 -15363 -15371 -15381 -15390 -15396 -15404 -15411 -15412 -15417
-15424 -15428 -15437 -15439 -15443 -15444 -15449 -15458 -15459 -15467 -15475 -15484 -15486 -15495 -15496 -15506 -15516 -15522
-15523 -15529 -15531 -15540 -15545 -15552 -15554 -15561 -15569 -15574 -15581 -15590 -15595 -15600 -15608 -15612 -15616 -15626
-15632 -15637 -15638 -15641 -15645 -15646 -15656 -15660 -15668 -15670 -15671 -15677 -15680 -15682 -15690 -15696 -15702 -15710
-15717 -15726 -15729 -15730 -15739 -15744 -15746 -15749 -15751 -15754 -15758 -15763 -15768 -15777 -15785 -15787 -15790 -15798
-15800 -15805 -15807 -15816 -15819 -15821 -15828 -15829 -15832 -15838 -15847 -15856 -15862 -15866 -15870 -15878 -15886 -15889
-15894 -15897 -15907 -15914 -15920 -15927 -15929 -15939 -15949 -15951 -15961 -15968 -15973 -15977 -15984 -15989 -15992 -15994
-15998 -16005 -16008 -16015 -16024 -16025 -16031 -16037 -16038 -16046 -16048 -16056 -16062 -16070 -16080 -16085 -16086 -16089
-16095 -16101 -16105 -16108 -16109 -16119 -16124 -16134 -16144 -16154 -16162 -16166 -16167 -16176 -16184 -16189 -16197 -16200
-16204 -16213 -16214 -16223 -16227 -16237 -16242 -16249 -16259 -16268 -16269 -16278 -16286 -16288 -16294 -16304 -16309 -16313
-16321 -16323 -16326 -16328 -16329 -16337 -16340 -16346 -16353 -16361 -16364 -16368 -16375 -16379 -16386 -16389 -16395 -16401
-16405 -16412 -16417 -16418 -16426 -16429 -16435 -16437 -16445 -16454 -16455 -16463 -16469 -16476 -16479 -16480 -16481 -16483
-16493 -16499 -16505 -16512 -16519 -16523 -16533 -16534 -16542 -16544 -16554 -16560 -16565 -16568 -16569 -16571 -16576 -16585
-16586 -16590 -16593 -16603 -16609 -16615 -16623 -16629 -16635 -16636 -16641 -16649 -16657 -16661 -16669 -16671 -16676 -16686
-16695 -16704 -16709 -16714 -16722 -16725 -16731 -16732 -16741 -16746 -16754 -16762 -16771 -16779 -16783 -16787 -16789 -16794
-16799 -16801 -16806 -16812 -16820 -16826 -16828 -16834 -16837 -16847 -16848 -16852 -16857 -16865 -16866 -16873 -16877 -16886
-16889 -16896 -16901 -16905 -16913 -16915 -16922 -16923 -16924 -16925 -16929 -16939 -16945 -16955 -16956 -16966 -16975 -16982
-16983 -16985 -16995 -16999 -17000 -17007 -17014 -17023 -17033 -17035 -17041 -17050 -17056 -17063 -17070 -17079 -17082 -17091
-17097 -17105 -17114 -17119 -17120 -17121 -17131 -17134 -17135 -17144 -17145 -17147 -17154 -17159 -17161 -17165 -17168 -17174
-17179 -17185 -17193 -17201 -17202 -17208 -17210 -17220 -17224 -17225 -17233 -17243 -17248 -17256 -17261 -17271 -17277 -17286
-17289 -17290 -17295 -17299 -17307 -17312 -17320 -17323 -17329 -17334 -17343 -17346 -17351 -17355 -17358 -17360 -17370 -17372
-17375 -17381 -17387 -17393 -17399 -17409 -17413 -17423 -17429 -17434 -17439 -17448 -17451 -17453 -17454 -17462 -17464 -17471
-17478 -17480 -17481 -17489 -17492 -17501 -17510 -17519 -17523 -17527 -17533 -17537 -17538 -17545 -17549 -17551 -17552 -17561
-17565 -17574 -17582 -17583 -17592 -17596 -17602 -17605 -17606 -17607 -17612 -17617 -17626 -17630 -17635 -17641 -17650 -17653
-17659 -17666 -17670 -17675 -17683 -17688 -17696 -17704 -17708 -17709 -17717 -17722 -17729 -17735 -17742 -17747 -17753 -17762
-17767 -17768 -17772 -17780 -17786 -17794 -17796 -17805 -17806 -17809 -17813 -17815 -17818 -17823 -17831 -17833 -17837 -17840
-17850 -17853 -17854 -17864 -17865 -17866 -17867 -17875 -17885 -17894 -17903 -17911 -17916 -17922 -17930 -17934 -17942 -17947
-17950 -17956 -17966 -17968 -17972 -17978 -17982 -17986 -17992 -17997 -18006 -18016 -18024 -18026 -18035 -18037 -18041 -18044
-18047 -18054 -18055 -18059 -18069 -18073 -18074 -18082 -18092 -18093 -18099 -18100 -18108 -18110 -18118 -18122 -18123 -18125
-18132 -18135 -18144 -18152 -18159 -18166 -18167 -18170 -18171 -18172 -18175 -18182 -18190 -18200 -18201 -18204 -18213 -18219
-18226 -18235 -18239 -18244 -18249 -18258 -18260 -18269 -18272 -18281 -18285 -18295 -18296 -18300 -18302 -18304 -18307 -18314
-18315 -18324 -18332 -18334 -18339 -18349 -18350 -18359 -18369 -18374 -18381 -18383 -18391 -18395 -18402 -18409 -18416 -18419
-18428 -18434 -18436 -18439 -18440 -18446 -18455 -18463 -18473 -18481 -18483 -18486 -18489 -18491 -18501 -18503 -18511 -18514
-18520 -18526 -18531 -18539 -18548 -18549 -18550 -18552 -18557 -18567 -18571 -18576 -18577 -18581 -18584 -18594 -18599 -18601
-18606 -18616 -18626 -18627 -18633 -18637 -18647 -18651 -18656 -18661 -18670 -18675 -18676 -18686 -18687 -18695 -18704 -18710
-18711 -18716 -18722 -18724 -18728 -18732 -18735 -18736 -18737 -18743 -18751 -18755 -18763 -18771 -18773 -18780 -18790 -18792
-18801 -18808 -18818 -18820 -18822 -18828 -18830 -18835 -18838 -18846 -18850 -18857 -18864 -18872 -18877 -18884 -18885 -18895
-18905 -18911 -18913 -18922 -18930 -18939 -18942 -18952 -18957 -18962 -18970 -18973 -18983 -18991 -18996 -19003 -19012 -19016
-19018 -19027 -19036 -19044 -19054 -19057 -19063 -19066 -19076 -19078 -19080 -19090 -19098 -19106 -19110 -19113 -19114 -19123
-19127 -19132 -19138 -19142 -19144 -19146 -19150 -19160 -19161 -19164 -19170 -19176 -19185 -19194 -19204 -19210 -19218 -19226
-19232 -19236 -19245 -19251 -19257 -19261 -19270 -19276 -19282 -19287 -19294 -19296 -19304 -19312 -19318 -19327 -19337 -19338
-19344 -19354 -19358 -19368 -19377 -19382 -19387 -19394 -19401 -19410 -19416 -19424 -19427 -19434 -19444 -19451 -19456 -19461
-19465 -19473 -19480 -19490 -19491 -19496 -19500 -19510 -19511 -19515 -19521 -19523 -19528 -19531 -19536 -19545 -19552 -19558
-19559 -19563 -19569 -19574 -19577 -19581 -19582 -19590 -19591 -19593 -19597 -19605 -19611 -19614 -19624 -19627 -19636 -19639
-19644 -19646 -19647 -19650 -19658 -19661 -19663 -19668 -19677 -19680 -19684 -19694 -19703 -19708 -19715 -19716 -19719 -19723
-19725 -19732 -19741 -19743 -19750 -19753 -19759 -19767 -19773 -19775 -19784 -19788 -19794 -19803 -19809 -19812 -19821 -19826
-19835 -19839 -19848 -19856 -19866 -19875 -19879 -19887 -19890 -19896 -19897 -19901 -19905 -19911 -19912 -19913 -19922 -19932
-19934 -19944 -19952 -19953 -19963 -19964 -19967 -19968 -19977 -19984 -19986 -19993 -19997 -20000 -20009 -20015 -20023 -20024
-20026 -20027 -20032 -20037 -20039 -20046 -20054 -20061 -20068 -20073 -20079 -20082 -20083 -20093 -20103 -20110 -20120 -20126
-20133 -20136 -20146 -20148 -20155 -20157 -20158 -20166 -20172 -20176 -20184 -20185 -20194 -20201 -20210 -20214 -20221 -20227
-20230 -20232 -20235 -20237 -20239 -20246 -20255 -20260 -20270 -20271 -20277 -20284 -20287 -20288 -20290 -20298 -20305 -20308
-20318 -20320 -20323 -20329 -20335 -20339 -20340 -20343 -20353 -20362 -20369 -20373 -20381 -20391 -20394 -20398 -20404 -20406
-20409 -20416 -20421 -20428 -20432 -20436 -20441 -20447 -20451 -20461 -20466 -20469 -20470 -20471 -20474 -20479 -20483 -20488
-20493 -20501 -20510 -20517 -20519 -20521 -20530 -20533 -20535 -20538 -20546 -20553 -20554 -20561 -20562 -20568 -20572 -20573
-20577 -20584 -20592 -20600 -20609 -20611 -20614 -20623 -20627 -20634 -20637 -20642 -20647 -20652 -20656 -20657 -20663 -20672
-20673 -20683 -20690 -20700 -20702 -20706 -20707 -20710 -20719 -20722 -20724 -20728 -20737 -20744 -20747 -20757 -20765 -20766
-20767 -20772 -20779 -20785 -20792 -20793 -20800 -20807 -20811 -20814 -20822 -20827 -20833 -20834 -20840 -20841 -20849 -20850
-20859 -20861 -20869 -20878 -20880 -20884 -20886 -20891 -20892 -20895 -20905 -20910 -20917 -20919 -20923 -20930 -20934 -20942
-20948 -20957 -20965 -20974 -20980 -20988 -20995 -21004 -21009 -21012 -21020 -21025 -21030 -21038 -21039 -21040 -21042 -21050
-21055 -21056 -21065 -21071 -21080 -21081 -21085 -21087 -21091 -21095 -21101 -21111 -21112 -21116 -21119 -21124 -21125 -21130
-21132 -21140 -21145 -21153 -21154 -21160 -21168 -21172 -21180 -21190
