768 764 761 759 750 748 747 737 729 725 721 720 718 717 716 713 706 700
699 692 685 681 677 675 665 664 659 654 649 646 644 637 634 632 627 622
612 604 601 600 593 591 585 581 573 567 558 552 547 543 535 525 522 513
504 502 500 497 495 486 480 478 474 469 467 459 453 452 442 435 426 416
411 406 401 400 394 388 383 376 372 370 363 354 352 342 336 330 320 318
317 312 303 295 289 279 272 269 260 258 257 251 250 243 239 238 234 224
218 216 212 209 199 194 188 180 171 163 162 152 148 139 138 135 129 124
115 113 105 97 95 92 88 78 70 67 59 51 48 41 38 31 30 20
13 9 0 -7 -11 -13 -22 -31 -35 -42 -45 -48 -54 -62 -69 -79 -89 -90
-95 -99 -103 -113 -118 -128 -136 -146 -151 -161 -168 -176 -181 -182 -190 -198 -205 -210
-218 -219 -225 -228 -237 -242 -246 -253 -260 -262 -264 -272 -279 -280 -284 -291 -296 -297
-301 -302 -312 -320 -329 -332 -334 -341 -347 -353 -357 -367 -375 -379 -382 -390 -392 -402
-406 -412 -422 -423 -432 -440 -442 -451 -459 -463 -472 -477 -484 -487 -491 -495 -499 -504
-509 -513 -516 -522 -532 -537 -544 -553 -555 -560 -563 -569 -574 -576 -583 -590 -591 -598
-603 -606 -608 -617 -620 -626 -632 -640 -645 -654 -656 -659 -666 -668 -670 -671 -673 -683
-688 -694 -699 -709 -713 -716 -723 -727 -737 -740 -750 -756 -760 -765 -773 -775 -776 -782
-784 -788 -791 -801 -810 -818 -822 -832 -842 -852 -854 -860 -870 -877 -886 -893 -897 -902
-907 -909 -910 -911 -915 -920 -924 -934 -936 -940 -946 -948 -955 -961 -971 -972 -976 -977
-982 -989 -996 -999 -1002 -1009 -1011 -1021 -1028 -1038 -1042 -1050 -1053 -1060 -1069 -1071 -1075 -1082
-1083 -1089 -1094 -1102 -1107 -1117 -1118 -1124 -1132 -1142 -1145 -1155 -1162 -1165 -1167 -1172 -1176 -1181
-1185 -1186 -1191 -1198 -1201 -1205 -1214 -1223 -1231 -1233 -1234 -1236 -1242 -1249 -1254 -1256 -1257 -1266
-1272 -1282 -1290 -1299 -1307 -1317 -1322 -1328 -1332 -1339 -1347 -1348 -1349 -1353 -1355 -1364 -1373 -1374
-1379 -1387 -1396 -1399 -1404 -1410 -1411 -1420 -1423 -1425 -1431 -1435 -1440 -1444 -1452 -1457 -1458 -1461
-1471 -1472 -1481 -1488 -1493 -1498 -1499 -1509 -1512 -1515 -1524 -1533 -1534 -1544 -1551 -1552 -1557 -1559
-1562 -1572 -1574 -1583 -1587 -1588 -1591 -1601 -1604 -1614 -1615 -1622 -1628 -1635 -1639 -1643 -1648 -1653
-1659 -1663 -1665 -1671 -1673 -1677 -1684 -1690 -1694 -1704 -1710 -1718 -1723 -1727 -1731 -1740 -1745 -1748
-1749 -1756 -1764 -1769 -1778 -1784 -1786 -1796 -1805 -1813 -1819 -1828 -1835 -1838 -1846 -1856 -1865 -1867
-1870 -1876 -1882 -1883 -1893 -1896 -1902 -1906 -1908 -1911 -1920 -1925 -1935 -1942 -1952 -1957 -1958 -1960
-1962 -1972 -1980 -1985 -1990 -1999 -2004 -2006 -2008 -2011 -2013 -2019 -2022 -2029 -2034 -2041 -2048 -2051
-2057 -2066 -2069 -2074 -2078 -2081 -2086 -2092 -2100 -2109 -2115 -2119 -2126 -2131 -2141 -2142 -2143 -2147
-2156 -2161 -2171 -2172 -2175 -2185 -2192 -2196 -2200 -2206 -2212 -2213 -2214 -2223 -2228 -2231 -2237 -2239
-2249 -2257 -2262 -2267 -2269 -2272 -2275 -2277 -2287 -2289 -2291 -2301 -2303 -2311 -2312 -2317 -2324 -2334
-2336 -2341 -2348 -2350 -2360 -2366 -2369 -2376 -2378 -2384 -2391 -2396 -2405 -2415 -2424 -2430 -2433 -2441
-2446 -2451 -2456 -2462 -2469 -2479 -2481 -2489 -2491 -2492 -2499 -2507 -2508 -2510 -2513 -2520 -2528 -2529
-2533 -2537 -2545 -2548 -2558 -2567 -2576 -2581 -2591 -2599 -2602 -2607 -2612 -2616 -2623 -2632 -2635 -2641
-2642 -2643 -2649 -2657 -2664 -2668 -2671 -2681 -2683 -2689 -2695 -2704 -2709 -2714 -2720 -2723 -2727 -2737
-2746 -2750 -2757 -2766 -2771 -2778 -2779 -2783 -2788 -2797 -2799 -2805 -2811 -2813 -2817 -2823 -2826 -2827
-2828 -2835 -2839 -2849 -2852 -2856 -2861 -2868 -2877 -2878 -2886 -2895 -2903 -2905 -2907 -2911 -2917 -2924
-2927 -2935 -2940 -2945 -2946 -2949 -2950 -2956 -2964 -2969 -2978 -2985 -2994 -3004 -3011 -3015 -3019 -3022
-3031 -3032 -3042 -3046 -3048 -3055 -3064 -3073 -3082 -3084 -3085 -3095 -3100 -3109 -3112 -3120 -3126 -3129
-3134 -3142 -3145 -3149 -3158 -3164 -3167 -3168 -3176 -3178 -3184 -3191 -3196 -3206 -3212 -3215 -3216 -3217
-3222 -3232 -3238 -3239 -3240 -3246 -3256 -3263 -3267 -3274 -3275 -3282 -3291 -3300 -3307 -3315 -3323 -3324
-3327 -3333 -3338 -3340 -3347 -3355 -3362 -3367 -3377 -3381 -3388 -3392 -3398 -3407 -3408 -3414 -3421 -3423
-3429 -3439 -3440 -3444 -3446 -3451 -3458 -3466 -3474 -3475 -3484 -3490 -3499 -3502 -3512 -3518 -3523 -3533
-3539 -3545 -3547 -3557 -3561 -3569 -3576 -3582 -3585 -3593 -3599 -3600 -3606 -3610 -3616 -3618 -3622 -3626
-3627 -3637 -3638 -3639 -3647 -3656 -3659 -3664 -3665 -3669 -3671 -3679 -3686 -3689 -3694 -3697 -3706 -3711
-3720 -3729 -3735 -3744 -3748 -3758 -3759 -3764 -3771 -3775 -3782 -3786 -3794 -3804 -3812 -3818 -3826 -3833
-3839 -3849 -3859 -3865 -3875 -3877 -3886 -3893 -3903 -3905 -3912 -3916 -3924 -3931 -3932 -3934 -3943 -3946
-3950 -3953 -3958 -3966 -3968 -3971 -3980 -3987 -3997 -4004 -4012 -4014 -4015 -4019 -4023 -4026 -4029 -4030
-4033 -4038 -4044 -4054 -4057 -4066 -4071 -4075 -4082 -4090 -4093 -4101 -4108 -4109 -4115 -4124 -4132 -4135
-4137 -4142 -4143 -4146 -4151 -4159 -4162 -4163 -4173 -4177 -4180 -4184 -4189 -4198 -4205 -4213 -4223 -4228
-4237 -4244 -4245 -4255 -4261 -4265 -4270 -4271 -4273 -4276 -4278 -4281 -4286 -4292 -4298 -4305 -4313 -4322
-4329 -4332 -4340 -4343 -4346 -4353 -4354 -4360 -4370 -4377 -4381 -4388 -4392 -4402 -4406 -4413 -4422 -4423
-4432 -4441 -4446 -4450 -4455 -4461 -4469 -4471 -4478 -4484 -4488 -4491 -4492 -4501 -4505 -4506 -4514 -4522
-4524 -4530 -4537 -4540 -4548 -4550 -4552 -4562 -4566 -4572 -4578 -4587 -4597 -4601 -4609 -4618 -4623 -4629
-4631 -4638 -4647 -4655 -4663 -4668 -4670 -4680 -4682 -4686 -4696 -4699 -4702 -4709 -4715 -4716 -4718 -4721
-4727 -4732 -4736 -4742 -4745 -4755 -4760 -4766 -4768 -4777 -4780 -4790 -4794 -4802 -4804 -4806 -4813 -4823
-4827 -4837 -4843 -4853 -4862 -4864 -4874 -4882 -4886 -4887 -4896 -4906 -4916 -4922 -4928 -4936 -4939 -4948
-4957 -4959 -4966 -4967 -4972 -4975 -4981 -4985 -4992 -4999 -5005 -5006 -5014 -5018 -5020 -5021 -5028 -5032
-5039 -5044 -5049 -5052 -5060 -5070 -5071 -5074 -5084 -5086 -5088 -5096 -5106 -5109 -5119 -5123 -5131 -5140
-5145 -5155 -5164 -5168 -5170 -5172 -5178 -5185 -5195 -5203 -5212 -5220 -5224 -5229 -5234 -5238 -5247 -5251
-5260 -5263 -5266 -5273 -5274 -5283 -5284 -5289 -5293 -5295 -5296 -5305 -5315 -5324 -5329 -5335 -5343 -5351
-5354 -5364 -5365 -5374 -5384 -5392 -5398 -5406 -5409 -5413 -5423 -5428 -5430 -5438 -5439 -5441 -5448 -5454
-5461 -5467 -5471 -5477 -5478 -5487 -5497 -5504 -5505 -5508 -5512 -5522 -5528 -5532 -5542 -5549 -5557 -5562
-5569 -5578 -5582 -5585 -5593 -5601 -5602 -5603 -5611 -5618 -5623 -5632 -5636 -5646 -5648 -5653 -5654 -5655
-5658 -5666 -5675 -5680 -5689 -5697 -5700 -5709 -5719 -5725 -5733 -5741 -5744 -5750 -5755 -5758 -5767 -5775
-5780 -5789 -5799 -5801 -5807 -5815 -5825 -5833 -5835 -5838 -5846 -5849 -5851 -5854 -5859 -5862 -5870 -5872
-5873 -5877 -5878 -5887 -5888 -5890 -5897 -5905 -5911 -5917 -5923 -5930 -5935 -5938 -5939 -5949 -5950 -5957
-5960 -5963 -5964 -5967 -5974 -5978 -5981 -5988 -5997 -6006 -6012 -6021 -6023 -6026 -6036 -6037 -6046 -6050
-6051 -6061 -6064 -6072 -6082 -6089 -6097 -6106 -6107 -6114 -6120 -6123 -6126 -6132 -6135 -6136 -6141 -6145
-6153 -6154 -6157 -6164 -6166 -6169 -6179 -6185 -6193 -6202 -6211 -6218 -6228 -6235 -6241 -6243 -6250 -6251
-6261 -6266 -6272 -6274 -6280 -6290 -6292 -6302 -6305 -6314 -6322 -6329 -6339 -6346 -6351 -6354 -6360 -6367
-6369 -6376 -6382 -6392 -6396 -6400 -6402 -6408 -6411 -6413 -6418 -6419 -6423 -6433 -6440 -6448 -6453 -6460
-6466 -6472 -6474 -6480 -6487 -6489 -6491 -6501 -6509 -6516 -6519 -6529 -6539 -6544 -6546 -6550 -6557 -6562
-6572 -6581 -6582 -6586 -6587 -6591 -6598 -6605 -6615 -6621 -6631 -6633 -6642 -6645 -6647 -6652 -6661 -6669
-6679 -6680 -6683 -6690 -6698 -6708 -6714 -6719 -6728 -6737 -6739 -6743 -6744 -6753 -6761 -6771 -6780 -6785
-6791 -6799 -6809 -6818 -6823 -6827 -6830 -6839 -6841 -6848 -6855 -6864 -6867 -6875 -6885 -6886 -6894 -6902
-6905 -6909 -6917 -6922 -6931 -6935 -6943 -6953 -6954 -6957 -6960 -6968 -6977 -6984 -6986 -6995 -7002 -7004
-7010 -7017 -7019 -7028 -7038 -7046 -7051 -7052 -7056 -7060 -7068 -7076 -7078 -7080 -7089 -7090 -7096 -7105
-7111 -7119 -7128 -7129 -7137 -7141 -7150 -7157 -7164 -7165 -7173 -7177 -7186 -7188 -7195 -7204 -7206 -7215
-7221 -7222 -7227 -7237 -7246 -7249 -7258 -7265 -7266 -7267 -7272 -7275 -7279 -7283 -7285 -7291 -7300 -7304
-7306 -7312 -7320 -7328 -7338 -7345 -7347 -7351 -7361 -7366 -7372 -7373 -7383 -7392 -7402 -7408 -7413 -7421
-7429 -7437 -7446 -7452 -7461 -7464 -7474 -7484 -7489 -7492 -7494 -7498 -7500 -7508 -7510 -7514 -7521 -7527
-7532 -7537 -7541 -7543 -7548 -7555 -7562 -7568 -7572 -7581 -7583 -7593 -7597 -7603 -7604 -7611 -7620 -7628
-7633 -7634 -7636 -7644 -7653 -7660 -7665 -7668 -7671 -7679 -7686 -7696 -7703 -7708 -7718 -7727 -7734 -7744
-7753 -7757 -7760 -7767 -7768 -7773 -7778 -7781 -7782 -7788 -7794 -7795 -7799 -7808 -7809 -7811 -7817 -7823
-7831 -7837 -7843 -7846 -7848 -7851 -7858 -7860 -7866 -7876 -7882 -7891 -7898 -7905 -7913 -7920 -7925 -7926
-7928 -7935 -7944 -7951 -7953 -7957 -7961 -7963 -7966 -7972 -7981 -7985 -7986 -7993 -7996 -8001 -8010 -8012
-8019 -8021 -8027 -8035 -8043 -8050 -8052 -8057 -8064 -8067 -8068 -8076 -8081 -8090 -8093 -8098 -8105 -8106
-8108 -8116 -8120 -8124 -8134 -8137 -8147 -8148 -8149 -8156 -8162 -8169 -8177 -8186 -8187 -8194 -8203 -8213
-8221 -8226 -8232 -8233 -8238 -8248 -8256 -8265 -8270 -8274 -8283 -8286 -8287 -8295 -8299 -8303 -8313 -8318
-8321 -8324 -8332 -8336 -8338 -8347 -8354 -8355 -8361 -8369 -8377 -8380 -8387 -8393 -8395 -8403 -8406 -8410
-8411 -8420 -8426 -8428 -8437 -8445 -8452 -8458 -8461 -8469 -8479 -8482 -8492 -8496 -8505 -8509 -8514 -8517
-8518 -8521 -8523 -8533 -8541 -8543 -8546 -8555 -8561 -8562 -8570 -8579 -8583 -8590 -8594 -8597 -8607 -8614
-8616 -8626 -8631 -8639 -8645 -8654 -8656 -8661 -8667 -8668 -8669 -8670 -8672 -8675 -8684 -8693 -8701 -8702
-8704 -8706 -8712 -8722 -8731 -8740 -8750 -8751 -8754 -8756 -8762 -8768 -8770 -8780 -8788 -8795 -8796 -8803
-8807 -8817 -8819 -8822 -8824 -8827 -8828 -8834 -8836 -8842 -8843 -8846 -8850 -8857 -8858 -8866 -8871 -8880
-8883 -8890 -8897 -8904 -8909 -8913 -8919 -8929 -8932 -8939 -8940 -8950 -8960 -8961 -8969 -8976 -8985 -8989
-8994 -9002 -9012 -9016 -9019 -9027 -9033 -9036 -9044 -9046 -9052 -9061 -9064 -9069 -9076 -9086 -9090 -9098
-9104 -9105 -9115 -9119 -9129 -9131 -9141 -9147 -9156 -9158 -9164 -9173 -9182 -9192 -9194 -9203 -9208 -9212
-9217 -9219 -9227 -9235 -9245 -9248 -9249 -9257 -9261 -9266 -9275 -9285 -9294 -9297 -9300 -9309 -9311 -9319
-9328 -9335 -9337 -9347 -9348 -9358 -9366 -9373 -9377 -9380 -9383 -9388 -9398 -9403 -9407 -9416 -9419 -9425
-9433 -9441 -9448 -9454 -9457 -9466 -9471 -9478 -9488 -9493 -9500 -9506 -9507 -9508 -9514 -9517 -9526 -9533
-9536 -9537 -9546 -9554 -9562 -9567 -9577 -9582 -9584 -9588 -9589 -9598 -9602 -9606 -9615 -9625 -9630 -9640
-9650 -9652 -9655 -9658 -9663 -9673 -9679 -9686 -9691 -9692 -9693 -9701 -9710 -9714 -9719 -9726 -9733 -9738
-9740 -9744 -9752 -9758 -9766 -9771 -9779 -9783 -9785 -9786 -9790 -9793 -9796 -9806 -9807 -9815 -9822 -9832
-9835 -9838 -9839 -9841 -9851 -9855 -9857 -9864 -9867 -9871 -9880 -9886 -9888 -9889 -9893 -9902 -9904 -9913
-9923 -9924 -9925 -9934 -9939 -9942 -9947 -9949 -9955 -9956 -9959 -9963 -9970 -9979 -9980 -9987 -9989 -9995
-9999 -10009 -10016 -10017 -10026 -10033 -10041 -10050 -10055 -10060 -10064 -10067 -10070 -10073 -10076 -10084 -10087 -10091
-10101 -10109 -10119 -10127 -10128 -10133 -10139 -10149 -10151 -10161 -10170 -10171 -10179 -10181 -10183 -10188 -10192 -10196
-10205 -10213 -10214 -10224 -10229 -10232 -10234 -10244 -10249 -10251 -10252 -10261 -10265 -10267 -10277 -10279 -10288 -10291
-10295 -10305 -10309 -10313 -10316 -10322 -10329 -10333 -10337 -10347 -10354 -10356 -10359 -10363 -10366 -10370 -10376 -10382
-10387 -10397 -10402 -10405 -10409 -10412 -10421 -10427 -10430 -10438 -10445 -10452 -10455 -10459 -10468 -10478 -10488 -10490
-10491 -10498 -10501 -10508 -10512 -10522 -10527 -10537 -10541 -10543 -10553 -10561 -10571 -10579
