4951 4946 4942 4932 4925 4922 4921 4911 4902 4893 4891 4882 4880 4873 4866 4864 4859 4853
4850 4841 4835 4825 4822 4813 4809 4802 4799 4796 4790 4783 4781 4776 4773 4765 4761 4758
4750 4746 4736 4735 4730 4724 4718 4717 4707 4700 4699 4697 4695 4690 4682 4680 4670 4666
4665 4660 4650 4641 4639 4637 4636 4632 4630 4627 4621 4612 4611 4602 4593 4587 4581 4580
4576 4567 4561 4555 4553 4549 4547 4540 4538 4530 4521 4518 4512 4505 4502 4498 4494 4489
4482 4472 4465 4458 4450 4445 4444 4439 4437 4430 4423 4420 4419 4414 4405 4401 4395 4394
4393 4387 4379 4371 4368 4363 4355 4353 4344 4342 4336 4335 4330 4327 4325 4316 4306 4299
4294 4286 4285 4279 4274 4265 4257 4247 4239 4230 4229 4220 4215 4212 4202 4194 4186 4179
4172 4170 4167 4160 4159 4150 4144 4139 4135 4130 4124 4118 4111 4109 4103 4101 4091 4088
4087 4080 4073 4070 4061 4057 4049 4047 4040 4037 4036 4032 4026 4017 4008 4006 3999 3994
3993 3990 3983 3974 3965 3962 3957 3956 3955 3949 3947 3943 3939 3929 3927 3919 3911 3906
3898 3894 3886 3879 3875 3867 3864 3862 3852 3845 3839 3838 3834 3827 3823 3817 3810 3805
3802 3801 3794 3790 3789 3786 3780 3774 3766 3756 3746 3736 3730 3727 3721 3720 3716 3712
3709 3707 3706 3704 3699 3692 3688 3682 3678 3672 3665 3657 3648 3642 3641 3636 3635 3625
3622 3613 3607 3600 3595 3586 3578 3572 3568 3567 3566 3559 3552 3547 3545 3543 3542 3534
3527 3524 3520 3512 3504 3497 3487 3486 3485 3481 3476 3473 3465 3457 3450 3442 3440 3432
3423 3418 3410 3405 3401 3400 3395 3387 3377 3369 3361 3358 3352 3344 3342 3338 3335 3328
3326 3318 3315 3314 3313 3309 3308 3298 3294 3284 3280 3278 3268 3258 3255 3249 3247 3241
3240 3230 3227 3218 3211 3209 3202 3200 3193 3191 3184 3178 3173 3170 3163 3155 3148 3143
3139 3133 3124 3114 3105 3103 3094 3085 3082 3072 3064 3060 3055 3049 3045 3042 3035 3030
3024 3015 3014 3005 2995 2994 2993 2987 2978 2973 2966 2964 2955 2948 2938 2937 2928 2926
2924 2915 2908 2899 2891 2886 2878 2876 2867 2863 2860 2850 2843 2840 2831 2826 2823 2819
2817 2815 2813 2810 2800 2798 2794 2784 2780 2770 2766 2760 2753 2750 2743 2740 2730 2729
2720 2718 2714 2704 2694 2689 2685 2677 2673 2664 2656 2648 2645 2644 2640 2631 2627 2619
2617 2609 2604 2598 2596 2586 2579 2576 2573 2568 2560 2559 2550 2545 2541 2532 2522 2515
2508 2505 2501 2498 2490 2488 2485 2481 2478 2470 2460 2451 2450 2442 2432 2426 2424 2417
2416 2412 2408 2401 2400 2394 2391 2389 2380 2371 2365 2358 2349 2342 2340 2335 2333 2330
2320 2319 2311 2306 2298 2288 2278 2274 2265 2257 2247 2237 2236 2234 2231 2227 2220 2218
2217 2216 2211 2202 2194 2185 2180 2170 2162 2159 2157 2155 2152 2146 2144 2141 2132 2123
2116 2115 2114 2104 2099 2092 2089 2081 2078 2071 2063 2059 2049 2042 2037 2033 2032 2027
2019 2012 2009 2005 2000 1991 1982 1975 1965 1957 1951 1942 1934 1931 1927 1923 1919 1910
1900 1894 1892 1886 1876 1874 1864 1861 1852 1844 1841 1839 1830 1827 1823 1820 1810 1802
1797 1796 1795 1794 1793 1788 1787 1785 1777 1768 1761 1758 1750 1748 1744 1741 1738 1732
1730 1728 1727 1721 1713 1709 1704 1703 1700 1692 1691 1682 1681 1678 1671 1669 1668 1663
1655 1650 1649 1648 1646 1641 1637 1629 1621 1616 1609 1602 1595 1585 1579 1576 1567 1560
1557 1547 1539 1537 1532 1526 1517 1515 1510 1509 1506 1502 1493 1485 1479 1474 1465 1457
1448 1443 1442 1441 1435 1430 1421 1420 1410 1401 1391 1385 1379 1372 1366 1357 1350 1345
1337 1335 1325 1321 1311 1303 1302 1300 1293 1284 1274 1265 1264 1254 1251 1250 1245 1235
1229 1221 1214 1206 1205 1196 1187 1179 1176 1168 1162 1152 1148 1144 1142 1132 1122 1120
1116 1111 1110 1100 1094 1087 1079 1073 1070 1064 1060 1059 1056 1052 1049 1042 1034 1027
1022 1017 1016 1008 999 995 989 986 984 975 972 969 964 956 951 945 938 937
930 922 915 912 906 897 896 895 888 878 870 866 858 853 848 844 834 825
816 815 811 802 798 797 795 790 784 783 773 771 762 761 757 752 742 740
732 730 727 726 723 716 715 708 707 702 693 685 678 677 670 661 653 651
643 641 635 629 621 615 613 609 606 598 591 584 581 576 569 565 562 560
559 558 549 539 532 523 518 513 507 506 501 495 486 483 482 477 472 465
460 459 450 443 438 430 426 421 412 409 403 401 398 394 386 383 382 373
372 364 361 354 346 345 343 339 338 332 331 324 317 313 304 301 294 288
287 278 275 273 272 269 260 252 247 239 234 232 229 228 218 214 213 203
200 192 183 178 170 162 155 145 142 140 138 128 124 122 117 113 104 101
98 95 93 86 77 70 68 61 60 52 47 45 40 39 34 28 22 18
9 -1 -11 -21 -24 -27 -34 -44 -45 -53 -56 -59 -66 -71 -81 -89 -91 -96
-105 -114 -123 -126 -128 -132 -142 -150 -152 -154 -159 -161 -163 -166 -176 -185 -187 -196
-203 -211 -221 -223 -229 -233 -240 -249 -258 -260 -269 -279 -280 -288 -295 -305 -311 -321
-324 -330 -333 -337 -338 -345 -348 -351 -353 -356 -357 -363 -369 -374 -381 -388 -393 -399
-404 -411 -413 -423 -424 -425 -431 -432 -440 -449 -450 -453 -460 -467 -476 -486 -494 -502
-507 -516 -525 -526 -527 -528 -537 -540 -545 -551 -561 -563 -566 -576 -579 -588 -591 -594
-603 -604 -613 -622 -631 -636 -639 -642 -649 -653 -654 -660 -669 -674 -682 -690 -700 -707
-716 -726 -732 -739 -742 -752 -761 -770 -771 -773 -781 -789 -798 -806 -810 -819 -828 -834
-842 -847 -852 -854 -855 -865 -872 -876 -883 -886 -896 -898 -907 -910 -916 -923 -932 -935
-936 -938 -946 -954 -961 -965 -970 -979 -983 -990 -995 -1005 -1012 -1016 -1022 -1024 -1034 -1039
-1040 -1043 -1052 -1057 -1067 -1069 -1079 -1088 -1093 -1097 -1106 -1116 -1126 -1132 -1133 -1141 -1148 -1154
-1155 -1164 -1168 -1177 -1185 -1191 -1199 -1202 -1206 -1213 -1220 -1226 -1229 -1235 -1242 -1250 -1260 -1261
-1271 -1279 -1282 -1292 -1302 -1308 -1311 -1313 -1318 -1323 -1327 -1337 -1345 -1354 -1356 -1365 -1374 -1378
-1382 -1388 -1393 -1402 -1406 -1416 -1426 -1433 -1438 -1443 -1447 -1451 -1454 -1464 -1469 -1479 -1483 -1492
-1496 -1506 -1507 -1515 -1522 -1527 -1528 -1536 -1538 -1548 -1552 -1553 -1554 -1558 -1559 -1562 -1568 -1572
-1581 -1584 -1589 -1596 -1598 -1608 -1612 -1622 -1623 -1630 -1638 -1641 -1644 -1646 -1647 -1650 -1653 -1663
-1669 -1674 -1684 -1688 -1693 -1698 -1705 -1708 -1714 -1720 -1729 -1735 -1741 -1750 -1757 -1760 -1764 -1771
-1773 -1774 -1781 -1784 -1786 -1794 -1800 -1810 -1812 -1814 -1823 -1825 -1835 -1840 -1844 -1852 -1856 -1858
-1867 -1874 -1881 -1885 -1890 -1900 -1907 -1913 -1916 -1922 -1926 -1927 -1931 -1932 -1942 -1944 -1954 -1961
-1971 -1978 -1985 -1995 -2004 -2005 -2006 -2012 -2016 -2023 -2031 -2038 -2047 -2055 -2060 -2068 -2073 -2075
-2079 -2088 -2094 -2103 -2106 -2114 -2122 -2131 -2136 -2145 -2152 -2157 -2160 -2161 -2166 -2168 -2173 -2176
-2182 -2185 -2188 -2194 -2198 -2202 -2207 -2213 -2219 -2228 -2238 -2248 -2250 -2253 -2258 -2268 -2270 -2275
-2280 -2283 -2286 -2287 -2292 -2295 -2297 -2304 -2307 -2312 -2317 -2326 -2332 -2333 -2334 -2336 -2339 -2348
-2355 -2359 -2363 -2373 -2383 -2384 -2390 -2392 -2402 -2407 -2410 -2418 -2422 -2432 -2436 -2444 -2451 -2461
-2466 -2476 -2481 -2485 -2489 -2494 -2498 -2504 -2513 -2520 -2530 -2538 -2545 -2546 -2553 -2557 -2566 -2570
-2572 -2581 -2588 -2592 -2593 -2594 -2596 -2602 -2609 -2615 -2617 -2621 -2625 -2630 -2633 -2639 -2649 -2652
-2660 -2662 -2667 -2674 -2684 -2685 -2688 -2698 -2704 -2713 -2720 -2728 -2736 -2739 -2743 -2745 -2755 -2760
-2765 -2772 -2780 -2783 -2784 -2790 -2795 -2804 -2806 -2812 -2813 -2817 -2818 -2827 -2829 -2830 -2839 -2842
-2849 -2851 -2859 -2864 -2872 -2880 -2885 -2892 -2901 -2905 -2913 -2917 -2926 -2929 -2930 -2932 -2938 -2944
-2945 -2946 -2948 -2952 -2961 -2969 -2975 -2981 -2989 -2997 -2999 -3003 -3010 -3016 -3025 -3034 -3042 -3051
-3052 -3059 -3065 -3067 -3077 -3085 -3091 -3100 -3108 -3111 -3118 -3127 -3130 -3133 -3135 -3136 -3139 -3148
-3151 -3158 -3161 -3170 -3171 -3179 -3189 -3198 -3199 -3205 -3208 -3217 -3223 -3228 -3232 -3239 -3246 -3249
-3257 -3265 -3267 -3270 -3275 -3278 -3283 -3285 -3287 -3292 -3294 -3303 -3311 -3316 -3323 -3326 -3334 -3340
-3348 -3356 -3361 -3364 -3374 -3379 -3388 -3397 -3398 -3403 -3411 -3418 -3426 -3433 -3440 -3444 -3450 -3456
-3459 -3464 -3472 -3473 -3475 -3482 -3484 -3487 -3492 -3502 -3506 -3508 -3517 -3519 -3528 -3537 -3547 -3555
-3565 -3572 -3577 -3583 -3586 -3595 -3596 -3598 -3606 -3613 -3622 -3623 -3624 -3633 -3634 -3639 -3640 -3646
-3654 -3656 -3662 -3667 -3670 -3679 -3683 -3693 -3695 -3703 -3705 -3714 -3719 -3728 -3737 -3743 -3753 -3756
-3761 -3764 -3771 -3775 -3781 -3791 -3801 -3803 -3809 -3817 -3820 -3825 -3829 -3836 -3845 -3846 -3848 -3855
-3861 -3862 -3872 -3875 -3878 -3887 -3891 -3896 -3900 -3906 -3915 -3925 -3929 -3935 -3944 -3945 -3946 -3950
-3960 -3967 -3970 -3972 -3982 -3983 -3990 -3998 -4006 -4013 -4021 -4026 -4036 -4045 -4047 -4048 -4049 -4052
-4060 -4070 -4074 -4081 -4086 -4089 -4096 -4105 -4110 -4114 -4115 -4122 -4131 -4139 -4146 -4150 -4153 -4157
-4160 -4166 -4167 -4170 -4179 -4188 -4196 -4201 -4204 -4206 -4209 -4211 -4214 -4223 -4232 -4239 -4244 -4245
-4249 -4258 -4263 -4273 -4282 -4284 -4291 -4292 -4299 -4303 -4311 -4317 -4326 -4333 -4339 -4346 -4356 -4360
-4370 -4371 -4372 -4382 -4385 -4389 -4390 -4400 -4401 -4406 -4415 -4418 -4423 -4432 -4434 -4439 -4446 -4451
-4460 -4461 -4465 -4469 -4472 -4481 -4484 -4489 -4497 -4505 -4508 -4512 -4518 -4522 -4528 -4536 -4537 -4544
-4546 -4554 -4561 -4565 -4568 -4570 -4571 -4572 -4574 -4583 -4585 -4594 -4604 -4611 -4621 -4623 -4631 -4635
-4637 -4647 -4655 -4660 -4665 -4673 -4679 -4680 -4683 -4688 -4695 -4705 -4707 -4711 -4720 -4721 -4731 -4741
-4747 -4756 -4764 -4768 -4777 -4782 -4790 -4797 -4798 -4803 -4805 -4815 -4824 -4831 -4834 -4839 -4845 -4849
-4852 -4856 -4857 -4861 -4863 -4868 -4878 -4885 -4890 -4896 -4897 -4902 -4909 -4915 -4924 -4934 -4938 -4939
-4948 -4956 -4960 -4968 -4972 -4979 -4986 -4994 -5004 -5005 -5015 -5023 -5027 -5035 -5042 -5052 -5057 -5058
-5068 -5078 -5080 -5083 -5091 -5101 -5109 -5113 -5121 -5124 -5130 -5135 -5140 -5143 -5153 -5161 -5171 -5179
-5185 -5194 -5199 -5201 -5207 -5217 -5222 -5226 -5227 -5234 -5238 -5241 -5243 -5244 -5251 -5253 -5260 -5268
-5269 -5270 -5277 -5287 -5294 -5302 -5306 -5311 -5313 -5322 -5323 -5329 -5336 -5338 -5348 -5354 -5355 -5362
-5369 -5373 -5375 -5380 -5390 -5391 -5393 -5403 -5405 -5415 -5416 -5418 -5424 -5434 -5435 -5443 -5450 -5459
-5464 -5466 -5474 -5483 -5487 -5495 -5502 -5507 -5509 -5510 -5518 -5525 -5532 -5539 -5540 -5549 -5551 -5557
-5558 -5562 -5571 -5579 -5585 -5590 -5593 -5599 -5607 -5611 -5614 -5624 -5626 -5634 -5642 -5652 -5656 -5661
-5663 -5668 -5673 -5676 -5682 -5684 -5691 -5701 -5704 -5706 -5711 -5719 -5721 -5727 -5737 -5738 -5740 -5748
-5749 -5756 -5759 -5762 -5763 -5771 -5776 -5778 -5779 -5785 -5793 -5803 -5813 -5815 -5821 -5823 -5830 -5834
-5842 -5846 -5853 -5857 -5861 -5870 -5877 -5885 -5888 -5898 -5900 -5904 -5913 -5918 -5919 -5921 -5922 -5932
-5942 -5945 -5952 -5962 -5969 -5974 -5984 -5988 -5989 -5991 -5995 -6001 -6004 -6012 -6013 -6014 -6017 -6024
-6026 -6033 -6036 -6037 -6039 -6040 -6042 -6047 -6057 -6067 -6068 -6072 -6081 -6090 -6097 -6099 -6109 -6118
-6126 -6128 -6136 -6146 -6156 -6165 -6167 -6175 -6185 -6188 -6194 -6196 -6198 -6205 -6215 -6219 -6226 -6230
-6240 -6242 -6246 -6254 -6264 -6273 -6283 -6287 -6293 -6303 -6310 -6313 -6319 -6329 -6335 -6342 -6349 -6356
-6362 -6367 -6375 -6382 -6383 -6385 -6395 -6398 -6400 -6410 -6417 -6427 -6431 -6432 -6440 -6450 -6453 -6460
-6461 -6466 -6472 -6480 -6481 -6484 -6485 -6489 -6494 -6504 -6510 -6520 -6525 -6526 -6532 -6540 -6544 -6554
-6555 -6559 -6565 -6574 -6584 -6592 -6602 -6608 -6613 -6623 -6626 -6628 -6632 -6634 -6644 -6648 -6653 -6654
-6656 -6662 -6663 -6665 -6667 -6677 -6680 -6689 -6691 -6701 -6707 -6711 -6713 -6718 -6724 -6733 -6741 -6743
-6747 -6748 -6757 -6759 -6763 -6766 -6774 -6780 -6787 -6794 -6795 -6797 -6801 -6804 -6809 -6813 -6823 -6833
-6840 -6849 -6859 -6861 -6866 -6868 -6870 -6877 -6881 -6884 -6885 -6895 -6901 -6910 -6917 -6923 -6929 -6932
-6934 -6937 -6940 -6943 -6948 -6955 -6965 -6971 -6973 -6974 -6978 -6980 -6988 -6990 -6992 -7000 -7007 -7009
-7011 -7016 -7019 -7021 -7027 -7031 -7034 -7039 -7040 -7049 -7057 -7062 -7071 -7080 -7082 -7088 -7096 -7103
-7106 -7115 -7123 -7128 -7138 -7145 -7149 -7159 -7167 -7174 -7184 -7190 -7200 -7203 -7211 -7219 -7227 -7230
-7236 -7237 -7241 -7243 -7244 -7249 -7253 -7258 -7266 -7272 -7276 -7281 -7287 -7295 -7304 -7313 -7318 -7321
-7326 -7329 -7332 -7341 -7346 -7353 -7360 -7370 -7379 -7383 -7386 -7387 -7392 -7397 -7399 -7403 -7409 -7414
-7416 -7424 -7431 -7436 -7443 -7451 -7460 -7469 -7470 -7480 -7483 -7493 -7497 -7503 -7506 -7509 -7518 -7519
-7524 -7530 -7532 -7540 -7543 -7551 -7558 -7565 -7566 -7571 -7573 -7581 -7589 -7590 -7593 -7597 -7606 -7609
-7613 -7620 -7623 -7625 -7634 -7643 -7653 -7655 -7660 -7667 -7673 -7677 -7678 -7688 -7689 -7699 -7702 -7709
-7713 -7722 -7725 -7730 -7735 -7740 -7745 -7747 -7748 -7758 -7762 -7766 -7776 -7779 -7788 -7790 -7795 -7800
-7809 -7811 -7818 -7825 -7835 -7845 -7852 -7862 -7866 -7874 -7880 -7883 -7893 -7897 -7901 -7908 -7915 -7923
-7932 -7933 -7943 -7950 -7953 -7954 -7962 -7970 -7978 -7981 -7991 -7999 -8003 -8012 -8021 -8024 -8029 -8038
-8046 -8052 -8055 -8065 -8071 -8074 -8081 -8088 -8090 -8098 -8106 -8114 -8121 -8124 -8126 -8132 -8139 -8141
-8146 -8152 -8157 -8165 -8172 -8175 -8177 -8179 -8181 -8190 -8194 -8198 -8208 -8215 -8220 -8226 -8228 -8237
-8242 -8248 -8256 -8258 -8267 -8273 -8283 -8287 -8297 -8304 -8313 -8318 -8324 -8329 -8337 -8339 -8342 -8351
-8352 -8358 -8360 -8364 -8374 -8384 -8390 -8391 -8394 -8399 -8400 -8401 -8408 -8411 -8412 -8419 -8428 -8437
-8446 -8455 -8460 -8469 -8475 -8482 -8484 -8494 -8500 -8503 -8512 -8519 -8520 -8524 -8534 -8542 -8543 -8544
-8545 -8553 -8554 -8555 -8564 -8568 -8570 -8572 -8581 -8591 -8598 -8599 -8608 -8618 -8623 -8625 -8635 -8640
-8643 -8645 -8653 -8663 -8664 -8666 -8672 -8679 -8680 -8685 -8689 -8699 -8702 -8704 -8705 -8707 -8717 -8726
-8736 -8739 -8744 -8748 -8750 -8760 -8766 -8771 -8780 -8790 -8797 -8798 -8805 -8814 -8822 -8828 -8830 -8835
-8842 -8852 -8853 -8863 -8864 -8866 -8874 -8876 -8884 -8888 -8890 -8898 -8899 -8909 -8918 -8924 -8925 -8929
-8930 -8933 -8940 -8945 -8948 -8954 -8961 -8968 -8977 -8982 -8987 -8989 -8993 -9002 -9010 -9016 -9025 -9029
-9035 -9045 -9054 -9061 -9066 -9072 -9075 -9083 -9089 -9096 -9106 -9113 -9119 -9123 -9124 -9129 -9134 -9141
-9145 -9151 -9153 -9154 -9157 -9160 -9161 -9163 -9169 -9175 -9176 -9185 -9192 -9198 -9199 -9200 -9203 -9210
-9212 -9218 -9223 -9225 -9233 -9239 -9245 -9255 -9265 -9268 -9276 -9284 -9289 -9292 -9293 -9303 -9311 -9319
-9327 -9330 -9336 -9338 -9343 -9345 -9348 -9356 -9360 -9370 -9375 -9385 -9394 -9402 -9411 -9412 -9413 -9417
-9424 -9427 -9433 -9434 -9437 -9446 -9449 -9450 -9456 -9463 -9469 -9477 -9481 -9488 -9492 -9497 -9507 -9508
-9514 -9521 -9525 -9533 -9543 -9552 -9553 -9562 -9568 -9577 -9582 -9583 -9587 -9595 -9602 -9607 -9613 -9615
-9619 -9624 -9627 -9637 -9646 -9648 -9656 -9660 -9665 -9666 -9675 -9680 -9686 -9688 -9694 -9701 -9707 -9712
-9718 -9719 -9729 -9731 -9735 -9739 -9748 -9755 -9761 -9765 -9766 -9774 -9776 -9785 -9787 -9790 -9794 -9797
-9806 -9813 -9817 -9818 -9820 -9829 -9837 -9842 -9844 -9845 -9848 -9853 -9856 -9859 -9865 -9868 -9875 -9879
-9885 -9893 -9898 -9901 -9908 -9912 -9919 -9924 -9931 -9938 -9947 -9954 -9960 -9962 -9970 -9972 -9980 -9983
-9990 -9991 -9995 -9999 -10001 -10007 -10014 -10015 -10019 -10027 -10032 -10037 -10046 -10054 -10058 -10066 -10075 -10081
-10083 -10086 -10088 -10097 -10100 -10106 -10111 -10116 -10122 -10123 -10131 -10139 -10143 -10145 -10149 -10151 -10159 -10167
-10172 -10182 -10188 -10198 -10205 -10214 -10216 -10224 -10229 -10233 -10236 -10246 -10251 -10252 -10260 -10269 -10271 -10274
-10278 -10280 -10290 -10298 -10305 -10307 -10310 -10311 -10312 -10314 -10321 -10327 -10333 -10337 -10343 -10348 -10350 -10351
-10355 -10357 -10366 -10376 -10379 -10387 -10393 -10398 -10399 -10401 -10404 -10409 -10414 -10420 -10430 -10433 -10440 -10448
-10456 -10457 -10461 -10462 -10472 -10479 -10488 -10498 -10506 -10515 -10521 -10531 -10534 -10540 -10546 -10553 -10554 -10564
-10565 -10570 -10571 -10575 -10577 -10578 -10582 -10588 -10594 -10596 -10600 -10605 -10611 -10617 -10621 -10626 -10632 -10634
-10638 -10645 -10650 -10658 -10664 -10673 -10677 -10685 -10690 -10697 -10707 -10711 -10715 -10725 -10726 -10731 -10736 -10740
-10745 -10750 -10752 -10760 -10767 -10773 -10781 -10789 -10798 -10805 -10812 -10816 -10821 -10831 -10839 -10843 -10851 -10858
-10860 -10864 -10871 -10873 -10881 -10882 -10892 -10902 -10903 -10910 -10918 -10919 -10926 -10936 -10942 -10950 -10957 -10964
-10965 -10975 -10976 -10978 -10987 -10996 -10997 -11002 -11005 -11015 -11017 -11025 -11029 -11037 -11043 -11048 -11058 -11063
-11071 -11072 -11082 -11087 -11088 -11091 -11094 -11100 -11103 -11111 -11118 -11127 -11131 -11135 -11145 -11154 -11156 -11157
-11164 -11170 -11175 -11178 -11184 -11190 -11198 -11199 -11203 -11208 -11215 -11216 -11226 -11228 -11237 -11240 -11245 -11249
-11253 -11256 -11263 -11266 -11268 -11275 -11284 -11293 -11303 -11308 -11310 -11313 -11317 -11325 -11332 -11335 -11339 -11349
-11356 -11365 -11368 -11372 -11382 -11389 -11399 -11409 -11415 -11417 -11426 -11436 -11439 -11448 -11453 -11457 -11466 -11471
-11478 -11479 -11485 -11488 -11495 -11502 -11506 -11509 -11510 -11519 -11520 -11523 -11529 -11531 -11534 -11544 -11554 -11559
-11563 -11571 -11577 -11580 -11590 -11595 -11599 -11605 -11613 -11622 -11629 -11634 -11644 -11647 -11655 -11663 -11665 -11669
-11671 -11673 -11681 -11689 -11694 -11704 -11707 -11717 -11719 -11720 -11721 -11722 -11725 -11730 -11733 -11736 -11743 -11745
-11753 -11755 -11762 -11765 -11771 -11772 -11776 -11779 -11788 -11796 -11801 -11805 -11813 -11816 -11817 -11822 -11824 -11833
-11839 -11842 -11849 -11859 -11863 -11866 -11868 -11872 -11877 -11886 -11887 -11895 -11899 -11900 -11902 -11910 -11915 -11922
-11924 -11932 -11937 -11939 -11948 -11958 -11965 -11972 -11974 -11977 -11982 -11984 -11991 -12000 -12006 -12012 -12017 -12019
-12028 -12029 -12038 -12043 -12044 -12046 -12052 -12056 -12057 -12059 -12068 -12070 -12078 -12080 -12083 -12088 -12095 -12098
-12099 -12103 -12108 -12117 -12121 -12130 -12135 -12138 -12148 -12150 -12155 -12164 -12169 -12175 -12179 -12188 -12189 -12191
-12198 -12205 -12211 -12213 -12220 -12225 -12231 -12234 -12236 -12246 -12255 -12264 -12268 -12272 -12279 -12280 -12284 -12294
-12295 -12300 -12309 -12313 -12319 -12326 -12335 -12345 -12354 -12355 -12358 -12367 -12370 -12374 -12384 -12388 -12396 -12399
-12406 -12412 -12417 -12419 -12420 -12423 -12427 -12432 -12433 -12438 -12447 -12451 -12457 -12461 -12468 -12474 -12478 -12479
-12482 -12487 -12491 -12501 -12504 -12510 -12519 -12524 -12528 -12532 -12535 -12545 -12550 -12558 -12565 -12570 -12574 -12580
-12584 -12594 -12600 -12601 -12607 -12617 -12625 -12627 -12632 -12637 -12646 -12647 -12651 -12656 -12659 -12664 -12666 -12675
-12676 -12678 -12679 -12682 -12690 -12698 -12708 -12717 -12720 -12727 -12729 -12734 -12743 -12751 -12754 -12759 -12763 -12769
-12771 -12774 -12782 -12790 -12793 -12795 -12804 -12805 -12815 -12825 -12833 -12837 -12841 -12843 -12853 -12857 -12863 -12864
-12873 -12876 -12879 -12889 -12891 -12898 -12906 -12914 -12921 -12922 -12926 -12928 -12936 -12941 -12943 -12949 -12950 -12955
-12964 -12965 -12972 -12981 -12984 -12985 -12991 -13000 -13001 -13002 -13005 -13013 -13023 -13028 -13035 -13042 -13049 -13056
-13064 -13068 -13070 -13075 -13081 -13090 -13100 -13105 -13107 -13108 -13110 -13113 -13123 -13130 -13139 -13141 -13145 -13147
-13157 -13166 -13172 -13179 -13183 -13188 -13198 -13201 -13204 -13205 -13214 -13222 -13227 -13236 -13238 -13243 -13244 -13251
-13261 -13268 -13274 -13276 -13283 -13286 -13287 -13295 -13296 -13301 -13308 -13313 -13315 -13324 -13329 -13339 -13344 -13347
-13348 -13358 -13363 -13364 -13366 -13373 -13377 -13381 -13387 -13397 -13406 -13412 -13417 -13425 -13433 -13443 -13445 -13446
-13448 -13450 -13453 -13456 -13461 -13470 -13475 -13481 -13483 -13491 -13493 -13501 -13507 -13511 -13513 -13522 -13529 -13533
-13543 -13551 -13553 -13558 -13561 -13570 -13576 -13586 -13589 -13599 -13608 -13613 -13618 -13622 -13631 -13640 -13643 -13652
-13660 -13663 -13669 -13677 -13685 -13689 -13691 -13692 -13698 -13708 -13718 -13724 -13734 -13735 -13744 -13752 -13755 -13757
-13765 -13771 -13775 -13777 -13785 -13795 -13796 -13797 -13801 -13802 -13806 -13813 -13821 -13831 -13833 -13843 -13849 -13853
-13863 -13864 -13870 -13877 -13880 -13886 -13892 -13902 -13906 -13913 -13921 -13927 -13930 -13933 -13940 -13942 -13952 -13956
-13958 -13959 -13969 -13973 -13982 -13986 -13994 -13995 -14005 -14007 -14013 -14016 -14019 -14025 -14026 -14032 -14037 -14038
-14043 -14044 -14047 -14048 -14054 -14061 -14065 -14074 -14081 -14085 -14090 -14091 -14100 -14107 -14115 -14124 -14134 -14143
-14147 -14149 -14152 -14161 -14163 -14172 -14174 -14180 -14187 -14188 -14193 -14198 -14205 -14212 -14216 -14224 -14231 -14241
-14245 -14247 -14250 -14257 -14267 -14272 -14281 -14289 -14297 -14306 -14309 -14318 -14322 -14324 -14332 -14339 -14348 -14350
-14351 -14354 -14360 -14367 -14368 -14375 -14379 -14385 -14390 -14395 -14400 -14404 -14408 -14413 -14419 -14425 -14429 -14431
-14440 -14449 -14456 -14457 -14465 -14472 -14475 -14482 -14487 -14495 -14505 -14506 -14514 -14517 -14522 -14532 -14535 -14536
-14542 -14552 -14555 -14556 -14564 -14571 -14572 -14582 -14584 -14590 -14593 -14602 -14608 -14615 -14622 -14625 -14631 -14635
-14636 -14637 -14647 -14648 -14650 -14651 -14654 -14662 -14669 -14672 -14679 -14683 -14685 -14694 -14703 -14705 -14711 -14714
-14716 -14719 -14727 -14732 -14737 -14740 -14749 -14753 -14760 -14764 -14767 -14775 -14784 -14793 -14794 -14800 -14809 -14818
-14824 -14826 -14828 -14834 -14837 -14846 -14848 -14856 -14862 -14863 -14865 -14874 -14881 -14891 -14894 -14901 -14903 -14906
-14915 -14921 -14930 -14937 -14941 -14943 -14947 -14956 -14964 -14972 -14977 -14982 -14989 -14996 -15001 -15005 -15008 -15011
-15015 -15024 -15032 -15034 -15038 -15042 -15051 -15056 -15065 -15067 -15075 -15076 -15082 -15083 -15088 -15090 -15099 -15100
-15110 -15119 -15120 -15128 -15138 -15140 -15141 -15144 -15147 -15152 -15155 -15159 -15169 -15175 -15181 -15187 -15189 -15197
-15198 -15201 -15204 -15206 -15214 -15223 -15227 -15232 -15242 -15245 -15251 -15261 -15270 -15271 -15278 -15280 -15289 -15292
-15296 -15300 -15305 -15314 -15315 -15316 -15322 -15325 -15333 -15340 -15349 -15357 -15359 -15369 -15375 -15378 -15387 -15396
-15405 -15407 -15409 -15414 -15420 -15425 -15434 -15440 -15450 -15454 -15461 -15466 -15476 -15485 -15489 -15491 -15497 -15500
-15504 -15510 -15520 -15523 -15533 -15542 -15548 -15550 -15553 -15563 -15569 -15570 -15573 -15581 -15591 -15595 -15601 -15604
-15608 -15616 -15622 -15631 -15635 -15642 -15645 -15653 -15659 -15661 -15663 -15666 -15670 -15680 -15683 -15685 -15691 -15698
-15706 -15711 -15721 -15723 -15727 -15731 -15741 -15742 -15746 -15755 -15756 -15758 -15764 -15772 -15779 -15786 -15790 -15795
-15796 -15800 -15806 -15809 -15810 -15819 -15828 -15833 -15835 -15837 -15845 -15851 -15856 -15861 -15864 -15873 -15880 -15889
-15892 -15900 -15904 -15905 -15912 -15922 -15927 -15928 -15938 -15940 -15944 -15946 -15948 -15958 -15968 -15976 -15981 -15982
-15988 -15989 -15995 -16003 -16007 -16008 -16010 -16011 -16019 -16029 -16031 -16032 -16041 -16043 -16052 -16056 -16064 -16072
-16080 -16087 -16089 -16092 -16102 -16111 -16114 -16115 -16117 -16119 -16125 -16128 -16130 -16134 -16142 -16143 -16147 -16151
-16157 -16163 -16164 -16171 -16180 -16188 -16189 -16198 -16208 -16212 -16220 -16229 -16231 -16241 -16251 -16255 -16259 -16267
-16271 -16278 -16280 -16287 -16295 -16296 -16306 -16316 -16321 -16326 -16335 -16341 -16351 -16360 -16369 -16375 -16383 -16385
-16395 -16400 -16401 -16402 -16406 -16408 -16409 -16418 -16421 -16431 -16441 -16446 -16448 -16453 -16461 -16463 -16470 -16478
-16485 -16492 -16501 -16504 -16510 -16511 -16516 -16518 -16522 -16528 -16531 -16541 -16543 -16549 -16555 -16556 -16565 -16567
-16575 -16581 -16590 -16591 -16601 -16604 -16612 -16621 -16622 -16626 -16630 -16635 -16642 -16649 -16657 -16662 -16666 -16675
-16685 -16689 -16697 -16705 -16711 -16712 -16720 -16727 -16736 -16739 -16748 -16749 -16754 -16755 -16758 -16759 -16767 -16775
-16781 -16791 -16792 -16799 -16802 -16806 -16812 -16813 -16814 -16820 -16827 -16832 -16842 -16851 -16860 -16868 -16873 -16875
-16878 -16881 -16882 -16883 -16890 -16894 -16895 -16898 -16902 -16910 -16911 -16916 -16925 -16927 -16935 -16941 -16943 -16948
-16956 -16964 -16967 -16977 -16987 -16996 -17001 -17005 -17011 -17012 -17015 -17024 -17025 -17027 -17029 -17032 -17040 -17048
-17055 -17062 -17063 -17070 -17077 -17083 -17093 -17097 -17100 -17101 -17110 -17118 -17119 -17127 -17131 -17136 -17146 -17153
-17162 -17170 -17175 -17176 -17177 -17181 -17191 -17192 -17193 -17200 -17203 -17204 -17209 -17214 -17216 -17224 -17233 -17237
-17241 -17244 -17245 -17254 -17264 -17270 -17280 -17281 -17289 -17293 -17294 -17304 -17308 -17312 -17315 -17316 -17321 -17325
-17326 -17336 -17343 -17349 -17359 -17363 -17372 -17373 -17380 -17382 -17383 -17386 -17388 -17392 -17401 -17410 -17420 -17427
-17432 -17440 -17448 -17451 -17453 -17462 -17466 -17470 -17477 -17480 -17487 -17494 -17504 -17507 -17517 -17525 -17529 -17537
-17546 -17550 -17557 -17562 -17563 -17569 -17578 -17582 -17586 -17588 -17597 -17603 -17604 -17614 -17623 -17632 -17640 -17649
-17655 -17662 -17670 -17674 -17683 -17689 -17691 -17692 -17699 -17707 -17709 -17711 -17718 -17722 -17731 -17741 -17746 -17747
-17752 -17758 -17768 -17771 -17772 -17775 -17784 -17792 -17795 -17803 -17813 -17819 -17829 -17831 -17834 -17841 -17846 -17848
-17849 -17858 -17859 -17861 -17867 -17874 -17884 -17889 -17899 -17901 -17910 -17916 -17920 -17928 -17935 -17938 -17946 -17950
-17958 -17964 -17966 -17972 -17976 -17980 -17982 -17985 -17993 -17996 -18000 -18003 -18006 -18009 -18015 -18021 -18023 -18025
-18035 -18036 -18039 -18041 -18047 -18057 -18061 -18069 -18070 -18071 -18072 -18080 -18082 -18091 -18092 -18094 -18104 -18112
-18122 -18126 -18132 -18140 -18141 -18142 -18147 -18157 -18164 -18172 -18181 -18191 -18200 -18206 -18210 -18218 -18219 -18221
-18225 -18227 -18236 -18239 -18249 -18253 -18262 -18263 -18264 -18270 -18277 -18286 -18291 -18300 -18310 -18311 -18318 -18327
-18334 -18343 -18349 -18353 -18362 -18370 -18373 -18378 -18379 -18386 -18390 -18397 -18401 -18407 -18416 -18420 -18421 -18426
-18428 -18438 -18443 -18448 -18450 -18454 -18456 -18460 -18469 -18471 -18472 -18481 -18489 -18497 -18499 -18501 -18509 -18515
-18524 -18528 -18534 -18540 -18550 -18558 -18561 -18567 -18571 -18576 -18577 -18583 -18588 -18595 -18596 -18597 -18598 -18602
-18607 -18616 -18620 -18624 -18634 -18637 -18640 -18648 -18654 -18659 -18664 -18666 -18672 -18674 -18684 -18687 -18693 -18697
-18707 -18715 -18720 -18726 -18728 -18734 -18744 -18746 -18753 -18763 -18767 -18770 -18773 -18783 -18785 -18788 -18798 -18804
-18814 -18820 -18822 -18825 -18832 -18840 -18846 -18856 -18862 -18866 -18876 -18880 -18890 -18893 -18895 -18898 -18902 -18906
-18916 -18917 -18924 -18933 -18942 -18949 -18955 -18957 -18960 -18968 -18975 -18985 -18991 -18993 -18994 -18999 -19001 -19010
-19019 -19029 -19039 -19047 -19054 -19061 -19068 -19077 -19086 -19095 -19105 -19111 -19115 -19123 -19129 -19132 -19135 -19138
-19144 -19151 -19160 -19166 -19173 -19178 -19188 -19192 -19194 -19204 -19211 -19217 -19226 -19234 -19237 -19246 -19249 -19257
-19261 -19263 -19267 -19274 -19277 -19287 -19290 -19297 -19301 -19310 -19319 -19322 -19324 -19333 -19342 -19352 -19362 -19369
-19377 -19379 -19388 -19397 -19400 -19408 -19418 -19422 -19424 -19432 -19434 -19444 -19451 -19454 -19455 -19462 -19464 -19470
-19472 -19476 -19477 -19482 -19490 -19493 -19498 -19508 -19517 -19521 -19528 -19531 -19534 -19542 -19545 -19549 -19557 -19560
-19561 -19565 -19574 -19580 -19584 -19590 -19598 -19606 -19615 -19623 -19629 -19638 -19646 -19650 -19653 -19655 -19657 -19665
-19671 -19679 -19688 -19691 -19700 -19704 -19708 -19714 -19723 -19732 -19738 -19739 -19744 -19749 -19753 -19756 -19763 -19769
-19772 -19780 -19786 -19795 -19798 -19802 -19804 -19812 -19819 -19829 -19831 -19835 -19836 -19841 -19848 -19855 -19861 -19862
-19870 -19875 -19877 -19884 -19885 -19890 -19893 -19894 -19896 -19899 -19908 -19909 -19914 -19915 -19916 -19925 -19926 -19929
-19932 -19934 -19936 -19937 -19939 -19946 -19953 -19960 -19964 -19973 -19979 -19987 -19994 -19995 -20000 -20001 -20010 -20017
-20020 -20027 -20036 -20046 -20056 -20061 -20069 -20070 -20079 -20088 -20097 -20101 -20104 -20113 -20119 -20123 -20128 -20132
-20140 -20141 -20143 -20146 -20151 -20161 -20170 -20171 -20177 -20178 -20187 -20197 -20198 -20203 -20207 -20212 -20214 -20215
-20221 -20228 -20236 -20241 -20245 -20255 -20262 -20270 -20275 -20281 -20290 -20296 -20302 -20303 -20309 -20317 -20319 -20322
-20331 -20332 -20335 -20341 -20350 -20354 -20362 -20367 -20373 -20383 -20388 -20393 -20401 -20405 -20406 -20413 -20416 -20417
-20421 -20423 -20432 -20442 -20450 -20452 -20459 -20469 -20478 -20482 -20487 -20488 -20492 -20501 -20511 -20521 -20524 -20525
-20531 -20540 -20549 -20551 -20559 -20560 -20570 -20576 -20579 -20584 -20587 -20590 -20599 -20603 -20610 -20613 -20617 -20622
-20626 -20630 -20637 -20646 -20656 -20658 -20661 -20667 -20675 -20683 -20687 -20693 -20694 -20701 -20709 -20712 -20716 -20725
-20728 -20734 -20740 -20749 -20753 -20755 -20757 -20760 -20761 -20770 -20777 -20779 -20787 -20797 -20798 -20804 -20812 -20820
-20828 -20831 -20833 -20837 -20838 -20844 -20852 -20853 -20859 -20860 -20864 -20869 -20877 -20883 -20884 -20889 -20899 -20901
-20911 -20918 -20919 -20922 -20927 -20931 -20936 -20945 -20955 -20964 -20968 -20978 -20983 -20993 -20997 -21002 -21004 -21013
-21021 -21029 -21037 -21047 -21056 -21061 -21064 -21066 -21076 -21077 -21086 -21089 -21097 -21103 -21112 -21119 -21124 -21133
-21140 -21145 -21154 -21161 -21167 -21176 -21184 -21192 -21197 -21199 -21208 -21213 -21223 -21224 -21231 -21237 -21246 -21254
-21256 -21260 -21267 -21276 -21280 -21282 -21284 -21288 -21291 -21294 -21301 -21311 -21313 -21323 -21329 -21334 -21341 -21342
-21346 -21353 -21357 -21365 -21372 -21380 -21381 -21390 -21399 -21409 -21412 -21413 -21422 -21426 -21435 -21437 -21442 -21445
-21446 -21451 -21460 -21469 -21470 -21477 -21481 -21488 -21491 -21493 -21498 -21504 -21508 -21511 -21516 -21526 -21535 -21541
-21542 -21550 -21560 -21567 -21568 -21572 -21580 -21585 -21589 -21590 -21591 -21596 -21599 -21602 -21612 -21616 -21618 -21623
-21630 -21632 -21641 -21650 -21653 -21656 -21661 -21666 -21669 -21674 -21681 -21686 -21689 -21692 -21695 -21704 -21712 -21713
-21723 -21727 -21728 -21732 -21733 -21741 -21742 -21743 -21748 -21757 -21760 -21769 -21776 -21783 -21785 -21795 -21796 -21800
-21808 -21815 -21824 -21833 -21835 -21836 -21844 -21849 -21857 -21862 -21865 -21870 -21879 -21882 -21884 -21889 -21892 -21902
-21912 -21920 -21930 -21938 -21948 -21954 -21964 -21967 -21968 -21972 -21974 -21975 -21983 -21991 -21998 -22002 -22004 -22013
-22017 -22022 -22031 -22040 -22041 -22048 -22058 -22059 -22068 -22077 -22087 -22091 -22097 -22100 -22108 -22113 -22122 -22130
-22136 -22137 -22144 -22148 -22155 -22161 -22169 -22172 -22182 -22183 -22184 -22188 -22193 -22203 -22213 -22219 -22227 -22229
-22238 -22242 -22245 -22249 -22252 -22253 -22263 -22270 -22279 -22282 -22285 -22293 -22297 -22303 -22310 -22319 -22325 -22332
-22334 -22342 -22350 -22354 -22355 -22362 -22370 -22371 -22372 -22375 -22383 -22390 -22395 -22401 -22411 -22419 -22424 -22427
-22429 -22431 -22435 -22444 -22451 -22459 -22462 -22468 -22477 -22479 -22484 -22489 -22492 -22493 -22501 -22503 -22504 -22513
-22518 -22523 -22528 -22538 -22543 -22552 -22556 -22562 -22565 -22569 -22572 -22577 -22586 -22589 -22590 -22596 -22597 -22600
-22606 -22609 -22618 -22620 -22621 -22624 -22627 -22629 -22635 -22639 -22644 -22646 -22650 -22660 -22665 -22668 -22671 -22674
-22683 -22693 -22698 -22706 -22708 -22710 -22719 -22726 -22730 -22733 -22743 -22752 -22760 -22770 -22776 -22782 -22791 -22792
-22801 -22809 -22813 -22814 -22817 -22827 -22830 -22837 -22842 -22849 -22853 -22855 -22857 -22865 -22868 -22871 -22875 -22884
-22893 -22897 -22907 -22917 -22922 -22928 -22930 -22935 -22942 -22945 -22955 -22964 -22965 -22971 -22972 -22975 -22979 -22985
-22995 -22997 -22999 -23005 -23014 -23016 -23018 -23024 -23028 -23031 -23036 -23043 -23049 -23050 -23052 -23057 -23066 -23075
-23080 -23090 -23099 -23105 -23109 -23113 -23116 -23120 -23126 -23128 -23132 -23142 -23147 -23151 -23152 -23154 -23158 -23168
-23171 -23174 -23183 -23191 -23195 -23203 -23207 -23216 -23222 -23226 -23231 -23237 -23246 -23247 -23252 -23254 -23255 -23257
-23267 -23269 -23271 -23272 -23279 -23288 -23291 -23292 -23294 -23302 -23306 -23313 -23314 -23320 -23321 -23323 -23333 -23335
-23342 -23347 -23350 -23356 -23358 -23368 -23375 -23376 -23384 -23392 -23399 -23402 -23408 -23411 -23414 -23417 -23419 -23427
-23428 -23436 -23446 -23456 -23465 -23470 -23473 -23480 -23485 -23495 -23497 -23498 -23503 -23511 -23515 -23525 -23527 -23530
-23534 -23540 -23546 -23553 -23561 -23562 -23565 -23569 -23570 -23573 -23576 -23584 -23593 -23594 -23604 -23606 -23612 -23622
-23624 -23627 -23628 -23637 -23645 -23653 -23658 -23663 -23669 -23674 -23682 -23683 -23684 -23689 -23690 -23694 -23701 -23707
-23717 -23727 -23731 -23737 -23743 -23752 -23754 -23759 -23768 -23774 -23778 -23784 -23787 -23796 -23798 -23808 -23815 -23820
-23821 -23828 -23836 -23844 -23852 -23855 -23858 -23868 -23870 -23875 -23877 -23880 -23882 -23889 -23892 -23893 -23897 -23907
-23910 -23915 -23924 -23931 -23932 -23936 -23943 -23944 -23950 -23953 -23956 -23966 -23973 -23980 -23989 -23998 -24000 -24010
-24013 -24020 -24027 -24029 -24035 -24041 -24044 -24048 -24051 -24057 -24059 -24067 -24074 -24075 -24080 -24090 -24093 -24094
-24102 -24109 -24118 -24120 -24130 -24136 -24139 -24146 -24156 -24165 -24168 -24177 -24187 -24192 -24194 -24203 -24206 -24215
-24222 -24224 -24227 -24232 -24237 -24239 -24243 -24252 -24256 -24257 -24260 -24263 -24273 -24274 -24278 -24284 -24288 -24294
-24297 -24303 -24304 -24312 -24317 -24323 -24332 -24340 -24348 -24357 -24362 -24364 -24368 -24376 -24381 -24391 -24400 -24408
-24410 -24420 -24427 -24432 -24441 -24444 -24449 -24455 -24461 -24470 -24476 -24482 -24484 -24492 -24500 -24507 -24512 -24515
-24519 -24525 -24534 -24541 -24543 -24551 -24561 -24564 -24570 -24574 -24575 -24576 -24581 -24590 -24598 -24603 -24608 -24612
-24619 -24626 -24630 -24633 -24642 -24652 -24661 -24663 -24668 -24673 -24681 -24682 -24691 -24698 -24706 -24712 -24718 -24725
-24732 -24736 -24740 -24743 -24753 -24755 -24757 -24761 -24771 -24781 -24787 -24789 -24792 -24799 -24801 -24805 -24812 -24817
-24821 -24825 -24826 -24829 -24838 -24845 -24846 -24854 -24856 -24863 -24864 -24873 -24878 -24888 -24894 -24897 -24898 -24907
-24914 -24919 -24927 -24935 -24942 -24952 -24954 -24957 -24965 -24966 -24974 -24976 -24982 -24983 -24992 -25000 -25001 -25006
-25010 -25019 -25024 -25026 -25027 -25035 -25045 -25048 -25051 -25060 -25063 -25070 -25077 -25079 -25080 -25081 -25086 -25096
-25098 -25104 -25106 -25107 -25109 -25117 -25127 -25136 -25140 -25147 -25149 -25156 -25162 -25165 -25173 -25175 -25183 -25188
-25192 -25199 -25205 -25211 -25213 -25219 -25220 -25223 -25228 -25233 -25237 -25238 -25243 -25246 -25254 -25264 -25273 -25279
-25287 -25293 -25297 -25298 -25301 -25303 -25313 -25319 -25321 -25325 -25328 -25333 -25342 -25348 -25357 -25360 -25367 -25375
-25385 -25392 -25395 -25396 -25400 -25408 -25409 -25410 -25414 -25421 -25431 -25432 -25442 -25452 -25455 -25458 -25462 -25469
-25471 -25477 -25479 -25483 -25493 -25497 -25507 -25516 -25518 -25525 -25528 -25529 -25533 -25534 -25543 -25550 -25552 -25554
-25563 -25573 -25575 -25581 -25583 -25586 -25594 -25597 -25598 -25600 -25603 -25612 -25617 -25618 -25628 -25631 -25639 -25647
-25653 -25661 -25669 -25670 -25673 -25677 -25685 -25686 -25696 -25703 -25712 -25713 -25719 -25720 -25724 -25731 -25738 -25748
-25749 -25755 -25763 -25773 -25783 -25792 -25799 -25802 -25806 -25813 -25816 -25821 -25825 -25828 -25833 -25837 -25838 -25840
-25843 -25850 -25858 -25864 -25865 -25875 -25879 -25889 -25898 -25905 -25912 -25915 -25925 -25931 -25938 -25945 -25948 -25958
-25959 -25962 -25964 -25967 -25977 -25986 -25988 -25996 -25997 -25999 -26007 -26013 -26014 -26022 -26023 -26033 -26042 -26052
-26060 -26069 -26079 -26082 -26084 -26085 -26091 -26100 -26110 -26111 -26115 -26122 -26124 -26131 -26133 -26137 -26139 -26145
-26149 -26155 -26164 -26172 -26173 -26178 -26187 -26197 -26204 -26206 -26207 -26213 -26215 -26216 -26223 -26233 -26236 -26242
-26246 -26255 -26260 -26264 -26269 -26274 -26276 -26283 -26289 -26293 -26303 -26306 -26309 -26315 -26324 -26328 -26333 -26339
-26349 -26356 -26365 -26368 -26373 -26375 -26380 -26386 -26393 -26399 -26406 -26407 -26412 -26415 -26417 -26419 -26426 -26428
-26436 -26439 -26449 -26457 -26464 -26465 -26469 -26471 -26473 -26477 -26487 -26490 -26491 -26499 -26509 -26516 -26524 -26533
-26542 -26546 -26556 -26562 -26566 -26576 -26581 -26585 -26594 -26597 -26607 -26614 -26618 -26627 -26631 -26632 -26633 -26641
-26646 -26653 -26663 -26669 -26671 -26675 -26679 -26680 -26690 -26697 -26705 -26715 -26718 -26719 -26728 -26733 -26742 -26745
-26746 -26751 -26760 -26763 -26767 -26775 -26778 -26788 -26796 -26800 -26804 -26814 -26821 -26823 -26831 -26832 -26840 -26845
-26849 -26851 -26859 -26866 -26872 -26880 -26882 -26883 -26892 -26901 -26907 -26909 -26918 -26923 -26929 -26936 -26940 -26948
-26955 -26958 -26964 -26974 -26979 -26982 -26986 -26992 -27000 -27010 -27016 -27021 -27024 -27031 -27040 -27047 -27049 -27058
-27059 -27062 -27068 -27073 -27080 -27086 -27087 -27091 -27100 -27108 -27118 -27125 -27129 -27136 -27144 -27149 -27154 -27163
-27169 -27174 -27176 -27186 -27193 -27200 -27209 -27216 -27225 -27230 -27231 -27236 -27242 -27246 -27255 -27257 -27261 -27264
-27269 -27275 -27285 -27287 -27296 -27304 -27310 -27315 -27321 -27330 -27337 -27340 -27348 -27357 -27366 -27369 -27373 -27378
-27386 -27393 -27394 -27399 -27401 -27409 -27417 -27424 -27430 -27438 -27440 -27447 -27455 -27458 -27465 -27470 -27473 -27481
-27486 -27493 -27498 -27502 -27509 -27519 -27528 -27538 -27544 -27547 -27551 -27553 -27561 -27569 -27572 -27575 -27579 -27582
-27583 -27591 -27592 -27600 -27601 -27605 -27611 -27613 -27616 -27626 -27630 -27640 -27646 -27651 -27655 -27660 -27667 -27669
-27675 -27684 -27691 -27693 -27697 -27700 -27708 -27711 -27717 -27725 -27730 -27732 -27734 -27742 -27749 -27756 -27757 -27763
-27766 -27773 -27780 -27786 -27790 -27798 -27799 -27809 -27815 -27821 -27826 -27831 -27839 -27846 -27847 -27850 -27860 -27870
-27877 -27887 -27891 -27894 -27900 -27909 -27917 -27919 -27921 -27924 -27925 -27933 -27939 -27949 -27959 -27961 -27964 -27967
-27969 -27973 -27974 -27979 -27985 -27988 -27991 -28000 -28009 -28018 -28028 -28038 -28044 -28054 -28063 -28073 -28083 -28084
-28086 -28092 -28098 -28104 -28107 -28113 -28114 -28117 -28120 -28125 -28127 -28137 -28141 -28145 -28148 -28158 -28160 -28168
-28169 -28173 -28183 -28187 -28191 -28195 -28196 -28204 -28209 -28211 -28217 -28221 -28231 -28240 -28248 -28258 -28268 -28270
-28274 -28278 -28279 -28282 -28287 -28289 -28290 -28300 -28307 -28314 -28319 -28329 -28332 -28333 -28335 -28339 -28347 -28356
-28361 -28364 -28368 -28369 -28370 -28377 -28379 -28381 -28382 -28384 -28391 -28394 -28402 -28405 -28408 -28409 -28416 -28421
-28423 -28429 -28435 -28440 -28443 -28450 -28459 -28461 -28466 -28468 -28476 -28482 -28487 -28497 -28502 -28509 -28510 -28519
-28523 -28529 -28534 -28542 -28551 -28557 -28563 -28573 -28576 -28579 -28588 -28597 -28602 -28612 -28621 -28622 -28632 -28637
-28645 -28651 -28661 -28664 -28668 -28673 -28683 -28685 -28692 -28701 -28711 -28721 -28730 -28731 -28735 -28739 -28744 -28750
-28760 -28763 -28773 -28776 -28779 -28782 -28790 -28800 -28807 -28812 -28821 -28823 -28825 -28830 -28831 -28834 -28837 -28846
-28856 -28864 -28869 -28875 -28877 -28884 -28889 -28896 -28901 -28910 -28911 -28913 -28915 -28919 -28921 -28923 -28928 -28938
-28946 -28954 -28958 -28964 -28965 -28970 -28976 -28985 -28991 -28995 -29004 -29012 -29014 -29022 -29032 -29035 -29043 -29050
-29058 -29065 -29067 -29075 -29079 -29082 -29091 -29097 -29099 -29104 -29114 -29122 -29127 -29137 -29146 -29149 -29158 -29168
-29177 -29184 -29190 -29192 -29194 -29203 -29209 -29215 -29224 -29234 -29237 -29247 -29254 -29259 -29266 -29271 -29278 -29281
-29287 -29288 -29290 -29292 -29295 -29297 -29300 -29309 -29316 -29317 -29325 -29328 -29332 -29340 -29349 -29354 -29364 -29371
-29374 -29381 -29390 -29391 -29395 -29397 -29399 -29402 -29404 -29405 -29410 -29418 -29423 -29429 -29431 -29436 -29445 -29452
-29456 -29461 -29470 -29475 -29477 -29481 -29485 -29487 -29494 -29503 -29513 -29517 -29522 -29532 -29535 -29542 -29546 -29548
-29555 -29562 -29567 -29572 -29580 -29582 -29591 -29595 -29599 -29604 -29614 -29621 -29626 -29627 -29629 -29634 -29640 -29641
-29645 -29650 -29653 -29654 -29662 -29664 -29671 -29678 -29686 -29693 -29697 -29707 -29715 -29718 -29720 -29724 -29730 -29734
-29739 -29744 -29748 -29749 -29755 -29758 -29762 -29763 -29764 -29765 -29767 -29775 -29779 -29788 -29794 -29799 -29808 -29810
-29816 -29819 -29828 -29829 -29832 -29838 -29847 -29851 -29861 -29868 -29873 -29879 -29882 -29887 -29892 -29897 -29906 -29907
-29917 -29921 -29929 -29930 -29931 -29941 -29949 -29957 -29963 -29973 -29974 -29984 -29989 -29998 -30000 -30010 -30018 -30023
-30028 -30033 -30035 -30037 -30045 -30048 -30049 -30054 -30062 -30071 -30072 -30074 -30076 -30084 -30093 -30095 -30098 -30105
-30106 -30111 -30119 -30120 -30129 -30134 -30141 -30151 -30154 -30161 -30169 -30172 -30182 -30184 -30191 -30195 -30199 -30203
-30206 -30212 -30213 -30216 -30221 -30229 -30234 -30239 -30244 -30250 -30255 -30256 -30263 -30269 -30271 -30280 -30285 -30292
-30297 -30300 -30301 -30302 -30307 -30316 -30317 -30327 -30331 -30338 -30341 -30347 -30352 -30353 -30361 -30368 -30373 -30376
-30384 -30386 -30395 -30403 -30408 -30409 -30419 -30425 -30433 -30443 -30452 -30454 -30458 -30465 -30475 -30476 -30484 -30491
-30498 -30499 -30505 -30509 -30512 -30516 -30524 -30529 -30534 -30537 -30546 -30552 -30561 -30566 -30567 -30573 -30581 -30587
-30590 -30599 -30607 -30613 -30622 -30628 -30629 -30630 -30640 -30641 -30643 -30651 -30653 -30662 -30668 -30669 -30678 -30685
-30691 -30693 -30703 -30706 -30715 -30720 -30721 -30729 -30731 -30741 -30743 -30746 -30753 -30754 -30755 -30758 -30767 -30777
-30780 -30783 -30789 -30793 -30796 -30798 -30806 -30807 -30817 -30824 -30829 -30833 -30835 -30841 -30851 -30856 -30864 -30874
-30879 -30885 -30894 -30897 -30907 -30910 -30918 -30923 -30929 -30939 -30943 -30952 -30958 -30965 -30975 -30976 -30980 -30989
-30994 -30999 -31001 -31005 -31010 -31012 -31020 -31025 -31027 -31030 -31040 -31042 -31045 -31047 -31054 -31058 -31065 -31074
-31079 -31084 -31092 -31097 -31100 -31106 -31109 -31119 -31125 -31130 -31137 -31147 -31156 -31165 -31169 -31177 -31183 -31185
-31194 -31200 -31209 -31219 -31227 -31230 -31237 -31242 -31249 -31258 -31266 -31268 -31275 -31277 -31287 -31288 -31291 -31300
-31310 -31319 -31326 -31329 -31336 -31344 -31345 -31352 -31359 -31360 -31366 -31375 -31382 -31384 -31390 -31392 -31397 -31407
-31414 -31424 -31432 -31441 -31446 -31449 -31456 -31460 -31464 -31466 -31467 -31473 -31476 -31479 -31481 -31483 -31493 -31503
-31512 -31517 -31523 -31525 -31529 -31537 -31538 -31542 -31543 -31544 -31545 -31551 -31561 -31570 -31578 -31584 -31592 -31597
-31602 -31611 -31612 -31615 -31622 -31629 -31639 -31646 -31654 -31659 -31666 -31669 -31679 -31680 -31682 -31688 -31698 -31702
-31710 -31713 -31720 -31727 -31732 -31736 -31737 -31739 -31747 -31756 -31761 -31767 -31776 -31781 -31791 -31798 -31804 -31809
-31814 -31817 -31819 -31825 -31832 -31839 -31848 -31849 -31855 -31856 -31859 -31869 -31873 -31882 -31885 -31893 -31899 -31907
-31914 -31916 -31919 -31922 -31926 -31936 -31940 -31942 -31947 -31957 -31964 -31971 -31979 -31986 -31996 -32004 -32007 -32013
-32022 -32027 -32028 -32038 -32039 -32041 -32046 -32050 -32057 -32065 -32074 -32079 -32089 -32094 -32099 -32105 -32109 -32112
-32120 -32129 -32131 -32140 -32144 -32154 -32158 -32161 -32166 -32168 -32176 -32179 -32183 -32185 -32188 -32198 -32201 -32202
-32212 -32217 -32223 -32230 -32240 -32241 -32244 -32247 -32257 -32258 -32262 -32263 -32267 -32274 -32276 -32282 -32288 -32297
-32298 -32300 -32302 -32309 -32312 -32322 -32325 -32333 -32340 -32349 -32355 -32363 -32373 -32374 -32383 -32387 -32395 -32405
-32413 -32423 -32425 -32435 -32438 -32444 -32450 -32460 -32467 -32472 -32477 -32487 -32491 -32496 -32506 -32512 -32518 -32525
-32528 -32536 -32544 -32550 -32554 -32558 -32560 -32570 -32580 -32581 -32586 -32588 -32589 -32594 -32595 -32604 -32607 -32614
-32618 -32622 -32626 -32631 -32641 -32645 -32647 -32654 -32655 -32656 -32659 -32668 -32678 -32687 -32688 -32692 -32697 -32701
-32703 -32705 -32710 -32715 -32722 -32724 -32726 -32733 -32739 -32748 -32755 -32762 -32768 -32777 -32784 -32785 -32789 -32798
-32806 -32814 -32820 -32824 -32832 -32841 -32846 -32852 -32857 -32858 -32863 -32868 -32870 -32874 -32881 -32883 -32887 -32894
-32896 -32899 -32908 -32913 -32918 -32926 -32927 -32931 -32932 -32935 -32937 -32942 -32952 -32953 -32962 -32969 -32974 -32978
-32983 -32984 -32985 -32995 -32999 -33005 -33012 -33019 -33028 -33036 -33040 -33042 -33048 -33050 -33059 -33064 -33067 -33075
-33077 -33082 -33090 -33095 -33098 -33104 -33112 -33122 -33125 -33133 -33143 -33148 -33153 -33163 -33168 -33171 -33174 -33184
-33185 -33189 -33193 -33200 -33201 -33206 -33211 -33218 -33227 -33235 -33244 -33250 -33256 -33263 -33267 -33277 -33287 -33294
-33299 -33309 -33313 -33315 -33318 -33321 -33327 -33335 -33345 -33352 -33359 -33363 -33372 -33378 -33385 -33393 -33399 -33405
-33415 -33417 -33419 -33422 -33429 -33432 -33442 -33447 -33452 -33462 -33470 -33472 -33476 -33478 -33486 -33494 -33495 -33505
-33513 -33522 -33531 -33538 -33548 -33554 -33555 -33563 -33573 -33574 -33582 -33589 -33592 -33599 -33607 -33612 -33618 -33624
-33633 -33643 -33653 -33658 -33664 -33670 -33674 -33678 -33679 -33683 -33689 -33695 -33698 -33706 -33707 -33712 -33722 -33725
-33727 -33737 -33743 -33751 -33757 -33761 -33762 -33763 -33766 -33771 -33772 -33779 -33782 -33789 -33796 -33801 -33809 -33814
-33816 -33823 -33829 -33839 -33840 -33849 -33852 -33855 -33865 -33872 -33873 -33880 -33887 -33891 -33901 -33908 -33910 -33912
-33921 -33929 -33930 -33934 -33944 -33953 -33963 -33967 -33970 -33973 -33978 -33988 -33990 -33998 -34000 -34004 -34012 -34021
-34022 -34023 -34024 -34033 -34043 -34053 -34062 -34072 -34079 -34086 -34092 -34098 -34104 -34113 -34122 -34123 -34131 -34134
-34137 -34145 -34149 -34153 -34156 -34166 -34169 -34179 -34183 -34192 -34198 -34201 -34205 -34214 -34216 -34226 -34234 -34241
-34248 -34255 -34261 -34264 -34267 -34273 -34281 -34288 -34291 -34298 -34303 -34308 -34311 -34320 -34321 -34327 -34337 -34338
-34343 -34345 -34353 -34356 -34357 -34366 -34367 -34373 -34379 -34382 -34390 -34394 -34400 -34404 -34411 -34417 -34422 -34427
-34432 -34441 -34448 -34454 -34459 -34467 -34469 -34471 -34475 -34481 -34490 -34496 -34500 -34501 -34506 -34514 -34519 -34527
-34534 -34536 -34538 -34542 -34552 -34559 -34569 -34577 -34586 -34594 -34604 -34606 -34613 -34618 -34624 -34634 -34636 -34646
-34653 -34658 -34660 -34664 -34668 -34677 -34684 -34693 -34699 -34701 -34703 -34711 -34719 -34721 -34731 -34738 -34747 -34755
-34763 -34769 -34770 -34778 -34781 -34785 -34791 -34801 -34806 -34810 -34811 -34816 -34823 -34829 -34832 -34834 -34839 -34841
-34849 -34851 -34858 -34866 -34867 -34868 -34876 -34883 -34891 -34900 -34901 -34905 -34910 -34918 -34928 -34937 -34946 -34952
-34960 -34962 -34971 -34973 -34983 -34984 -34990 -34999 -35009 -35015 -35017 -35019 -35024 -35028 -35034 -35039 -35041 -35043
-35047 -35057 -35059 -35064 -35070 -35078 -35079 -35084 -35089 -35096 -35104 -35107 -35115 -35125 -35126 -35129 -35137 -35146
-35150 -35157 -35158 -35168 -35171 -35175 -35180 -35185 -35188 -35189 -35194 -35200 -35204 -35210 -35211 -35215 -35221 -35229
-35235 -35244 -35248 -35251 -35258 -35263 -35270 -35273 -35278 -35282 -35287 -35292 -35296 -35297 -35302 -35309 -35313 -35314
-35321 -35324 -35333 -35335 -35342 -35351 -35357 -35362 -35367 -35376 -35383 -35389 -35399 -35401 -35406 -35409 -35415 -35416
-35417 -35427 -35429 -35432 -35437 -35441 -35448 -35455 -35461 -35463 -35464 -35469 -35473 -35478 -35484 -35491 -35501 -35510
-35515 -35523 -35530 -35534 -35544 -35553 -35558 -35560 -35565 -35570 -35573 -35575 -35582 -35583 -35585 -35589 -35594 -35604
-35605 -35615 -35620 -35626 -35628 -35638 -35647 -35655 -35662 -35664 -35674 -35677 -35685 -35695 -35701 -35710 -35714 -35721
-35722 -35727 -35728 -35734 -35735 -35743 -35746 -35748 -35751 -35760 -35767 -35768 -35772 -35774 -35778 -35785 -35792 -35801
-35803 -35812 -35815 -35824 -35831 -35837 -35841 -35843 -35848 -35857 -35864 -35865 -35874 -35877 -35880 -35889 -35897 -35903
-35904 -35910 -35918 -35923 -35931 -35933 -35936 -35941 -35945 -35951 -35953 -35958 -35964 -35973 -35978 -35979 -35984 -35989
-35993 -36000 -36005 -36010 -36019 -36021 -36031 -36037 -36042 -36046 -36056 -36066 -36073 -36083 -36092 -36100 -36102 -36105
-36111 -36113 -36118 -36128 -36133 -36135 -36136 -36145 -36148 -36154 -36160 -36162 -36171 -36178 -36183 -36188 -36193 -36200
-36206 -36212 -36217 -36227 -36237 -36246 -36252 -36258 -36268 -36273 -36278 -36288 -36290 -36292 -36293 -36301 -36308 -36312
-36313 -36322 -36330 -36332 -36341 -36346 -36348 -36354 -36359 -36362 -36372 -36377 -36387 -36394 -36403 -36408 -36409 -36411
-36415 -36416 -36422 -36430 -36432 -36436 -36446 -36449 -36452 -36456 -36461 -36468 -36473 -36483 -36486 -36492 -36496 -36500
-36504 -36512 -36513 -36519 -36525 -36530 -36537 -36541 -36551 -36553 -36556 -36558 -36566 -36572 -36576 -36586 -36594 -36595
-36605 -36614 -36616 -36618 -36627 -36635 -36639 -36647 -36649 -36653 -36658 -36661 -36668 -36669 -36673 -36681 -36690 -36698
-36703 -36707 -36717 -36723 -36726 -36730 -36735 -36736 -36744 -36753 -36758 -36768 -36770 -36773 -36781 -36782 -36791 -36801
-36807 -36809 -36810 -36818 -36819 -36828 -36829 -36834 -36842 -36843 -36850 -36853 -36863 -36869 -36870 -36872 -36882 -36884
-36893 -36903 -36904 -36905 -36908 -36914 -36919 -36923 -36930 -36937 -36939 -36941 -36950 -36960 -36961 -36969 -36978 -36986
-36992 -37002 -37006 -37008 -37009 -37019 -37026 -37032 -37033 -37041 -37051 -37055 -37059 -37063 -37071 -37072 -37079 -37085
-37095 -37103 -37109 -37118 -37126 -37133 -37138 -37142 -37145 -37155 -37156 -37160 -37166 -37173 -37183 -37187 -37197 -37202
-37203 -37212 -37222 -37224 -37225 -37231 -37237 -37246 -37247 -37255 -37263 -37265 -37275 -37281 -37285 -37293 -37298 -37301
-37305 -37313 -37321 -37324 -37330 -37331 -37336 -37342 -37348 -37356 -37358 -37362 -37370 -37372 -37379 -37387 -37389 -37394
-37395 -37403 -37413 -37417 -37420 -37428 -37431 -37433 -37438 -37444 -37449 -37450 -37458 -37465 -37474 -37478 -37484 -37492
-37494 -37497 -37501 -37509 -37513 -37516 -37522 -37532 -37540 -37546 -37555 -37556 -37559 -37563 -37573 -37581 -37585 -37589
-37595 -37601 -37610 -37614 -37619 -37625 -37634 -37636 -37641 -37650 -37651 -37653 -37659 -37662 -37671 -37672 -37682 -37688
-37694 -37703 -37706 -37709 -37711 -37721 -37725 -37735 -37742 -37743 -37745 -37748 -37750 -37756 -37761 -37762 -37765 -37770
-37773 -37780 -37786 -37793 -37795 -37800 -37806 -37813 -37823 -37826 -37832 -37837 -37838 -37846 -37854 -37862 -37864 -37868
-37877 -37880 -37889 -37894 -37897 -37906 -37914 -37917 -37922 -37926 -37929 -37932 -37942 -37946 -37951 -37952 -37961 -37962
-37964 -37969 -37971 -37978 -37980 -37984 -37989 -37991 -37995 -38002 -38008 -38016 -38019 -38026 -38035 -38045 -38048 -38056
-38062 -38066 -38069 -38079 -38086 -38095 -38098 -38101 -38107 -38116 -38117 -38120 -38129 -38132 -38140 -38149 -38157 -38165
-38172 -38175 -38183 -38186 -38190 -38199 -38208 -38210 -38214 -38217 -38219 -38225 -38231 -38234 -38243 -38248 -38254 -38263
-38266 -38269 -38278 -38286 -38287 -38294 -38300 -38305 -38310 -38316 -38320 -38321 -38325 -38326 -38330 -38334 -38338 -38344
-38349 -38359 -38361 -38364 -38370 -38374 -38375 -38381 -38391 -38397 -38405 -38414 -38419 -38424 -38427 -38436 -38437 -38441
-38449 -38455 -38456 -38465 -38469 -38472 -38476 -38480 -38484 -38486 -38493 -38496 -38501 -38510 -38514 -38524 -38527 -38528
-38534 -38538 -38543 -38545 -38553 -38556 -38557 -38560 -38565 -38570 -38575 -38584 -38587 -38594 -38603 -38609 -38615 -38624
-38631 -38636 -38646 -38648 -38658 -38666 -38667 -38674 -38677 -38678 -38680 -38681 -38689 -38692 -38697 -38700 -38701 -38708
-38713 -38720 -38725 -38727 -38729 -38737 -38747 -38753 -38758 -38765 -38773 -38777 -38781 -38788 -38793 -38800 -38803 -38805
-38806 -38816 -38819 -38826 -38835 -38843 -38846 -38849 -38858 -38867 -38868 -38870 -38877 -38879 -38880 -38882 -38887 -38897
-38905 -38909 -38913 -38920 -38929 -38933 -38939 -38942 -38945 -38953 -38956 -38957 -38962 -38967 -38972 -38979 -38982 -38983
-38987 -38992 -38994 -38998 -38999 -39008 -39011 -39016 -39021 -39025 -39032 -39035 -39041 -39043 -39044 -39045 -39048 -39050
-39060 -39061 -39070 -39077 -39081 -39091 -39095 -39105 -39109 -39116 -39120 -39128 -39131 -39135 -39141 -39150 -39160 -39165
-39169 -39175 -39183 -39186 -39195 -39201 -39211 -39214 -39216 -39224 -39232 -39242 -39244 -39246 -39253 -39254 -39261 -39262
-39268 -39278 -39286 -39290 -39297 -39301 -39307 -39315 -39317 -39327 -39332 -39339 -39346 -39351 -39359 -39366 -39372 -39377
-39380 -39385 -39391 -39397 -39404 -39407 -39410 -39417 -39424 -39433 -39442 -39452 -39461 -39470 -39479 -39485 -39492 -39498
-39505 -39511 -39514 -39520 -39529 -39532 -39535 -39545 -39553 -39555 -39562 -39567 -39577 -39582 -39588 -39598 -39604 -39614
-39623 -39628 -39630 -39635 -39639 -39649 -39659 -39664 -39671 -39673 -39681 -39686 -39694 -39698 -39704 -39705 -39709 -39714
-39719 -39720 -39724 -39725 -39734 -39741 -39748 -39755 -39761 -39765 -39775 -39780 -39781 -39785 -39787 -39792 -39796 -39805
-39811 -39820
