-41 -42 -46 -54 -59 -67 -76 -80 -84 -94 -101 -109 -114 -119 -129 -133 -138 -143
-146 -149 -151 -161 -166 -176 -179 -187 -196 -202 -210 -217 -224 -231 -233 -234 -244 -250
-252 -262 -269 -275 -282 -286 -290 -292 -293 -300 -305 -307 -312 -319 -322 -323 -330 -337
-340 -341 -348 -349 -358 -359 -368 -374 -378 -382 -383 -384 -394 -397 -404 -407 -417 -427
-434 -444 -452 -453 -461 -464 -469 -475 -479 -481 -484 -485 -495 -503 -505 -515 -522 -532
-534 -544 -547 -552 -560 -562 -564 -573 -578 -581 -583 -585 -586 -589 -596 -604 -614 -624
-631 -634 -643 -644 -646 -656 -666 -670 -673 -678 -682 -692 -695 -704 -707 -711 -716 -718
-727 -736 -738 -741 -745 -752 -757 -764 -771 -780 -781 -785 -793 -803 -811 -819 -827 -837
-845 -846 -849 -857 -863 -871 -877 -885 -893 -896 -899 -905 -912 -922 -928 -934 -943 -950
-951 -953 -963 -973 -983 -989 -997 -1006 -1007 -1012 -1021 -1024 -1025 -1030 -1036 -1040 -1045 -1049
-1059 -1060 -1067 -1069 -1071 -1081 -1084 -1085 -1094 -1097 -1103 -1113 -1122 -1125 -1132 -1134 -1140 -1148
-1151 -1157 -1166 -1172 -1178 -1185 -1195 -1196 -1206 -1213 -1216 -1218 -1221 -1222 -1227 -1228 -1232 -1242
-1247 -1251 -1256 -1259 -1260 -1263 -1265 -1275 -1279 -1288 -1292 -1296 -1297 -1298 -1307 -1312 -1322 -1330
-1334 -1343 -1349 -1353 -1360 -1367 -1369 -1376 -1386 -1392 -1393 -1396 -1400 -1409 -1414 -1424 -1428 -1434
-1438 -1441 -1450 -1460 -1468 -1470 -1477 -1482 -1489 -1494 -1499 -1504 -1511 -1512 -1518 -1528 -1537 -1541
-1546 -1551 -1553 -1560 -1563 -1566 -1572 -1573 -1574 -1580 -1590 -1597 -1607 -1610 -1616 -1624 -1626 -1628
-1629 -1632 -1634 -1643 -1649 -1654 -1659 -1669 -1679 -1686 -1687 -1689 -1693 -1702 -1706 -1716 -1722 -1730
-1738 -1748 -1750 -1755 -1757 -1765 -1775 -1776 -1786 -1787 -1793 -1795 -1803 -1810 -1819 -1828 -1830 -1839
-1841 -1843 -1850 -1860 -1867 -1868 -1878 -1882 -1891 -1901 -1904 -1911 -1919 -1926 -1928 -1931 -1932 -1941
-1946 -1954 -1955 -1963 -1965 -1973 -1976 -1983 -1985 -1991 -1993 -1995 -2005 -2007 -2008 -2012 -2021 -2022
-2027 -2035 -2043 -2044 -2047 -2049 -2054 -2062 -2067 -2077 -2078 -2082 -2089 -2093 -2103 -2113 -2116 -2122
-2129 -2136 -2137 -2139 -2144 -2154 -2158 -2167 -2177 -2187 -2196 -2201 -2206 -2216 -2225 -2232 -2238 -2243
-2247 -2249 -2252 -2256 -2258 -2267 -2275 -2282 -2287 -2297 -2299 -2301 -2308 -2313 -2315 -2324 -2326 -2333
-2336 -2343 -2351 -2357 -2362 -2366 -2375 -2385 -2389 -2391 -2392 -2398 -2406 -2413 -2417 -2419 -2427 -2431
-2432 -2439 -2448 -2455 -2457 -2460 -2463 -2470 -2477 -2487 -2488 -2494 -2504 -2506 -2511 -2521 -2529 -2536
-2545 -2546 -2551 -2556 -2558 -2564 -2568 -2573 -2574 -2580 -2589 -2598 -2601 -2603 -2606 -2611 -2617 -2624
-2632 -2636 -2643 -2651 -2661 -2669 -2676 -2683 -2686 -2687 -2691 -2693 -2702 -2711 -2720 -2727 -2730 -2740
-2742 -2750 -2760 -2770 -2776 -2786 -2787 -2794 -2801 -2807 -2813 -2814 -2821 -2827 -2829 -2831 -2839 -2846
-2847 -2850 -2856 -2861 -2868 -2875 -2880 -2883 -2893 -2901 -2902 -2910 -2912 -2917 -2923 -2925 -2926 -2931
-2933 -2937 -2944 -2950 -2960 -2967 -2973 -2976 -2985 -2987 -2991 -2998 -3003 -3012 -3022 -3023 -3028 -3034
-3040 -3049 -3054 -3060 -3062 -3072 -3074 -3077 -3082 -3091 -3099 -3106 -3113 -3123 -3129 -3136 -3139 -3148
-3157 -3163 -3172 -3174 -3182 -3183 -3193 -3194 -3200 -3201 -3210 -3212 -3222 -3231 -3236 -3241 -3244 -3245
-3247 -3250 -3259 -3262 -3263 -3266 -3273 -3279 -3282 -3283 -3285 -3288 -3291 -3295 -3300 -3308 -3311 -3319
-3329 -3335 -3337 -3346 -3352 -3353 -3358 -3361 -3371 -3374 -3378 -3387 -3389 -3395 -3403 -3405 -3414 -3421
-3424 -3431 -3439 -3443 -3452 -3454 -3455 -3464 -3466 -3473 -3480 -3490 -3493 -3502 -3503 -3513 -3516 -3525
-3526 -3532 -3537 -3544 -3548 -3556 -3565 -3574 -3578 -3580 -3581 -3589 -3596 -3602 -3609 -3614 -3621 -3625
-3631 -3638 -3641 -3648 -3656 -3664 -3674 -3678 -3679 -3684 -3694 -3702 -3703 -3710 -3714 -3717 -3722 -3724
-3731 -3735 -3739 -3749 -3759 -3760 -3765 -3770 -3777 -3783 -3790 -3795 -3799 -3801 -3807 -3813 -3818 -3826
-3828 -3838 -3839 -3843 -3849 -3856 -3866 -3876 -3879 -3888 -3896 -3906 -3912 -3914 -3920 -3928 -3937 -3943
-3950 -3955 -3956 -3959 -3967 -3974 -3978 -3986 -3992 -3998 -4002 -4007 -4014 -4021 -4024 -4030 -4031 -4038
-4045 -4051 -4059 -4069 -4077 -4087 -4093 -4102 -4106 -4111 -4118 -4125 -4133 -4134 -4138 -4144 -4149 -4151
-4159 -4165 -4167 -4177 -4186 -4189 -4191 -4199 -4203 -4209 -4212 -4222 -4226 -4236 -4238 -4242 -4249 -4251
-4259 -4268 -4275 -4276 -4279 -4283 -4286 -4288 -4297 -4299 -4307 -4310 -4320 -4329 -4335 -4337 -4345 -4354
-4364 -4366 -4368 -4372 -4375 -4377 -4384 -4388 -4397 -4404 -4405 -4406 -4409 -4411 -4417 -4421 -4427 -4432
-4433 -4440 -4444 -4451 -4460 -4470 -4474 -4483 -4489 -4490 -4492 -4499 -4500 -4510 -4514 -4521 -4531 -4533
-4542 -4551 -4560 -4564 -4566 -4569 -4579 -4580 -4582 -4584 -4587 -4588 -4597 -4607 -4617 -4627 -4634 -4641
-4645 -4650 -4651 -4661 -4669 -4672 -4677 -4681 -4689 -4694 -4698 -4703 -4709 -4713 -4720 -4730 -4736 -4737
-4746 -4751 -4760 -4763 -4768 -4774 -4784 -4792 -4795 -4803 -4812 -4814 -4824 -4827 -4830 -4833 -4843 -4849
-4859 -4867 -4871 -4875 -4885 -4890 -4895 -4903 -4906 -4912 -4919 -4925 -4933 -4937 -4946 -4949 -4958 -4967
-4969 -4977 -4985 -4991 -5001 -5005 -5007 -5014 -5018 -5021 -5024 -5031 -5039 -5040 -5049 -5050 -5055 -5056
-5063 -5072 -5076 -5085 -5088 -5089 -5095 -5100 -5102 -5103 -5104 -5105 -5107 -5114 -5116 -5126 -5135 -5145
-5149 -5156 -5166 -5174 -5182 -5188 -5192 -5197 -5200 -5206 -5207 -5208 -5217 -5220 -5228 -5234 -5242 -5243
-5244 -5253 -5263 -5267 -5272 -5278 -5282 -5288 -5292 -5294 -5300 -5302 -5306 -5316 -5324 -5327 -5328 -5336
-5338 -5346 -5348 -5357 -5359 -5368 -5369 -5378 -5382 -5387 -5392 -5396 -5401 -5409 -5414 -5416 -5421 -5427
-5431 -5440 -5441 -5446 -5452 -5457 -5464 -5474 -5481 -5489 -5492 -5495 -5497 -5505 -5506 -5516 -5517 -5524
-5534 -5536 -5541 -5543 -5546 -5551 -5554 -5555 -5559 -5564 -5574 -5580 -5586 -5587 -5595 -5600 -5610 -5613
-5623 -5627 -5633 -5641 -5643 -5653 -5659 -5664 -5667 -5673 -5674 -5676 -5679 -5681 -5683 -5691
