1159 1159 1159 1159 1159 1159 1159 1159 1159 1159 1159 1159 1159 1159 1159 1159 1159 1159
1159 1159 1159 1159 1159 1159 1159 1159 1159 1159 1159 1159 1159 1159 1159 1159 1159 1159
1159 1159 1159 1159 1159 1159 1159 1159 1159 1159 1159 1159 1159 1159 1159 1159 1159 1159
1159 1159 1159 1159 1159 1159 1159 1159 1159 1159 1159 1159 1159 1159 1159 1159 1159 1159
1159 1159 1159 1159 1159 1159 1159 1159 1159 1159 1159 1159 1159 1159 1159 1159 1159 1159
1159 1159 1159 1159 1159 1159 1159 1159 1159 1159 1159 1159 1159 1159 1159 1159 1159 1159
1159 1159 1159 1159 1159 1159 1159 1159 1159 1159 1159 1159 1159 1159 1159 1159 1159 1159
1159 1159 1159 1159 1159 1159 1159 1159 1159 1159 1159 1159 1159 1159 1159 1159 1159 1159
1159 1159 1159 1159 1159 1159 1159 1159 1159 1159 1159 1159 1159 1159 1159 1159 1159 1159
1159 1159 1159 1159 1159 1159 1159 1159 1159 1159 1159 1159 1159 1159 1159 1159 1159 1159
1159 1159 1159 1159 1159 1159 1159 1159 1159 1159 1159 1159 1159 1159 1159 1159 1159 1159
1159 1159 1159 1159 1159 1159 1159 1159 1159 1159 1159 1159 1159 1159 1159 1159 1159 1159
1159 1159 1159 1159 1159 1159 1159 1159 1159 1159 1159 1159 1159 1159 1159 1159 1159 1159
1159 1159 1159 1159 1159 1159 1159 1159 1159 1159 1159 1159 1159 1159 1159 1159 1159 1159
1159 1159 1159 1159 1159 1159 1159 1159 1159 1159 1159 1159 1159 1159 1159 1159 1159 1159
1159 1159 1159 1159 1159 1159 1159 1159 1159 1159 1159 1159 1159 1159 1159 1159 1159 1159
1159 1159 1159 1159 1159 1159 1159 1159 1159 1159 1159 1159 1159 1159 1159 1159 1159 1159
1159 1159 1159 1159 1159 1159 1159 1159 1159 1159 1159 1159 1159 1159 1159 1159 1159 1159
1159 1159 1159 1159 1159 1159 1159 1159 1159 1159 1159 1159 1159 1159 1159 1159 1159 1159
1159 1159 1159 1159 1159 1159 1159 1159 1159 1159 1159 1159 1159 1159 1159 1159 1159 1159
1159 1159 1159 1159 1159 1159 1159 1159 1159 1159 1159 1159 1159 1159 1159 1159 1159 1159
1159 1159 1159 1159 1159 1159 1159 1159 1159 1159 1159 1159 1159 1159 1159 1159 1159 1159
1159 1159 1159 1159 1159 1159 1159 1159 1159 1159 1159 1159 1159 1159 1159 1159 1159 1159
1159 1159 1159 1159 1159 1159 1159 1159 1159 1159 1159 1159 1159 1159 1159 1159 1159 1159
1159 1159 1159 1159 1159 1159 1159 1159 1159 1159 1159 1159 1159 1159 1159 1159 1159 1159
1159 1159 1159 1159 1159 1159 1159 1159 1159 1159 1159 1159 1159 1159 1159 1159 1159 1159
1159 1159 1159 1159 1159 1159 1159 1159 1159 1159 1159 1159 1159 1159 1159 1159 1159 1159
1159 1159 1159 1159 1159 1159 1159 1159 1159 1159 1159 1159 1159 1159 1159 1159 1159 1159
1159 1159 1159 1159 1159 1159 1159 1159 1159 1159 1159 1159 1159 1159 1159 1159 1159 1159
1159 1159 1159 1159 1159 1159 1159 1159 1159 1159 1159 1159 1159 1159 1159 1159 1159 1159
1159 1159 1159 1159 1159 1159 1159 1159 1159 1159 1159 1159 1159 1159 1159 1159 1159 1159
1159 1159 1159 1159 1159 1159 1159 1159 1159 1159 1159 1159 1159 1159 1159 1159 1159 1159
1159 1159 1159 1159 1159 1159 1159 1159 1159 1159 1159 1159 1159 1159 1159 1159 1159 1159
1159 1159 1159 1159 1159 1159 1159 1159 1159 1159 1159 1159 1159 1159 1159 1159 1159 1159
1159 1159 1159 1159 1159 1159 1159 1159 1159 1159 1159 1159 1159 1159 1159 1159 1159 1159
1159 1159 1159 1159 1159 1159 1159 1159 1159 1159 1159 1159 1159 1159 1159 1159 1159 1159
1159 1159 1159 1159 1159 1159 1159 1159 1159 1159 1159 1159 1159 1159 1159 1159 1159 1159
1159 1159 1159 1159 1159 1159 1159 1159 1159 1159 1159 1159 1159 1159 1159 1159 1159 1159
1159 1159 1159 1159 1159 1159 1159 1159 1159 1159 1159 1159 1159 1159 1159 1159 1159 1159
1159 1159 1159 1159 1159 1159 1159 1159 1159 1159 1159 1159 1159 1159 1159 1159 1159 1159
1159 1159 1159 1159 1159 1159 1159 1159 1159 1159 1159 1159 1159 1159 1159 1159 1159 1159
1159 1159 1159 1159 1159 1159 1159 1159 1159 1159 1159 1159 1159 1159 1159 1159 1159 1159
1159 1159 1159 1159 1159 1159 1159 1159 1159 1159 1159 1159 1159 1159 1159 1159 1159 1159
1159 1159 1159 1159 1159 1159 1159 1159 1159 1159 1159 1159 1159 1159 1159 1159 1159 1159
1159 1159 1159 1159 1159 1159 1159 1159 1159 1159 1159 1159 1159 1159 1159 1159 1159 1159
1159 1159 1159 1159 1159 1159 1159 1159 1159 1159 1159 1159 1159 1159 1159 1159 1159 1159
1159 1159 1159 1159 1159 1159 1159 1159 1159 1159 1159 1159 1159 1159 1159 1159 1159 1159
1159 1159 1159 1159 1159 1159 1159 1159 1159 1159 1159 1159 1159 1159 1159 1159 1159 1159
1159 1159 1159 1159 1159 1159 1159 1159 1159 1159 1159 1159 1159 1159 1159 1159 1159 1159
1159 1159 1159 1159 1159 1159 1159 1159 1159 1159 1159 1159 1159 1159 1159 1159 1159 1159
1159 1159 1159 1159 1159 1159 1159 1159 1159 1159 1159 1159 1159 1159 1159 1159 1159 1159
1159 1159 1159 1159 1159 1159 1159 1159 1159 1159 1159 1159 1159 1159 1159 1159 1159 1159
1159 1159 1159 1159 1159 1159 1159 1159 1159 1159 1159 1159 1159 1159 1159 1159 1159 1159
1159 1159 1159 1159 1159 1159 1159 1159 1159 1159 1159 1159 1159 1159 1159 1159 1159 1159
1159 1159 1159 1159 1159 1159 1159 1159 1159 1159 1159 1159 1159 1159 1159 1159 1159 1159
1159 1159 1159 1159 1159 1159 1159 1159 1159 1159 1159 1159 1159 1159 1159 1159 1159 1159
1159 1159 1159 1159 1159 1159 1159 1159 1159 1159 1159 1159 1159 1159 1159 1159 1159 1159
1159 1159 1159 1159 1159 1159 1159 1159 1159 1159 1159 1159 1159 1159 1159 1159 1159 1159
1159 1159 1159 1159 1159 1159 1159 1159 1159 1159 1159 1159 1159 1159 1159 1159 1159 1159
1159 1159 1159 1159 1159 1159 1159 1159 1159 1159 1159 1159 1159 1159 1159 1159 1159 1159
1159 1159 1159 1159 1159 1159 1159 1159 1159 1159 1159 1159 1159 1159 1159 1159 1159 1159
1159 1159 1159 1159 1159 1159 1159 1159 1159 1159 1159 1159 1159 1159 1159 1159 1159 1159
1159 1159 1159 1159 1159 1159 1159 1159 1159 1159 1159 1159 1159 1159 1159 1159 1159 1159
1159 1159 1159 1159 1159 1159 1159 1159 1159 1159 1159 1159 1159 1159 1159 1159 1159 1159
1159 1159 1159 1159 1159 1159 1159 1159 1159 1159 1159 1159 1159 1159 1159 1159 1159 1159
1159 1159 1159 1159 1159 1159 1159 1159 1159 1159 1159 1159 1159 1159 1159 1159 1159 1159
1159 1159 1159 1159 1159 1159 1159 1159 1159 1159 1159 1159 1159 1159 1159 1159 1159 1159
1159 1159 1159 1159 1159 1159 1159 1159 1159 1159 1159 1159 1159 1159 1159 1159 1159 1159
1159 1159 1159 1159 1159 1159 1159 1159 1159 1159 1159 1159 1159 1159 1159 1159 1159 1159
1159 1159 1159 1159 1159 1159 1159 1159 1159 1159 1159 1159 1159 1159 1159 1159 1159 1159
1159 1159 1159 1159 1159 1159 1159 1159 1159 1159 1159 1159 1159 1159 1159 1159 1159 1159
1159 1159 1159 1159 1159 1159 1159 1159 1159 1159 1159 1159 1159 1159 1159 1159 1159 1159
1159 1159 1159 1159 1159 1159 1159 1159 1159 1159 1159 1159 1159 1159 1159 1159 1159 1159
1159 1159 1159 1159 1159 1159 1159 1159 1159 1159 1159 1159 1159 1159 1159 1159 1159 1159
1159 1159 1159 1159 1159 1159 1159 1159 1159 1159 1159 1159 1159 1159 1159 1159 1159 1159
1159 1159 1159 1159 1159 1159 1159 1159 1159 1159 1159 1159 1159 1159 1159 1159 1159 1159
1159 1159 1159 1159 1159 1159 1159 1159 1159 1159 1159 1159 1159 1159 1159 1159 1159 1159
1159 1159 1159 1159 1159 1159 1159 1159 1159 1159 1159 1159 1159 1159 1159 1159 1159 1159
1159 1159 1159 1159 1159 1159 1159 1159 1159 1159 1159 1159 1159 1159 1159 1159 1159 1159
1159 1159 1159 1159 1159 1159 1159 1159 1159 1159 1159 1159 1159 1159 1159 1159 1159 1159
1159 1159 1159 1159 1159 1159 1159 1159 1159 1159 1159 1159 1159 1159 1159 1159 1159 1159
1159 1159 1159 1159 1159 1159 1159 1159 1159 1159 1159 1159 1159 1159 1159 1159 1159 1159
1159 1159 1159 1159 1159 1159 1159 1159 1159 1159 1159 1159 1159 1159 1159 1159 1159 1159
1159 1159 1159 1159 1159 1159 1159 1159 1159 1159 1159 1159 1159 1159 1159 1159 1159 1159
1159 1159 1159 1159 1159 1159 1159 1159 1159 1159 1159 1159 1159 1159 1159 1159 1159 1159
1159 1159 1159 1159 1159 1159 1159 1159 1159 1159 1159 1159 1159 1159 1159 1159 1159 1159
1159 1159 1159 1159 1159 1159 1159 1159 1159 1159 1159 1159 1159 1159 1159 1159 1159 1159
1159 1159 1159 1159 1159 1159 1159 1159 1159 1159 1159 1159 1159 1159 1159 1159 1159 1159
1159 1159 1159 1159 1159 1159 1159 1159 1159 1159 1159 1159 1159 1159 1159 1159 1159 1159
1159 1159 1159 1159 1159 1159 1159 1159 1159 1159 1159 1159 1159 1159 1159 1159 1159 1159
1159 1159 1159 1159 1159 1159 1159 1159 1159 1159 1159 1159 1159 1159 1159 1159 1159 1159
1159 1159 1159 1159 1159 1159 1159 1159 1159 1159 1159 1159 1159 1159 1159 1159 1159 1159
1159 1159 1159 1159 1159 1159 1159 1159 1159 1159 1159 1159 1159 1159 1159 1159 1159 1159
1159 1159 1159 1159 1159 1159 1159 1159 1159 1159 1159 1159 1159 1159 1159 1159 1159 1159
1159 1159 1159 1159 1159 1159 1159 1159 1159 1159 1159 1159 1159 1159 1159 1159 1159 1159
1159 1159 1159 1159 1159 1159 1159 1159 1159 1159 1159 1159 1159 1159 1159 1159 1159 1159
1159 1159 1159 1159 1159 1159 1159 1159 1159 1159 1159 1159 1159 1159 1159 1159 1159 1159
1159 1159 1159 1159 1159 1159 1159 1159 1159 1159 1159 1159 1159 1159 1159 1159 1159 1159
1159 1159 1159 1159 1159 1159 1159 1159 1159 1159 1159 1159 1159 1159 1159 1159 1159 1159
1159 1159 1159 1159 1159 1159 1159 1159 1159 1159 1159 1159 1159 1159 1159 1159 1159 1159
1159 1159 1159 1159 1159 1159 1159 1159 1159 1159 1159 1159 1159 1159 1159 1159 1159 1159
1159 1159 1159 1159 1159 1159 1159 1159 1159 1159 1159 1159 1159 1159 1159 1159 1159 1159
1159 1159 1159 1159 1159 1159 1159 1159 1159 1159 1159 1159 1159 1159 1159 1159 1159 1159
1159 1159 1159 1159 1159 1159 1159 1159 1159 1159 1159 1159 1159 1159 1159 1159 1159 1159
1159 1159 1159 1159 1159 1159 1159 1159 1159 1159 1159 1159 1159 1159 1159 1159 1159 1159
1159 1159 1159 1159 1159 1159 1159 1159 1159 1159 1159 1159 1159 1159 1159 1159 1159 1159
1159 1159 1159 1159 1159 1159 1159 1159 1159 1159 1159 1159 1159 1159 1159 1159 1159 1159
1159 1159 1159 1159 994 994 994 994 994 994 994 994 994 994 994 994 994 994
994 994 994 994 994 994 994 994 994 994 994 994 994 994 994 994 994 994
994 994 994 994 994 994 994 994 994 994 994 994 994 994 994 994 994 994
994 994 994 994 994 994 994 994 994 994 994 994 994 994 994 994 994 994
994 994 994 994 994 994 994 994 994 994 994 994 994 994 994 994 994 994
994 994 994 994 994 994 994 994 994 994 994 994 994 994 994 994 994 994
994 994 994 994 994 994 994 994 994 994 994 994 994 994 994 994 994 994
994 994 994 994 994 994 994 994 994 994 994 994 994 994 994 994 994 994
994 994 994 994 994 994 994 994 994 994 994 994 994 994 994 994 994 994
994 994 994 994 994 994 994 994 994 994 994 994 994 994 994 994 994 994
994 994 994 994 994 994 994 994 994 994 994 994 994 994 994 994 994 994
994 994 994 994 994 994 994 994 994 994 994 994 994 994 994 994 994 994
994 994 994 994 994 994 994 994 994 994 994 994 994 994 994 994 994 994
994 994 994 994 994 994 994 994 994 994 994 994 994 994 994 994 994 994
994 994 994 994 994 994 994 994 994 994 994 994 994 994 994 994 994 994
994 994 994 994 994 994 994 994 994 994 994 994 994 994 994 994 994 994
994 994 994 994 994 994 994 994 994 994 994 994 994 994 994 994 994 994
994 994 994 994 994 994 994 994 994 994 994 994 994 994 994 994 994 994
994 994 994 994 994 994 994 994 994 994 994 994 994 994 994 994 994 994
994 994 994 994 994 994 994 994 994 994 994 994 994 994 994 994 994 994
994 994 994 994 994 994 994 994 994 994 994 994 994 994 994 994 994 994
994 994 994 994 994 994 994 994 994 994 994 994 994 994 994 994 994 994
994 994 994 994 994 994 994 994 994 994 994 994 994 994 994 994 994 994
994 994 994 994 994 994 994 994 994 994 994 994 994 994 994 994 994 994
994 994 994 994 994 994 994 994 994 994 994 994 994 994 994 994 994 994
994 994 994 994 994 994 994 994 994 994 994 994 994 994 994 994 994 994
994 994 994 994 994 994 994 994 994 994 994 994 994 994 994 994 994 994
994 994 994 994 994 994 994 994 994 994 994 994 994 994 994 994 994 994
994 994 994 994 994 994 994 994 994 994 994 994 994 994 994 994 994 994
994 994 994 994 994 994 994 994 994 994 994 994 994 994 994 994 994 994
994 994 994 994 994 994 994 994 994 994 994 994 994 994 994 994 994 994
994 994 994 994 994 994 994 994 994 994 994 994 994 994 994 994 994 994
994 994 994 994 994 994 994 994 994 994 994 994 994 994 994 994 994 994
994 994 994 994 994 994 994 994 994 994 994 994 994 994 994 994 994 994
994 994 994 994 994 994 994 994 994 994 994 994 994 994 994 994 994 994
994 994 994 994 994 994 994 994 994 994 994 994 994 994 994 994 994 994
994 994 994 994 994 994 994 994 994 994 994 994 994 994 994 994 994 994
994 994 994 994 994 994 994 994 994 994 994 994 994 994 994 994 994 994
994 994 994 994 994 994 994 994 994 994 994 994 994 994 994 994 994 994
994 994 994 994 994 994 994 994 994 994 994 994 994 994 994 994 994 994
994 994 994 994 994 994 994 994 994 994 994 994 994 994 994 994 994 994
994 994 994 994 994 994 994 994 994 994 994 994 994 994 994 994 994 994
994 994 994 994 994 994 994 994 994 994 994 994 994 994 994 994 994 994
994 994 994 994 994 994 994 994 994 994 994 994 994 994 994 994 994 994
994 994 994 994 994 994 994 994 994 994 994 994 994 994 994 994 994 994
994 994 994 994 994 994 994 994 994 994 994 994 994 994 994 994 994 994
994 994 994 994 994 994 994 994 994 994 994 994 994 994 994 994 994 994
994 994 994 994 994 994 994 994 994 994 994 994 994 994 994 994 994 994
994 994 994 994 994 994 994 994 994 994 994 994 994 994 994 994 994 994
994 994 994 994 994 994 994 994 994 994 994 994 994 994 994 994 994 994
994 994 994 994 994 994 994 994 994 994 994 994 994 994 994 994 994 994
994 994 994 994 994 994 994 994 994 994 994 994 994 994 994 994 994 994
994 994 994 994 994 994 994 994 994 994 994 994 994 994 994 994 994 994
994 994 994 994 994 994 994 994 994 994 994 994 994 994 994 994 994 994
994 994 994 994 994 994 994 994 994 994 994 994 994 994 994 994 994 994
994 994 994 994 994 994 994 994 994 994 994 994 994 994 994 994 994 994
994 994 994 994 994 994 994 994 994 994 994 994 994 994 994 994 994 994
994 994 994 994 994 994 994 994 994 994 994 994 994 994 994 994 994 994
994 994 994 994 994 994 994 994 994 994 994 994 994 994 994 994 994 994
994 994 994 994 994 994 994 994 994 994 644 644 644 644 644 644 644 644
644 644 644 644 644 644 644 644 644 644 644 644 644 644 644 644 644 644
644 644 644 644 644 644 644 644 644 644 644 644 644 644 644 644 644 644
644 644 644 644 644 644 644 644 644 644 644 644 644 644 644 644 644 644
644 644 644 644 644 644 644 644 644 644 644 644 644 644 644 644 644 644
644 644 644 644 644 644 644 644 644 644 644 644 644 644 644 644 644 644
644 644 644 644 644 644 644 644 644 644 644 644 644 644 644 644 644 644
644 644 644 644 644 644 644 644 644 644 644 644 644 644 644 644 644 644
644 644 644 644 644 644 644 644 644 644 644 644 644 644 644 644 644 644
644 644 644 644 644 644 644 644 644 644 644 644 644 644 644 644 644 644
644 644 644 644 644 644 644 644 644 644 644 644 644 644 644 644 644 644
644 644 644 644 644 644 644 644 644 644 644 644 644 644 644 644 644 644
644 644 644 644 644 644 644 644 644 644 644 644 644 644 644 644 644 644
644 644 644 644 644 644 644 644 644 644 644 644 644 644 644 644 644 644
644 644 644 644 644 644 644 644 644 644 644 644 644 644 644 644 644 644
644 644 644 644 644 644 644 644 644 644 644 644 644 644 644 644 644 644
644 644 644 644 644 644 644 644 644 644 644 644 644 644 644 644 644 644
644 644 644 644 644 644 644 644 644 644 644 644 644 644 644 644 644 644
644 644 644 644 644 644 644 644 644 644 644 644 644 644 644 644 644 644
644 644 644 644 644 644 644 644 644 644 644 644 644 644 644 644 644 644
644 644 644 644 644 644 644 644 644 644 644 644 644 644 644 644 644 644
644 644 644 644 644 644 644 644 644 644 644 644 644 644 644 644 644 644
644 644 644 644 644 644 644 644 644 644 644 644 644 644 644 644 644 644
644 644 644 644 644 644 644 644 644 644 644 644 644 644 644 644 644 644
644 644 644 644 644 644 644 644 644 644 644 644 644 644 644 644 644 644
644 644 644 644 644 644 644 644 644 644 644 644 644 644 644 644 644 644
644 644 644 644 644 644 644 644 644 644 644 644 644 644 644 644 644 644
644 644 644 644 644 644 644 644 644 644 644 644 644 644 644 644 644 644
644 644 644 644 644 644 644 644 644 644 644 644 644 644 644 644 644 644
644 644 644 644 644 644 644 644 644 644 644 644 644 644 644 644 644 644
644 644 644 644 644 644 644 644 644 644 644 644 644 644 644 644 644 644
644 644 644 644 644 644 644 644 644 644 644 644 644 644 644 644 644 644
644 644 644 644 644 644 644 644 644 644 644 644 644 644 644 644 644 644
644 644 644 644 644 644 644 644 644 644 644 644 644 644 644 644 644 644
644 644 644 644 644 644 644 644 644 644 644 644 644 644 644 644 644 644
644 644 644 644 644 644 644 644 644 644 644 644 644 644 644 644 644 644
644 644 644 644 644 644 644 644 644 644 644 644 644 644 644 644 644 644
644 644 644 644 644 644 644 644 644 644 644 644 644 644 644 644 644 644
644 644 644 644 644 644 644 644 644 644 644 644 644 644 644 644 644 644
644 644 644 644 644 644 644 644 644 644 644 644 644 644 644 644 644 644
644 644 644 644 644 644 644 644 644 644 644 644 644 644 644 644 644 644
644 644 644 644 644 644 644 644 644 644 644 644 644 644 644 644 644 644
644 644 644 644 644 644 644 644 644 644 644 644 644 644 644 644 644 644
644 644 644 644 644 644 644 644 644 644 644 644 644 644 644 644 644 644
644 644 644 644 644 644 644 644 644 644 644 644 644 644 644 644 644 644
644 644 644 644 644 644 644 644 644 644 644 644 644 644 644 644 644 644
644 644 644 644 644 644 644 644 644 644 644 644 644 644 644 644 644 644
644 644 644 644 644 644 644 644 644 644 644 644 644 644 644 644 644 644
644 644 644 644 644 644 644 644 644 644 644 644 644 644 644 644 644 644
644 644 644 644 644 644 644 644 644 644 644 644 644 644 644 644 644 644
644 644 644 644 644 644 644 644 644 644 644 644 644 644 644 644 644 644
644 644 644 644 644 644 644 644 644 644 644 644 644 644 644 644 644 644
644 644 644 644 644 644 644 644 644 644 644 644 644 644 644 644 644 644
644 644 644 644 644 644 644 644 644 644 644 644 644 644 644 644 644 644
644 644 644 644 644 644 644 644 644 644 644 644 644 644 644 644 644 644
644 644 644 644 644 644 644 644 644 644 644 644 644 644 644 644 644 644
644 644 644 644 644 644 644 644 644 644 644 644 644 644 644 644 644 644
644 644 644 644 644 644 644 644 644 644 644 644 644 644 644 644 644 644
644 644 644 644 644 644 644 644 644 644 644 644 644 644 644 644 644 644
644 644 644 644 644 644 644 644 644 644 644 644 644 644 644 644 644 644
644 644 644 644 644 644 644 644 644 644 644 644 644 644 644 644 644 644
644 644 644 644 644 644 644 644 644 644
