-812 -812 -812 -812 -812 -812 -812 -812 -812 -812 -812 -812 -812 -812 -812 -812 -812 -812
-812 -812 -812 -812 -812 -812 -812 -812 -812 -812 -812 -812 -812 -812 -812 -812 -812 -812
-812 -812 -812 -812 -812 -812 -812 -812 -812 -812 -812 -812 -812 -812 -812 -812 -812 -812
-812 -812 -812 -812 -812 -812 -812 -812 -812 -812 -812 -812 -812 -812 -812 -812 -812 -812
-812 -812 -812 -812 -812 -812 -812 -812 -812 -812 -812 -812 -812 -812 -812 -812 -812 -812
-812 -812 -812 -812 -812 -812 -812 -812 -812 -812 -812 -812 -812 -812 -812 -812 -812 -812
-812 -812 -812 -812 -812 -812 -812 -812 -812 -812 -812 -812 -812 -812 -812 -812 -812 -812
-812 -812 -812 -812 -812 -812 -812 -812 -812 -812 -812 -812 -812 -812 -812 -812 -812 -812
-812 -812 -812 -812 -812 -812 -812 -812 -812 -812 -812 564 564 564 564 564 564 564
564 564 564 564 564 564 564 564 564 564 564 564 564 564 564 564 564 564
564 564 564 564 564 564 564 564 564 564 564 564 564 564 564 564 564 564
564 564 564 564 564 564 564 564 564 564 564 564 564 564 564 564 564 564
564 564 564 564 564 564 564 564 564 564 564 564 564 564 564 564 564 564
564 564 564 564 564 564 564 564 564 564 564 564 564 564 564 564 564 564
564 564 564 564 564 564 564 564 564 564 564 564 564 564 564 564 564 564
564 564 564 564 564 564 564 564 564 564 564 564 564 564 564 564 564 564
564 564 564 564 564 564 564 564 564 564 564 564 564 564 564 564 564 564
564 564 564 564 564 564 564 564 564 564 564 564 564 564 564 564 564 564
564 564 564 564 564 564 564 564 564 564 564 564 564 564 564 564 564 564
564 564 564 564 564 564 564 564 564 564 564 564 564 564 564 564 564 564
564 564 564 564 564 564 564 564 564 564 564 564 564 564 564 564 564 564
564 564 564 564 564 564 564 564 564 564 564 564 564 564 564 564 564 564
564 564 564 564 564 564 564 564 564 564 564 564 564 564 564 564 564 564
564 564 564 564 564 564 564 564 564 564 564 564 564 564 564 564 564 564
564 564 564 564 564 564 564 564 564 564 564 564 564 564 564 564 564 564
564 564 564 564 564 564 564 564 564 564 564 564 564 564 564 564 564 564
564 564 564 564 564 564 564 564 564 564 564 564 564 564 564 564 564 564
564 564 564 564 564 564 564 564 564 564 564 564 564 564 564 564 564 564
564 564 564 564 564 564 564 564 564 564 564 564 564 564 564 564 564 564
564 564 564 564 564 564 564 564 564 564 564 564 564 564 564 564 564 564
564 564 564 564 564 564 564 564 564 564 564 564 564 564 564 564 564 564
564 564 564 564 564 564 564 564 564 564 564 564 564 564 564 564 564 564
564 564 564 564 564 564 564 564 564 564 564 564 564 564 564 564 564 564
564 564 564 564 564 564 564 564 564 564 564 564 564 564 564 564 564 564
564 564 564 564 564 564 564 564 564 564 564 564 564 564 564 564 564 564
564 564 564 564 564 564 564 564 564 564 564 564 564 564 564 564 564 564
564 564 564 564 564 564 564 564 564 564 564 564 564 564 564 564 564 564
564 564 564 564 564 564 564 564 564 564 564 564 564 564 564 564 564 564
564 564 564 564 564 564 564 564 564 564 564 564 564 564 564 564 867 867
867 867 867 867 867 867 867 867 867 867 867 867 867 867 867 867 867 867
867 867 867 867 867 867 867 867 867 867 867 867 867 867 867 867 867 867
867 867 867 867 867 867 867 867 867 867 867 867 867 867 867 867 867 867
867 867 867 867 867 867 867 867 867 867 867 867 867 867 867 867 867 867
867 867 867 867 867 867 867 867 867 867 867 867 867 867 867 867 867 867
867 867 867 867 867 867 867 867 867 867 867 867 867 867 867 867 867 867
867 867 867 867 867 867 867 867 867 867 867 867 867 867 867 867 867 867
867 867 867 867 867 867 867 867 867 867 867 867 867 867 867 867 867 867
867 867 867 867 867 867 867 867 867 867 867 867 867 867 867 867 867 867
867 867 867 867 867 867 867 867 867 867 867 867 867 867 867 867 867 867
867 867 867 867 867 867 867 867 867 867 867 867 867 867 867 867 867 867
867 867 867 867 867 867 867 867 867 867 867 867 867 867 867 867 867 867
867 867 867 867 867 867 867 867 867 867 867 867 867 867 867 867 867 867
867 867 867 867 867 867 867 867 867 867 867 867 867 867 867 867 867 867
867 867 867 867 867 867 867 867 867 867 867 867 867 867 867 867 867 867
867 867 867 867 867 867 867 867 867 867 867 867 867 867 867 867 867 867
867 867 867 867 867 867 867 867 867 867 867 867 867 867 867 867 867 867
867 867 867 867 867 867 867 867 867 867 867 867 867 867 867 867
