-823 -823 -823 -823 -823 -823 -823 -823 -823 -823 -823 -823 -823 -823 -823 -823 -823 -823
-823 -823 -823 -823 -823 -823 -823 -823 -823 -823 -823 -823 -823 -823 -823 -823 -823 -823
-823 -823 -823 -823 -823 -823 -823 -823 -823 -823 -823 -823 -823 -823 -823 -823 -823 -823
-823 -823 -823 -823 -823 -823 -823 -823 -823 -823 -823 -823 -823 -823 -823 -823 -823 -823
-823 -823 -823 -823 -823 -823 -823 -823 -823 -823 -823 -823 -823 -823 -823 -823 -823 -823
-823 -823 -823 -823 -823 -823 -823 -823 -823 -823 -823 -823 -823 -823 -823 -823 -823 -823
-823 -823 -823 -823 -823 -823 -823 -823 -823 -823 -823 -823 -823 -823 -823 -823 -823 -823
-823 -823 -823 -823 -823 -823 -823 -823 -823 -823 -823 -823 -823 -823 -823 -823 -823 -823
-823 -823 -823 -823 -823 -823 -823 -823 -823 -823 -823 -823 -823 -823 -823 -823 -823 -823
-823 -823 -823 -823 -823 -823 -823 -823 -823 -823 -823 -823 -823 -823 -823 -823 -823 -823
-823 -823 -823 -823 -823 -823 -823 -823 -823 -823 -823 -823 -823 -823 -823 -823 -823 -823
-823 -823 -823 -823 -823 -823 -823 -823 -823 -823 -823 -823 -2033 -2033 -2033 -2033 -2033 -2033
-2033 -2033 -2033 -2033 -2033 -2033 -2033 -2033 -2033 -2033 -2033 -2033 -2033 -2033 -2033 -2033 -2033 -2033
-2033 -2033 -2033 -2033 -2033 -2033 -2033 -2033 -2033 -2033 -2033 -2033 -2033 -2033 -2033 -2033 -2033 -2033
-2033 -2033 -2033 -2033 -2033 -2033 -2033 -2033 -2033 -2033 -2033 -2033 -2033 -2033 -2033 -2033 -2033 -2033
-2033 -2033 -2033 -2033 -2033 -2033 -2033 -2033 -2033 -2033 -2033 -2033 -2033 -2033 -2033 -2033 -2033 -2033
-2033 -2033 -2033 -2033 -2033 -2033 -2033 -2033 -2033 -2033 -2033 -2033 -2033 -2033 -2033 -2033 -2033 -2033
-2033 -2033 -2033 -2033 -2033 -2033 -2033 -2033 -2033 -2033 -2033 -2033 -2033 -2033 -2033 -2033 -2033 -2033
-2033 -2033 -2033 -2033 -2033 -2033 -2033 -2033 -2033 -2033 -2033 -2033 -2033 -2033 -2033 -2033 -2033 -2033
-2033 -2033 -2033 -2033 -2033 -2033 -2033 -2033 -2033 -2033 -2033 -2033 -2033 -2033 -2033 -2033 -2033 -2033
-2033 -2033 -2033 -2033 -2033 -2033 -2033 -2033 -2033 -2033 -2033 -2033 -2033 -2033 -2033 -2033 -2033 -2033
-2033 -2033 -2033 -2033 -2033 -2033 -2033 -2033 -2033 -2033 -2033 -2033 -2033 -2033 -2033 -2033 -2033 -2033
-2033 -2033 -2033 -2033 -2033 -2033 -2033 -2033 -2033 -2033 -2033 -2033 -2033 -2033 -2033 -2033 -2033 -2033
-2033 -2033 -2033 -2033 -2033 -2033 -2033 -2033 -2033 -2033 -2033 -2033 -2033 -2033 -2033 -2033 -2033 -2033
-2033 -2033 -2033 -2033 -2033 -2033 -2033 -2033 -2033 -2033 -2033 -2033 -2033 -2033 -2033 -2033 -2033 -2033
-2033 -2033 -2033 -2033 -2033 -2033 -2033 -2033 -2033 -2033 -2033 -2033 -2033 -2033 -2033 -2033 -2033 -2033
-2033 -2033 -2033 -2033 -2033 -2033 -2033 -2033 -2033 -2033 -2033 -2033 -2033 -2033 -2033 -2033 -2033 -2033
-2033 -2033 -2033 -2033 -2033 -2033 -2033 -2033 -2033 -2033 -2033 -2033 -2033 -2033 -2033 -2033 -2033 -2033
-2033 -2033 -2033 -2033 -2033 -2033 -2033 -2033 -2033 -2033 -2033 -2033 -2033 -2033 -2033 -2033 -2033 -2033
-2033 -2033 -2033 -2033 -2033 -2033 -2033 -2033 -2033 -2033 -2033 -2033 -2033 -2033 -2033 -2033 -2033 -2033
-2033 -2033 -2033 -2033 -2033 -2033 -2033 -2033 -2033 -2033 -2033 -2033 -2033 -2033 -2033 -2033 -2033 -2033
-2033 -2033 -2033 -2033 -2033 -2033 -2033 -2033 -2033 -2033 -2033 -2033 -2033 -2033 -2033 -2033 -2033 -2033
-2033 -2033 -2033 -2033 -2033 -2033 -2033 -2033 -2033 -2033 -2033 -2033 -2033 -2033 -2033 -2033 -2033 -2033
-2033 -2033 -2033 -2033 -2033 -2033 -2033 -2033 -2033 -2033 -2033 -2033 -2033 -2033 -2033 -2033 -2033 -2033
-2033 -2033 -2033 -2033 -2033 -2033 -2033 -2033 -2033 -2033 -2033 -2033 -2033 -2033 -2033 -2033 -2033 -2033
-2033 -2033 -2033 -2033 -2033 -2033 -2033 -2033 -2033 -2033 -2033 -2033 -2033 -2033 -2033 -2033 -2033 -2033
-2033 -2033 -2033 -2033 -2033 -2033 -2033 -2033 -2033 -2033 -2033 -2033 -2033 -2033 -2033 -2033 -2033 -2033
-2033 -2033 -2033 -2033 -2033 -2033 -2033 -2033 -2033 -2033 -2033 -2033 -2033 -2033 -2033 -2033 -2033 -2033
-2033 -2033 -2033 -2033 -2033 -2033 -2033 -2033 -2033 -2033 -2033 -2033 -2033 -2033 -2033 -2033 -2033 -2033
-2033 -2033 -2033 -2033 -2033 -2033 -2033 -2033 -2033 -2033 -2033 -2033 -2033 -2033 -2033 -2033 -2033 -2033
-2033 -2033 -2033 -2033 -2033 -2033 -2033 -2033 -2033 -2033 -2033 -2033 -2033 -2033 -2033 -2033 -2033 -2033
-2033 -2033 -2033 -2033 -2033 -2033 -2033 -2033 -2033 -2033 -2033 -2033 -2033 -2033 -2033 -2033 -2033 -2033
-2033 -2033 -2033 -2033 -2033 -2033 -2033 -2033 -2033 -2033 -2033 -2033 -2033 -2033 -2033 -2033 -2033 -2033
-2033 -2033 -2033 -2033 -2033 -2033 -2033 -2033 -2033 -2033 -2033 -2033 -2033 -2033 -2033 -2033 -2033 -2033
-2033 -2033 -2033 -2033 -2033 -2033 -2033 -2033 -2033 -2033 -2033 -2033 -2033 -2033 622 622 622 622
622 622 622 622 622 622 622 622 622 622 622 622 622 622 622 622 622 622
622 622 622 622 622 622 622 622 622 622 622 622 622 622 622 622 622 622
622 622 622 622 622 622 622 622 622 622 622 622 622 622 622 622 622 622
622 622 622 622 622 622 622 622 622 622 622 622 622 622 622 622 622 622
622 622 622 622 622 622 622 622 622 622 622 622 622 622 622 622 622 622
622 622 622 622 622 622 622 622 622 622 622 622 622 622 622 622 622 622
622 622 622 622 622 622 622 622 622 622 622 622 622 622 622 622 622 622
622 622 622 622 622 622 622 622 622 622 622 622 622 622 622 622 622 622
622 622 622 622 622 622 622 622 622 622 622 622 622 622 622 622 622 622
622 622 622 622 622 622 622 622 622 622 622 622 622 622 622 622 622 622
622 622 622 622 622 622 622 622 622 622 622 622 622 622 622 622 622 622
622 622 622 622 622 622 622 622 622 622 622 622 622 622 622 622 622 622
622 622 622 622 622 622 622 622 622 622 622 622 622 622 622 622 622 622
622 622 622 622 622 622 622 622 622 622 622 622 622 622 622 622 622 622
622 622 622 622 622 622 622 622 622 622 622 622 622 622 622 622 622 622
622 622 622 622 622 622 622 622 622 622 622 622 622 622 622 622 622 622
622 622 622 622 622 622 622 622 622 622 622 622 622 622 622 622 622 622
622 622 622 622 622 622 622 622 622 622 622 622 622 622 622 622 622 622
622 622 622 622 622 622 622 622 622 622 622 622 622 622 622 622 622 622
622 622 622 622 622 622 622 622 622 622 622 622 622 622 622 622 622 622
622 622 622 622 622 622 622 622 622 622 622 622 622 622 622 622 622 622
622 622 622 622 622 622 622 622 622 622 622 622 622 622 622 622 622 622
622 622 622 622 622 622 622 622 622 622 622 622 622 622 622 622 622 622
622 622 622 622 622 622 622 622 622 622 622 622 622 622 622 622 79 79
79 79 79 79 79 79 79 79 79 79 79 79 79 79 79 79 79 79
79 79 79 79 79 79 79 79 79 79 79 79 79 79 79 79 79 79
79 79 79 79 79 79 79 79 79 79 79 79 79 79 79 79 79 79
79 79 79 79 79 79 79 79 79 79 79 79 79 79 79 79 79 79
79 79 79 79 79 79 79 79 79 79 79 79 79 79 79 79 79 79
79 79 79 79 79 79 79 79 79 79 79 79 79 79 79 79 79 79
79 79 79 79 79 79 79 79 79 79 79 79 79 79 79 79 79 79
79 79 79 79 79 79 79 79 79 79 79 79 79 79 79 79 79 79
79 79 79 79 79 79 79 79 79 79 79 79 79 79 79 79 79 79
79 79 79 79 79 79 79 79 79 79 79 79 79 79 79 79 79 79
79 79 79 79 79 79 79 79 79 79 79 79 79 79 79 79 79 79
79 79 79 79 79 79 79 79 79 79 79 79 79 79 79 79 79 79
79 79 79 79 79 79 79 79 79 79 79 79 79 79 79 79 79 79
79 79 79 79 79 79 79 79 79 79 79 79 79 79 79 79 79 79
79 79 79 79 79 79 79 79 79 79 79 79 79 79 79 79 79 79
79 79 79 79 79 79 79 79 79 79 79 79 79 79 79 79 79 79
79 79 79 79 79 79 79 79 79 79 79 79 79 79 79 79 79 79
79 79 79 79 79 79 79 79 79 79 79 79 79 79 79 79 79 79
79 79 79 79 79 79 79 79 79 79 79 79 79 79 79 79 79 79
79 79 79 79 79 79 79 79 79 79 79 79 79 79 79 79 79 79
79 79 79 79 79 79 79 79 79 79 79 79 79 79 79 79 79 79
79 79 79 79 79 79 79 79 79 79 79 79 79 79 79 79 79 79
79 79 79 79 79 79 79 79 79 79 79 79 79 79 79 79 79 79
79 79 79 79 79 79 79 79 79 79 79 79 79 79 79 79 79 79
79 79 79 79 79 79 79 79 79 79 79 79 79 79 79 79 79 79
79 79 79 79 79 79 79 79 79 79 79 79 79 79 79 79 79 79
79 79 79 79 79 79 79 79 79 79 79 79 79 79 79 79 79 79
79 79 79 79 79 79 79 79 79 79 79 79 79 79 79 79 79 79
79 79 79 79 79 79 79 79 79 79 79 79 79 79 79 79 79 79
79 79 79 79 79 79 79 79 79 79 79 79 79 79 79 79 79 79
79 79 79 79 79 79 79 79 79 79 79 79 79 79 79 79 79 79
79 79 79 79 79 79 79 79 79 79 79 79 79 79 79 79 79 79
79 79 79 79 79 79 79 79 79 79 79 79 79 79 79 79 79 79
79 79 79 79 79 79 79 79 79 79 79 79 79 79 79 79 79 79
79 79 79 79 79 79 79 79 79 79 79 79 79 79 79 79 79 79
79 79 79 79 79 79 79 79 79 79 79 79 79 79 79 79 79 79
79 79 79 79 79 79 79 79 79 79 79 79 79 79 79 79 79 79
79 79 79 79 79 79 79 79 79 79 79 79 79 79 79 79 79 79
79 79 79 79 79 79 79 79 79 79 79 79 79 79 79 79 79 79
79 79 79 79 79 79 79 79 79 79 79 79 79 79 79 79 79 79
79 79 79 79 79 79 79 79 79 79 79 79 79 79 79 79 79 79
79 79 79 79 79 79 79 79 79 79 79 79 79 79 79 79 79 79
79 79 79 79 79 79 79 79 79 79 79 79 79 79 79 79 79 79
79 79 79 79 79 79 79 79 79 79 79 79 79 79 79 79 79 79
79 79 79 79 79 79 79 79 79 79 79 79 79 79
