186 189 193 194 202 206 212 213 219 221 224 234 243 251 256 260 264 274
276 277 287 290 293 298 305 313 322 327 328 338 342 350 352 361 368 373
382 383 387 388 391 395 396 401 405 413 420 425 426 436 444 448 456 462
469 475 476 482 490 494 499 502 507 511 519 528 530 535 543 549 557 558
562 568 576 577 585 586 589 593 602 607 608 609 619 627 628 633 641 645
654 655 661 663 671 673 683 687 696 701 710 718 720 730 739 744 751 755
762 766 769 772 780 783 787 793 797 803 811 820 830 835 845 851 854 862
869 879 887 894 903 910 914 915 924 928 932 936 942 949 955 965 967 974
976 978 985 988 989 990 991 995 1000 1004 1007 1010 1018 1028 1037 1042 1044 1047
1056 1057 1059 1069 1076 1080 1088 1091 1096 1104 1114 1118 1127 1133 1143 1149 1150 1156
1165 1167 1170 1173 1175 1183 1186 1193 1195 1202 1212 1217 1220 1229 1237 1246 1247 1255
1261 1267 1272 1279 1289 1292 1299 1306 1314 1321 1323 1329 1338 1345 1353 1356 1358 1364
1370 1380 1386 1388 1397 1401 1403 1411 1421 1427 1429 1436 1437 1439 1447 1456 1466 1470
1473 1476 1481 1486 1494 1504 1510 1515 1524 1532 1533 1537 1541 1542 1547 1554 1564 1573
1582 1590 1591 1595 1602 1605 1610 1617 1622 1623 1633 1636 1643 1645 1651 1657 1666 1669
1675 1676 1683 1687 1697 1702 1704 1712 1719 1721 1722 1730 1732 1735 1738 1744 1752 1753
1759 1761 1765 1774 1782 1790 1791 1801 1807 1811 1820 1830 1837 1841 1849 1857 1867 1871
1875 1883 1887 1894 1901 1902 1908 1911 1916 1926 1933 1942 1950 1959 1963 1965 1967 1977
1981 1983 1992 1996 2002 2007 2013 2016 2025 2032 2041 2050 2051 2054 2060 2062 2067 2075
2085 2095 2096 2101 2110 2116 2118 2123 2132 2136 2145 2151 2154 2156 2163 2167 2169 2171
2180 2190 2195 2200 2202 2211 2219 2220 2230 2239 2244 2251 2254 2258 2259 2266 2268 2278
2281 2283 2287 2290 2299 2305 2314 2319 2323 2327 2337 2338 2344 2348 2351 2361 2369 2370
2372 2381 2386 2388 2396 2397 2398 2399 2408 2418 2427 2436 2443 2445 2448 2455 2458 2464
2470 2472 2481 2487 2491 2494 2495 2496 2506 2513 2514 2519 2524 2525 2528 2538 2543 2544
2551 2552 2561 2569 2574 2577 2580 2584 2585 2593 2599 2600 2604 2609 2616 2620 2621 2631
2636 2637 2643 2644 2650 2654 2663 2672 2676 2678 2686 2696 2702 2712 2715 2725 2729 2735
2739 2741 2750 2756 2764 2769 2778 2781 2782 2789 2797 2802 2811 2815 2821 2827 2834 2842
2852 2861 2862 2871 2881 2891 2892 2902 2909 2913 2915 2924 2928 2937 2945 2953 2957 2960
2961 2962 2970 2973 2975 2980 2985 2991 2999 3003 3013 3018 3027 3032 3033 3039 3047 3052
3062 3068 3077 3084 3093 3098 3099 3100 3104 3107 3116 3117 3121 3122 3125 3127 3133 3134
3140 3142 3149 3152 3162 3165 3166 3176 3179 3184 3194 3201 3202 3208 3211 3217 3223 3233
3243 3252 3257 3258 3265 3270 3274 3282 3290 3294 3295 3304 3314 3317 3322 3332 3336 3342
3350 3358 3360 3366 3369 3372 3381 3391 3393 3398 3407 3413 3421 3425 3432 3437 3441 3449
3450 3457 3458 3464 3469 3477 3482 3484 3489 3498 3507 3517 3522 3532 3542 3546 3556 3559
3566 3576 3581 3585 3590 3591 3597 3604 3610 3616 3626 3629 3631 3636 3643 3650 3654 3658
3663 3668 3673 3681 3690 3691 3696 3706 3709 3716 3724 3734 3737 3739 3748 3756 3764 3766
3776 3785 3792 3795 3799 3806 3812 3822 3823 3833 3842 3851 3854 3859 3860 3862 3863 3866
3870 3876 3886 3890 3892 3898 3899 3900 3907 3916 3926 3932 3935 3937 3938 3941 3950 3959
3961 3966 3976 3978 3980 3982 3984 3991 3996 4002 4005 4006 4009 4016 4021 4031 4033 4038
4041 4044 4053 4059 4060 4070 4078 4081 4082 4083 4091 4093 4101 4108 4109 4118 4121 4123
4124 4126 4129 4136 4143 4151 4161 4166 4171 4181 4190 4196 4201 4205 4208 4211 4215 4221
4231 4238 4245 4253 4255 4262 4263 4268 4275 4277 4279 4284 4287 4293 4303 4304 4312 4317
4326 4333 4334 4335 4338 4348 4352 4361 4368 4370 4379 4389 4396 4406 4413 4422 4432 4438
4443 4453 4461 4468 4477 4485 4494 4504 4512 4522 4523 4533 4541 4542 4549 4559 4567 4568
4569 4577 4584 4591 4597 4599 4602 4604 4614 4618 4620 4628 4630 4636 4641 4645 4652 4654
4664 4669 4673 4679 4687 4689 4691 4693 4696 4702 4705 4708 4712 4717 4720 4727 4736 4740
4750 4760 4761 4770 4773 4782 4789 4794 4799 4802 4810 4811 4819 4827 4828 4837 4846 4854
4863 4867 4873 4875 4877 4887 4891 4892 4902 4906 4914 4922 4932 4942 4947 4956 4964 4968
4977 4983 4989 4990 4995 4997 5002 5009 5019 5024 5027 5033 5043 5044 5045 5052 5060 5069
5075 5081 5082 5092 5098 5103 5110 5113 5116 5125 5127 5137 5144 5149 5150 5154 5157 5165
5170 5174 5177 5186 5190 5197 5199 5202 5208 5213 5216 5221 5222 5224 5229 5232 5234 5244
5247 5251 5258 5267 5276 5286 5294 5299 5306 5315 5316 5322 5332 5340 5345 5348 5350 5353
5355 5360 5363 5369 5373 5374 5384 5393 5396 5405 5409 5412 5419 5422 5429 5433 5439 5446
5454 5457 5459 5467 5473 5476 5481 5486 5489 5496 5499 5501 5506 5516 5526 5534 5537 5543
5551 5552 5555 5556 5564 5573 5581 5591 5601 5605 5606 5615 5617 5619 5625 5629 5633 5635
5639 5642 5652 5656 5666 5675 5676 5686 5692 5693 5696 5706 5714 5721 5723 5725 5729 5735
5739 5744 5749 5756 5764 5773 5775 5782 5788 5793 5801 5807 5808 5812 5821 5827
