-11834 -11833 -11825 -11817 -11812 -11809 -11807 -11801 -11800 -11792 -11782 -11775 -11770 -11764 -11754 -11744 -11735 -11727
-11725 -11715 -11710 -11702 -11695 -11692 -11686 -11676 -11674 -11664 -11654 -11653 -11645 -11642 -11638 -11630 -11622 -11615
-11609 -11602 -11598 -11595 -11587 -11578 -11570 -11563 -11561 -11560 -11556 -11547 -11538 -11532 -11526 -11524 -11519 -11514
-11511 -11509 -11501 -11494 -11485 -11477 -11471 -11469 -11463 -11456 -11449 -11443 -11437 -11436 -11433 -11426 -11417 -11407
-11406 -11403 -11399 -11396 -11386 -11385 -11376 -11368 -11363 -11360 -11358 -11357 -11353 -11343 -11340 -11333 -11332 -11328
-11325 -11319 -11317 -11307 -11302 -11299 -11296 -11294 -11293 -11290 -11286 -11282 -11277 -11268 -11258 -11249 -11246 -11236
-11231 -11228 -11218 -11217 -11214 -11212 -11207 -11203 -11199 -11194 -11188 -11184 -11180 -11175 -11171 -11161 -11154 -11150
-11145 -11137 -11131 -11129 -11122 -11117 -11112 -11105 -11104 -11098 -11089 -11088 -11084 -11080 -11078 -11077 -11069 -11062
-11060 -11058 -11056 -11053 -11052 -11046 -11041 -11035 -11025 -11015 -11005 -11000 -10997 -10994 -10988 -10981 -10974 -10971
-10966 -10958 -10953 -10947 -10945 -10935 -10931 -10922 -10921 -10919 -10912 -10906 -10897 -10892 -10884 -10882 -10874 -10867
-10859 -10853 -10851 -10846 -10845 -10843 -10837 -10836 -10828 -10827 -10818 -10811 -10804 -10795 -10793 -10789 -10787 -10779
-10770 -10769 -10759 -10749 -10743 -10741 -10731 -10726 -10725 -10719 -10718 -10715 -10710 -10707 -10701 -10695 -10689 -10683
-10676 -10672 -10667 -10663 -10659 -10649 -10644 -10637 -10636 -10633 -10631 -10626 -10621 -10618 -10608 -10602 -10595 -10589
-10581 -10574 -10570 -10563 -10554 -10545 -10539 -10537 -10536 -10527 -10520 -10515 -10511 -10507 -10505 -10497 -10487 -10479
-10477 -10468 -10459 -10450 -10447 -10441 -10431 -10422 -10420 -10417 -10408 -10406 -10397 -10393 -10385 -10379 -10374 -10369
-10365 -10363 -10356 -10354 -10344 -10337 -10328 -10318 -10314 -10305 -10299 -10297 -10290 -10283 -10279 -10273 -10272 -10269
-10264 -10255 -10248 -10238 -10235 -10228 -10224 -10223 -10216 -10211 -10205 -10199 -10194 -10188 -10181 -10172 -10165 -10160
-10158 -10157 -10149 -10148 -10143 -10136 -10133 -10124 -10118 -10115 -10105 -10095 -10092 -10089 -10087 -10084 -10074 -10064
-10057 -10051 -10048 -10047 -10042 -10032 -10023 -10015 -10014 -10011 -10007 -9998 -9988 -9986 -9977 -9972 -9971 -9970
-9969 -9961 -9952 -9949 -9939 -9937 -9930 -9927 -9920 -9914 -9907 -9897 -9890 -9883 -9881 -9874 -9872 -9867
-9863 -9859 -9854 -9850 -9843 -9841 -9838 -9834 -9824 -9814 -9813 -9807 -9799 -9792 -9784 -9774 -9771 -9766
-9764 -9762 -9752 -9747 -9746 -9740 -9731 -9726 -9724 -9722 -9712 -9703 -9701 -9695 -9692 -9686 -9677 -9668
-9663 -9653 -9649 -9647 -9645 -9639 -9629 -9621 -9618 -9614 -9607 -9605 -9597 -9590 -9588 -9584 -9575 -9567
-9562 -9557 -9551 -9543 -9537 -9536 -9534 -9526 -9522 -9520 -9511 -9508 -9498 -9497 -9493 -9490 -9489 -9480
-9478 -9477 -9475 -9473 -9470 -9466 -9458 -9450 -9447 -9444 -9443 -9437 -9435 -9433 -9432 -9423 -9415 -9411
-9407 -9402 -9396 -9388 -9383 -9377 -9375 -9366 -9356 -9351 -9341 -9331 -9321 -9320 -9314 -9307 -9299 -9289
-9287 -9286 -9281 -9279 -9271 -9262 -9252 -9248 -9244 -9238 -9233 -9231 -9230 -9221 -9215 -9210 -9206 -9201
-9200 -9198 -9190 -9183 -9179 -9176 -9170 -9161 -9158 -9148 -9141 -9138 -9129 -9128 -9125 -9120 -9112 -9108
-9100 -9095 -9090 -9084 -9075 -9070 -9067 -9060 -9051 -9043 -9038 -9033 -9026 -9022 -9013 -9009 -9006 -9004
-8995 -8986 -8984 -8974 -8966 -8958 -8954 -8945 -8936 -8935 -8926 -8918 -8914 -8907 -8906 -8898 -8889 -8887
-8884 -8877 -8876 -8870 -8860 -8854 -8844 -8837 -8829 -8826 -8819 -8811 -8808 -8803 -8795 -8786 -8776 -8775
-8774 -8768 -8764 -8762 -8759 -8754 -8747 -8744 -8734 -8728 -8719 -8712 -8703 -8699 -8693 -8690 -8685 -8677
-8669 -8664 -8659 -8650 -8641 -8639 -8631 -8625 -8615 -8606 -8597 -8595 -8594 -8587 -8584 -8576 -8567 -8563
-8555 -8546 -8539 -8537 -8531 -8529 -8522 -8517 -8514 -8506 -8499 -8492 -8483 -8476 -8467 -8461 -8452 -8447
-8437 -8432 -8427 -8417 -8413 -8410 -8406 -8400 -8399 -8395 -8394 -8392 -8383 -8379 -8369 -8367 -8360 -8350
-8341 -8337 -8332 -8322 -8314 -8307 -8301 -8296 -8288 -8278 -8273 -8272 -8265 -8263 -8256 -8254 -8248 -8238
-8232 -8224 -8216 -8215 -8208 -8202 -8194 -8190 -8186 -8181 -8173 -8169 -8168 -8160 -8158 -8148 -8143 -8140
-8137 -8130 -8127 -8121 -8114 -8105 -8104 -8095 -8092 -8090 -8082 -8076 -8072 -8066 -8061 -8060 -8056 -8054
-8047 -8037 -8035 -8029 -8023 -8017 -8007 -7999 -7992 -7987 -7982 -7974 -7967 -7958 -7956 -7949 -7948 -7945
-7939 -7937 -7933 -7931 -7928 -7923 -7914 -7909 -7900 -7899 -7892 -7891 -7885 -7884 -7883 -7877 -7874 -7872
-7864 -7860 -7859 -7857 -7850 -7844 -7841 -7840 -7836 -7835 -7833 -7826 -7819 -7817 -7815 -7806 -7803 -7798
-7794 -7787 -7783 -7781 -7773 -7764 -7762 -7758 -7755 -7752 -7748 -7741 -7733 -7731 -7725 -7724 -7716 -7710
-7701 -7695 -7689 -7688 -7683 -7675 -7668 -7660 -7655 -7649 -7643 -7642 -7636 -7629 -7622 -7612 -7607 -7601
-7591 -7587 -7586 -7581 -7579 -7572 -7564 -7562 -7554 -7548 -7540 -7530 -7525 -7521 -7512 -7506 -7499 -7489
-7483 -7481 -7475 -7473 -7468 -7467 -7461 -7451 -7450 -7447 -7440 -7434 -7426 -7425 -7416 -7408 -7400 -7399
-7398 -7388 -7387 -7382 -7378 -7370 -7366 -7360 -7353 -7349 -7344 -7335 -7332 -7324 -7317 -7315 -7307 -7299
-7289 -7284 -7275 -7268 -7261 -7251 -7242 -7233 -7226 -7221 -7215 -7208 -7203 -7200 -7199 -7198 -7194 -7193
-7191 -7182 -7181 -7173 -7170 -7166 -7162 -7154 -7144 -7137 -7131 -7125 -7124 -7120 -7110 -7109 -7106 -7105
-7098 -7088 -7087 -7084 -7079 -7073 -7063 -7060 -7055 -7047 -7044 -7038 -7035 -7025 -7015 -7010 -7007 -7000
-6991 -6983 -6982 -6979 -6978 -6976 -6966 -6965 -6959 -6956 -6955 -6945 -6936 -6930 -6924 -6914 -6909 -6905
-6898 -6888 -6879 -6873 -6869 -6865 -6860 -6854 -6852 -6843 -6835 -6829 -6823 -6817 -6813 -6808 -6803 -6802
-6795 -6787 -6780 -6773 -6768 -6767 -6765 -6764 -6760 -6758 -6752 -6742 -6734 -6731 -6730 -6724 -6714 -6711
-6709 -6706 -6698 -6693 -6683 -6677 -6667 -6663 -6662 -6652 -6643 -6640 -6636 -6633 -6623 -6614 -6605 -6600
-6595 -6590 -6589 -6588 -6586 -6579 -6572 -6569 -6562 -6554 -6553 -6545 -6539 -6533 -6527 -6519 -6517 -6508
-6502 -6498 -6496 -6495 -6488 -6482 -6476 -6474 -6466 -6460 -6456 -6446 -6445 -6443 -6440 -6433 -6429 -6419
-6411 -6406 -6405 -6396 -6386 -6385 -6383 -6380 -6375 -6370 -6362 -6357 -6355 -6347 -6343 -6335 -6329 -6325
-6317 -6310 -6303 -6299 -6297 -6290 -6284 -6279 -6275 -6273 -6272 -6271 -6269 -6259 -6258 -6252 -6246 -6239
-6235 -6231 -6229 -6228 -6219 -6215 -6210 -6205 -6200 -6190 -6188 -6187 -6177 -6169 -6165 -6162 -6155 -6148
-6140 -6138 -6129 -6119 -6109 -6103 -6099 -6094 -6091 -6089 -6080 -6070 -6064 -6056 -6054 -6053 -6044 -6036
-6031 -6022 -6019 -6016 -6013 -6006 -6000 -5992 -5990 -5989 -5985 -5984 -5975 -5966 -5962 -5958 -5956 -5951
-5942 -5936 -5931 -5930 -5924 -5918 -5917 -5911 -5910 -5902 -5898 -5888 -5883 -5878 -5874 -5868 -5864 -5858
-5849 -5848 -5842 -5834 -5827 -5825 -5821 -5813 -5803 -5801 -5792 -5785 -5781 -5773 -5765 -5758 -5750 -5748
-5743 -5734 -5727 -5721 -5718 -5714 -5713 -5706 -5705 -5702 -5699 -5698 -5693 -5684 -5675 -5667 -5657 -5653
-5645 -5640 -5638 -5629 -5623 -5621 -5617 -5609 -5606 -5605 -5604 -5599 -5595 -5592 -5590 -5580 -5576 -5568
-5562 -5558 -5550 -5547 -5545 -5535 -5526 -5518 -5516 -5509 -5499 -5489 -5481 -5479 -5473 -5465 -5464 -5461
-5452 -5450 -5441 -5436 -5427 -5420 -5410 -5401 -5393 -5391 -5387 -5383 -5378 -5372 -5363 -5362 -5361 -5355
-5347 -5341 -5331 -5328 -5326 -5322 -5315 -5305 -5296 -5291 -5290 -5283 -5276 -5273 -5268 -5260 -5256 -5247
-5240 -5238 -5235 -5225 -5217 -5211 -5204 -5194 -5190 -5184 -5177 -5168 -5166 -5157 -5150 -5140 -5138 -5133
-5132 -5129 -5126 -5124 -5118 -5112 -5107 -5099 -5091 -5087 -5082 -5073 -5064 -5063 -5057 -5048 -5043 -5042
-5038 -5031 -5026 -5016 -5012 -5004 -5001 -4998 -4994 -4986 -4979 -4969 -4959 -4957 -4950 -4944 -4940 -4932
-4930 -4922 -4913 -4904 -4903 -4898 -4895 -4889 -4881 -4878 -4874 -4865 -4860 -4857 -4856 -4855 -4848 -4847
-4840 -4836 -4835 -4831 -4821 -4815 -4810 -4809 -4806 -4800 -4795 -4785 -4783 -4773 -4770 -4768 -4758 -4752
-4744 -4743 -4736 -4727 -4717 -4709 -4703 -4695 -4688 -4681 -4673 -4667 -4661 -4660 -4656 -4651 -4648 -4645
-4642 -4638 -4634 -4626 -4625 -4618 -4613 -4612 -4603 -4599 -4598 -4593 -4584 -4580 -4578 -4574 -4567 -4557
-4551 -4545 -4542 -4532 -4527 -4517 -4507 -4503 -4499 -4492 -4486 -4483 -4481 -4480 -4470 -4466 -4456 -4452
-4449 -4446 -4443 -4439 -4438 -4428 -4425 -4415 -4411 -4402 -4401 -4400 -4394 -4390 -4380 -4376 -4369 -4366
-4365 -4359 -4357 -4354 -4351 -4342 -4334 -4329 -4322 -4312 -4307 -4306 -4303 -4297 -4295 -4289 -4280 -4274
-4266 -4256 -4246 -4244 -4235 -4225 -4220 -4217 -4209 -4203 -4199 -4191 -4182 -4177 -4169 -4163 -4157 -4149
-4146 -4140 -4136 -4128 -4119 -4116 -4108 -4103 -4098 -4095 -4087 -4081 -4071 -4064 -4055 -4046 -4043 -4041
-4039 -4029 -4028 -4023 -4020 -4016 -4007 -3998 -3994 -3985 -3976 -3973 -3969 -3960 -3958 -3951 -3943 -3935
-3931 -3929 -3921 -3911 -3906 -3896 -3889 -3879 -3874 -3872 -3863 -3854 -3844 -3840 -3831 -3826 -3823 -3815
-3812 -3805 -3804 -3800 -3794 -3789 -3781 -3777 -3774 -3767 -3760 -3758 -3750 -3749 -3741 -3731 -3725 -3716
-3713 -3710 -3706 -3698 -3696 -3691 -3686 -3676 -3673 -3670 -3660 -3657 -3648 -3642 -3633 -3626 -3616 -3612
-3606 -3598 -3597 -3595 -3585 -3582 -3577 -3571 -3569 -3560 -3555 -3548 -3540 -3530 -3527 -3520 -3515 -3511
-3508 -3505 -3496 -3490 -3486 -3482 -3477 -3470 -3460 -3454 -3444 -3438 -3435 -3433 -3427 -3417 -3415 -3409
-3402 -3399 -3391 -3384 -3376 -3372 -3371 -3365 -3360 -3357 -3347 -3341 -3337 -3329 -3321 -3315 -3306 -3305
-3304 -3294 -3290 -3288 -3280 -3272 -3267 -3263 -3253 -3248 -3245 -3243 -3238 -3237 -3232 -3231 -3229 -3219
-3212 -3207 -3203 -3193 -3189 -3187 -3183 -3173 -3168 -3160 -3158 -3149 -3143 -3134 -3132 -3128 -3125 -3119
-3114 -3105 -3099 -3090 -3081 -3073 -3071 -3061 -3054 -3047 -3040 -3037 -3028 -3025 -3023 -3021 -3011 -3008
-2999 -2996 -2988 -2984 -2981 -2973 -2971 -2970 -2967 -2965 -2964 -2956 -2947 -2945 -2935 -2932 -2925 -2916
-2915 -2908 -2901 -2896 -2895 -2886 -2879 -2870 -2866 -2863 -2853 -2846 -2843 -2837 -2828 -2823 -2821 -2812
-2804 -2794 -2790 -2787 -2780 -2774 -2768 -2765 -2762 -2756 -2750 -2743 -2734 -2733 -2727 -2726 -2717 -2712
-2709 -2699 -2697 -2689 -2685 -2676 -2675 -2670 -2665 -2656 -2653 -2647 -2643 -2638 -2631 -2621 -2611 -2603
-2599 -2596 -2587 -2582 -2572 -2566 -2559 -2553 -2550 -2545 -2542 -2535 -2529 -2522 -2521 -2514 -2504 -2500
-2497 -2489 -2483 -2478 -2477 -2472 -2469 -2462 -2455 -2449 -2440 -2438 -2434 -2424 -2415 -2409 -2399 -2392
-2390 -2380 -2375 -2370 -2361 -2359 -2357 -2349 -2340 -2339 -2329 -2328 -2318 -2311 -2306 -2301 -2292 -2282
-2276 -2274 -2271 -2261 -2254 -2247 -2238 -2233 -2230 -2222 -2215 -2208 -2203 -2196 -2193 -2183 -2182 -2175
-2169 -2164 -2159 -2156 -2149 -2139 -2129 -2124 -2121 -2111 -2101 -2095 -2093 -2092 -2089 -2082 -2080 -2070
-2065 -2063 -2054 -2047 -2042 -2032 -2022 -2020 -2014 -2004 -1994 -1986 -1983 -1977 -1972 -1962 -1959 -1954
-1948 -1944 -1941 -1931 -1930 -1925 -1916 -1914 -1911 -1903 -1895 -1888 -1879 -1870 -1867 -1859 -1856 -1852
-1846 -1844 -1839 -1830 -1822 -1819 -1809 -1802 -1795 -1792 -1788 -1785 -1777 -1770 -1763 -1754 -1744 -1737
-1736 -1728 -1726 -1725 -1720 -1717 -1716 -1715 -1714 -1713 -1712 -1704 -1703 -1693 -1692 -1687 -1679 -1671
-1667 -1660 -1651 -1650 -1645 -1636 -1626 -1616 -1607 -1604 -1599 -1598 -1591 -1586 -1582 -1575 -1570 -1560
-1556 -1546 -1539 -1537 -1534 -1528 -1520 -1511 -1506 -1499 -1496 -1488 -1487 -1482 -1474 -1471 -1461 -1460
-1456 -1453 -1451 -1450 -1448 -1438 -1432 -1428 -1427 -1425 -1415 -1414 -1409 -1404 -1402 -1396 -1387 -1381
-1380 -1377 -1367 -1365 -1360 -1357 -1351 -1350 -1341 -1335 -1327 -1318 -1314 -1312 -1306 -1301 -1293 -1284
-1279 -1277 -1270 -1260 -1256 -1249 -1246 -1240 -1230 -1229 -1221 -1218 -1210 -1206 -1197 -1193 -1190 -1188
-1187 -1183 -1181 -1173 -1165 -1163 -1158 -1156 -1148 -1142 -1133 -1130 -1127 -1124 -1119 -1112 -1105 -1096
-1094 -1089 -1082 -1076 -1071 -1070 -1063 -1058 -1056 -1054 -1050 -1040 -1038 -1030 -1027 -1026 -1020 -1012
-1008 -1001 -994 -988 -982 -977 -975 -968 -966 -965 -963 -959 -955 -951 -945 -944 -939 -933
-932 -929 -922 -916 -907 -898 -897 -887 -885 -881 -880 -870 -868 -858 -857 -856 -848 -839
-833 -826 -820 -815 -810 -806 -796 -794 -785 -780 -778 -776 -771 -761 -754 -753 -744 -740
-735 -726 -716 -710 -700 -693 -683 -674 -670 -662 -656 -648 -642 -636 -627 -621 -616 -614
-610 -606 -602 -596 -591 -589 -587 -578 -577 -575 -566 -560 -554 -548 -544 -537 -531 -529
-527 -520 -515 -514 -508 -501 -497 -487 -481 -475 -471 -462 -457 -451 -449 -444 -438 -435
-431 -424 -419 -412 -408 -398 -391 -389 -385 -384 -380 -376 -372 -362 -358 -348 -341 -336
-331 -327 -323 -316 -311 -305 -299 -298 -297 -295 -287 -286 -284 -277 -269 -259 -256 -248
-243 -239 -238 -236 -227 -224 -221 -211 -209 -201 -199 -195 -193 -187 -183 -177 -173 -170
-161 -154 -151 -145 -140 -138 -135 -132 -127 -117 -113 -110 -106 -105 -97 -96 -87 -84
-76 -75 -74 -64 -59 -58 -52 -47 -43 -34 -33 -23 -17 -7 1 10 18 27
34 44 52 53 62 72 81 85 94 100 101 105 108 110 120 121 127 137
141 143 152 160 162 170 180 190 191 197 205 215 225 235 243 245 254 258
261 263 269 278 287 293 298 307 310 316 322 331 336 339 346 355 360 366
371 380 389 395 405 413 417 419 428 433 439 441 447 453 462 467 476 477
487 492 493 498 506 510 515 518 521 530 535 538 544 550 557 560 563 568
575 579 589 599 600 608 617 622 632 640 643 653 659 663 671 672 682 684
685 692 701 710 713 718 726 728 734 738 741 745 755 764 765 771 781 783
784 793 803 805 809 815 817 823 828 829 836 838 841 843 853 863 865 867
876 884 891 899 907 912 916 923 931 936 937 941 944 948 958 961 968 976
982 986 990 993 1003 1008 1009 1010 1018 1025 1026 1033 1042 1052 1055 1060 1065 1066
1074 1084 1092 1097 1099 1105 1114 1116 1118 1122 1130 1134 1143 1144 1151 1156 1159 1164
1171 1174 1184 1188 1193 1202 1203 1212 1215 1225 1235 1244 1252 1257 1265 1271 1273 1282
1284 1293 1297 1303 1306 1307 1311 1312 1318 1320 1328 1338 1346 1347 1351 1361 1371 1375
1382 1390 1396 1405 1410 1415 1420 1429 1436 1442 1447 1457 1460 1466 1471 1474 1475 1477
1483 1484 1485 1494 1500 1508 1515 1522 1526 1531 1532 1540 1542 1544 1551 1552 1558 1562
1569 1570 1573 1578 1588 1589 1599 1604 1607 1609 1619 1622 1624 1625 1627 1630 1634 1636
1644 1654 1662 1667 1670 1674 1678 1684 1693 1695 1699 1703 1707 1712 1713 1722 1730 1732
1738 1742 1745 1747 1748 1756 1764 1772 1776 1785 1786 1791 1796 1804 1808 1811 1817 1827
1834 1841 1849 1854 1862 1866 1874 1882 1886 1889 1897 1905 1909 1917 1927 1937 1945 1946
1952 1956 1961 1965 1974 1984 1987 1997 2007 2012 2016 2023 2027 2033 2043 2044 2048 2049
2050 2057 2060 2070 2080 2089 2096 2105 2112 2121 2125 2133 2141 2144 2146 2155 2164 2166
2170 2176 2178 2181 2191 2194 2203 2204 2205 2206 2212 2215 2220 2225 2229 2239 2244 2252
2255 2262 2265 2270 2275 2283 2292 2294 2299 2304 2311 2320 2324 2330 2334 2335 2342 2351
2357 2358 2367 2370 2372 2373 2381 2382 2385 2394 2404 2405 2407 2417 2418 2424 2430 2440
2444 2446 2450 2454 2463 2469 2479 2488 2496 2506 2507 2508 2517 2526 2527 2532 2540 2546
2547 2549 2550 2558 2568 2575 2581 2587 2593 2597 2600 2605 2608 2609 2619 2620 2623 2628
2631 2634 2636 2642 2645 2649 2657 2663 2673 2677 2684 2688 2691 2695 2699 2707 2716 2722
2727 2728 2736 2738 2743 2749 2758 2763 2772 2778 2785 2792 2797 2801 2802 2811 2819 2825
2832 2840 2849 2851 2857 2862 2863 2865 2874 2878 2888 2889 2897 2907 2908 2910 2918 2923
2924 2931 2940 2949 2951 2956 2963 2966 2973 2974 2975 2978 2983 2991 2992 2995 3002 3005
3010 3014 3021 3023 3031 3032 3040 3049 3058 3062 3069 3073 3081 3087 3097 3098 3102 3112
3120 3126 3129 3136 3137 3146 3156 3162 3167 3175 3183 3189 3198 3208 3210 3216 3226 3228
3232 3236 3239 3242 3248 3251 3258 3266 3276 3286 3287 3293 3297 3306 3312 3317 3323 3333
3337 3341 3351 3354 3364 3368 3378 3384 3390 3395 3404 3408 3411 3417 3425 3433 3434 3441
3446 3450 3451 3453 3454 3464 3465 3467 3476 3479 3480 3482 3485 3494 3496 3500 3503 3511
3518 3521 3530 3539 3547 3555 3557 3566 3570 3575 3579 3586 3596 3603 3612 3614 3623 3628
3636 3643 3644 3645 3647 3652 3660 3667 3669 3672 3682 3685 3687 3693 3696 3705 3709 3711
3720 3721 3723 3733 3741 3742 3748 3750 3754 3759 3761 3767 3777 3784 3787 3796 3805 3808
3809 3810 3816 3818 3821 3826 3831 3832 3838 3842 3844 3846 3847 3855 3857 3863 3867 3869
3872 3873 3881 3890 3897 3900 3910 3914 3916 3922 3930 3937 3938 3946 3950 3958 3963 3965
3968 3972 3979 3981 3984 3989 3996 4004 4006 4008 4012 4015 4017 4027 4037 4039 4040 4048
4055 4063 4065 4068 4069 4074 4077 4086 4090 4094 4100 4101 4108 4117 4120 4121 4126 4128
4131 4135 4140 4141 4149 4158 4166 4168 4172 4177 4187 4189 4194 4202 4207 4208 4211 4219
4222 4229 4236 4240 4249 4256 4260 4267 4270 4273 4277 4281 4290 4296 4304 4306 4314 4324
4331 4337 4339 4345 4346 4356 4359 4369 4377 4383 4387 4393 4395 4397 4406 4416 4426 4434
4441 4450 4458 4459 4461 4463 4465 4467 4473 4475 4480 4482 4489 4490 4499 4507 4514 4517
4518 4525 4527 4528 4531 4533 4542 4548 4556 4563 4570 4579 4587 4593 4599 4608 4612 4616
4620 4624 4633 4640 4645 4646 4656 4660 4668 4675 4684 4689 4699 4706 4716 4723 4725 4729
4738 4744 4754 4761 4767 4768 4771 4775 4785 4786 4788 4797 4800 4809 4817 4820 4827 4836
4838 4842 4847 4854 4856 4862 4863 4867 4868 4874 4876 4883 4888 4894 4900 4909 4919 4924
4933 4935 4938 4943 4952 4953 4960 4961 4962 4970 4978 4987 4991 4992 4994 4997 4998 5008
5014 5021 5023 5027 5031 5041 5043 5051 5053 5058 5064 5067 5068 5078 5080 5082 5084 5086
5087 5092 5097 5100 5110 5112 5121 5130 5136 5146 5150 5154 5156 5166 5174 5176 5180 5184
5186 5195 5196 5203 5213 5219 5229 5232 5233 5243 5251 5261 5270 5279 5289 5296 5300 5301
5307 5316 5318 5327 5328 5331 5333 5336 5341 5349 5350 5357 5362 5371 5377 5386 5389 5399
5400 5409 5419 5426 5430 5431 5434 5440 5450 5452 5455 5461 5464 5470 5480 5481 5486 5491
5500 5507 5508 5514 5523 5526 5528 5531 5541 5547 5552 5562 5570 5580 5590 5596 5602 5605
5612 5613 5622 5627 5633 5638 5642 5646 5651 5652 5655 5656 5663 5669 5677 5687 5691 5695
5704 5710 5715 5721 5724 5730 5735 5737 5747 5754 5763 5771 5776 5782 5792 5793 5797 5807
5815 5825 5828 5836 5839 5845 5849 5857 5866 5874 5881 5886 5895 5902 5907 5915 5925 5932
5936 5943 5951 5959 5969 5979 5986 5988 5993 6002 6003 6004 6007 6017 6023 6024 6034 6043
6052 6058 6060 6070 6078 6085 6092 6099 6104 6111 6115 6117 6122 6124 6128 6138 6140 6150
6151 6158 6165 6166 6168 6176 6177 6181 6182 6186 6191 6196 6204 6206 6216 6221 6223 6230
6240 6241 6244 6245 6252 6260 6263 6265 6267 6271 6277 6280 6290 6300 6309 6314 6319 6321
6328 6333 6338 6347 6349 6354 6361 6371 6379 6383 6385 6386 6389 6397 6406 6409 6418 6424
6431 6435 6439 6448 6449 6456 6460 6463 6467 6471 6479 6486 6492 6497 6501 6510 6517 6522
6530 6538 6539 6543 6547 6557 6567 6573 6577 6578 6582 6583 6592 6595 6602 6607 6612 6622
6626 6629 6635 6641 6647 6649 6659 6661 6665 6675 6683 6689 6691 6696 6697 6699 6707 6714
6724 6729 6734 6742 6752 6755 6759 6762 6768 6775 6783 6790 6793 6801 6806 6812 6822 6825
6827 6831 6832 6835 6837 6847 6850 6853 6862 6869 6879 6883 6891 6896 6900 6901 6910 6919
6922 6925 6932 6936 6940 6943 6944 6954 6956 6966 6976 6986 6992 7001 7004 7006 7010 7014
7019 7028 7031 7040 7044 7046 7047 7055 7059 7068 7073 7076 7083 7093 7098 7108 7116 7124
7133 7135 7143 7151 7159 7163 7166 7172 7179 7185 7194 7203 7209 7211 7214 7223 7224 7225
7231 7240 7244 7251 7260 7262 7264 7274 7279 7286 7293 7298 7304 7309 7313 7323 7327 7331
7333 7339 7343 7351 7359 7364 7368 7377 7386 7391 7400 7408 7415 7423 7428 7438 7442 7452
7459 7465 7466 7469 7475 7478 7483 7488 7491 7494 7500 7504 7508 7518 7525 7528 7537 7538
7543 7545 7549 7551 7556 7557 7559 7565 7568 7574 7584 7586 7588 7590 7592 7600 7608 7613
7614 7623 7632 7641 7649 7657 7666 7667 7670 7675 7678 7683 7688 7689 7697 7699 7707 7717
7720 7729 7737 7746 7750 7760 7770 7777 7781 7783 7786 7792 7797 7806 7816 7817 7823 7826
7832 7841 7842 7848 7857 7863 7871 7874 7881 7890 7899 7900 7903 7912 7917 7923 7925 7928
7936 7940 7941 7944 7946 7952 7961 7965 7973 7981 7989 7990 8000 8010 8017 8026 8034 8044
8046 8048 8058 8060 8068 8071 8074 8082 8091 8094 8097 8101 8110 8117 8126 8127 8129 8139
8142 8147 8150 8156 8158 8164 8172 8180 8190 8198 8206 8216 8222 8228 8237 8241 8246 8247
8249 8254 8257 8263 8264 8266 8276 8279 8284 8291 8299 8304 8311 8317 8324 8333 8335 8337
8339 8349 8355 8362 8370 8378 8382 8387 8397 8398 8401 8407 8415 8420 8421 8428 8429 8433
8437 8443 8449 8453 8462 8463 8471 8476 8485 8489 8493 8498 8502 8508 8512 8516 8517 8521
8525 8531 8534 8542 8551 8552 8557 8558 8568 8577 8587 8593 8600 8603 8607 8608 8613 8623
8632 8633 8640 8644 8649 8657 8663 8672 8681 8690 8696 8700 8708 8714 8719 8721 8722 8725
8726 8733 8742 8747 8754 8763 8773 8779 8780 8781 8787 8793 8801 8806 8812 8815 8820 8829
8839 8840 8848 8858 8862 8867 8868 8877 8882 8891 8896 8900 8909 8917 8921 8931 8937 8940
8947 8951 8954 8960 8966 8971 8975 8984 8994 9004 9007 9008 9015 9018 9028 9038 9045 9054
9058 9059 9068 9076 9080 9085 9088 9093 9099 9102 9105 9110 9117 9126 9136 9144 9152 9157
9163 9164 9171 9181 9188 9190 9200 9203 9206 9216 9221 9224 9225 9229 9230 9234 9238 9245
9251 9253 9254 9259 9264 9273 9283 9286 9288 9298 9301 9303 9313 9316 9325 9334 9344 9345
9352 9358 9360 9369 9370 9377 9384 9388 9390 9396 9400 9404 9411 9417 9421 9429 9438 9447
9453 9459 9460 9469 9474 9482 9485 9495 9498 9504 9514 9524 9525 9531 9541 9548 9551 9556
9557 9567 9575 9578 9580 9589 9593 9596 9600 9608 9609 9610 9612 9620 9627 9636 9643 9649
9650 9658 9665 9670 9680 9684 9694 9703 9706 9710 9716 9725 9735 9745 9755 9760 9770 9774
9778 9780 9785 9794 9796 9805 9809 9812 9822 9824 9832 9837 9843 9844 9845 9847 9853 9863
9873 9876 9881 9888 9897 9899 9901 9907 9917 9919 9929 9934 9937 9945 9951 9960 9962 9972
9973 9981 9982 9988 9995 9998 10008 10014 10024 10031 10037 10038 10043 10044 10045 10049 10054 10055
10056 10066 10069 10078 10081 10090 10097 10102 10109 10114 10120 10125 10129 10130 10137 10147 10155 10160
10161 10170 10177 10182 10188 10196 10204 10213 10216 10221 10231 10241 10248 10255 10260 10269 10272 10282
10286 10289 10295 10300 10310 10320 10325 10326 10329 10337 10340 10350 10360 10364 10365 10373 10380 10389
10394 10397 10406 10415 10416 10422 10430 10437 10442 10449 10457 10462 10472 10482 10490 10498 10502 10509
10510 10519 10523 10527 10530 10538 10543 10548 10552 10554 10560 10569 10571 10572 10581 10586 10593 10594
10604 10605 10610 10612 10613 10614 10622 10630 10637 10643 10648 10649 10652 10654 10659 10668 10669 10672
10675 10678 10681 10687 10697 10703 10707 10714 10715 10719 10725 10726 10732 10741 10751 10753 10757 10760
10763 10769 10778 10786 10790 10799 10807 10810 10813 10821 10831 10839 10845 10846 10851 10857 10865 10875
10882 10890 10895 10896 10902 10904 10906 10908 10910 10915 10920 10922 10931 10941 10943 10945 10950 10953
10958 10964 10974 10982 10989 10991 11000 11009 11013 11018 11023 11030 11032 11036 11044 11054 11059 11068
11077 11087 11092 11097 11100 11107 11111 11113 11117 11122 11127 11128 11137 11144 11151 11155 11164 11165
11172 11176 11177 11187 11190 11195 11202 11209 11210 11214 11217 11222 11229 11231 11239 11249 11257 11264
11265 11267 11268 11275 11278 11288 11289 11292 11297 11303 11313 11319 11324 11328 11331 11333 11339 11343
11346 11354 11358 11362 11370 11375 11382 11389 11399 11406 11408 11414 11416 11422 11432 11441 11449 11451
11454 11456 11457 11465 11467 11472 11477 11479 11482 11483 11491 11496 11501 11502 11506 11511 11521 11522
11526 11535 11538 11541 11545 11554 11556 11558 11559 11562 11571 11581 11589 11598 11604 11609 11613 11618
11621 11631 11641 11642 11652 11656 11662 11668 11678 11682 11687 11692 11702 11706 11709 11713 11720 11721
11730 11735 11742 11750 11757 11764 11771 11777 11782 11785 11791 11797 11804 11806 11808 11818 11823 11831
11834 11843 11850 11853 11863 11864 11873 11874 11875 11885 11888 11893 11898 11900 11909 11910 11919 11921
11924 11931 11938 11941 11949 11953 11959 11967 11972 11976 11984 11992 11993 11995 11998 12004 12012 12020
12024 12028 12035 12045 12054 12061 12069 12070 12078 12084 12093 12095 12099 12105 12106 12114 12119 12120
12129 12138 12145 12152 12157 12165 12175 12179 12187 12195 12201 12210 12219 12227 12237 12246 12254 12255
12258 12259 12269 12277 12278 12283 12292 12296 12297 12305 12314 12323 12330 12334 12338 12340 12349 12350
12359 12366 12374 12376 12380 12383 12393 12398 12403 12404 12413 12417 12424 12428 12432 12438 12439 12446
12453 12460 12463 12472 12473 12480 12486 12489 12497 12501 12505 12509 12510 12518 12527 12535 12538 12545
12553 12563 12567 12577 12581 12585 12589 12590 12593 12603 12605 12607 12612 12614 12620 12625 12631 12641
12649 12652 12654 12663 12672 12680 12687 12691 12695 12705 12711 12713 12723 12729 12731 12741 12742 12751
12755 12757 12766 12774 12775 12782 12790 12795 12800 12807 12810 12817 12818 12822 12831 12839 12844 12846
12847 12857 12862 12864 12866 12876 12885 12887 12888 12895 12897 12898 12903 12912 12916 12924 12929 12939
12941 12942 12949 12956 12962 12965 12970 12972 12982 12984 12987 12991 12995 13001 13009 13018 13025 13034
13040 13047 13054 13061 13062 13063 13068 13076 13077 13081 13091 13092 13093 13100 13110 13113 13116 13117
13126 13129 13135 13145 13152 13153 13157 13166 13170 13172 13180 13188 13191 13196 13200 13203 13211 13212
13217 13225 13228 13231 13233 13237 13241 13249 13258 13267 13274 13282 13291 13300 13310 13312 13319 13325
13331 13334 13341 13346 13347 13354 13359 13362 13367 13370 13373 13382 13392 13399 13406 13408 13413 13423
13431 13441 13444 13446 13455 13463 13471 13478 13482 13487 13492 13495 13497 13507 13514 13520 13527 13531
13540 13546 13549 13551 13555 13562 13566 13575 13580 13581 13586 13591 13598 13608 13614 13623 13628 13629
13631 13639 13643 13652 13660 13669 13674 13684 13688 13698 13706 13709 13719 13724 13732 13738 13748 13753
13756 13764 13767 13774 13777 13782 13790 13797 13802 13810 13813 13820 13824 13828 13833 13838 13842 13848
13851 13858 13867 13870 13874 13877 13878 13882 13889 13897 13905 13909 13913 13915 13917 13920 13925 13932
13936 13944 13945 13949 13955 13959 13962 13971 13978 13986 13995 14000 14010 14014 14020 14029 14031 14038
14042 14046 14048 14056 14063 14070 14072 14079 14084 14092 14095 14100 14101 14104 14112 14115 14124 14128
14136 14145 14155 14164 14165 14175 14183 14189 14195 14202 14210 14217 14224 14230 14236 14243 14248 14250
14254 14255 14260 14263 14272 14274 14276 14279 14282 14284 14292 14300 14302 14312 14320 14323 14328 14333
14337 14340 14344 14345 14353 14357 14363 14366 14369 14376 14381 14384 14390 14391 14397 14401 14404 14409
14412 14418 14425 14434 14439 14443 14444 14445 14455 14457 14459 14464 14473 14480 14484 14488 14491 14499
14501 14509 14515 14519 14526 14535 14536 14540 14548 14550 14554 14564 14570 14578 14586 14591 14593 14597
14598 14600 14603 14606 14607 14614 14616 14619 14624 14629 14630 14636 14644 14654 14658 14666 14670 14674
14676 14683 14685 14689 14691 14694 14703 14708 14709 14714 14719 14724 14729 14733 14737 14738 14742 14750
14755 14763 14768 14770 14778 14779 14786 14791 14792 14796 14804 14807 14811 14820 14829 14839 14841 14842
14852 14855 14863 14867 14875 14884 14886 14896 14898 14905 14909 14916 14923 14924 14926 14927 14936 14937
14947 14949 14955 14963 14973 14977 14980 14985 14989 14992 14994 14996 14998 15001 15009 15017 15026 15031
15034 15043 15046 15056 15063 15069 15072 15082 15086 15095 15103 15111 15113 15114 15117 15125 15129 15136
15141 15151 15155 15159 15163 15165 15168 15176 15181 15187 15194 15203 15207 15211 15218 15226 15233 15242
15246 15254 15260 15262 15271 15274 15275 15283 15290 15291 15301 15309 15310 15314 15323 15332 15341 15346
15354 15364 15370 15380 15387 15393 15394 15402 15409 15419 15427 15430 15431 15434 15440 15442 15451 15452
15453 15463 15472 15482 15484 15485 15489 15492 15501 15507 15515 15519 15523 15529 15539 15540 15550 15553
15563 15564 15570 15572 15576 15577 15583 15590 15596 15605 15607 15614 15617 15622 15632 15641 15647 15649
15656 15662 15671 15672 15676 15686 15688 15693 15701 15707 15711 15713 15720 15727 15737 15747 15752 15758
15763 15766 15770 15772 15780 15783 15787 15796 15799 15809 15813 15816 15826 15833 15834 15836 15842 15846
15855 15863 15868 15877 15886 15892 15897 15903 15904 15907 15912 15915 15925 15929 15933 15935 15942 15951
15954 15960 15970 15980 15989 15990 15992 15994 15999 16008 16016 16021 16025 16027 16028 16038 16048 16058
16063 16064 16068 16075 16080 16088 16098 16107 16112 16117 16120 16130 16139 16140 16145 16154 16155 16164
16170 16174 16178 16181 16185 16193 16198 16208 16217 16222 16228 16235 16243 16247 16252 16254 16260 16270
16276 16283 16285 16286 16289 16294 16296 16298 16308 16313 16317 16323 16324 16334 16343 16348 16355 16360
16368 16372 16379 16389 16397 16405 16415 16422 16426 16427 16434 16443 16452 16453 16461 16462 16470 16474
16482 16491 16496 16505 16507 16517 16525 16526 16534 16536 16545 16555 16562 16569 16574 16581 16586 16593
16601 16607 16613 16614 16616 16617 16618 16619 16628 16638 16643 16645 16648 16649 16654 16657 16667 16668
16675 16682 16685 16694 16704 16714 16722 16727 16733 16739 16749 16750 16759 16762 16769 16770 16776 16779
16783 16789 16795 16803 16804 16809 16813 16814 16823 16831 16841 16849 16856 16861 16865 16874 16877 16886
16896 16901 16909 16915 16918 16921 16927 16935 16937 16946 16951 16955 16959 16962 16967 16968 16970 16977
16981 16990 16991 16992 16998 17008 17013 17022 17029 17036 17044 17050 17052 17061 17070 17074 17084 17089
17093 17100 17103 17110 17117 17122 17125 17130 17139 17141 17151 17157 17165 17173 17182 17192 17202 17207
17217 17225 17230 17239 17248 17249 17258 17267 17276 17286 17289 17298 17299 17302 17305 17306 17312 17314
17320 17330 17332 17334 17339 17340 17345 17347 17357 17361 17371 17372 17373 17379 17389 17397 17407 17412
17421 17428 17431 17436 17437 17443 17445 17450 17458 17460 17467 17473 17478 17482 17487 17497 17506 17513
17519 17527 17532 17540 17550 17552 17557 17558 17563 17564 17569 17572 17582 17583 17587 17590 17591 17598
17599 17608 17612 17616 17619 17626 17631 17635 17644 17648 17653 17658 17663 17673 17676 17683 17686 17694
17699 17702 17706 17716 17723 17726 17728 17737 17743 17745 17752 17754 17759 17765 17772 17775 17779 17787
17797 17802 17803 17811 17820 17822 17832 17838 17840 17850 17852 17853 17858 17866 17871 17875 17885 17892
17897 17906 17909 17915 17916 17924 17934 17944 17947 17950 17955 17963 17970 17972 17977 17987 17994 17999
18006 18010 18016 18020 18022 18027 18031 18033 18035 18045 18048 18053 18057 18064 18071 18077 18087 18097
18103 18109 18119 18125 18129 18130 18138 18140 18149 18152 18158 18162 18169 18173 18183 18188 18192 18201
18205 18211 18218 18227 18234 18240 18249 18258 18261 18266 18269 18273 18281 18287 18291 18295 18300 18303
18311 18318 18319 18322 18324 18329 18330 18338 18339 18343 18350 18358 18359 18364 18373 18375 18376 18385
18391 18396 18401 18404 18406 18414 18420 18426 18432 18434 18438 18441 18449 18458 18461 18471 18480 18485
18487 18493 18500 18501 18507 18512 18518 18523 18527 18532 18537 18540 18545 18546 18552 18554 18560 18562
18569 18571 18580 18585 18592 18597 18602 18612 18614 18623 18633 18641 18643 18644 18649 18652 18661 18670
18671 18679 18682 18685 18690 18691 18700 18707 18710 18714 18722 18731 18735 18745 18749 18755 18765 18775
18784 18794 18796 18804 18811 18821 18831 18839 18843 18846 18850 18851 18853 18862 18870 18879 18884 18892
18894 18904 18908 18910 18919 18920 18926 18929 18932 18939 18942 18946 18955 18957 18961 18966 18972 18982
18992 18997 18998 19003 19012 19013 19019 19025 19029 19032 19035 19040 19045 19053 19062 19069 19071 19081
19089 19098 19106 19114 19118 19127 19133 19135 19137 19147 19149 19156 19161 19167 19175 19178 19187 19191
19196 19197 19198 19207 19217 19222 19230 19238 19248 19249 19253 19258 19262 19272 19282 19286 19291 19299
19302 19312 19322 19326 19331 19340 19341 19350 19357 19364 19369 19375 19385 19393 19397 19400 19401 19405
19413 19414 19416 19425 19426 19429 19432 19435 19440 19444 19451 19458 19462 19469 19475 19482 19492 19502
19503 19504 19505 19515 19519 19521 19531 19532 19540 19550 19560 19567 19572 19579 19580 19585 19589 19590
19592 19600 19604 19614 19615 19622 19630 19631 19637 19639 19641 19647 19657 19667 19674 19681 19689 19696
19697 19699 19702 19708 19712 19717 19726 19735 19744 19746 19750 19757 19765 19770 19775 19785 19794 19803
19809 19818 19828 19835 19843 19846 19849 19853 19855 19861 19870 19873 19881 19891 19894 19896 19899 19908
19909 19910 19919 19927 19928 19931 19934 19939 19941 19949 19954 19960 19964 19970 19979 19982 19983 19989
19995 20002 20008 20016 20020 20030 20033 20040 20045 20055 20061 20062 20063 20065 20074 20083 20088 20092
20102 20111 20112 20114 20122 20124 20133 20143 20145 20151 20152 20161 20166 20175 20185 20195 20200 20207
20210 20215 20219 20225 20233 20234 20238 20242 20245 20252 20258 20266 20268 20271 20273 20281 20289 20299
20308 20310 20315 20322 20326 20334 20339 20346 20352 20355 20358 20359 20369 20379 20382 20383 20385 20392
20398 20407 20412 20416 20422 20430 20439 20444 20449 20450 20458 20463 20468 20472 20479 20483 20491 20493
20496 20503 20505 20509 20515 20521 20525 20529 20539 20547 20555 20556 20557 20567 20571 20579 20584 20590
20592 20601 20609 20618 20626 20628 20632 20641 20646 20655 20657 20664 20673 20682 20685 20689 20693 20701
20708 20713 20720 20721 20728 20738 20745 20755 20765 20768 20776 20784 20793 20799 20803 20813 20822 20827
20828 20836 20838 20840 20844 20847 20854 20859 20869 20871 20873 20881 20890 20896 20905 20909 20914 20919
20923 20924 20933 20935 20940 20947 20955 20960 20962 20963 20970 20980 20983 20993 20996 20997 21006 21008
21013 21017 21022 21031 21039 21045 21054 21062 21064 21070 21076 21079 21086 21089 21094 21104 21112 21117
21122 21124 21131 21134 21140 21148 21150 21153 21163 21170 21173 21178 21183 21184 21189 21196 21198 21204
21214 21220 21223 21227 21237 21244 21248 21257 21262 21265 21271 21280 21281 21289 21299 21304 21312 21316
21321 21331 21340 21341 21347 21348 21350 21360 21362 21371 21373 21380 21388 21392 21394 21398 21403 21404
21405 21410 21419 21420 21427 21429 21435 21442 21448 21450 21456 21466 21475 21478 21486 21490 21494 21500
21506 21510 21515 21518 21525 21526 21531 21533 21541 21549 21550 21555 21559 21564 21568 21576 21578 21586
21592 21598 21603 21606 21610 21619 21623 21628 21633 21635 21638 21639 21642 21644 21649 21654 21664 21674
21677 21684 21687 21694 21700 21704 21714 21719 21724 21727 21737 21742 21744 21747 21754 21763 21770 21772
21774 21784 21786 21790 21791 21794 21802 21808 21818 21827 21836 21845 21852 21860 21861 21867 21877 21887
21895 21900 21905 21909 21914 21923 21926 21929 21932 21936 21939 21940 21946 21951 21957 21962 21972 21973
21974 21976 21986 21993 21996 21997 22003 22006 22015 22023 22026 22032 22034 22041 22049 22058 22060 22070
22075 22081 22083 22087 22090 22093 22100 22108 22113 22119 22126 22132 22139 22148 22158 22167 22170 22177
22180 22183 22191 22199 22202 22205 22212 22217 22227 22237 22246 22247 22249 22252 22262 22271 22275 22276
22281 22287 22294 22296 22303 22311 22319 22324 22329 22338 22341 22347 22357 22364 22369 22378 22383 22392
22397 22407 22416 22426 22429 22436 22442 22450 22458 22465 22473 22477 22482 22492 22501 22503 22508 22511
22521 22526 22530 22538 22542 22544 22554 22563 22570 22580 22584 22585 22595 22598 22607 22612 22621 22629
22637 22643 22653 22660 22669 22675 22680 22688 22693 22697 22698 22704 22708 22715 22721 22725 22728 22737
22740 22748 22752 22761 22769 22778 22788 22798 22802 22812 22822 22823 22833 22838 22841 22850 22860 22861
22870 22877 22878 22885 22894 22899 22907 22912 22919 22925 22927 22928 22937 22938 22944 22952 22960 22965
22971 22980 22986 22992 22995 22998 23004 23009 23011 23020 23027 23030 23039 23045 23047 23053 23062 23072
23076 23085 23091 23095 23100 23109 23111 23114 23119 23127 23137 23146 23150 23155 23158 23165 23169 23174
23181 23186 23189 23190 23195 23196 23199 23203 23213 23214 23218 23220 23225 23232 23237 23243 23250 23253
23261 23263 23265 23270 23278 23283 23285 23291 23292 23302 23308 23312 23318 23325 23332 23341 23350 23354
23359 23366 23373 23376 23384 23393 23394 23400 23409 23412 23421 23430 23434 23444 23446 23451 23460 23461
23469 23470 23473 23481 23482 23490 23491 23500 23510 23519 23520 23528 23533 23541 23542 23544 23554 23555
23559 23562 23565 23575 23583 23586 23590 23592 23595 23597 23600 23602 23611 23617 23625 23629 23632 23641
23646 23651 23657 23659 23660 23667 23668 23673 23675 23684 23689 23694 23704 23714 23718 23727 23731 23739
23740 23744 23748 23749 23752 23755 23756 23757 23765 23773 23776 23784 23791 23795 23803 23806 23810 23816
23821 23824 23834 23841 23851 23857 23860 23865 23871 23875 23881 23882 23888 23893 23903 23904 23908 23913
23917 23919 23927 23928 23933 23935 23938 23939 23945 23952 23956 23957 23964 23974 23982 23986 23988 23995
24000 24001 24007 24016 24019 24029 24036 24039 24042 24046 24049 24055 24058 24064 24068 24076 24077 24082
24087 24093 24100 24109 24113 24122 24130 24133 24140 24149 24156 24160 24165 24175 24178 24181 24182 24190
24191 24192 24199 24200 24205 24214 24223 24231 24240 24242 24246 24256 24265 24266 24274 24277 24279 24288
24293 24295 24303 24313 24321 24329 24330 24331 24341 24349 24354 24360 24364 24369 24379 24380 24386 24392
24394 24401 24403 24407 24414 24421 24427 24430 24431 24439 24449 24457 24467 24472 24476 24483 24486 24489
24490 24496 24500 24509 24511 24515 24516 24523 24524 24534 24537 24544 24553 24561 24567 24569 24577 24578
24584 24585 24591 24595 24596 24604 24605 24615 24620 24625 24628 24631 24641 24643 24644 24646 24647 24653
24654 24659 24666 24676 24681 24683 24684 24687 24696 24702 24706 24708 24711 24720 24730 24732 24741 24751
24759 24760 24767 24773 24781 24783 24793 24795 24796 24799 24809 24811 24820 24825 24826 24830 24834 24839
24847 24856 24857 24858 24864 24872 24873 24880 24884 24890 24896 24900 24903 24906 24916 24919 24928 24929
24933 24941 24945 24952 24959 24969 24975 24976 24986 24987 24993 25001 25010 25018 25028 25031 25035 25042
25049 25051 25060 25069 25075 25077 25081 25089 25091 25099 25108 25114 25120 25130 25132 25137 25143 25149
25150 25151 25160 25161 25169 25173 25179 25187 25195 25198 25201 25204 25212 25217 25222 25227 25228 25234
25241 25248 25257 25265 25268 25274 25275 25283 25291 25300 25303 25310 25311 25319 25324 25326 25332 25334
25342 25347 25351 25356 25363 25364 25374 25378 25379 25384 25393 25403 25407 25417 25422 25428 25432 25434
25439 25447 25452 25461 25464 25471 25478 25479 25480 25485 25495 25502 25510 25511 25512 25522 25531 25534
25539 25546 25548 25552 25562 25569 25572 25577 25581 25583 25589 25596 25603 25607 25611 25618 25627 25637
25640 25641 25647 25652 25656 25658 25661 25668 25675 25676 25686 25689 25690 25691 25699 25706 25711 25720
25726 25727 25729 25739 25745 25755 25764 25771 25772 25780 25786 25788 25789 25798 25805 25811 25818 25827
25835 25839 25847 25849 25852 25858 25864 25868 25870 25876 25882 25890 25899 25903 25913 25915 25921 25923
25933 25934 25936 25942 25949 25959 25962 25972 25976 25986 25994 26001 26002 26004 26011 26019 26022 26030
26036 26046 26047 26056 26063 26070 26079 26087 26097 26098 26108 26112 26121 26128 26129 26131 26134 26144
26149 26155 26156 26165 26172 26181 26185 26194 26196 26206 26208 26209 26212 26215 26222 26230 26235 26236
26244 26249 26257 26266 26273 26280 26284 26293 26303 26313 26323 26328 26331 26335 26339 26347 26353 26361
26365 26367 26368 26375 26378 26385 26392 26402 26405 26406 26414 26418 26419 26429 26438 26447 26455 26456
26465 26474 26478 26487 26494 26504 26511 26515 26522 26527 26532 26542 26544 26553 26563 26566 26571 26572
26581 26586 26596 26602 26610 26616 26617 26624 26626 26627 26632 26634 26635 26643 26651 26661 26665 26675
26679 26685 26690 26698 26707 26714 26716 26719 26724 26725 26727 26735 26738 26748 26756 26760 26761 26768
26769 26775 26782 26784 26787 26796 26806 26809 26819 26828 26830 26833 26837 26843 26847 26850 26855 26861
26866 26868 26876 26877 26882 26888 26896 26900 26902 26912 26913 26916 26923 26933 26937 26942 26943 26949
26951 26961 26969 26978 26982 26986 26987 26988 26998 27003 27006 27010 27013 27015 27023 27026 27033 27039
27041 27049 27056 27058 27061 27068 27071 27072 27080 27090 27091 27097 27100 27102 27107 27112 27114 27116
27117 27123 27127 27132 27138 27144 27145 27155 27162 27167 27173 27183 27193 27195 27200 27207 27208 27216
27225 27235 27245 27247 27257 27263 27268 27273 27280 27283 27291 27292 27293 27294 27300 27304 27309 27316
27326 27335 27338 27347 27351 27356 27359 27363 27371 27378 27385 27393 27394 27403 27404 27412 27413 27422
27426 27427 27436 27438 27444 27454 27459 27460 27469 27470 27471 27479 27489 27495 27504 27508 27515 27517
27522 27528 27533 27539 27540 27542 27548 27555 27561 27570 27580 27586 27587 27593 27602 27612 27621 27630
27634 27643 27647 27651 27653 27660 27669 27671 27677 27678 27682 27689 27691 27699 27708 27710 27719 27720
27724 27730 27734 27738 27740 27750 27759 27760 27770 27771 27778 27782 27784 27788 27795 27800 27806 27808
27814 27824 27829 27839 27848 27855 27865 27875 27883 27885 27890 27899 27901 27911 27918 27921 27925 27926
27934 27942 27943 27950 27952 27962 27968 27973 27978 27981 27988 27990 27996 28002 28011 28020 28027 28035
28041 28046 28049 28054 28061 28064 28071 28078 28086 28096 28099 28109 28115 28116 28120 28129 28135 28141
28147 28152 28159 28163 28167 28169 28176 28181 28188 28194 28200 28201 28211 28213 28218 28226 28229 28233
28241 28245 28246 28256 28265 28267 28276 28283 28285 28289 28290 28294 28298 28304 28309 28317 28319 28321
28329 28335 28342 28348 28351 28359 28363 28373 28377 28383 28385 28388 28391 28400 28403 28413 28421 28428
28429 28435 28444 28454 28459 28463 28469 28478 28479 28483 28486 28495 28496 28504 28511 28514 28523 28532
28536 28542 28543 28546 28548 28555 28561 28562 28572 28574 28576 28582 28589 28591 28600 28603 28605 28614
28621 28626 28634 28635 28639 28644 28651 28658 28664 28665 28667 28673 28680 28688 28693 28703 28710 28713
28720 28727 28732 28741 28749 28757 28767 28772 28774 28779 28783 28789 28792 28794 28796 28806 28813 28818
28824 28828 28838 28842 28850 28854 28864 28865 28874 28876 28879 28887 28892 28895 28904 28906 28912 28917
28921 28926 28928 28935 28939 28945 28950 28958 28962 28969 28972 28977 28986 28991 28998 29004 29009 29019
29027 29035 29036 29043 29045 29048 29051 29053 29062 29068 29077 29081 29090 29096 29103 29108 29118 29121
29131 29138 29145 29153 29154 29164 29166 29175 29177 29186 29187 29192 29194 29195 29197 29203 29209 29213
29214 29218 29222 29232 29235 29238 29244 29249 29255 29260 29265 29267 29273 29277 29281 29283 29288 29295
29297 29301 29303 29307 29309 29310 29314 29315 29322 29325 29335 29338 29346 29347 29350 29358 29360 29369
29379 29382 29384 29393 29403 29412 29419 29425 29427 29434 29437 29444 29448 29454 29460 29469 29472 29481
29486 29491 29496 29505 29507 29509 29515 29518 29523 29525 29531 29534 29541 29544 29552 29561 29565 29573
29578 29587 29595 29602 29608 29609 29611 29620 29627 29628 29635 29637 29640 29643 29650 29656 29666 29671
29674 29682 29683 29688 29695 29697 29703 29706 29710 29712 29719 29725 29728 29733 29734 29742 29752 29761
29764 29767 29772 29775 29784 29785 29794 29798 29799 29804 29806 29810 29817 29819 29829 29831 29833 29839
29847 29850 29852 29855 29859 29867 29869 29873 29878 29888 29895 29904 29906 29911 29915 29917 29924 29927
29933 29941 29944 29947 29956 29958 29966 29971 29976 29981 29983 29986 29987 29990 29991 29997 29999 30007
30012 30019 30021 30031 30038 30046 30050 30060 30065 30066 30075 30083 30088 30096 30102 30105 30113 30120
30127 30136 30138 30140 30141 30148 30156 30157 30161 30168 30176 30177 30179 30187 30197 30202 30203 30210
30219 30229 30234 30238 30241 30250 30258 30266 30271 30273 30274 30282 30292 30299 30303 30306 30311 30316
30319 30328 30329 30332 30335 30342 30347 30351 30356 30361 30369 30379 30382 30392 30398 30408 30413 30421
30431 30436 30445 30452 30455 30464 30472 30476 30479 30481 30485 30493 30498 30507 30510 30511 30516 30517
30523 30533 30536 30545 30550 30552 30561 30564 30572 30578 30587 30595 30598 30607 30614 30617 30618 30620
30626 30631 30637 30645 30647 30655 30660 30667 30674 30675 30681 30687 30697 30698 30704 30706 30709 30713
30720 30725 30734 30738 30746 30750 30754 30759 30767 30771 30778 30785 30790 30800 30807 30815 30816 30826
30833 30839 30849 30850 30852 30857 30861 30869 30872 30877 30885 30887 30896 30902 30907 30910 30919 30926
30930 30939 30947 30951 30952 30962 30967 30968 30971 30979 30982 30991 30992 31001 31005 31009 31013 31016
31018 31028 31035 31043 31048 31052 31062 31072 31079 31083 31086 31091 31099 31102 31111 31112 31120 31129
31134 31144 31148 31155 31162 31169 31173 31179 31181 31186 31195 31205 31210 31214 31218 31224 31231 31233
31236 31244 31250 31255 31265 31267 31275 31285 31294 31296 31301 31310 31316 31321 31325 31326 31336 31339
31344 31351 31357 31367 31368 31377 31384 31386 31395 31396 31402 31406 31415 31422 31427 31431 31434 31443
31445 31448 31452 31461 31466 31474 31480 31484 31494 31496 31506 31510 31513 31521 31531 31532 31535 31545
31546 31553 31562 31564 31568 31575 31576 31584 31592 31600 31607 31616 31617 31619 31624 31627 31628 31638
31642 31645 31648 31651 31656 31662 31671 31672 31682 31690 31696 31705 31708 31716 31720 31726 31729 31739
31749 31755 31765 31769 31773 31781 31790 31797 31799 31807 31808 31812 31820 31826 31832 31836 31838 31841
31845 31852 31862 31867 31877 31883 31886 31894 31898 31900 31904 31907 31914 31916 31921 31928 31931 31937
31938 31948 31951 31953 31960 31966 31967 31973 31979 31980 31988 31993 31996 31997 32007 32016 32017 32022
32027 32032 32036 32038 32042 32052 32061 32064 32071 32074 32081 32085 32094 32096 32101 32111 32118 32128
32130 32134 32141 32150 32151 32156 32159 32169 32174 32178 32186 32192 32198 32208 32216 32226 32228 32230
32239 32243 32250 32259 32263 32270 32276 32278 32279 32289 32292 32297 32302 32311 32315 32318 32328 32333
32336 32337 32338 32344 32352 32355 32363 32373 32381 32390 32398 32400 32409 32414 32423 32426 32435 32440
32450 32458 32460 32467 32470 32476 32481 32489 32492 32497 32502 32510 32517 32520 32524 32531 32534 32539
32549 32552 32554 32555 32565 32574 32577 32580 32581 32582 32587 32589 32593 32597 32598 32608 32611 32621
32629 32636 32641 32647 32648 32658 32667 32674 32675 32676 32682 32689 32695 32704 32706 32714 32719 32725
32729 32736 32743 32753 32762 32763 32765 32770 32772 32777 32781 32782 32792 32798 32799 32808 32812 32821
32822 32831 32840 32848 32858 32860 32864 32869 32875 32881 32884 32891 32895 32900 32910 32919 32926 32929
32938 32943 32950 32959 32966 32975 32979 32986 32990 32993 33003 33011 33018 33025 33030 33032 33035 33045
33055 33060 33069 33079 33083 33093 33100 33103 33112 33120 33127 33137 33140 33141 33146 33148 33154 33158
33164 33171 33174 33184 33189 33191 33198 33208 33216 33220 33223 33228 33237 33239 33242 33248 33255 33261
33264 33266 33268 33273 33276 33285 33294 33295 33296 33300 33303 33305 33313 33319 33324 33330 33339 33340
33345 33348 33349 33354 33355 33359 33365 33369 33377 33381 33384 33391 33393 33395 33404 33409 33419 33421
33426 33428 33432 33439 33448 33449 33453 33455 33458 33465 33475 33478 33487 33488 33493 33496 33499 33502
33510 33516 33521 33530 33532 33542 33548 33550 33556 33566 33575 33584 33585 33586 33595 33598 33605 33606
33608 33613 33621 33628 33631 33632 33640 33647 33650 33656 33661 33663 33671 33675 33680 33682 33688 33696
33705 33712 33718 33719 33725 33730 33738 33739 33749 33750 33752 33754 33764 33774 33776 33782 33791 33793
33799 33802 33809 33812 33819 33820 33821 33826 33834 33838 33844 33849 33856 33861 33863 33864 33873 33874
33879 33889 33895 33902 33906 33912 33917 33921 33926 33933 33943 33952 33953 33957 33958 33963 33966 33971
33976 33982 33992 33999 34006 34014 34023 34029 34031 34041 34050 34055 34060 34068 34077 34083 34086 34087
34090 34091 34095 34098 34101 34102 34105 34109 34111 34118 34126 34134 34139 34145 34153 34160 34170 34174
34179 34189 34193 34199 34203 34213 34216 34226 34227 34229 34233 34237 34247 34250 34253 34254 34257 34258
34266 34275 34283 34287 34288 34298 34299 34308 34310 34318 34327 34335 34344 34353 34358 34367 34372 34378
34379 34386 34394 34397 34403 34411 34417 34423 34431 34432 34433 34442 34443 34452 34457 34466 34473 34476
34477 34484 34493 34503 34505 34512 34514 34521 34525 34529 34536 34542 34552 34559 34560 34564 34566 34567
34574 34576 34578 34583 34587 34593 34602 34610 34617 34622 34630 34636 34646 34652 34653 34661 34664 34667
34670 34672 34675 34676 34685 34695 34696 34697 34706 34710 34719 34727 34729 34739 34747 34753 34759 34764
34770 34778 34779 34786 34794 34801 34810 34817 34818 34822 34829 34833 34836 34844 34849 34859 34867 34871
34874 34875 34882 34888 34896 34902 34910 34919 34925 34926 34935 34937 34943 34944 34948 34950 34960 34961
34968 34977 34980 34985 34995 34997 34998 35002 35008 35013 35020 35025 35033 35038 35044 35048 35058 35066
35072 35081 35089 35098 35107 35115 35118 35125 35134 35143 35147 35152 35154 35157 35161 35167 35173 35176
35185 35186 35192 35195 35198 35207 35208 35211 35216 35225 35233 35243 35253 35263 35271 35281 35283 35288
35295 35301 35304 35313 35316 35318 35319 35320 35321 35329 35338 35346 35348 35353 35361 35368 35372 35374
35376 35383 35386 35387 35390 35400 35406 35412 35421 35431 35434 35443 35453 35460 35470 35477 35487 35495
35500 35509 35516 35525 35535 35545 35548 35556 35560 35564 35567 35576 35579 35584 35593 35602 35608 35611
35616 35622 35626 35635 35644 35653 35662 35668 35671 35677 35680 35688 35698 35701 35705 35707 35709 35719
35727 35733 35738 35748 35752 35756 35766 35771 35773 35781 35782 35792 35802 35812 35821 35822 35832 35838
35839 35844 35848 35856 35862 35872 35882 35884 35885 35891 35900 35910 35912 35917 35926 35927 35930 35939
35949 35951 35959 35969 35978 35983 35990 35998 36004 36005 36007 36008 36015 36025 36027 36029 36032 36042
36047 36057 36064 36071 36080 36085 36091 36098 36104 36111 36118 36120 36124 36132 36137 36139 36145 36151
36156 36163 36165 36166 36174 36177 36184 36189 36190 36199 36204 36208 36212 36222 36229 36235 36242 36252
36262 36270 36275 36279 36287 36297 36299 36309 36318 36321 36331 36336 36339 36349 36359 36369 36376 36379
36381 36388 36396 36401 36403 36407 36417 36420 36425 36426 36431 36433 36440 36447 36455 36464 36472 36481
36485 36486 36494 36504 36506 36510 36517 36523 36532 36536 36542 36546 36550 36554 36559 36563 36569 36571
36572 36580 36581 36590 36595 36604 36606 36616 36618 36623 36629 36630 36639 36640 36648 36656 36658 36663
36665 36673 36683 36693 36695 36696 36706 36715 36718 36721 36728 36733 36741 36751 36760 36762 36771 36772
36779 36784 36786 36788 36796 36806 36809 36816 36820 36829 36834 36843 36844 36847 36851 36854 36863 36867
36872 36879 36885 36889 36898 36906 36907 36909 36918 36928 36932 36939 36940 36945 36952 36953 36956 36959
36968 36973 36983 36992 36993 37001 37011 37015 37018 37023 37027 37037 37045 37047 37050 37055 37060 37069
37074 37076 37077 37079 37082 37086 37096 37098 37103 37109 37110 37120 37122 37125 37130 37135 37142 37150
37159 37164 37170 37179 37185 37186 37190 37193 37200 37205 37211 37218 37225 37226 37231 37233 37240 37242
37252 37262 37271 37277 37283 37290 37293 37294 37296 37305 37313 37320 37323 37325 37334 37339 37340 37344
37353 37354 37359 37362 37368 37375 37380 37388 37394 37402 37410 37420 37428 37437 37440 37447 37454 37461
37462 37472 37481 37483 37490 37492 37501 37509 37515 37518 37523 37524 37531 37540 37548 37556 37562 37570
37574 37583 37584 37588 37589 37592 37595 37601 37603 37605 37612 37613 37623 37625 37629 37634 37642 37646
37652 37660 37666 37673 37680 37681 37688 37695 37702 37708 37711 37712 37714 37718 37724 37725 37729 37732
37740 37743 37747 37753 37760 37762 37769 37770 37772 37777 37779 37785 37790 37791 37801 37810 37815 37816
37817 37823 37829 37833 37839 37847 37850 37854 37860 37870 37877 37879 37880 37881 37890 37899 37903 37905
37909 37915 37920 37921 37930 37933 37943 37946 37952 37954 37955 37961 37963 37973 37977 37983 37987 37992
37998 37999 38007 38010 38020 38024 38025 38026 38031 38035 38040 38050 38054 38059 38062 38066 38069 38075
38078 38080 38086 38095 38096 38097 38103 38107 38115 38116 38123 38133 38138 38145 38149 38150 38156 38157
38163 38166 38167 38173 38175 38184 38188 38189 38193 38201 38205 38208 38215 38223 38225 38234 38235 38241
38246 38249 38255 38264 38267 38270 38272 38276 38286 38289 38290 38298 38306 38316 38323 38324 38331 38333
38342 38346 38352 38361 38362 38369 38375 38384 38389 38396 38401 38402 38406 38411 38419 38420 38427 38435
38438 38445 38451 38460 38463 38471 38480 38490 38493 38496 38498 38501 38502 38507 38516 38526 38530 38540
38548 38555 38558 38565 38566 38574 38577 38587 38592 38598 38604 38614 38623 38632 38639 38641 38647 38649
38657 38658 38661 38670 38675 38684 38693 38700 38702 38712 38722 38729 38737 38742 38751 38759 38769 38772
38779 38781 38791 38792 38802 38804 38806 38813 38822 38832 38840 38849 38853 38862 38870 38880 38890 38899
38901 38910 38915 38924 38926 38935 38939 38949 38956 38958 38960 38966 38971 38980 38989 38990 38992 38998
39008 39013 39023 39030 39034 39041 39043 39046 39051 39053 39060 39068 39072 39077 39083 39093 39096 39105
39108 39117 39125 39130 39139 39148 39156 39163 39169 39176 39185 39191 39195 39201 39203 39206 39208 39215
39216 39226 39227 39231 39235 39238 39246 39256 39262 39263 39272 39275 39278 39287 39294 39303 39308 39314
39322 39323 39333 39342 39346 39356 39366 39369 39377 39382 39383 39384 39389 39390 39393 39398 39404 39407
39408 39414 39421 39422 39425 39432 39434 39435 39443 39453 39456 39466 39474 39478 39479 39484 39487 39496
39501 39509 39516 39523 39527 39537 39541 39548 39551 39559 39569 39577 39586 39588 39597 39601 39611 39613
39620 39628 39636 39640 39649 39654 39662 39663 39669 39676 39680 39685 39692 39693 39701 39702 39709 39717
39721 39729 39730 39740 39743 39748 39752 39761 39769 39778 39781 39786 39796 39800 39806 39808 39817 39822
39828 39832 39834 39838 39847 39853 39854 39857 39859 39863 39872 39880 39882 39883 39886 39889 39897 39904
39911 39920 39928 39930 39935 39944 39947 39954 39959 39961 39970 39975 39982 39990 39998 40008 40017 40019
40028 40033 40034 40040 40048 40057 40065 40070 40076 40079 40089 40096 40104 40106 40109 40112 40121 40127
40130 40135 40142 40152 40161 40162 40163 40166 40171 40178 40187 40194 40197 40204 40207 40214 40215 40225
40230 40240 40250 40253 40259 40267 40270 40275 40279 40287 40293 40297 40304 40311 40316 40325 40335 40341
40350 40354 40359 40362 40371 40374 40378 40387 40394 40398 40400 40408 40414 40424 40431 40436 40437 40440
40441 40448 40452 40461 40465 40471 40475 40476 40485 40488 40489 40498 40507 40512 40522 40529 40530 40531
40532 40533 40543 40545 40549 40558 40562 40568 40573 40576 40582 40586 40589 40594 40598 40608 40613 40621
40630 40639 40641 40645 40649 40657 40664 40670 40673 40676 40677 40682 40691 40694 40698 40705 40714 40722
40725 40728 40736 40737 40744 40754 40764 40769 40778 40785 40794 40802 40803 40804 40814 40824 40834 40838
40842 40852 40853 40861 40866 40872 40880 40889 40896 40902 40906 40907 40915 40921 40924 40927 40932 40933
40942 40952 40955 40960 40967 40977 40981 40988 40995 40996 41001 41006 41008 41009 41019 41025 41027 41029
41036 41040 41049 41059 41064 41068 41073 41077 41078 41082 41085 41086 41087 41090 41100 41106 41108 41115
41116 41124 41127 41136 41145 41148 41156 41157 41164 41171 41176 41177 41186 41191 41200 41201 41211 41216
41217 41224 41226 41228 41237 41238 41242 41248 41253 41257 41264 41271 41279 41286 41290 41300 41306 41310
41319 41325 41329 41339 41340 41347 41354 41355 41364 41368 41372 41374 41375 41380 41381 41384 41385 41395
41398 41405 41412 41422 41427 41431 41433 41442 41450 41454 41457 41466 41467 41473 41480 41483 41487 41495
41503 41505 41510 41515 41518 41528 41529 41536 41545 41550 41553 41559 41566 41573 41582 41583 41588 41592
41602 41610 41611 41614 41616 41626 41632 41634 41642 41651 41655 41656 41665 41666 41675 41680 41681 41686
41696 41706 41716 41718 41722 41727 41732 41739 41745 41751 41759 41768 41772 41776 41785 41793 41801 41807
41810 41811 41820 41830 41837 41838 41846 41852 41858 41859 41869 41876 41878 41887 41888 41893 41899 41906
41910 41914 41921 41922 41924 41926 41933 41936 41946 41947 41955 41963 41971 41978 41983 41986 41992 41998
42000 42007 42014 42015 42020 42022 42027 42035 42038 42041 42046 42056 42060 42066 42067 42071 42074 42080
42084 42090 42092 42096 42100 42110 42112 42116 42122 42131 42139 42143 42150 42153 42159 42168 42174 42179
42185 42189 42196 42201 42211 42212 42215 42218 42226 42230 42240 42243 42246 42255 42265 42266 42274 42275
42283 42289 42293 42299 42307 42310 42316 42319 42326 42336 42340 42347 42357 42360 42364 42367 42369 42376
42386 42395 42398 42403 42410 42418 42422 42430 42440 42448 42453 42462 42470 42480 42482 42488 42492 42495
42505 42513 42519 42527 42532 42541 42544 42547 42548 42554 42564 42573 42578 42588 42593 42601 42604 42606
42614 42620 42622 42628 42631 42634 42641 42650 42660 42670 42673 42677 42683 42690 42692 42693 42703 42709
42716 42721 42726 42729 42732 42741 42742 42749 42751 42755 42757 42759 42767 42775 42780 42785 42790 42793
42803 42811 42815 42824 42825 42828 42831 42840 42844 42853 42856 42858 42864 42872 42877 42887 42891 42892
42898 42903 42910 42915 42922 42930 42934 42940 42944 42948 42954 42959 42963 42968 42974 42981 42984 42985
42994 42995 42998 43007 43011 43017 43024 43030 43035 43045 43047 43055 43062 43065 43073 43074 43076 43085
43094 43097 43103 43106 43113 43116 43124 43132 43134 43137 43143 43150 43154 43160 43165 43169 43178 43180
43183 43193 43199 43200 43204 43214 43216 43223 43226 43229 43234 43237 43247 43254 43256 43263 43267 43270
43278 43283 43287 43293 43299 43302 43310 43312 43317 43324 43326 43330 43335 43344 43348 43349 43350 43351
43352 43356 43359 43360 43365 43370 43379 43385 43394 43401 43405 43409 43417 43425 43426 43433 43440 43443
43446 43452 43457 43460 43465 43471 43477 43480 43484 43493 43501 43508 43515 43522 43527 43533 43535 43540
43547 43553 43559 43565 43568 43574 43584 43587 43593 43603 43610 43619 43623 43628 43629 43632 43639 43645
43649 43656 43662 43671 43673 43682 43690 43692 43698 43704 43707 43712 43722 43730 43739 43743 43753 43762
43763 43768 43769 43779 43789 43790 43792 43801 43806 43809 43813 43816 43821 43831 43833 43836 43840 43847
43850 43860 43862 43867 43869 43877 43884 43888 43898 43907 43908 43909 43916 43920 43924 43932 43933 43943
43945 43953 43961 43963 43965 43974 43977 43986 43992 43993 43999 44009 44016 44019 44023 44029 44039 44048
44057 44061 44068 44069 44075 44081 44086 44093 44103 44109 44110 44120 44130 44134 44143 44152 44162 44169
44173 44183 44189 44193 44199 44200 44210 44219 44229 44239 44248 44249 44251 44261 44271 44277 44285 44294
44300 44308 44317 44323 44329 44336 44346 44349 44355 44360 44362 44371 44379 44382 44390 44395 44396 44397
44403 44404 44407 44414 44417 44426 44432 44436 44439 44446 44448 44449 44452 44460 44466 44472 44475 44480
44489 44493 44495 44502 44511 44517 44521 44523 44527 44528 44532 44542 44549 44551 44560 44570 44575 44582
44583 44585 44593 44600 44608 44614 44620 44627 44628 44634 44642 44649 44656 44659 44668 44675 44676 44686
44690 44699 44706 44715 44720 44727 44734 44741 44743 44747 44756 44766 44774 44780 44789 44792 44796 44797
44805 44814 44823 44828 44837 44844 44850 44852 44859 44865 44870 44877 44884 44886 44892 44893 44896 44898
44903 44910 44912 44919 44922 44923 44932 44942 44947 44950 44957 44967 44977 44986 44987 44991 45000 45006
45011 45020 45022 45027 45037 45046 45049 45057 45065 45068 45075 45077 45078 45086 45096 45106 45107 45112
45118 45127 45132 45134 45140 45145 45151 45160 45164 45166 45173 45182 45188 45189 45190 45193 45197 45205
45214 45218 45219 45228 45237 45238 45243 45252 45256 45265 45270 45278 45285 45288 45293 45302 45310 45314
45316 45324 45333 45342 45344 45345 45354 45359 45369 45370 45378 45385 45393 45397 45402 45407 45412 45417
45421 45428 45431 45433 45442 45450 45458 45466 45468 45470 45473 45475 45484 45492 45501 45508 45514 45516
45520 45524 45526 45536 45543 45553 45558 45562 45568 45569 45573 45577 45581 45591 45594 45603 45610 45614
45620 45629 45639 45648 45655 45661 45671 45681 45683 45685 45692 45698 45702 45712 45718 45726 45728 45737
45739 45740 45742 45743 45747 45753 45757 45762 45767 45775 45782 45787 45790 45792 45799 45808 45815 45823
45824 45831 45836 45839 45847 45853 45854 45863 45870 45875 45883 45885 45891 45898 45900 45906 45908 45916
45918 45922 45932 45934 45940 45942 45951 45954 45962 45969 45975 45981 45988 45990 45992 45997 46001 46009
46012 46014 46017 46022 46026 46031 46037 46038 46039 46047 46053 46060 46066 46073 46078 46082 46085 46090
46095 46097 46106 46113 46121 46129 46130 46140 46143 46148 46149 46153 46158 46165 46173 46181 46188 46189
46197 46203 46209 46210 46220 46230 46232 46233 46239 46241 46245 46254 46260 46263 46269 46272 46276 46285
46292 46293 46297 46306 46307 46309 46318 46326 46335 46338 46348 46351 46357 46360 46365 46371 46379 46385
46390 46393 46399 46408 46409 46410 46411 46415 46416 46418 46428 46438 46447 46448 46454 46457 46466 46471
46481 46488 46498 46501 46511 46515 46521 46528 46536 46537 46541 46546 46555 46565 46571 46578 46583 46591
46599 46606 46610 46613 46621 46628 46630 46636 46642 46644 46652 46661 46669 46675 46679 46680 46688 46693
46703 46709 46719 46729 46732 46736 46743 46748 46752 46755 46757 46762 46763 46768 46773 46781 46791 46796
46805 46808 46816 46822 46829 46836 46844 46846 46849 46853 46862 46870 46871 46876 46881 46882 46890 46898
46908 46918 46921 46930 46939 46949 46955 46963 46973 46981 46984 46991 46996 47002 47006 47014 47018 47027
47030 47036 47041 47051 47058 47066 47072 47079 47089 47092 47102 47105 47109 47114 47115 47121 47122 47125
47133 47141 47146 47152 47155 47164 47166 47168 47175 47177 47182 47192 47198 47208 47216 47226 47230 47231
47234 47238 47241 47248 47253 47255 47261 47266 47276 47281 47284 47291 47301 47304 47310 47313 47318 47320
47328 47333 47340 47350 47358 47364 47370 47378 47383 47389 47395 47396 47406 47415 47423 47429 47431 47440
47448 47453 47454 47462 47472 47482 47486 47494 47500 47505 47508 47512 47513 47519 47523 47531 47538 47539
47544 47549 47550 47551 47554 47555 47562 47563 47567 47571 47573 47575 47581 47589 47593 47601 47606 47612
47621 47630 47636 47638 47641 47642 47645 47654 47655 47661 47664 47665 47675 47680 47685 47689 47693 47698
47700 47706 47712 47720 47723 47730 47740 47748 47752 47756 47761 47768 47776 47778 47786 47796 47804 47806
47816 47825 47831 47837 47847 47855 47860 47865 47868 47875 47883 47887 47893 47896 47897 47901 47908 47916
47925 47929 47935 47939 47948 47958 47966 47975 47980 47990 47994 48004 48012 48013 48021 48026 48029 48038
48047 48055 48056 48066 48074 48083 48089 48098 48100 48103 48110 48118 48127 48135 48145 48151 48161 48165
48174 48177 48183 48191 48192 48196 48201 48210 48219 48220 48226 48228 48235 48239 48249 48258 48259 48263
48271 48279 48280 48281 48282 48283 48289 48298 48299 48309 48319 48329 48331 48341 48349 48355 48360 48361
48365 48369 48377 48383 48388 48389 48393 48399 48401 48405 48415 48416 48422 48432 48442 48452 48460 48470
48475 48482 48488 48494 48502 48505 48507 48516 48525 48530 48534 48536 48542 48548 48554 48556 48557 48563
48571 48578 48585 48595 48597 48604 48607 48612 48620 48624 48629 48635 48644 48645 48651 48660 48667 48673
48679 48681 48684 48686 48693 48700 48703 48707 48711 48715 48720 48729 48737 48738 48745 48748 48754 48764
48773 48779 48787 48795 48804 48813 48816 48820 48828 48830 48833 48834 48837 48845 48848 48857 48860 48870
48874 48875 48878 48881 48889 48892 48896 48897 48902 48910 48912 48922 48931 48932 48936 48938 48948 48950
48952 48958 48968 48978 48986 48987 48990 48999 49005 49014 49019 49025 49027 49035 49038 49046 49056 49064
49074 49083 49090 49098 49099 49102 49105 49106 49116 49126 49132 49137 49138 49139 49148 49153 49157 49159
49161 49171 49172 49178 49182 49187 49189 49192 49194 49201 49204 49213 49215 49217 49221 49225 49227 49237
49243 49247 49252 49258 49264 49269 49276 49281 49289 49296 49300 49306 49313 49315 49323 49329 49338 49346
49353 49354 49358 49364 49370 49379 49389 49396 49403 49404 49411 49420 49422 49426 49430 49434 49436 49437
49441 49444 49447 49449 49455 49461 49469 49476 49485 49494 49502 49511 49520 49525 49528 49538 49540 49544
49550 49555 49560 49564 49569 49579 49589 49591 49601 49608 49612 49613 49623 49624 49634 49636 49642 49652
49657 49663 49668 49678 49679 49688 49695 49701 49710 49717 49719 49724 49725 49732 49738 49743 49745 49752
49756 49766 49770 49772 49780 49782 49785 49788 49798 49806 49811 49821 49827 49837 49839 49844 49853 49861
49871 49876 49879 49882 49885 49893 49898 49899 49901 49902 49907 49914 49924 49925 49935 49939 49944 49947
49949 49951 49958 49968 49972 49975 49983 49989 49991 49993 49999 50003 50008 50011 50018 50023 50031 50034
50041 50045 50048 50054 50063 50072 50080 50086 50090 50096 50102 50111 50116 50118 50128 50131 50138 50140
50149 50156 50166 50176 50183 50188 50191 50194 50203 50213 50221 50225 50227 50230 50232 50241 50245 50246
50249 50252 50253 50256 50266 50269 50278 50284 50294 50301 50303 50312 50316 50322 50331 50340 50343 50351
50354 50355 50362 50370 50380 50389 50390 50396 50402 50408 50417 50419 50421 50425 50429 50437 50445 50455
50458 50460 50461 50469 50477 50479 50485 50494 50502 50511 50515 50525 50530 50532 50542 50546 50553 50556
50564 50572 50579 50586 50589 50596 50599 50603 50609 50615 50620 50625 50633 50639 50641 50648 50650 50659
50662 50666 50676 50681 50684 50691 50698 50701 50703 50713 50722 50725 50733 50737 50744 50746 50753 50759
50766 50767 50777 50780 50790 50793 50798 50806 50809 50818 50824 50828 50837 50847 50854 50862 50870 50872
50878 50887 50895 50896 50904 50913 50917 50920 50921 50930 50934 50944 50954 50955 50959 50966 50971 50975
50981 50983 50987 50993 50994 51002 51011 51017 51025 51032 51042 51052 51058 51061 51067 51068 51076 51084
51089 51096 51103 51113 51121 51129 51130 51132 51133 51134 51138 51145 51152 51155 51159 51167 51168 51175
51177 51178 51185 51190 51197 51201 51211 51218 51222 51231 51235 51244 51247 51254 51258 51263 51264 51270
51275 51279 51289 51293 51299 51303 51305 51311 51313 51323 51332 51338 51342 51350 51357 51358 51359 51367
51377 51383 51387 51394 51399 51400 51409 51418 51421 51425 51427 51434 51442 51448 51456 51463 51465 51472
51477 51484 51494 51503 51505 51514 51524 51533 51537 51542 51549 51554 51556 51563 51567 51569 51572 51580
51588 51597 51600 51609 51612 51613 51615 51619 51620 51622 51624 51634 51640 51645 51646 51656 51660 51661
51669 51675 51680 51681 51687 51697 51701 51710 51716 51719 51725 51733 51743 51745 51752 51754 51756 51760
51767 51768 51778 51782 51790 51795 51802 51808 51811 51820 51829 51838 51839 51840 51841 51851 51857 51860
51864 51865 51871 51875 51883 51887 51893 51901 51904 51907 51917 51925 51932 51934 51939 51946 51950 51953
51962 51966 51969 51972 51976 51982 51985 51987 51991 51995 52000 52003 52010 52016 52019 52023 52024 52034
52037 52039 52047 52054 52062 52067 52077 52079 52082 52090 52094 52101 52110 52119 52128 52138 52143 52152
52154 52161 52163 52172 52173 52176 52179 52181 52182 52183 52187 52188 52190 52194 52195 52201 52205 52214
52216 52218 52219 52223 52226 52234 52244 52245 52249 52254 52258 52268 52270 52279 52283 52292 52302 52307
52309 52310 52314 52324 52327 52332 52341 52351 52352 52354 52363 52366 52371 52376 52384 52388 52389 52394
52399 52406 52409 52417 52427 52434 52442 52445 52447 52453 52458 52459 52463 52471 52477 52486 52495 52496
52503 52508 52509 52515 52519 52526 52532 52539 52549 52558 52560 52570 52577 52581 52586 52591 52601 52607
52612 52616 52620 52624 52631 52637 52647 52653 52654 52661 52666 52669 52679 52680 52681 52683 52692 52693
52701 52705 52709 52716 52726 52735 52742 52750 52751 52752 52755 52757 52764 52774 52775 52782 52785 52786
52792 52794 52797 52799 52804 52808 52817 52825 52832 52834 52843 52852 52859 52860 52862 52864 52871 52880
52888 52895 52899 52902 52909 52910 52915 52922 52931 52940 52944 52948 52956 52961 52965 52967 52971 52981
52982 52986 52996 53003 53008 53014 53018 53021 53022 53026 53030 53038 53042 53047 53048 53049 53053 53061
53067 53077 53084 53089 53093 53095 53097 53100 53105 53107 53115 53119 53124 53131 53137 53146 53151 53158
53159 53165 53171 53181 53183 53191 53197 53206 53210 53215 53217 53225 53234 53242 53246 53251 53253 53255
53259 53267 53274 53276 53286 53292 53297 53303 53308 53312 53313 53320 53321 53326 53330 53332 53341 53350
53353 53354 53355 53361 53363 53366 53374 53379 53386 53394 53400 53402 53407 53408 53416 53424 53425 53430
53433 53439 53446 53450 53455 53465 53471 53476 53484 53493 53499 53506 53508 53513 53520 53521 53526 53533
53534 53537 53539 53548 53557 53567 53573 53583 53584 53586 53590 53595 53597 53598 53604 53609 53619 53627
53630 53640 53643 53644 53652 53656 53660 53663 53671 53678 53682 53686 53690 53693 53694 53699 53701 53705
53711 53714 53720 53726 53734 53737 53744 53751 53761 53766 53768 53771 53774 53776 53781 53790 53795 53801
53804 53808 53815 53818 53827 53837 53841 53844 53854 53861 53863 53866 53872 53877 53882 53890 53895 53896
53898 53902 53907 53916 53922 53927 53932 53938 53941 53946 53953 53961 53970 53974 53982 53986 53991 53998
54007 54008 54009 54015 54017 54023 54026 54036 54041 54046 54056 54063 54070 54074 54078 54079 54087 54092
54097 54105 54112 54117 54124 54127 54131 54135 54138 54148 54150 54156 54166 54171 54181 54188 54189 54197
54200 54207 54212 54214 54215 54218 54226 54233 54243 54250 54255 54259 54260 54267 54273 54283 54293 54301
54308 54313 54319 54324 54326 54332 54338 54341 54344 54346 54352 54361 54365 54367 54369 54372 54376 54382
54390 54396 54401 54405 54412 54421 54425 54426 54430 54440 54447 54450 54459 54467 54470 54474 54481 54487
54496 54506 54511 54515 54524 54534 54539 54541 54543 54549 54559 54566 54573 54576 54579 54589 54595 54599
54604 54608 54614 54622 54627 54628 54634 54643 54645 54647 54648 54658 54666 54676 54680 54682 54692 54702
54706 54708 54709 54713 54722 54730 54740 54743 54748 54751 54757 54763 54767 54774 54779 54782 54785 54791
54794 54800 54806 54808 54815 54822 54831 54840 54850 54854 54860 54862 54864 54866 54869 54877 54887 54893
54896 54903 54908 54916 54926 54936 54941 54943 54950 54956 54964 54966 54975 54984 54992 55001 55007 55015
55016 55026 55035 55041 55044 55053 55063 55064 55072 55078 55079 55086 55088 55093 55099 55101 55107 55115
55116 55121 55128 55133 55135 55136 55141 55147 55150 55157 55167 55172 55173 55175 55184 55194 55202 55210
55213 55219 55229 55232 55241 55250 55252 55259 55264 55266 55274 55281 55287 55296 55301 55306 55315 55318
55323 55328 55331 55339 55341 55347 55355 55359 55360 55362 55371 55373 55374 55375 55383 55393 55402 55403
55408 55417 55426 55428 55430 55432 55441 55448 55455 55465 55469 55475 55478 55479 55488 55497 55506 55508
55510 55518 55520 55529 55537 55544 55545 55549 55552 55554 55556 55565 55570 55573 55583 55593 55598 55608
55610 55615 55621 55627 55632 55642 55645 55652 55661 55665 55672 55677 55681 55689 55693 55696 55701 55710
55720 55722 55730 55731 55735 55740 55747 55757 55762 55770 55779 55786 55790 55793 55798 55808 55810 55820
55829 55833 55841 55851 55854 55860 55865 55869 55873 55878 55887 55890 55895 55902 55903 55910 55920 55922
55925 55935 55944 55948 55956 55958 55968 55971 55976 55978 55981 55986 55996 55997 56003 56012 56016 56021
56029 56035 56043 56048 56049 56052 56059 56064 56068 56078 56085 56093 56100 56106 56110 56119 56123 56131
56141 56142 56149 56150 56157 56166 56175 56178 56186 56193 56196 56197 56205 56209 56211 56221 56228 56231
56232 56233 56235 56238 56243 56248 56256 56266 56270 56280 56288 56296 56304 56313 56323 56327 56328 56332
56342 56350 56353 56361 56367 56377 56387 56396 56406 56411 56418 56427 56433 56440 56445 56447 56448 56454
56462 56471 56473 56481 56482 56489 56499 56504 56507 56517 56525 56532 56538 56548 56551 56555 56560 56567
56576 56581 56582 56584 56589 56599 56601 56604 56606 56611 56613 56618 56621 56623 56629 56631 56638 56646
56650 56656 56660 56662 56669 56677 56686 56691 56693 56700 56702 56709 56710 56717 56727 56731 56737 56743
56752 56756 56757 56764 56774 56778 56784 56791 56792 56796 56799 56802 56812 56817 56827 56833 56840 56848
56858 56863 56873 56878 56882 56883 56893 56897 56899 56908 56917 56921 56928 56937 56940 56949 56950 56954
56958 56968 56971 56974 56984 56987 56994 57004 57012 57015 57022 57028 57033 57040 57043 57047 57055 57062
57065 57068 57078 57088 57089 57091 57098 57104 57106 57110 57116 57124 57134 57143 57151 57156 57163 57173
57177 57180 57187 57194 57202 57206 57211 57217 57220 57222 57227 57234 57243 57253 57258 57261 57269 57272
57282 57286 57287 57295 57300 57306 57313 57321 57327 57336 57341 57348 57353 57354 57363 57372 57375 57378
57380 57388 57397 57402 57412 57414 57417 57422 57427 57434 57436 57443 57448 57454 57459 57469 57472 57474
57477 57484 57492 57501 57511 57518 57522 57524 57529 57537 57543 57544 57553 57556 57566 57573 57577 57583
57589 57598 57603 57611 57617 57620 57630 57631 57634 57641 57651 57660 57668 57674 57677 57678 57685 57692
57702 57712 57722 57726 57729 57733 57735 57738 57748 57751 57756 57759 57765 57771 57779 57788 57797 57802
57812 57813 57814 57818 57825 57830 57836 57846 57851 57853 57856 57857 57859 57869 57872 57874 57884 57891
57895 57903 57908 57918 57928 57933 57941 57945 57950 57954 57955 57961 57965 57968 57975 57984 57986 57990
57992 57994 58002 58007 58017 58018 58027 58030 58039 58045 58052 58054 58058 58059 58069 58074 58082 58090
58093 58101 58109 58114 58115 58116 58123 58131 58137 58147 58151 58155 58161 58163 58169 58173 58177 58187
58191 58192 58200 58210 58220 58230 58232 58239 58241 58244 58246 58256 58260 58267 58271 58281 58286 58290
58295 58303 58310 58314 58321 58324 58334 58342 58343 58345 58351 58360 58368 58371 58379 58380 58390 58399
58405 58413 58418 58420 58427 58432 58438 58440 58443 58450 58451 58457 58458 58466 58473 58478 58488 58490
58492 58494 58502 58512 58521 58528 58529 58532 58536 58546 58548 58549 58552 58561 58563 58569 58577 58587
58597 58606 58610 58620 58624 58632 58637 58638 58648 58654 58661 58664 58674 58680 58685 58693 58703 58707
58708 58712 58721 58729 58736 58742 58748 58754 58758 58761 58764 58773 58782 58788 58793 58800 58809 58819
58821 58826 58830 58832 58834 58838 58846 58855 58856 58866 58869 58870 58878 58883 58892 58900 58905 58909
58916 58921 58930 58938 58943 58946 58947 58952 58961 58964 58971 58978 58982 58987 58996 59005 59011 59013
59022 59032 59042 59044 59052 59060 59066 59068 59075 59085 59088 59094 59104 59108 59114 59124 59126 59127
59137 59145 59155 59156 59160 59167 59170 59173 59180 59184 59192 59202 59208 59212 59215 59221 59227 59236
59244 59248 59252 59258 59266 59271 59277 59282 59288 59290 59295 59300 59304 59308 59312 59316 59319 59327
59329 59330 59337 59344 59345 59351 59357 59360 59370 59379 59387 59393 59403 59410 59418 59420 59430 59432
59440 59449 59459 59463 59473 59477 59483 59493 59500 59503 59506 59510 59511 59515 59521 59523 59525 59533
59542 59550 59551 59561 59566 59575 59585 59588 59598 59605 59608 59614 59618 59625 59629 59633 59641 59644
59650 59658 59668 59675 59685 59694 59702 59704 59711 59717 59720 59721 59724 59727 59735 59742 59751 59760
59761 59764 59770 59773 59774 59782 59789 59799 59804 59807 59809 59812 59814 59823 59824 59830 59834 59838
59846 59853 59856 59861 59862 59866 59875 59882 59888 59890 59892 59900 59903 59907 59911 59912 59915 59917
59924 59931 59941 59948 59957 59964 59974 59980 59986 59989 59993 59995 60000 60010 60015 60018 60022 60028
60031 60032 60034 60041 60046 60052 60062 60072 60082 60089 60092 60095 60103 60113 60114 60118 60119 60128
60132 60135 60138 60140 60143 60151 60156 60160 60163 60167 60171 60177 60181 60183 60188 60195 60205 60209
60210 60213 60219 60229 60230 60239 60245 60249 60252 60259 60266 60270 60275 60281 60284 60285 60289 60299
60306 60309 60310 60314 60318 60319 60320 60323 60328 60334 60337 60345 60354 60363 60366 60373 60379 60387
60397 60407 60408 60417 60427 60434 60443 60453 60461 60463 60473 60475 60476 60481 60485 60488 60494 60500
60508 60517 60518 60519 60527 60535 60536 60546 60549 60558 60566 60569 60576 60577 60580 60583 60590 60598
60604 60614 60624 60633 60636 60643 60652 60655 60660 60666 60671 60672 60677 60686 60692 60695 60704 60711
60718 60719 60720 60727 60735 60741 60751 60760 60769 60773 60783 60789 60793 60802 60812 60816 60824 60826
60833 60834 60844 60848 60858 60867 60875 60883 60890 60891 60896 60900 60907 60910 60920 60928 60935 60937
60943 60950 60952 60958 60964 60966 60968 60972 60974 60975 60982 60987 60990 60996 61004 61010 61016 61017
61022 61027 61032 61033 61043 61045 61051 61058 61067 61071 61075 61077 61078 61080 61087 61092 61097 61107
61115 61117 61120 61127 61137 61143 61148 61158 61164 61170 61172 61181 61185 61186 61189 61197 61202 61210
61211 61215 61224 61227 61237 61239 61248 61255 61259 61262 61263 61272 61279 61285 61295 61298 61299 61302
61312 61315 61324 61333 61339 61349 61351 61353 61359 61364 61366 61371 61381 61391 61396 61403 61406 61412
61413 61414 61415 61424 61425 61429 61438 61440 61443 61445 61448 61458 61464 61469 61478 61483 61487 61492
61497 61498 61500 61505 61513 61518 61521 61527 61534 61542 61552 61553 61555 61558 61559 61560 61569 61573
61580 61583 61589 61598 61605 61613 61618 61625 61628 61630 61633 61642 61648 61649 61656 61658 61664 61674
61677 61683 61690 61698 61704 61711 61720 61728 61732 61736 61743 61751 61756 61764 61770 61776 61780 61781
61791 61801 61807 61816 61824 61828 61836 61842 61852 61860 61868 61876 61880 61885 61894 61900 61901 61907
61916 61924 61931 61940 61942 61950 61955 61961 61966 61974 61983 61986 61991 61993 61996 62000 62003 62011
62018 62022 62023 62028 62032 62037 62043 62051 62060 62064 62070 62075 62076 62082 62085 62092 62094 62104
62110 62115 62120 62123 62131 62135 62145 62155 62163 62166 62168 62178 62186 62190 62194 62196 62204 62205
62215 62225 62233 62238 62241 62248 62253 62258 62259 62268 62278 62287 62292 62297 62307 62313 62315 62318
62324 62325 62326 62329 62332 62342 62343 62351 62360 62364 62366 62372 62378 62388 62393 62395 62404 62412
62419 62423 62433 62442 62452 62457 62460 62468 62474 62480 62486 62496 62497 62499 62507 62509 62513 62523
62525 62531 62538 62547 62556 62559 62569 62575 62580 62587 62592 62601 62602 62610 62620 62623 62630 62633
62634 62641 62643 62650 62656 62663 62670 62672 62681 62690 62696 62704 62714 62724 62733 62734 62740 62747
62751 62760 62765 62769 62778 62786 62792 62796 62806 62807 62814 62815 62818 62820 62830 62839 62844 62846
62856 62866 62870 62875 62883 62889 62899 62905 62914 62921 62922 62929 62937 62943 62953 62957 62960 62968
62977 62981 62987 62992 62996 63000 63008 63018 63021 63023 63033 63039 63040 63042 63044 63053 63054 63055
63059 63068 63077 63084 63091 63100 63101 63103 63112 63122 63126 63133 63139 63147 63148 63157 63167 63170
63172 63175 63184 63190 63198 63208 63212 63219 63225 63227 63232 63240 63242 63243 63248 63252 63259 63269
63272 63274 63279 63282 63286 63287 63289 63295 63302 63306 63313 63318 63323 63329 63335 63343 63353 63358
63361 63362 63368 63373 63375 63382 63389 63399 63400 63409 63414 63421 63426 63430 63438 63442 63445 63449
63454 63459 63469 63475 63480 63485 63487 63496 63497 63502 63512 63518 63521 63522 63529 63533 63542 63549
63557 63565 63574 63579 63582 63585 63589 63590 63595 63596 63606 63615 63624 63632 63633 63641 63646 63654
63658 63659 63669 63670 63674 63680 63686 63690 63696 63706 63713 63715 63719 63728 63732 63737 63741 63747
63756 63766 63767 63770 63779 63789 63791 63800 63804 63810 63817 63821 63825 63826 63827 63831 63836 63840
63842 63846 63852 63858 63859 63865 63867 63873 63882 63884 63892 63895 63901 63911 63920 63921 63922 63931
63941 63944 63952 63955 63960 63970 63974 63980 63987 63989 63994 64000 64004 64014 64018 64027 64036 64039
64047 64049 64050 64055 64058 64068 64073 64083 64091 64094 64099 64103 64104 64112 64114 64120 64125 64135
64140 64144 64152 64156 64158 64164 64174 64175 64184 64194 64196 64206 64210 64211 64216 64220 64222 64227
64235 64236 64245 64255 64260 64263 64264 64265 64270 64272 64277 64285 64287 64297 64302 64303 64310 64318
64322 64324 64325 64334 64343 64349 64359 64368 64372 64377 64386 64394 64401 64410 64419 64421 64428 64434
64439 64440 64446 64447 64456 64459 64467 64473 64476 64478 64484 64492 64499 64503 64510 64516 64521 64527
64535 64541 64550 64558 64567 64568 64573 64577 64581 64590 64593 64595 64601 64608 64613 64619 64625 64631
64637 64640 64649 64655 64656 64664 64671 64678 64680 64686 64691 64696 64702 64703 64705 64709 64719 64722
64725 64735 64737 64747 64749 64750 64760 64766 64769 64778 64784 64786 64791 64792 64799 64807 64813 64814
64817 64827 64832 64838 64846 64856 64866 64873 64876 64882 64890 64898 64901 64909 64914 64919 64929 64937
64941 64944 64951 64960 64964 64970 64976 64980 64990 64996 65001 65007 65009 65014 65017 65021 65028 65030
65031 65039 65040 65046 65053 65057 65061 65066 65074 65076 65085 65088 65097 65099 65107 65114 65118 65121
65127 65128 65135 65141 65150 65157 65160 65163 65168 65171 65175 65184 65191 65192 65197 65204 65212 65215
65219 65228 65233 65238 65242 65244 65251 65260 65270 65276 65284 65286 65294 65304 65310 65312 65314 65322
65331 65340 65345 65347 65351 65358 65361 65368 65369 65373 65375 65376 65377 65380 65388 65394 65395 65402
65407 65411 65421 65430 65440 65446 65448 65455 65465 65474 65478 65484 65488 65496 65505 65512 65513 65516
65517 65521 65529 65532 65540 65546 65549 65558 65568 65572 65576 65580 65588 65597 65598 65601 65605 65609
65614 65617 65620 65629 65636 65642 65650 65653 65661 65667 65673 65678 65682 65690 65696 65705 65715 65721
65723 65733 65742 65743 65748 65754 65755 65758 65763 65765 65769 65770 65772 65778 65786 65795 65800 65804
65807 65814 65819 65828 65837 65845 65851 65854 65857 65860 65862 65872 65879 65887 65888 65893 65896 65904
65907 65917 65925 65933 65943 65945 65948 65952 65958 65964 65968 65971 65977 65978 65988 65996 66001 66002
66009 66011 66020 66028 66030 66034 66041 66045 66051 66053 66057 66060 66069 66071 66078 66080 66087 66094
66095 66100 66103 66111 66121 66127 66134 66138 66141 66144 66148 66155 66161 66165 66171 66178 66185 66189
66195 66204 66209 66216 66220 66227 66232 66235 66238 66240 66246 66247 66253 66261 66268 66275 66283 66288
66289 66294 66302 66307 66312 66313 66316 66320 66327 66329 66338 66347 66352 66362 66372 66378 66387 66395
66404 66412 66418 66421 66431 66437 66443 66452 66459 66463 66471 66472 66481 66491 66494 66504 66512 66515
66523 66527 66530 66533 66543 66548 66553 66561 66565 66570 66578 66586 66594 66597 66603 66609 66613 66623
66632 66641 66646 66652 66658 66663 66667 66670 66677 66678 66686 66687 66692 66696 66700 66707 66708 66713
66718 66720 66724 66734 66739 66745 66755 66759 66767 66770 66772 66781 66787 66789 66796 66799 66801 66805
66808 66811 66817 66823 66833 66836 66841 66842 66844 66853 66860 66867 66871 66877 66878 66885 66888 66889
66895 66897 66902 66904 66913 66918 66919 66921 66923 66927 66933 66940 66943 66950 66954 66958 66960 66967
66976 66985 66993 67001 67007 67013 67014 67016 67023 67025 67032 67037 67040 67041 67049 67056 67059 67064
67073 67083 67090 67095 67099 67100 67104 67109 67117 67123 67130 67136 67139 67149 67159 67168 67171 67178
67181 67189 67191 67192 67194 67197 67206 67209 67217 67227 67230 67240 67250 67251 67257 67266 67273 67279
67285 67292 67297 67304 67308 67312 67318 67322 67323 67330 67336 67343 67348 67356 67363 67372 67374 67377
67386 67391 67396 67398 67405 67412 67413 67422 67428 67438 67447 67452 67454 67463 67466 67469 67470 67473
67476 67479 67480 67489 67497 67499 67507 67512 67515 67525 67526 67536 67545 67550 67557 67567 67572 67577
67584 67589 67594 67597 67603 67613 67620 67625 67630 67634 67637 67638 67640 67647 67655 67663 67667 67672
67675 67680 67690 67691 67694 67702 67704 67710 67717 67719 67728 67730 67737 67742 67744 67746 67749 67751
67753 67757 67765 67766 67769 67770 67776 67782 67785 67795 67802 67803 67806 67815 67823 67826 67829 67831
67834 67843 67844 67849 67859 67860 67864 67871 67876 67877 67885 67894 67895 67904 67909 67913 67919 67927
67937 67939 67942 67946 67955 67962 67966 67974 67981 67982 67988 67991 67998 68005 68012 68022 68031 68035
68042 68049 68055 68060 68069 68074 68078 68084 68085 68086 68088 68095 68104 68109 68111 68118 68126 68130
68135 68141 68143 68151 68160 68163 68166 68175 68182 68190 68199 68200 68204 68213 68214 68215 68225 68226
68234 68238 68245 68248 68250 68253 68257 68264 68270 68277 68281 68286 68294 68301 68302 68306 68315 68321
68324 68327 68332 68336 68340 68346 68355 68362 68370 68379 68381 68390 68399 68406 68413 68418 68426 68436
68445 68455 68462 68469 68477 68478 68487 68495 68502 68508 68512 68513 68522 68526 68534 68535 68536 68540
68548 68553 68556 68564 68574 68576 68582 68592 68595 68602 68609 68616 68624 68631 68637 68647 68654 68663
68672 68678 68687 68692 68701 68703 68704 68713 68722 68723 68726 68734 68735 68744 68746 68747 68753 68762
68771 68780 68788 68794 68803 68806 68810 68815 68824 68827 68834 68844 68850 68851 68858 68861 68862 68869
68870 68876 68882 68892 68898 68903 68913 68917 68926 68929 68934 68936 68945 68955 68958 68961 68969 68978
68979 68988 68990 68994 68995 69003 69007 69015 69023 69026 69034 69042 69044 69046 69049 69054 69055 69065
69073 69075 69077 69081 69091 69093 69100 69104 69111 69117 69126 69132 69136 69140 69145 69152 69156 69163
69166 69169 69171 69177 69186 69195 69204 69210 69218 69222 69232 69235 69242 69243 69250 69259 69268 69272
69282 69283 69288 69295 69301 69311 69317 69325 69326 69336 69346 69353 69360 69361 69371 69374 69380 69389
69391 69397 69402 69405 69411 69417 69419 69420 69429 69435 69444 69447 69449 69458 69467 69469 69471 69477
69478 69486 69496 69500 69503 69510 69518 69524 69530 69534 69538 69548 69550 69560 69568 69570 69579 69584
69585 69588 69597 69607 69612 69613 69615 69620 69628 69635 69641 69651 69653 69654 69660 69667 69675 69677
69679 69687 69688 69692 69694 69703 69711 69717 69719 69720 69728 69731 69733 69736 69745 69750 69758 69761
69765 69770 69771 69781 69790 69792 69799 69803 69807 69814 69821 69830 69832 69841 69844 69851 69860 69863
69871 69877 69886 69889 69893 69897 69901 69911 69912 69914 69919 69926 69935 69942 69945 69948 69951 69953
69959 69960 69963 69967 69971 69974 69983 69986 69991 69996 69998 70001 70008 70013 70016 70021 70026 70031
70032 70040 70043 70052 70059 70063 70064 70065 70075 70078 70082 70089 70093 70100 70108 70117 70121 70127
70128 70133 70135 70138 70142 70147 70157 70161 70165 70171 70179 70182 70183 70186 70189 70192 70197 70199
70200 70207 70211 70220 70226 70232 70242 70247 70253 70255 70258 70268 70272 70274 70282 70283 70293 70299
70304 70305 70312 70319 70320 70330 70338 70339 70347 70356 70358 70368 70373 70374 70378 70382 70385 70388
70397 70403 70413 70414 70421 70424 70428 70429 70439 70443 70448 70454 70455 70456 70461 70466 70469 70470
70476 70483 70492 70493 70501 70505 70514 70523 70529 70536 70540 70541 70545 70552 70559 70567 70575 70580
70586 70595 70598 70606 70614 70619 70620 70629 70637 70642 70647 70655 70664 70669 70672 70677 70678 70682
70689 70699 70707 70713 70717 70723 70724 70731 70739 70740 70747 70753 70758 70764 70770 70779 70784 70785
70794 70798 70805 70811 70815 70824 70829 70835 70842 70844 70849 70853 70863 70871 70873 70875 70881 70889
70893 70901 70908 70918 70921 70931 70941 70945 70955 70961 70964 70972 70981 70983 70990 70997 70998 71000
71003 71004 71005 71009 71015 71023 71030 71039 71040 71042 71048 71056 71060 71066 71072 71078 71087 71093
71101 71105 71115 71122 71127 71136 71145 71146 71147 71150 71158 71163 71172 71177 71184 71194 71199 71209
71217 71219 71228 71238 71248 71256 71258 71268 71275 71285 71294 71296 71298 71304 71310 71314 71321 71327
71334 71342 71348 71356 71364 71370 71375 71377 71379 71380 71390 71392 71393 71400 71407 71415 71421 71428
71435 71442 71449 71452 71457 71461 71463 71465 71467 71468 71478 71483 71484 71485 71487 71488 71495 71503
71505 71514 71518 71522 71531 71537 71540 71547 71548 71549 71553 71561 71562 71566 71571 71579 71588 71593
71597 71606 71611 71619 71626 71635 71643 71648 71658 71662 71668 71676 71684 71689 71695 71703 71708 71717
71720 71726 71731 71735 71740 71746 71747 71756 71766 71775 71776 71782 71786 71789 71793 71802 71807 71811
71814 71820 71822 71830 71840 71844 71845 71846 71851 71853 71858 71860 71863 71870 71871 71880 71888 71892
71897 71905 71907 71909 71917 71921 71930 71936 71939 71946 71954 71961 71970 71974 71977 71986 71991 71995
71996 71997 72001 72010 72019 72028 72030 72031 72033 72040 72041 72048 72054 72058 72063 72072 72081 72085
72091 72094 72097 72107 72114 72118 72127 72137 72144 72146 72147 72151 72155 72164 72166 72174 72179 72187
72190 72197 72200 72209 72219 72220 72225 72233 72236 72237 72246 72248 72255 72257 72259 72264 72272 72281
72285 72287 72289 72290 72294 72303 72304 72308 72314 72320 72326 72332 72340 72346 72353 72360 72368 72372
72378 72380 72390 72393 72402 72407 72408 72417 72424 72428 72431 72437 72439 72445 72446 72453 72456 72457
72462 72471 72473 72477 72480 72483 72491 72501 72507 72517 72526 72529 72530 72536 72538 72539 72540 72546
72549 72557 72566 72569 72576 72586 72587 72589 72596 72598 72601 72606 72611 72620 72630 72640 72649 72654
72656 72666 72672 72673 72675 72677 72686 72694 72698 72705 72712 72722 72732 72735 72743 72750 72760 72768
72775 72776 72779 72782 72783 72786 72794 72804 72814 72822 72831 72837 72843 72853 72861 72864 72871 72879
72881 72887 72888 72890 72899 72908 72911 72918 72928 72932 72936 72938 72943 72948 72954 72959 72965 72972
72981 72984 72993 72994 73002 73010 73017 73022 73031 73032 73035 73045 73048 73058 73061 73069 73076 73080
73085 73086 73096 73100 73106 73111 73114 73116 73125 73133 73141 73150 73160 73166 73174 73178 73181 73191
73199 73205 73208 73209 73216 73221 73228 73237 73241 73251 73253 73257 73264 73274 73281 73284 73285 73290
73298 73300 73306 73308 73316 73323 73328 73336 73344 73346 73352 73358 73362 73365 73369 73370 73376 73380
73390 73392 73393 73399 73408 73410 73419 73422 73431 73432 73440 73446 73454 73463 73470 73473 73478 73487
73491 73500 73506 73516 73522 73531 73532 73534 73538 73541 73549 73555 73563 73569 73579 73580 73588 73597
73599 73608 73613 73617 73622 73624 73628 73638 73648 73649 73657 73664 73670 73678 73686 73688 73695 73702
73707 73712 73721 73731 73737 73739 73741 73749 73756 73762 73767 73775 73780 73784 73787 73794 73799 73800
73805 73807 73817 73821 73824 73831 73838 73842 73850 73851 73856 73863 73867 73873 73877 73882 73891 73892
73901 73908 73915 73919 73920 73926 73930 73938 73940 73941 73943 73953 73960 73965 73971 73975 73981 73982
73991 73993 73997 74003 74008 74013 74016 74026 74028 74035 74043 74050 74057 74058 74066 74075 74083 74088
74098 74103 74111 74121 74130 74135 74145 74152 74157 74159 74160 74168 74176 74181 74182 74188 74192 74199
74209 74218 74223 74225 74235 74236 74241 74246 74249 74257 74265 74275 74282 74287 74297 74301 74304 74307
74311 74321 74323 74326 74336 74342 74344 74345 74351 74352 74353 74358 74360 74365 74366 74370 74372 74381
74384 74385 74392 74401 74407 74412 74421 74424 74434 74439 74448 74451 74456 74460 74461 74471 74479 74485
74492 74501 74502 74505 74510 74519 74524 74533 74538 74540 74544 74546 74550 74551 74552 74558 74561 74564
74569 74572 74575 74579 74588 74593 74598 74604 74612 74615 74619 74622 74626 74633 74634 74641 74650 74659
74660 74663 74669 74677 74683 74693 74695 74698 74706 74712 74722 74727 74729 74738 74748 74758 74765 74767
74774 74783 74793 74801 74804 74807 74812 74815 74825 74827 74836 74838 74846 74853 74855 74861 74869 74870
74877 74886 74889 74890 74899 74903 74913 74918 74927 74936 74937 74939 74947 74948 74957 74967 74969 74971
74977 74980 74990 74993 75002 75003 75012 75017 75027 75029 75032 75040 75045 75053 75061 75062 75069 75079
75086 75094 75101 75104 75114 75124 75129 75139 75145 75149 75150 75153 75162 75170 75175 75179 75186 75192
75199 75206 75211 75215 75223 75230 75233 75240 75244 75248 75254 75261 75266 75267 75274 75275 75277 75283
75291 75301 75309 75317 75323 75327 75336 75344 75353 75356 75361 75364 75365 75367 75371 75374 75376 75384
75388 75395 75399 75400 75409 75417 75421 75426 75433 75434 75436 75445 75448 75450 75458 75467 75471 75476
75479 75481 75488 75495 75504 75513 75520 75521 75524 75534 75542 75546 75547 75549 75553 75556 75561 75563
75568 75574 75584 75590 75595 75603 75605 75612 75622 75632 75642 75647 75648 75658 75665 75666 75676 75677
75683 75691 75700 75709 75713 75721 75726 75727 75737 75747 75748 75755 75756 75763 75773 75783 75792 75797
75805 75806 75816 75823 75824 75828 75834 75842 75846 75854 75857 75860 75868 75874 75883 75887 75888 75896
75906 75916 75922 75926 75932 75936 75943 75953 75957 75960 75968 75976 75980 75987 75996 76000 76006 76011
76020 76030 76035 76043 76053 76057 76066 76075 76076 76083 76091 76092 76093 76102 76111 76119 76125 76130
76132 76134 76141 76142 76148 76150 76156 76164 76171 76174 76184 76185 76187 76192 76195 76202 76206 76215
76220 76229 76239 76244 76254 76258 76259 76266 76275 76285 76287 76291 76295 76298 76300 76306 76313 76322
76330 76339 76341 76346 76353 76360 76365 76367 76371 76380 76383 76389 76393 76394 76401 76411 76420 76427
76428 76437 76444 76453 76456 76464 76466 76476 76480 76484 76489 76490 76491 76500 76505 76511 76514 76524
76527 76529 76533 76539 76546 76550 76559 76566 76571 76579 76585 76588 76596 76605 76606 76609 76612 76621
76628 76630 76638 76639 76641 76642 76649 76652 76658 76660 76662 76663 76668 76671 76676 76681 76690 76693
76696 76698 76705 76711 76720 76729 76736 76737 76743 76750 76759 76764 76771 76777 76784 76791 76796 76803
76806 76813 76822 76824 76828 76831 76841 76849 76855 76858 76867 76869 76873 76883 76887 76891 76893 76897
76901 76909 76918 76923 76929 76934 76936 76941 76943 76948 76957 76965 76974 76981 76990 76993 77001 77005
77008 77011 77014 77015 77020 77026 77030 77032 77037 77042 77051 77058 77060 77067 77068 77071 77080 77090
77096 77105 77113 77122 77131 77141 77142 77152 77156 77164 77174 77184 77194 77197 77205 77206 77213 77218
77220 77222 77223 77230 77232 77237 77242 77249 77256 77264 77270 77278 77286 77291 77298 77299 77304 77310
77320 77327 77330 77334 77341 77349 77358 77360 77362 77363 77371 77380 77387 77393 77396 77404 77405 77414
77419 77422 77424 77434 77442 77448 77455 77460 77465 77466 77474 77481 77484 77494 77502 77506 77515 77520
77527 77528 77538 77544 77545 77549 77557 77561 77569 77574 77581 77586 77589 77590 77600 77604 77611 77615
77624 77626 77630 77640 77649 77654 77661 77665 77668 77674 77678 77679 77689 77694 77696 77701 77704 77712
77715 77721 77727 77732 77735 77743 77749 77752 77757 77762 77770 77773 77780 77783 77786 77795 77805 77814
77823 77832 77833 77835 77845 77854 77862 77871 77880 77881 77883 77891 77896 77897 77905 77910 77918 77923
77931 77935 77941 77944 77953 77963 77973 77974 77984 77990 77993 78003 78010 78011 78017 78023 78031 78040
78045 78047 78048 78056 78065 78068 78072 78075 78082 78089 78097 78106 78110 78119 78122 78131 78141 78146
78154 78160 78166 78175 78176 78184 78190 78196 78201 78207 78217 78223 78232 78239 78241 78247 78257 78260
78262 78265 78267 78273 78280 78283 78285 78290 78298 78308 78310 78313 78321 78326 78329 78331 78337 78338
78342 78347 78349 78358 78362 78368 78371 78373 78376 78386 78392 78394 78399 78401 78403 78407 78413 78421
78424 78428 78432 78437 78440 78441 78448 78457 78466 78468 78470 78476 78477 78479 78481 78485 78490 78494
78499 78500 78505 78515 78517 78527 78530 78533 78539 78549 78551 78558 78568 78577 78582 78585 78591 78592
78595 78599 78601 78609
