-1754 -1751 -1745 -1735 -1729 -1721 -1711 -1710 -1704 -1694 -1690 -1688 -1684 -1683 -1677 -1673 -1671 -1661
-1652 -1649 -1641 -1633 -1627 -1623 -1615 -1606 -1599 -1592 -1588 -1583 -1580 -1577 -1568 -1564 -1560 -1551
-1550 -1544 -1543 -1537 -1533 -1527 -1520 -1511 -1509 -1500 -1493 -1484 -1477 -1469 -1461 -1454 -1451 -1445
-1435 -1427 -1421 -1413 -1406 -1396 -1390 -1388 -1379 -1370 -1368 -1361 -1355 -1353 -1351 -1345 -1344 -1334
-1330 -1321 -1315 -1313 -1308 -1303 -1295 -1294 -1292 -1289 -1280 -1277 -1270 -1265 -1260 -1257 -1254 -1250
-1248 -1247 -1238 -1230 -1227 -1224 -1218 -1214 -1208 -1207 -1201 -1196 -1191 -1189 -1181 -1179 -1171 -1166
-1158 -1156 -1149 -1147 -1141 -1132 -1124 -1115 -1107 -1100 -1090 -1088 -1084 -1083 -1078 -1068 -1063 -1060
-1057 -1051 -1043 -1033 -1027 -1021 -1012 -1008 -1005 -996 -993 -987 -984 -978 -974 -971 -966 -958
-949 -942 -939 -937 -935 -925 -918 -913 -904 -899 -889 -888 -879 -872 -868 -859 -856 -852
-842 -840 -834 -833 -825 -824 -823 -816 -806 -797 -788 -786 -780 -774 -764 -760 -750 -740
-735 -731 -730 -726 -725 -716 -715 -713 -707 -702 -698 -697 -696 -693 -691 -690 -688 -682
-672 -670 -661 -660 -655 -654 -650 -647 -646 -643 -636 -627 -622 -621 -613 -606 -601 -594
-587 -579 -574 -570 -563 -555 -550 -545 -535 -532 -528 -525 -517 -515 -510 -504 -497 -494
-493 -483 -474 -471 -461 -460 -451 -444 -440 -436 -431 -426 -423 -415 -406 -400 -392 -390
-389 -388 -381 -373 -370 -364 -354 -347 -338 -332 -327 -321 -317 -315 -309 -305 -295 -290
-287 -281 -274 -268 -261 -258 -251 -247 -238 -234 -231 -229 -221 -213 -211 -201 -199 -192
-188 -185 -184 -182 -180 -175 -165 -158 -155 -145 -141 -133 -131 -122 -116 -108 -98 -90
-85 -80 -74 -68 -63 -53 -45 -40 -31 -27 -20 -15 -11 -2 0 5 8 12
14 24 30 33 38 40 45 54 60 62 67 76 77 79 87 89 92 95
102 110 120 129 130 134 140 147 148 156 160 166 173 180 188 193 200 206
209 212 213 214 222 232 237 241 245 246 248 254 257 266 276 286 292 301
302 311 313 314 323 331 334 335 339 345 350 358 359 365 373 380 383 389
397 405 409 415 425 434 441 449 456 460 470 477 482 492 500 507 508 513
522 532 536 539 549 556 561 571 574 578 585 588 592 599 600 609 610 615
616 625 632 640 642 650 658 663 671 675 683 689 697 707 714 720 730 732
737 739 742 752 757 767 773 782 786 788 798 807 817 818 825 833 837 840
845 851 855 861 863 867 869 874 880 881 882 884 890 895 896 897 899 905
912 916 922 926 928 937 940 941 945 952 957 961 963 972 981 986 995 996
998 999 1003 1008 1011 1013 1014 1023 1033 1042 1044 1051 1052 1057 1064 1073 1076 1083
1087 1097 1106 1110 1115 1118 1126 1136 1144 1146 1154 1156 1163 1171 1176 1179 1181 1185
1191 1193 1198 1203 1208 1214 1215 1220 1221 1231 1232 1237 1238 1242 1246 1250 1254 1259
1261 1262 1266 1267 1276 1285 1294 1297 1301 1302 1308 1310 1316 1322 1325 1329 1336 1345
1354 1361 1365 1370 1375 1378 1381 1386 1395 1397 1405 1415 1423 1433 1434 1444 1447 1450
1457 1461 1462 1464 1473 1482 1491 1498 1500 1508 1517 1519 1528 1529 1531 1533 1542 1543
1549 1550 1553 1554 1556 1566 1572 1582 1585 1588 1597 1605 1611 1619 1628 1637 1642 1648
1654 1658 1663 1668 1674 1676 1684 1689 1697 1698 1707 1717 1725 1728 1734 1737 1747 1752
1758 1768 1775 1781 1787 1796 1798 1801 1808 1817 1818 1824 1830 1836 1844 1851 1860 1868
1875 1883 1890 1900 1905 1913 1914 1916 1923 1929 1931 1932 1936 1946 1947 1955 1956 1966
1971 1972 1981 1991 2000 2003 2008 2014 2021 2027 2031 2037 2047 2056 2057 2059 2068 2071
2075 2081 2091 2095 2097 2107 2112 2113 2118 2126 2134 2140 2141 2151 2152 2153 2157 2167
2171 2180 2189 2195 2198 2201 2211 2214 2223 2230 2235 2244 2247 2248 2250 2260 2262 2265
2270 2279 2283 2285 2288 2294 2303 2312 2316 2325 2333 2343 2345 2346 2354 2360 2367 2371
2381 2387 2394 2401 2406 2407 2413 2419 2421 2429 2434 2442 2444 2454 2456 2462 2468 2471
2477 2481 2486 2489 2499 2509 2514 2517 2519 2520 2526 2528 2530 2538 2541 2548 2554 2558
2563 2566 2568 2569 2576 2585 2592 2598 2600 2607 2608 2616 2622 2629 2635 2643 2650 2656
2659 2666 2669 2679 2682 2692 2697 2698 2708 2716 2724 2725 2735 2736 2745 2746 2751 2755
2760 2769 2779 2788 2793 2795 2798 2801 2810 2813 2822 2823 2827 2833 2842 2852 2859 2869
2871 2878 2885 2891 2897 2900 2910 2917 2927 2931 2933 2934 2941 2950 2958 2960 2967 2974
2975 2980 2982 2983 2985 2992 3001 3002 3007 3013 3021 3025 3027 3035 3038 3040 3044 3052
3053 3055 3060 3063 3073 3076 3082 3087 3089 3096 3097 3098 3106 3110 3120 3124 3127 3130
3136 3139 3149 3157 3162 3166 3171 3173 3180 3188 3189 3194 3195 3200 3203 3208 3212 3216
3225 3226 3228 3233 3240 3247 3250 3258 3264 3266 3270 3279 3280 3287 3294 3298 3303 3304
3309 3311 3320 3329 3334 3337 3343 3348 3356 3360 3366 3368 3370 3375 3376 3386 3394 3398
3404 3409 3414 3422 3430 3436 3443 3449 3459 3464 3466 3475 3485 3490 3497 3501 3511 3520
3528 3537 3546 3552 3560 3568 3578 3583 3590 3596 3598 3604 3606 3611 3619 3622 3630 3640
3642 3647 3657 3658 3662 3667 3673 3681 3689 3696 3704 3707 3710 3712 3713 3722 3726 3731
3737 3744 3749 3750 3760 3767 3777 3785 3793 3796 3801 3802 3811 3815 3821 3828 3834 3836
3840 3842 3846 3850 3854 3863 3871 3879 3885 3893 3897 3899 3905 3913 3916 3920 3930 3936
3945 3952 3955 3963 3968 3970 3978 3985 3990 3997 4007 4011 4018 4022 4030 4033 4034 4038
4045 4046 4051 4053 4054 4055 4062 4068 4070 4073 4079 4085 4093 4101 4106 4115 4116 4118
4127 4131 4140 4142 4150 4152 4158 4160 4168 4172 4179 4181 4189 4195 4201 4210 4214 4219
4223 4228 4229 4237 4241 4244 4246 4251 4258 4268 4274 4278 4284 4291 4299 4305 4311 4316
4325 4326 4334 4336 4337 4344 4349 4350 4358 4359 4360 4361 4365 4368 4373 4379 4386 4394
4403 4413 4419 4424 4434 4436 4441 4447 4449 4450 4460 4463 4465 4475 4479 4486 4496 4499
4503 4504 4511 4521 4524 4528 4535 4539 4548 4549 4556 4557 4564 4569 4570 4577 4581 4582
4587 4596 4597 4600 4603 4608 4612 4614 4621 4626 4633 4638 4639 4646 4648 4649 4654 4658
4660 4663 4670 4676 4677 4683 4685 4690 4693 4703 4710 4716 4725 4731 4733 4736 4742 4751
4759 4766 4771 4780 4788 4791 4794 4795 4802 4804 4808 4809 4810 4815 4818 4826 4829 4834
4839 4842 4843 4847 4857 4863 4872 4875 4879 4880 4881 4887 4892 4901 4902 4903 4911 4913
4915 4921 4922 4929 4937 4939 4949 4959 4960 4965 4971 4981 4991 4992 4995 5001 5008 5016
5026 5027 5031 5040 5048 5055 5058 5059 5069 5074 5080 5084 5090 5093 5096 5102 5109 5117
5123 5129 5136 5143 5149 5158 5166 5172 5182 5191 5197 5202 5204 5206 5208 5215 5220 5228
5236 5242 5246 5248 5250 5255 5264 5268 5275 5281 5284 5288 5293 5294 5295 5303 5310 5314
5322 5330 5336 5341 5344 5345 5348 5358 5364 5366 5373 5377 5386 5390 5399 5409 5418 5422
5427 5436 5444 5449 5454 5463 5473 5479 5489 5492 5495 5499 5503 5513 5515 5525 5529 5537
5545 5550 5557 5566 5575 5585 5589 5599 5604 5608 5612 5618 5622 5623 5631 5633 5639 5645
5654 5664 5674 5675 5683 5690 5692 5695 5700 5703 5706 5713 5717 5726 5729 5731 5732 5736
5737 5738 5748 5751 5756 5764 5770 5779 5785 5790 5796 5802 5806 5808 5815 5822 5827 5832
5840 5849 5857 5859 5866 5874 5881 5885 5892 5898 5907 5916 5922 5924 5928 5933 5935 5939
5943 5949 5956 5959 5968 5973 5975 5976 5982 5987 5995 6003 6004 6014 6015 6020 6024 6033
6034 6038 6040 6045 6052 6058 6060 6062 6071 6081 6091 6101 6108 6118 6122 6123 6133 6140
6143 6146 6147 6154 6163 6172 6181 6187 6192 6193 6195 6203 6207 6209 6211 6212 6220 6228
6231 6235 6242 6249 6253 6260 6268 6273 6274 6278 6282 6291 6296 6300 6310 6314 6322 6331
6332 6336 6337 6343 6348 6350 6356 6357 6361 6370 6374 6384 6391 6396 6404 6408 6414 6421
6427 6428 6438 6440 6447 6453 6463 6468 6478 6484 6488 6494 6496 6500 6508 6516 6525 6530
6531 6540 6544 6550 6556 6566 6571 6577 6578 6583 6584 6589 6590 6600 6610 6613 6623 6629
6637 6647 6652 6661 6665 6667 6673 6676 6679 6680 6690 6700 6708 6709 6714 6717 6722 6730
6736 6737 6745 6746 6752 6753 6754 6762 6772 6774 6779 6782 6786 6795 6802 6805 6811 6814
6820 6821 6829 6833 6839 6843 6848 6857 6860 6863 6864 6868 6873 6879 6881 6885 6886 6893
6902 6905 6910 6917 6920 6922 6930 6938 6942 6945 6950 6952 6961 6967 6977 6982 6985 6988
6994 6999 7006 7013 7023 7032 7033 7037 7046 7050 7052 7059 7064 7067 7071 7078 7080 7089
7094 7100 7106 7113 7117 7126 7127 7135 7138 7144 7149 7151 7152 7160 7170 7175 7183 7191
7199 7202 7207 7217 7218 7221 7226 7228 7233 7240 7245 7254 7260 7261 7270 7280 7282 7292
7302 7307 7315 7319 7321 7331 7332 7339 7346 7355 7356 7359 7366 7375 7379 7384 7393 7402
7410 7417 7420 7427 7437 7438 7446 7452 7456 7463 7464 7467 7468 7478 7483 7488 7491 7499
7504 7508 7515 7518 7527 7536 7544 7547 7551 7557 7562 7572 7576 7581 7591 7598 7607 7610
7613 7622 7623 7631 7639 7642 7650 7655 7659 7662 7671 7679 7681 7689 7697 7707 7710 7715
7725 7732 7742 7744 7747 7750 7752 7756 7766 7774 7777 7779 7788 7789 7793 7795 7797 7798
7802 7808 7816 7826 7833 7837 7846 7853 7857 7866 7870 7873 7883 7891 7893 7896 7903 7904
7910 7917 7923 7932 7940 7944 7949 7953 7959 7964 7974 7982 7983 7989 7998 8005 8008 8009
8018 8024 8026 8032 8035 8039 8043 8048 8049 8059 8065 8070 8080 8088 8091 8095 8099 8103
8110 8119 8128 8132 8134 8135 8144 8146 8149 8155 8157 8166 8169 8172 8173 8174 8176 8183
8190 8191 8196 8200 8207 8214 8224 8227 8228 8230 8240 8250 8252 8262 8269 8270 8271 8280
8286 8292 8294 8303 8309 8316 8321 8328 8332 8334 8336 8342 8351 8361 8366 8376 8380 8387
8390 8400 8401 8405 8406 8416 8425 8429 8438 8447 8455 8465 8466 8467 8473 8481 8482 8484
8485 8490 8494 8497 8498 8508 8509 8515 8523 8526 8530 8536 8543 8549 8552 8554 8561 8568
8574 8582 8587 8590 8595 8603 8604 8605 8614 8617 8624 8629 8630 8635 8638 8639 8643 8650
8658 8661 8662 8665 8669 8674 8678 8687 8692 8695 8703 8704 8711 8717 8724 8729 8734 8736
8740 8745 8749 8756 8762 8770 8771 8773 8782 8792 8802 8805 8812 8816 8820 8826 8833 8843
8848 8849 8857 8858 8862 8865 8874 8876 8882 8889 8898 8904 8907 8909 8910 8915 8923 8926
8931 8933 8938 8947 8956 8959 8969 8972 8974 8977 8987 8992 8999 9009 9015 9022 9026 9034
9044 9047 9054 9062 9065 9067 9069 9076 9080 9090 9093 9094 9103 9104 9107 9109 9114 9120
9130 9140 9149 9158 9160 9162 9170 9176 9186 9189 9194 9199 9200 9205 9213 9222 9224 9225
9228 9238 9243 9245 9249 9256 9266 9273 9283 9292 9301 9309 9312 9318
