7298 7306 7312 7317 7319 7322 7323 7330 7331 7340 7341 7346 7353 7360 7363 7366 7373 7380
7388 7393 7395 7396 7397 7407 7417 7421 7424 7425 7433 7443 7450 7457 7461 7468 7477 7482
7490 7500 7504 7513 7523 7525 7526 7531 7535 7541 7546 7555 7559 7562 7566 7575 7583 7588
7595 7597 7607 7610 7619 7623 7624 7631 7632 7637 7647 7651 7655 7658 7660 7669 7678 7686
7687 7694 7700 7705 7715 7717 7721 7729 7734 7741 7750 7757 7762 7768 7774 7778 7781 7782
7790 7791 7799 7801 7811 7812 7822 7823 7831 7840 7841 7851 7854 7864 7874 7878 7879 7889
7892 7895 7905 7910 7916 7923 7929 7935 7944 7946 7948 7955 7957 7965 7973 7974 7980 7981
7988 7992 7998 8008 8015 8017 8020 8027 8029 8031 8041 8050 8051 8061 8069 8075 8078 8079
8084 8090 8100 8107 8113 8118 8120 8130 8137 8139 8149 8154 8162 8171 8176 8177 8185 8187
8191 8199 8208 8209 8215 8218 8227 8233 8243 8248 8249 8258 8263 8265 8273 8281 8289 8290
8291 8295 8300 8301 8307 8316 8317 8318 8324 8334 8335 8343 8351 8354 8357 8360 8363 8371
8375 8384 8388 8398 8407 8410 8411 8419 8426 8432 8441 8446 8447 8457 8467 8477 8479 8481
8485 8492 8502 8506 8511 8515 8525 8527 8537 8540 8541 8546 8552 8561 8563 8566 8572 8575
8585 8595 8604 8610 8613 8619 8627 8637 8642 8648 8655 8662 8664 8673 8680 8681 8683 8685
8686 8688 8695 8700 8710 8719 8727 8732 8738 8748 8753 8761 8762 8771 8775 8779 8786 8795
8800 8807 8808 8815 8816 8825 8835 8836 8841 8849 8854 8855 8865 8871 8875 8878 8882 8890
8895 8905 8911 8917 8918 8919 8921 8931 8938 8943 8944 8953 8962 8969 8978 8986 8987 8988
8995 9000 9003 9013 9014 9017 9019 9022 9025 9030 9040 9046 9050 9052 9053 9059 9063 9069
9074 9075 9079 9087 9091 9101 9103 9104 9114 9121 9129 9132 9140 9144 9151 9153 9163 9172
9179 9183 9187 9194 9195 9204 9208 9213 9219 9223 9226 9231 9233 9242 9245 9247 9253 9260
9262 9266 9276 9286 9291 9294 9302 9304 9311 9313 9319 9320 9327 9333 9334 9341 9343 9351
9360 9365 9369 9377 9378 9380 9390 9396 9405 9410 9413 9423 9432 9441 9445 9448 9457 9465
9471 9472 9480 9487 9488 9496 9501 9504 9505 9506 9508 9512 9517 9527 9533 9540 9547 9550
9560 9566 9572 9575 9578 9581 9591 9601 9609 9614 9615 9619 9627 9630 9638 9642 9652 9660
9668 9678 9686 9693 9695 9696 9705 9709 9714 9717 9720 9722 9730 9740 9750 9752 9757 9767
9776 9779 9788 9797 9806 9808 9809 9810 9815 9824 9831 9832 9837 9842 9848 9850 9855 9864
9874 9875 9884 9888 9895 9901 9902 9911 9916 9920 9928 9936 9939 9944 9949 9952 9958 9968
9973 9979 9988 9990 9995 9998 10001 10007 10013 10017 10023 10032 10041 10045 10052 10055 10062 10063
10066 10068 10077 10081 10084 10089 10091 10101 10111 10112 10115 10123 10132 10134 10135 10139 10146 10149
10151 10159 10161 10166 10170 10179 10186 10194 10200 10204 10209 10216 10220 10223 10228 10233 10237 10245
10254 10257 10262 10265 10272 10279 10288 10291 10297 10307 10317 10321 10322 10331 10338 10346 10356 10364
10366 10372 10377 10382 10389 10398 10402 10410 10411 10416 10421 10422 10426 10430 10438 10444 10448 10456
10466 10473 10478 10488 10497 10498 10503 10509 10512 10520 10521 10527 10532 10541 10544 10554 10563 10571
10575 10580 10586 10594 10596 10599 10608 10613 10615 10617 10626 10631 10641 10651 10656 10665 10669 10675
10676 10678 10681 10691 10698 10706 10709 10716 10721 10723 10731 10735 10736 10737 10740 10741 10742 10749
10759 10764 10767 10772 10776 10781 10783 10792 10802 10803 10809 10810 10815 10822 10829 10833 10842 10851
10861 10866 10874 10881 10882 10885 10892 10893 10898 10904 10913 10920 10930 10937 10947 10950 10953 10956
10964 10972 10982 10989 10990 10994 10995 11005 11015 11017 11018 11027 11033 11038 11042 11049 11059 11064
11071 11074 11079 11082 11083 11087 11094 11101 11104 11107 11114 11124 11126 11127 11128 11137 11140 11142
11148 11157 11159 11161 11169 11179 11189 11190 11199 11209 11219 11228 11234 11243 11247 11250 11255 11259
11260 11270 11271 11277 11280 11282 11290 11296 11304 11314 11324 11334 11343 11348 11352 11362 11365 11372
11377 11380 11386 11390 11400 11405 11410 11418 11424 11434 11435 11445 11455 11460 11465 11471 11472 11479
11486 11496 11502 11509 11516 11525 11530 11532 11534 11539 11547 11552 11562 11566 11567 11577 11584 11591
11599 11600 11601 11602 11608 11613 11615 11621 11630 11639 11647 11653 11655 11661 11670 11673 11677 11687
11696 11704 11708 11714 11716 11719 11729 11736 11737 11747 11749 11753 11756 11758 11764 11770 11780 11788
11793 11803 11812 11819 11822 11824 11830 11836 11840 11844 11851 11860 11866 11874 11878 11881 11891 11898
11903 11907 11908 11910 11915 11920 11930 11931 11933 11940 11941 11942 11950 11951 11955 11965 11974 11976
11977 11986 11988 11993 12001 12007 12009 12010 12011 12020 12024 12026 12035 12045 12050 12058 12064 12066
12074 12081 12085 12087 12093 12094 12098 12103 12112 12117 12119 12121 12124 12126 12128 12135 12136 12138
12147 12149 12150 12153 12154 12159 12164 12166 12176 12183 12187 12196 12206 12210 12217 12224 12228 12234
12238 12243 12251 12259 12269 12273 12277 12285 12292 12302 12305 12314 12323 12333 12343 12350 12352 12359
12365 12366 12368 12370 12378 12388 12393 12399 12405 12414 12417 12422 12429 12432 12442 12449 12455 12458
12466 12476 12482 12488 12494 12496 12506 12511 12519 12525 12529 12536 12540 12542 12545 12548 12556 12561
12569 12575 12579 12586 12587 12594 12604 12607 12617 12621 12630 12631 12639 12642 12651 12659 12663 12668
12674 12676 12682 12685 12695 12698 12699 12708 12713 12721 12730 12739 12746 12750 12759 12761 12762 12764
12768 12773 12779 12786 12791 12794 12804 12810 12811 12813 12821 12823 12827 12831 12834 12842 12852 12858
12863 12873 12875 12881 12882 12886 12892 12897 12903 12905 12913 12923 12933 12939 12948 12950 12960 12962
12964 12969 12972 12976 12984 12990 12995 13002 13005 13015 13024 13026 13027 13036 13038 13044 13049 13053
13055 13062 13064 13068 13077 13087 13091 13094 13097 13100 13103 13111 13121 13128 13129 13132 13140 13145
13149 13151 13159 13168 13169 13179 13183 13191 13197 13200 13204 13210 13211 13219 13227 13235 13241 13246
13252 13257 13263 13273 13277 13283 13291 13296 13303 13307 13317 13322 13330 13334 13340 13345 13354 13364
13368 13378 13388 13394 13397 13399 13406 13416 13420 13430 13431 13434 13438 13444 13449 13451 13457 13464
13467 13468 13472 13474 13477 13482 13484 13490 13500 13509 13510 13520 13524 13525 13533 13539 13540 13548
13553 13554 13562 13564 13567 13568 13572 13578 13583 13589 13590 13597 13600 13609 13618 13622 13628 13638
13643 13647 13655 13663 13667 13675 13679 13680 13684 13688 13693 13698 13704 13712 13720 13727 13728 13729
13734 13744 13753 13758 13759 13765 13767 13771 13778 13781 13786 13794 13795 13801 13806 13816 13818 13826
13827 13835 13841 13843 13850 13856 13866 13868 13877 13885 13890 13900 13908 13911 13920 13924 13931 13933
13939 13949 13954 13956 13960 13963 13966 13975 13982 13983 13988 13997 14002 14011 14016 14021 14025 14030
14040 14043 14050 14059 14060 14062 14064 14072 14081 14089 14093 14096 14101 14108 14116 14121 14128 14135
14139 14142 14150 14152 14158 14165 14174 14175 14178 14179 14185 14187 14197 14202 14208 14213 14220 14225
14226 14228 14236 14240 14245 14246 14248 14251 14252 14254 14261 14262 14268 14275 14276 14282 14286 14293
14298 14308 14310 14313 14321 14330 14332 14337 14340 14344 14353 14360 14369 14378 14379 14384 14388 14397
14399 14403 14405 14415 14422 14425 14435 14438 14445 14450 14454 14461 14466 14472 14476 14485 14489 14493
14495 14501 14510 14514 14516 14526 14533 14538 14544 14547 14554 14564 14565 14570 14573 14577 14583 14589
14596 14606 14612 14616 14621 14628 14631 14640 14643 14651 14659 14662 14670 14672 14675 14684 14689 14697
14699 14709 14719 14720 14723 14727 14729 14734 14742 14751 14757 14758 14766 14769 14772 14782 14792 14794
14795 14805 14807 14817 14822 14823 14827 14837 14838 14839 14841 14845 14847 14854 14858 14864 14872 14882
14883 14886 14889 14893 14896 14902 14904 14907 14916 14921 14925 14933 14943 14945 14955 14959 14966 14973
14982 14983 14990 14993 15002 15007 15016 15023 15024 15033 15036 15045 15050 15060 15065 15071 15079 15083
15086 15087 15094 15097 15101 15111 15115 15118 15125 15128 15132 15141 15146 15155 15157 15163 15167 15172
15180 15187 15196 15205 15211 15218 15228 15238 15239 15242 15244 15246 15254 15261 15265 15267 15270 15277
15286 15288 15290 15291 15299 15304 15310 15320 15321 15325 15334 15337 15341 15347 15349 15355 15364 15365
15373 15374 15377 15380 15387 15391 15401 15407 15410 15411 15415 15416 15422 15423 15429 15433 15435 15439
15441 15447 15455 15456 15458 15465 15471 15472 15474 15477 15478 15483 15488 15497 15505 15506 15511 15512
15515 15522 15530 15536 15543 15545 15547 15550 15560 15568 15572 15573 15578 15585 15587 15588 15592 15598
15605 15609 15610 15612 15620 15623 15630 15639 15642 15644 15654 15662 15665 15666 15669 15676 15678 15686
15690 15695 15704 15707 15717 15724 15731 15734 15737 15739 15749 15752 15756 15766 15770 15776 15786 15796
15799 15807 15811 15818 15823 15824 15832 15840 15846 15850 15855 15863 15869 15876 15878 15885 15893 15897
15901 15906 15912 15917 15919 15924 15931 15932 15936 15945 15954 15964 15971 15978 15985 15986 15987 15993
15998 16006 16014 16018 16025 16031 16040 16048 16057 16067 16072 16078 16088 16092 16093 16096 16101 16111
16112 16121 16128 16134 16138 16147 16148 16154 16156 16158 16167 16168 16170 16179 16185 16187 16193 16200
16207 16214 16223 16233 16235 16243 16248 16256 16257 16263 16266 16270 16278 16286 16290 16299 16300 16308
16314 16317 16319 16325 16330 16336 16343 16345 16346 16353 16358 16360 16365 16371 16380 16382 16385 16387
16392 16397 16400 16403 16412 16420 16425 16430 16432 16438 16442 16443 16450 16459 16461 16462 16469 16474
16481 16488 16495 16505 16509 16513 16521 16529 16530 16533 16540 16544 16546 16554 16558 16567 16568 16574
16582 16583 16588 16597 16605 16615 16619 16620 16630 16636 16645 16651 16660 16667 16669 16676 16679 16689
16696 16698 16706 16712 16714 16716 16718 16722 16730 16737 16747 16755 16765 16772 16773 16775 16781 16790
16794 16801 16803 16808 16811 16813 16822 16828 16829 16831 16835 16841 16843 16844 16846 16851 16858 16863
16869 16876 16886 16894 16900 16902 16911 16917 16918 16920 16926 16929 16937 16946 16954 16962 16969 16976
16982 16983 16986 16995 16999 17003 17012 17019 17027 17037 17042 17046 17049 17055 17058 17059 17067 17073
17076 17082 17090 17095 17101 17105 17108 17117 17123 17126 17133 17142 17146 17150 17153 17163 17173 17175
17181 17183 17190 17200 17204 17208 17211 17215 17225 17227 17232 17239 17241 17251 17254 17256 17264 17271
17278 17286 17288 17294 17300 17303 17312 17313 17323 17328 17335 17345 17353 17356 17366 17376 17380 17389
17390 17395 17399 17400 17404 17414 17420 17422 17427 17429 17439 17440 17446 17456 17457 17463 17473 17478
17481 17485 17488 17489 17493 17497 17507 17514 17519 17526 17528 17537 17541 17542 17543 17550 17559 17566
17576 17582 17584 17594 17604 17606 17609 17617 17620 17630 17633 17639 17646 17655 17662 17665 17675 17680
17690 17691 17700 17704 17712 17720 17729 17733 17740 17745 17749 17750 17753 17761 17763 17769 17776 17778
17779 17788 17797 17801 17803 17804 17809 17810 17818 17824 17829 17838 17847 17849 17856 17865 17874 17876
17883 17893 17894 17896 17906 17913 17922 17930 17932 17939 17940 17941 17945 17955 17964 17972 17982 17986
17992 17993 18003 18012 18017 18026 18032 18035 18036 18041 18050 18054 18057 18058 18063 18067 18068 18073
18078 18085 18090 18098 18106 18107 18115 18117 18124 18130 18134 18144 18149 18153 18156 18162 18170 18172
18179 18186 18191 18199 18200 18202 18206 18212 18216 18224 18230 18238 18242 18245 18249 18252 18262 18266
18269 18276 18281 18288 18289 18294 18299 18308 18314 18322 18324 18333 18338 18348 18349 18355 18358 18359
18365 18372 18380 18390 18393 18398 18403 18405 18408 18418 18419 18420 18428 18432 18439 18445 18449 18450
18457 18462 18466 18468 18473 18481 18483 18490 18499 18503 18513 18514 18524 18529 18537 18542 18551 18561
18562 18563 18571 18576 18579 18583 18591 18596 18602 18611 18620 18621 18622 18631 18635 18639 18643 18648
18656 18657 18667 18677 18681 18688 18697 18704 18705 18714 18718 18719 18726 18734 18741 18744 18749 18759
18763 18770 18777 18786 18794 18796 18799 18802 18806 18815 18816 18820 18826 18831 18834 18836 18839 18843
18845 18854 18859 18867 18877 18886 18887 18895 18901 18904 18907 18914 18918 18926 18933 18940 18944 18949
18950 18951 18956 18957 18967 18971 18981 18989 18992 18995 18999 19006 19012 19015 19020 19024 19029 19036
19037 19040 19046 19052 19060 19065 19069 19073 19080 19085 19088 19094 19104 19109 19111 19116 19121 19131
19137 19146 19156 19165 19167 19176 19183 19185 19189 19195 19197 19203 19204 19212 19216 19220 19224 19227
19234 19237 19244 19248 19255 19260 19269 19279 19282 19289 19295 19300 19307 19309 19317 19325 19326 19333
19340 19350 19357 19360 19370 19375 19384 19388 19396 19402 19407 19415 19425 19434 19436 19437 19446 19448
19456 19466 19474 19480 19482 19492 19496 19504 19513 19514 19521 19524 19528 19536 19545 19549 19559 19566
19573 19577 19583 19589 19590 19600 19608 19611 19620 19623 19630 19635 19640 19647 19652 19662 19663 19672
19677 19684 19690 19700 19709 19716 19723 19732 19737 19743 19745 19747 19756 19766 19773 19775 19784 19794
19801 19803 19808 19814 19815 19824 19830 19840 19848 19854 19855 19863 19870 19876 19881 19889 19898 19901
19908 19915 19919 19920 19929 19931 19938 19945 19948 19958 19967 19975 19981 19986 19989 19996 20004 20013
20014 20019 20028 20032 20037 20038 20046 20055 20058 20067 20073 20080 20083 20093 20100 20102 20108 20112
20114 20115 20117 20124 20130 20134 20140 20144 20151 20161 20165 20166 20167 20174 20179 20180 20188 20190
20194 20204 20206 20208 20210 20214 20223 20226 20230 20238 20242 20248 20251 20254 20257 20267 20269 20270
20278 20287 20290 20297 20305 20310 20313 20320 20327 20329 20338 20348 20354 20356 20364 20366 20369 20371
20377 20383 20385 20387 20394 20399 20407 20412 20418 20428 20432 20442 20450 20452 20462 20469 20470 20474
20479 20489 20492 20496 20502 20512 20520 20528 20538 20540 20547 20551 20556 20565 20575 20583 20585 20595
20596 20600 20610 20615 20618 20621 20623 20631 20635 20639 20644 20648 20656 20665 20673 20675 20684 20694
20702 20708 20709 20710 20720 20729 20731 20738 20743 20746 20749 20758 20765 20771 20778 20784 20791 20796
20806 20809 20814 20823 20826 20832 20835 20843 20850 20856 20864 20871 20880 20886 20891 20897 20903 20904
20905 20906 20915 20924 20933 20935 20943 20952 20962 20972 20980 20985 20994 21002 21009 21018 21024 21032
21033 21040 21045 21051 21055 21065 21066 21069 21073 21082 21089 21093 21100 21105 21112 21118 21126 21135
21138 21141 21145 21147 21150 21156 21166 21172 21178 21181 21188 21197 21206 21216 21217 21220 21223 21226
21230 21240 21247 21257 21264 21269 21273 21276 21277 21283 21289 21292 21295 21297 21298 21307 21315 21317
21325 21330 21331 21335 21340 21341 21348 21350 21356 21361 21362 21368 21377 21385 21394 21397 21401 21410
21411 21414 21420 21424 21427 21434 21440 21442 21447 21455 21458 21466 21467 21468 21477 21484 21486 21491
21499 21502 21510 21517 21522 21529 21539 21540 21549 21555 21559 21561 21563 21568 21575 21585 21593 21595
21600 21606 21607 21608 21612 21613 21616 21618 21625 21634 21642 21643 21646 21656 21666 21668 21673 21681
21687 21690 21693 21698 21707 21708 21716 21719 21728 21732 21733 21743 21745 21747 21755 21756 21761 21770
21774 21780 21785 21791 21794 21797 21807 21812 21817 21823 21832 21841 21849 21851 21853 21854 21861 21870
21879 21882 21884 21894 21898 21904 21912 21920 21928 21931 21938 21939 21949 21955 21964 21966 21971 21981
21984 21992 21996 22005 22006 22007 22015 22020 22021 22031 22037 22044 22051 22052 22057 22061 22066 22074
22079 22088 22090 22092 22100 22102 22111 22118 22123 22126 22128 22130 22131 22139 22144 22149 22153 22159
22161 22170 22173 22177 22178 22188 22196 22206 22213 22215 22217 22221 22228 22238 22243 22247 22257 22264
22270 22274 22281 22290 22300 22310 22314 22322 22327 22333 22339 22345 22348 22352 22353 22358 22368 22376
22386 22388 22389 22397 22405 22412 22422 22426 22431 22439 22440 22448 22458 22468 22478 22488 22497 22503
22504 22513 22517 22525 22531 22540 22543 22553 22556 22561 22567 22573 22582 22583 22586 22587 22592 22600
22604 22612 22616 22623 22628 22631 22638 22643 22652 22655 22657 22665 22674 22681 22689 22696 22697 22701
22709 22715 22721 22725 22729 22737 22743 22746 22749 22753 22754 22764 22766 22768 22775 22783 22784 22790
22794 22796 22805 22810 22816 22821 22829 22835 22843 22847 22850 22852 22855 22859 22860 22867 22872 22880
22882 22890 22897 22907 22917 22921 22928 22938 22948 22954 22960 22963 22972 22975 22983 22984 22991 22997
23007 23013 23016 23018 23028 23032 23040 23050 23058 23068 23075 23081 23090 23098 23105 23111 23113 23114
23117 23120 23128 23138 23145 23146 23148 23154 23160 23170 23177 23178 23187 23197 23207 23210 23211 23216
23218 23220 23227 23235 23238 23244 23252 23253 23259 23262 23269 23278 23281 23291 23294 23301 23311 23315
23323 23330 23340 23346 23348 23358 23365 23372 23382 23384 23390 23393 23396 23404 23409 23417 23426 23427
23431 23435 23442 23443 23448 23458 23467 23475 23480 23484 23494 23502 23504 23514 23519 23523 23524 23533
23542 23551 23560 23565 23574 23581 23584 23592 23600 23606 23608 23615 23618 23619 23623 23629 23638 23645
23647 23648 23653 23663 23666 23667 23675 23678 23688 23697 23698 23707 23708 23711 23713 23722 23725 23729
23735 23738 23747 23750 23760 23762 23770 23776 23785 23789 23795 23798 23802 23808 23811 23818 23828 23838
23841 23846 23849 23854 23860 23870 23873 23879 23881 23882 23887 23890 23893 23898 23902 23904 23914 23923
23932 23937 23939 23942 23952 23958 23961 23963 23972 23977 23979 23980 23983 23992 23994 24002 24003 24008
24017 24022 24025 24030 24033 24035 24043 24050 24054 24058 24061 24064 24071 24081 24085 24093 24100 24108
24112 24121 24129 24137 24139 24148 24149 24154 24164 24167 24171 24176 24184 24186 24196 24199 24204 24213
24219 24224 24229 24233 24239 24246 24255 24265 24274 24281 24285 24295 24304 24312 24319 24329 24339 24340
24347 24350 24357 24363 24366 24372 24382 24384 24390 24399 24405 24408 24411 24416 24420 24429 24437 24439
24445 24454 24460 24461 24465 24472 24477 24479 24486 24496 24499 24507 24517 24522 24528 24538 24547 24554
24558 24562 24564 24567 24571 24578 24586 24589 24592 24593 24601 24609 24618 24623 24626 24633 24641 24644
24646 24648 24658 24666 24674 24677 24678 24683 24691 24698 24703 24712 24720 24722 24731 24737 24740 24744
24752 24757 24767 24773 24775 24780 24781 24783 24793 24801 24809 24811 24817 24821 24831 24839 24844 24852
24853 24855 24860 24869 24878 24882 24892 24894 24900 24910 24919 24920 24926 24934 24942 24950 24958 24961
24968 24969 24979 24981 24988 24995 25003 25013 25021 25029 25031 25035 25045 25050 25051 25052 25060 25069
25073 25082 25092 25101 25111 25119 25129 25134 25136 25140 25144 25145 25154 25160 25164 25165 25172 25179
25185 25192 25199 25202 25211 25219 25220 25229 25238 25241 25250 25260 25262 25271 25275 25278 25281 25282
25291 25295 25298 25300 25304 25305 25315 25316 25323 25325 25327 25336 25343 25347 25351 25361 25367 25376
25378 25385 25386 25388 25396 25398 25400 25410 25420 25425 25433 25441 25451 25453 25461 25470 25478 25484
25493 25502 25510 25513 25518 25521 25526 25533 25541 25544 25545 25551 25561 25571 25574 25583 25587 25593
25598 25605 25609 25613 25617 25619 25626 25634 25638 25640 25648 25653 25657 25665 25673 25679 25685 25688
25692 25698 25707 25708 25718 25726 25733 25739 25743 25751 25759 25767 25776 25777 25783 25785 25789 25799
25803 25813 25821 25825 25834 25838 25847 25857 25863 25873 25874 25877 25884 25887 25892 25902 25904 25907
25911 25918 25924 25932 25936 25945 25952 25958 25967 25974 25980 25990 25992 25993 25998 26001 26002 26005
26006 26008 26018 26022 26028 26030 26031 26038 26043 26051 26052 26059 26069 26078 26083 26089 26099 26109
26115 26122 26130 26131 26141 26144 26147 26154 26156 26160 26168 26176 26185 26194 26202 26209 26210 26218
26221 26228 26235 26239 26244 26253 26263 26273 26276 26278 26284 26287 26294 26301 26309 26317 26323 26329
26331 26337 26341 26344 26353 26362 26363 26373 26381 26391 26399 26402 26409 26417 26418 26427 26437 26438
26442 26447 26448 26453 26459 26466 26468 26476 26479 26480 26486 26493 26501 26507 26509 26515 26517 26524
26528 26530 26531 26535 26541 26544 26548 26554 26562 26572 26574 26581 26590 26599 26609 26619 26629 26634
26635 26637 26642 26643 26650 26658 26665 26670 26678 26683 26689 26697 26698 26701 26703 26709 26715 26716
26726 26728 26732 26737 26740 26747 26752 26760 26765 26771 26774 26780 26785 26794 26803 26804 26813 26815
26822 26823 26832 26835 26840 26841 26850 26857 26862 26869 26879 26881 26888 26890 26899 26908 26909 26919
26926 26936 26940 26945 26948 26953 26956 26959 26960 26963 26966 26975 26977 26983 26992 26996 26999 27006
27007 27016 27022 27023 27032 27036 27038 27039 27049 27055 27058 27062 27067 27068 27072 27079 27088 27096
27097 27102 27108 27111 27116 27122 27127 27131 27138 27148 27151 27161 27162 27164 27168 27175 27177 27184
27190 27199 27203 27213 27216 27226 27234 27238 27239 27244 27247 27254 27264 27267 27269 27273 27278 27284
27292 27301 27308 27318 27324 27325 27330 27331 27340 27342 27348 27355 27361 27365 27375 27376 27378 27379
27383 27388 27389 27397 27402 27410 27412 27413 27414 27420 27423 27426 27434 27438 27441 27447 27449 27458
27459 27468 27469 27472 27478 27483 27490 27492 27495 27499 27501 27506 27507 27517 27527 27528 27534 27538
27548 27550 27556 27561 27562 27564 27569 27577 27584 27591 27595 27599 27606 27608 27610 27614 27617 27626
27631 27636 27642 27648 27658 27663 27665 27673 27683 27689 27696 27702 27706 27715 27717 27723 27732 27738
27739 27741 27744 27754 27762 27765 27766 27768 27770 27780 27781 27790 27795 27796 27798 27801 27804 27810
27813 27815 27821 27828 27832 27840 27849 27851 27858 27864 27874 27880 27888 27891 27892 27897 27905 27915
27924 27933 27936 27938 27948 27957 27964 27973 27974 27981 27990 27997 27998 28000 28003 28011 28013 28014
28020 28021 28026 28032 28041 28048 28054 28061 28063 28073 28079 28082 28083 28087 28089 28099 28109 28118
28127 28128 28134 28138 28142 28144 28145 28150 28155 28165 28168 28176 28178 28185 28189 28190 28197 28202
28210 28213 28220 28229 28235 28238 28246 28251 28252 28261 28270 28277 28278 28279 28284 28294 28299 28300
28308 28313 28319 28321 28330 28339 28347 28354 28362 28365 28369 28377 28380 28383 28385 28393 28402 28406
28409 28410 28417 28424 28433 28439 28441 28447 28450 28459 28463 28468 28471 28478 28487 28490 28499 28500
28501 28502 28509 28514 28519 28526 28531 28533 28538 28546 28548 28551 28553 28556 28564 28569 28576 28581
28582 28591 28592 28601 28602 28608 28610 28619 28621 28627 28632 28633 28638 28648 28655 28665 28674 28678
28683 28684 28687 28696 28701 28707 28708 28715 28721 28723 28729 28739 28749 28753 28759 28761 28762 28763
28765 28773 28780 28788 28798 28801 28805 28815 28824 28826 28827 28828 28831 28832 28839 28841 28850 28859
28866 28868 28870 28872 28879 28889 28892 28893 28899 28903 28912 28921 28927 28932 28942 28948 28951 28953
28960 28963 28969 28976 28978 28986 28988 28996 29006 29007 29009 29016 29018 29027 29036 29046 29051 29056
29059 29064 29068 29070 29078 29087 29090 29096 29097 29107 29115 29125 29131 29134 29143 29149 29154 29163
29172 29176 29179 29186 29192 29198 29202 29203 29206 29212 29220 29230 29235 29240 29244 29251 29261 29264
29274 29275 29282 29285 29294 29298 29306 29311 29314 29323 29326 29335 29341 29350 29359 29361 29363 29366
29372 29375 29376 29377 29382 29385 29393 29396 29403 29407 29412 29413 29417 29426 29431 29436 29446 29450
29456 29463 29467 29477 29483 29486 29489 29492 29501 29510 29512 29515 29519 29529 29533 29536 29537 29543
29548 29556 29565 29573 29579 29585 29591 29592 29593 29594 29600 29610 29617 29618 29624 29627 29632 29635
29642 29644 29652 29660 29666 29673 29682 29692 29697 29704 29714 29722 29726 29727 29737 29745 29748 29751
29758 29768 29773 29778 29782 29791 29798 29802 29810 29814 29816 29826 29828 29829 29835 29837 29843 29849
29850 29857 29864 29868 29875 29885 29888 29897 29898 29903 29907 29910 29912 29918 29928 29933 29939 29941
29949 29957 29967 29976 29980 29985 29991 29993 30003 30008 30017 30018 30022 30024 30034 30044 30045 30047
30057 30060 30066 30071 30074 30081 30089 30090 30094 30102 30106 30112 30121 30122 30127 30128 30133 30143
30149 30157 30162 30169 30171 30180 30182 30186 30188 30189 30198 30203 30205 30215 30223 30228 30231 30237
30247 30248 30255 30261 30264 30273 30280 30286 30288 30295 30297 30299 30307 30308 30317 30322 30331 30338
30340 30350 30351 30352 30356 30362 30366 30374 30377 30387 30389 30391 30392 30402 30403 30404 30414 30421
30424 30431 30433 30438 30439 30445 30449 30451 30455 30463 30468 30469 30474 30482 30488 30493 30502 30506
30511 30515 30522 30527 30534 30541 30543 30546 30548 30554 30562 30568 30570 30580 30585 30587 30596 30601
30605 30607 30613 30620 30627 30631 30639 30646 30651 30652 30661 30671 30675 30681 30686 30693 30699 30709
30710 30718 30719 30725 30730 30733 30742 30752 30758 30763 30772 30777 30786 30795 30803 30808 30817 30821
30830 30837 30841 30846 30847 30854 30863 30871 30879 30884 30889 30896 30906 30908 30914 30923 30925 30932
30938 30944 30948 30953 30962 30965 30967 30974 30977 30983 30992 30999 31007 31011 31017 31020 31029 31035
31042 31051 31054 31062 31069 31075 31078 31087 31096 31101 31105 31114 31117 31126 31130 31140 31145 31149
31150 31159 31162 31172 31175 31179 31181 31183 31185 31186 31196 31201 31207 31216 31224 31227 31235 31243
31246 31255 31263 31269 31277 31278 31284 31289 31297 31303 31307 31316 31317 31320 31323 31332 31336 31340
31341 31349 31359 31369 31371 31373 31380 31383 31392 31400 31402 31411 31414 31420 31426 31432 31437 31441
31449 31452 31453 31454 31461 31471 31472 31481 31489 31494 31503 31507 31514 31517 31527 31528 31530 31535
31542 31548 31555 31558 31559 31569 31575 31579 31580 31583 31587 31589 31598 31602 31608 31616 31624 31630
31640 31648 31658 31659 31660 31662 31668 31673 31682 31686 31690 31693 31702 31711 31720 31723 31731 31741
31750 31753 31756 31759 31767 31771 31776 31777 31778 31785 31786 31796 31800 31803 31813 31815 31820 31830
31833 31835 31839 31849 31850 31855 31863 31868 31877 31883 31892 31895 31903 31906 31914 31924 31925 31934
31939 31942 31945 31954 31962 31969 31978 31981 31989 31997 32003 32005 32008 32016 32024 32030 32033 32039
32044 32050 32057 32059 32062 32072 32080 32090 32097 32107 32110 32114 32122 32128 32134 32139 32140 32149
32156 32162 32171 32180 32187 32189 32199 32206 32208 32214 32220 32222 32227 32230 32238 32248 32254 32262
32270 32275 32284 32291 32293 32302 32307 32310 32314 32324 32329 32336 32339 32349 32351 32352 32353 32355
32358 32362 32363 32371 32379 32384 32385 32391 32394 32404 32414 32424 32428 32436 32442 32446 32449 32453
32462 32469 32470 32480 32481 32490 32499 32509 32515 32520 32530 32538 32546 32552 32555 32559 32562 32571
32573 32574 32581 32590 32597 32603 32608 32610 32616 32622 32628 32638 32641 32642 32652 32658 32665 32669
32670 32677 32686 32692 32699 32703 32704 32713 32715 32724 32734 32738 32740 32746 32747 32754 32755 32757
32760 32767 32770 32776 32777 32784 32792 32795 32797 32802 32811 32813 32823 32826 32834 32844 32848 32849
32856 32863 32864 32872 32874 32875 32878 32887 32897 32904 32909 32915 32924 32934 32941 32943 32947 32956
32966 32976 32984 32989 32995 33002 33010 33015 33017 33025 33026 33030 33033 33041 33046 33054 33055 33059
33068 33074 33081 33087 33096 33104 33114 33124 33126 33136 33142 33147 33149 33154 33155 33158 33166 33169
33179 33182 33192 33196 33205 33212 33216 33221 33223 33225 33230 33231 33233 33238 33241 33249 33250 33260
33266 33272 33273 33276 33286 33293 33297 33306 33314 33324 33329 33332 33339 33340 33348 33349 33353 33354
33356 33363 33364 33369 33374 33376 33386 33389 33395 33399 33402 33404 33408 33409 33410 33418 33420 33426
33434 33444 33447 33450 33458 33466 33469 33473 33482 33487 33495 33505 33513 33517 33519 33520 33528 33535
33536 33538 33545 33547 33552 33558 33561 33568 33576 33585 33594 33598 33606 33616 33622 33628 33631 33639
33644 33648 33654 33655 33664 33669 33676 33681 33682 33687 33690 33695 33704 33714 33716 33723 33725 33733
33739 33741 33745 33754 33760 33762 33765 33775 33784 33790 33794 33798 33799 33801 33805 33809 33816 33821
33824 33826 33830 33831 33840 33844 33847 33855 33865 33866 33867 33871 33877 33884 33885 33893 33903 33909
33915 33917 33924 33929 33932 33937 33944 33946 33949 33956 33963 33967 33976 33981 33987 33996 34000 34005
34011 34015 34016 34022 34025 34035 34036 34039 34048 34058 34065 34067 34073 34074 34081 34084 34085 34086
34091 34092 34097 34105 34113 34114 34116 34126 34135 34140 34142 34150 34160 34161 34163 34165 34170 34180
34189 34196 34199 34209 34218 34223 34232 34242 34245 34253 34254 34261 34270 34272 34280 34290 34295 34305
34307 34317 34322 34332 34339 34346 34355 34356 34360 34361 34368 34373 34375 34382 34386 34393 34399 34409
34416 34426 34428 34438 34444 34453 34454 34464 34469 34470 34480 34487 34491 34500 34510 34514 34522 34523
34527 34533 34543 34549 34550 34556 34565 34568 34576 34582 34589 34592 34596 34606 34607 34613 34622 34626
34634 34641 34643 34651 34661 34668 34669 34670 34672 34677 34682 34683 34693 34703 34713 34718 34724 34730
34738 34739 34744 34752 34761 34770 34775 34779 34789 34796 34806 34810 34813 34815 34816 34820 34826 34832
34839 34840 34846 34856 34860 34864 34874 34879 34884 34888 34894 34901 34908 34914 34917 34920 34923 34926
34935 34943 34949 34957 34961 34970 34972 34976 34981 34985 34995 35001 35003 35010 35020 35029 35032 35033
35042 35050 35058 35060 35064 35067 35069 35077 35085 35088 35092 35098 35102 35104 35114 35121 35129 35134
35138 35148 35158 35162 35169 35175 35179 35187 35189 35197 35205 35212 35217 35222 35226 35227 35237 35240
35243 35244 35246 35255 35262 35264 35274 35282 35287 35294 35301 35309 35312 35313 35316 35324 35334 35341
35347 35348 35357 35359 35364 35371 35376 35379 35388 35396 35402 35412 35417 35424 35427 35428 35432 35435
35439 35449 35451 35452 35462 35465 35474 35477 35484 35494 35500 35503 35513 35520 35524 35530 35536 35539
35540 35543 35548 35549 35555 35562 35565 35571 35576 35586 35596 35606 35611 35615 35618 35620 35626 35633
35638 35640 35648 35649 35652 35660 35670 35677 35687 35697 35702 35708 35709 35716 35719 35721 35727 35728
35729 35730 35732 35734 35741 35750 35755 35764 35773 35783 35787 35796 35804 35810 35817 35818 35819 35824
35829 35834 35840 35844 35854 35858 35868 35877 35887 35895 35897 35905 35915 35920 35925 35927 35936 35944
35952 35957 35965 35969 35979 35981 35986 35996 36003 36011 36014 36016 36026 36028 36031 36032 36038 36046
36051 36055 36065 36068 36070 36073 36082 36085 36091 36094 36101 36107 36117 36125 36128 36138 36140 36149
36159 36164 36172 36173 36178 36179 36186 36187 36188 36192 36197 36207 36215 36218 36222 36229 36234 36237
36242 36252 36255 36263 36267 36270 36279 36283 36286 36289 36290 36299 36304 36314 36316 36322 36329 36337
36346 36351 36355 36358 36360 36370 36373 36380 36387 36391 36400 36407 36412 36414 36422 36432 36436 36437
36442 36444 36454 36457 36463 36468 36471 36475 36479 36480 36487 36488 36495 36499 36507 36512 36518 36524
36531 36535 36544 36553 36562 36568 36571 36575 36582 36592 36593 36596 36603 36613 36621 36628 36631 36641
36642 36652 36658 36662 36665 36667 36671 36673 36675 36676 36685 36689 36698 36700 36703 36711 36718 36721
36726 36734 36742 36746 36755 36765 36766 36773 36775 36785 36794 36795 36796 36803 36813 36820 36830 36832
36835 36838 36842 36843 36852 36853 36862 36867 36872 36882 36884 36894 36895 36898 36906 36912 36922 36930
36936 36937 36947 36954 36957 36963 36971 36979 36986 36989 36996 36998 37008 37016 37025 37030 37033 37039
37040 37047 37049 37051 37057 37062 37068 37073 37074 37083 37092 37100 37105 37108 37113 37114 37124 37125
37130 37132 37133 37143 37151 37160 37166 37176 37178 37179 37187 37188 37189 37194 37198 37199 37204 37213
37223 37228 37231 37238 37242 37250 37259 37268 37273 37274 37281 37284 37287 37296 37297 37300 37306 37308
37311 37320 37326 37329 37330 37334 37343 37346 37347 37355 37361 37368 37374 37379 37388 37394 37400 37406
37416 37421 37429 37439 37446 37454 37463 37469 37470 37475 37480 37490 37492 37493 37495 37501 37504 37509
37512 37513 37517 37520 37523 37526 37532 37540 37542 37549 37552 37558 37560 37567 37577 37580 37583 37591
37594 37604 37606 37612 37615 37617 37626 37629 37634 37636 37640 37644 37645 37648 37655 37658 37662 37666
37674 37680 37689 37694 37699 37700 37701 37704 37708 37717 37718 37726 37728 37731 37739 37749 37758 37760
37765 37770 37774 37778 37782 37788 37797 37801 37809 37810 37820 37827 37834 37844 37845 37847 37856 37862
37866 37874 37877 37881 37888 37892 37895 37897 37900 37907 37912 37918 37926 37927 37937 37941 37950 37954
37955 37961 37969 37972 37980 37985 37993 37994 37995 37996 37997 38001 38006 38009 38017 38020 38030 38036
38039 38040 38048 38055 38062 38072 38082 38092 38102 38103 38109 38110 38118 38120 38121 38122 38125 38126
38131 38141 38147 38156 38158 38160 38167 38168 38173 38183 38192 38193 38200 38203 38205 38208 38217 38218
38225 38227 38230 38233 38237 38241 38245 38248 38250 38259 38267 38269 38278 38279 38288 38291 38299 38303
38313 38322 38324 38325 38332 38336 38346 38356 38366 38375 38382 38388 38396 38404 38412 38413 38423 38432
38439 38444 38452 38454 38457 38459 38465 38467 38472 38477 38480 38481 38490 38495 38498 38504 38505 38513
38518 38527 38528 38532 38537 38543 38547 38555 38559 38569 38570 38579 38584 38589 38595 38596 38602 38608
38615 38622 38626 38629 38638 38644 38653 38661 38662 38671 38676 38680 38682 38689 38690 38691 38698 38704
38705 38706 38712 38714 38717 38720 38722 38732 38742 38751 38759 38760 38769 38777 38787 38793 38795 38802
38808 38815 38824 38826 38831 38833 38841 38842 38852 38853 38860 38865 38869 38872 38880 38889 38895 38898
38904 38911 38916 38922 38923 38932 38938 38946 38955 38963 38966 38972 38981 38985 38991 38997 39000 39003
39013 39021 39022 39032 39038 39045 39053 39060 39063 39071 39076 39080 39087 39093 39096 39105 39112 39122
39131 39141 39146 39150 39155 39161 39165 39173 39180 39181 39183 39191 39198 39201 39209 39218 39222 39223
39226 39236 39240 39244 39247 39250 39260 39270 39278 39280 39286 39292 39294 39299 39305 39307 39315 39318
39323 39330 39332 39338 39343 39353 39361 39367 39372 39379 39387 39389 39399 39403 39411 39419 39421 39425
39434 39437 39439 39446 39455 39460 39469 39474 39477 39487 39495 39499 39500 39502 39508 39516 39517 39520
39521 39524 39527 39529 39534 39541 39545 39550 39554 39562 39566 39567 39570 39573 39581 39587 39590 39596
39605 39612 39621 39627 39630 39633 39640 39646 39653 39659 39669 39677 39687 39697 39706 39711 39713 39716
39725 39730 39737 39739 39743 39752 39756 39758 39761 39767 39776 39783 39790 39791 39797 39798 39800 39809
39810 39812 39815 39817 39820 39823 39824 39827 39831 39838 39841 39850 39858 39864 39866 39867 39868 39873
39879 39883 39887 39893 39895 39900 39909 39916 39922 39932 39941 39949 39954 39963 39973 39983 39985 39992
39998 40000 40001 40008 40012 40019 40022 40023 40033 40038 40048 40058 40067 40072 40081 40082 40091 40100
40106 40111 40119 40123 40132 40140 40142 40148 40149 40158 40168 40176 40182 40191 40196 40198 40204 40212
40217 40226 40232 40237 40245 40250 40252 40258 40268 40270 40274 40280 40285 40292 40299 40307 40312 40321
40329 40333 40335 40345 40355 40365 40369 40376 40382 40388 40393 40396 40401 40405 40411 40414 40422 40428
40433 40441 40450 40455 40458 40464 40469 40475 40483 40484 40494 40502 40507 40511 40519 40525 40535 40540
40548 40554 40562 40565 40571 40572 40579 40587 40590 40592 40596 40604 40614 40616 40626 40633 40636 40645
40646 40653 40658 40659 40666 40667 40670 40676 40679 40683 40688 40690 40694 40699 40704 40705 40714 40724
40733 40736 40739 40742 40748 40752 40755 40759 40763 40766 40774 40783 40787 40795 40800 40804 40814 40821
40824 40825 40829 40839 40843 40853 40861 40869 40870 40873 40874 40881 40884 40888 40892 40895 40905 40912
40921 40927 40933 40941 40942 40943 40946 40956 40959 40962 40968 40974 40980 40985 40995 41002 41012 41016
41019 41029 41030 41038 41045 41047 41051 41053 41060 41063 41068 41070 41079 41080 41082 41086 41087 41092
41093 41102 41111 41112 41119 41124 41128 41136 41139 41140 41142 41146 41155 41156 41157 41166 41176 41180
41189 41197 41201 41209 41217 41222 41228 41231 41238 41247 41252 41261 41265 41272 41274 41278 41286 41290
41294 41301 41305 41315 41324 41333 41339 41342 41352 41361 41363 41369 41371 41375 41384 41392 41402 41411
41419 41429 41433 41440 41449 41455 41461 41471 41473 41482 41491 41495 41505 41513 41518 41525 41534 41544
41552 41554 41560 41568 41570 41572 41577 41584 41586 41592 41598 41605 41611 41614 41616 41624 41630 41635
41639 41646 41651 41660 41670 41673 41677 41682 41692 41696 41704 41705 41715 41718 41723 41729 41734 41744
41749 41752 41762 41771 41777 41779 41786 41791 41797 41801 41805 41810 41812 41814 41819 41827 41828 41836
41840 41842 41848 41853 41859 41865 41866 41874 41878 41880 41882 41888 41891 41899 41909 41912 41921 41924
41925 41929 41934 41936 41942 41947 41950 41956 41965 41975 41980 41989 41991 41998 42002 42009 42018 42021
42026 42035 42043 42045 42053 42060 42064 42072 42078 42086 42093 42099 42106 42115 42120 42127 42130 42139
42143 42152 42161 42165 42170 42171 42172 42180 42183 42188 42195 42196 42202 42209 42212 42216 42223 42230
42233 42234 42238 42246 42254 42263 42272 42282 42285 42294 42300 42308 42309 42316 42322 42329 42338 42348
42358 42367 42368 42374 42375 42377 42382 42392 42395 42398 42402 42411 42415 42419 42424 42429 42437 42446
42447 42454 42458 42467 42468 42472 42476 42479 42483 42484 42492 42497 42499 42507 42517 42526 42536 42539
42547 42557 42560 42568 42572 42574 42581 42591 42600 42609 42610 42619 42627 42630 42634 42643 42653 42660
42669 42672 42679 42687 42691 42693 42700 42705 42706 42716 42719 42722 42727 42728 42732 42742 42750 42757
42762 42767 42770 42777 42778 42783 42788 42792 42798 42799 42801 42807 42808 42810 42820 42825 42830 42840
42846 42854 42863 42873 42880 42885 42890 42899 42906 42910 42915 42922 42925 42934 42942 42948 42958 42965
42967 42971 42977 42986 42994 42999 43003 43013 43018 43020 43026 43029 43035 43042 43050 43057 43066 43073
43083 43091 43101 43106 43109 43118 43123 43126 43135 43143 43153 43154 43160 43166 43171 43175 43179 43181
43182 43189 43193 43203 43213 43220 43224 43233 43239 43246 43247 43249 43253 43254 43259 43265 43271 43274
43279 43289 43296 43300 43301 43302 43303 43308 43318 43324 43331 43339 43345 43355 43363 43373 43380 43383
43391 43394 43395 43396 43402 43405 43411 43417 43427 43431 43433 43442 43452 43456 43457 43462 43470 43478
43488 43493 43501 43503 43509 43517 43521 43523 43524 43528 43529 43537 43543 43544 43554 43556 43564 43568
43574 43575 43576 43585 43586 43588 43596 43605 43609 43616 43622 43626 43628 43635 43641 43646 43651 43653
43654 43657 43661 43671 43674 43684 43685 43686 43690 43698 43708 43717 43725 43732 43737 43738 43747 43757
43762 43763 43772 43774 43778 43781 43787 43797 43805 43812 43816 43817 43822 43827 43837 43842 43848 43855
43862 43864 43872 43881 43883 43888 43890 43897 43903 43911 43913 43921 43923 43924 43932 43941 43949 43954
43964 43968 43970 43980 43982 43984 43993 44002 44004 44006 44010 44012 44013 44015 44024 44027 44035 44044
44046 44053 44057 44063 44066 44072 44074 44082 44085 44094 44095 44105 44115 44124 44134 44136 44139 44142
44150 44158 44162 44172 44174 44180 44186 44189 44192 44194 44196 44200 44205 44215 44220 44223 44225 44229
44231 44235 44241 44251 44259 44262 44266 44268 44277 44278 44282 44288 44290 44291 44301 44310 44318 44323
44327 44334 44335 44345 44352 44361 44369 44377 44385 44387 44392 44394 44404 44408 44413 44417 44425 44431
44439 44444 44445 44454 44458 44460 44468 44472 44480 44490 44500 44501 44503 44508 44512 44521 44527 44528
44537 44540 44548 44554 44555 44560 44563 44573 44579 44585 44586 44591 44598 44602 44612 44620 44624 44625
44634 44642 44647 44649 44653 44660 44665 44674 44679 44682 44687 44691 44694 44696 44699 44701 44704 44712
44719 44729 44736 44737 44741 44749 44755 44763 44765 44768 44769 44770 44773 44778 44779 44785 44794 44803
44809 44810 44817 44819 44827 44832 44839 44846 44853 44859 44862 44872 44875 44881 44889 44896 44898 44904
44913 44921 44927 44930 44939 44946 44950 44953 44963 44971 44973 44976 44984 44987 44992 44999 45008 45012
45019 45020 45029 45036 45037 45041 45046 45056 45060 45069 45074 45080 45083 45091 45098 45099 45107 45117
45120 45126 45134 45140 45149 45158 45167 45175 45184 45193 45198 45207 45215 45220 45229 45235 45238 45241
45249 45255 45262 45270 45279 45283 45285 45293 45299 45308 45314 45318 45325 45331 45339 45348 45352 45360
45368 45372 45381 45390 45399 45400 45405 45412 45416 45422 45432 45433 45438 45440 45447 45455 45463 45465
45467 45472 45481 45486 45495 45505 45507 45512 45515 45517 45519 45526 45534 45538 45547 45552 45561 45564
45567 45572 45581 45586 45595 45598 45602 45608 45615 45618 45627 45635 45639 45641 45649 45654 45655 45664
45665 45673 45682 45684 45689 45694 45701 45708 45717 45718 45723 45732 45734 45736 45742 45744 45746 45749
45758 45766 45772 45774 45781 45790 45793 45798 45802 45807 45809 45814 45821 45824 45832 45833 45842 45845
45854 45861 45863 45870 45872 45877 45881 45886 45894 45902 45908 45916 45923 45926 45936 45946 45955 45958
45964 45971 45980 45981 45986 45989 45998 45999 46000 46006 46011 46013 46017 46022 46029 46034 46043 46052
46062 46063 46072 46078 46084 46089 46094 46103 46109 46119 46126 46135 46140 46144 46154 46162 46164 46166
46173 46177 46179 46188 46190 46194 46201 46211 46214 46224 46226 46230 46233 46240 46242 46244 46247 46255
46263 46267 46275 46285 46295 46298 46307 46312 46315 46319 46329 46339 46347 46356 46360 46368 46370 46376
46380 46389 46394 46401 46410 46412 46413 46419 46420 46425 46432 46438 46440 46443 46450 46453 46460 46467
46470 46471 46479 46480 46485 46492 46498 46507 46509 46512 46516 46525 46527 46528 46533 46538 46544 46554
46558 46561 46568 46574 46579 46583 46591 46597 46607 46610 46617 46621 46630 46634 46644 46652 46657 46662
46672 46678 46681 46691 46693 46699 46706 46710 46719 46722 46723 46727 46736 46739 46744 46749 46758 46764
46774 46776 46777 46786 46792 46796 46797 46805 46810 46818 46821 46824 46828 46838 46844 46846 46851 46860
46867 46875 46883 46887 46894 46903 46913 46922 46927 46936 46942 46945 46948 46949 46954 46961 46962 46969
46979 46983 46987 46991 47000 47008 47015 47025 47034 47044 47046 47056 47064 47070 47074 47078 47080 47082
47083 47088 47090 47097 47102 47111 47120 47130 47135 47141 47150 47159 47160 47165 47168 47177 47179 47187
47196 47202 47203 47211 47217 47218 47221 47227 47236 47238 47239 47243 47246 47256 47266 47269 47270 47272
47279 47280 47282 47289 47293 47296 47303 47310 47316 47324 47333 47336 47346 47348 47358 47362 47372 47376
47379 47389 47391 47399 47409 47418 47427 47433 47441 47451 47460 47464 47473 47481 47487 47489 47495 47499
47501 47503 47508 47518 47525 47531 47532 47542 47548 47551 47553 47561 47562 47564 47568 47569 47577 47580
47584 47587 47595 47599 47600 47601 47606 47611 47621 47622 47627 47631 47634 47635 47641 47651 47659 47661
47670 47679 47682 47691 47696 47703 47709 47715 47721 47728 47732 47733 47736 47746 47751 47752 47761 47766
47774 47775 47776 47781 47784 47788 47793 47795 47805 47806 47811 47818 47824 47825 47826 47832 47839 47844
47853 47855 47859 47863 47873 47880 47881 47889 47899 47908 47914 47918 47926 47933 47934 47942 47944 47948
47950 47956 47961 47964 47974 47980 47988 47997 48004 48013 48015 48017 48024 48033 48038 48042 48043 48047
48056 48061 48065 48073 48080 48085 48086 48094 48096 48099 48109 48118 48119 48127 48130 48131 48137 48142
48147 48153 48161 48163 48166 48170 48173 48183 48191 48198 48200 48206 48207 48208 48210 48212 48218 48224
48226 48233 48235 48236 48244 48248 48252 48256 48266 48271 48281 48288 48291 48294 48302 48308 48311 48316
48322 48323 48333 48343 48351 48354 48355 48364 48366 48374 48379 48387 48394 48398 48404 48411 48420 48427
48437 48440 48441 48451 48457 48458 48459 48469 48475 48477 48485 48491 48495 48500 48502 48511 48513 48515
48517 48525 48530 48533 48536 48546 48547 48555 48556 48562 48568 48572 48574 48584 48594 48600 48604 48605
48608 48618 48624 48631 48641 48651 48661 48663 48672 48674 48681 48685 48689 48693 48700 48707 48711 48721
48725 48726 48729 48738 48745 48747 48752 48759 48763 48766 48773 48781 48791 48800 48801 48802 48809 48814
48817 48827 48828 48833 48840 48846 48851 48855 48864 48871 48880 48889 48892 48894 48898 48904 48907 48910
48916 48917 48919 48921 48926 48929 48936 48938 48945 48946 48949 48958 48963 48966 48970 48973 48978 48988
48998 49001 49002 49008 49014 49019 49025 49027 49029 49033 49040 49041 49045 49054 49058 49068 49071 49081
49086 49092 49097 49107 49116 49117 49119 49126 49130 49137 49142 49149 49152 49161 49162 49163 49172 49182
49186 49194 49200 49206 49212 49214 49216 49218 49224 49232 49238 49247 49249 49252 49255 49261 49271 49273
49281 49288 49298 49305 49315 49320 49330 49333 49340 49350 49357 49363 49370 49380 49390 49394 49397 49404
49407 49415 49424 49428 49436 49440 49448 49456 49460 49464 49469 49479 49482 49485 49493 49503 49507 49513
49522 49531 49536 49538 49543 49548 49555 49559 49564 49565 49575 49583 49584 49593 49599 49602 49604 49609
49619 49620 49628 49632 49635 49637 49643 49647 49656 49662 49670 49679 49685 49689 49692 49697 49698 49708
49709 49716 49718 49721 49722 49727 49736 49740 49750 49758 49768 49774 49779 49788 49797 49807 49813 49816
49826 49831 49832 49836 49845 49854 49856 49857 49860 49865 49873 49875 49883 49886 49889 49895 49901 49906
49915 49922 49925 49927 49928 49930 49937 49940 49944 49950 49960 49962 49968 49977 49985 49987 49993 50002
50008 50015 50018 50020 50025 50030 50038 50040 50042 50048 50053 50055 50059 50065 50066 50069 50075 50079
50089 50094 50104 50113 50121 50130 50132 50138 50146 50151 50158 50161 50163 50168 50169 50178 50187 50195
50198 50207 50212 50215 50218 50226 50229 50235 50238 50240 50244 50251 50260 50263 50268 50275 50282 50286
50288 50297 50307 50309 50317 50322 50325 50328 50337 50346 50352 50354 50361 50370 50380 50387 50397 50404
50412 50422 50425 50427 50433 50438 50447 50451 50454 50462 50470 50477 50478 50479 50481 50483 50489 50498
50499 50504 50505 50512 50522 50531 50535 50545 50550 50559 50565 50570 50579 50580 50584 50592 50600 50605
50613 50619 50621 50629 50631 50639 50642 50650 50652 50655 50662 50670 50673 50675 50684 50694 50697 50701
50708 50711 50718 50721 50726 50733 50738 50748 50757 50767 50769 50775 50783 50788 50798 50802 50810 50818
50820 50825 50835 50836 50841 50851 50854 50857 50862 50863 50868 50870 50880 50888 50897 50899 50908 50918
50928 50931 50939 50940 50943 50953 50956 50964 50968 50974 50975 50979 50988 50996 51002 51009 51016 51020
51021 51022 51024 51032 51034 51039 51043 51044 51049 51054 51055 51057 51067 51077 51087 51092 51095 51103
51112 51121 51124 51126 51127 51132 51136 51146 51153 51159 51169 51170 51173 51180 51181 51182 51188 51198
51203 51211 51219 51221 51225 51226 51228 51233 51235 51243 51247 51250 51253 51263 51266 51269 51279 51287
51294 51298 51306 51310 51320 51327 51328 51336 51338 51343 51349 51353 51360 51361 51364 51373 51374 51380
51381 51387 51390 51396 51406 51408 51415 51417 51422 51432 51438 51445 51446 51448 51454 51460 51463 51470
51471 51472 51476 51486 51493 51494 51502 51505 51509 51516 51519 51528 51536 51543 51551 51559 51563 51572
51579 51587 51596 51602 51604 51614 51622 51623 51633 51637 51646 51649 51651 51657 51665 51667 51675 51685
51686 51692 51702 51709 51718 51720 51724 51730 51738 51747 51754 51762 51770 51774 51780 51782 51791 51792
51799 51806 51816 51817 51821 51823 51828 51831 51837 51843 51851 51861 51863 51866 51870 51876 51882 51884
51887 51893 51897 51903 51908 51913 51922 51931 51932 51938 51945 51955 51965 51974 51975 51976 51986 51994
51998 52007 52015 52018 52026 52035 52041 52043 52046 52049 52055 52056 52061 52066 52071 52077 52080 52082
52088 52097 52103 52113 52123 52126 52127 52135 52138 52140 52149 52154 52163 52168 52173 52181 52190 52195
52200 52207 52217 52224 52226 52229 52236 52243 52244 52250 52255 52260 52262 52267 52274 52279 52286 52295
52298 52308 52315 52319 52324 52333 52341 52351 52358 52364 52370 52380 52386 52391 52399 52409 52417 52420
52423 52429
