3922 3927 3933 3941 3949 3959 3965 3972 3973 3979 3980 3981 3990 3995 4000 4002 4006 4012
4017 4023 4029 4030 4038 4040 4050 4059 4065 4070 4079 4084 4089 4093 4098 4105 4106 4111
4113 4121 4122 4125 4134 4139 4149 4156 4165 4171 4174 4179 4188 4195 4202 4210 4216 4223
4227 4229 4236 4242 4247 4256 4262 4269 4275 4283 4290 4297 4305 4309 4315 4317 4323 4332
4342 4350 4357 4365 4366 4370 4373 4378 4385 4391 4400 4407 4408 4412 4417 4423 4430 4435
4440 4448 4449 4457 4462 4465 4469 4476 4477 4479 4480 4488 4489 4495 4504 4505 4513 4520
4529 4534 4542 4543 4550 4555 4556 4562 4568 4575 4576 4577 4583 4590 4595 4603 4611 4618
4626 4636 4638 4639 4647 4650 4652 4656 4658 4661 4667 4675 4676 4679 4683 4688 4689 4698
4707 4711 4715 4719 4726 4732 4734 4741 4751 4755 4765 4775 4777 4785 4789 4791 4800 4807
4809 4813 4816 4819 4827 4836 4842 4848 4856 4860 4865 4866 4870 4876 4882 4883 4887 4892
4900 4910 4917 4927 4935 4942 4951 4952 4953 4955 4962 4972 4976 4985 4992 4999 5008 5013
5018 5021 5029 5030 5038 5045 5053 5062 5065 5067 5068 5074 5077 5078 5086 5096 5103 5107
5110 5112 5117 5125 5128 5133 5140 5144 5146 5155 5162 5168 5178 5184 5188 5193 5197 5203
5212 5214 5224 5229 5236 5241 5249 5252 5256 5263 5267 5277 5283 5284 5293 5299 5306 5314
5318 5319 5320 5329 5335 5340 5343 5349 5352 5362 5363 5367 5372 5380 5385 5386 5388 5395
5399 5405 5407 5413 5422 5427 5435 5441 5443 5451 5456 5461 5462 5467 5468 5470 5478 5487
5492 5493 5503 5507 5512 5517 5525 5528 5529 5530 5537 5546 5552 5553 5559 5567 5577 5584
5589 5593 5602 5610 5619 5623 5633 5638 5647 5653 5657 5659 5662 5669 5670 5672 5676 5680
5688 5695 5697 5698 5707 5716 5726 5729 5738 5747 5755 5762 5772 5781 5785 5788 5796 5806
5812 5816 5824 5829 5834 5835 5839 5848 5851 5854 5862 5870 5877 5881 5888 5898 5903 5906
5908 5915 5921 5925 5933 5934 5937 5940 5949 5953 5963 5966 5969 5970 5971 5975 5981 5989
5997 6002 6006 6014 6021 6029 6032 6034 6036 6037 6045 6048 6053 6055 6061 6063 6072 6075
6082 6084 6086 6089 6090 6096 6106 6109 6117 6124 6126 6135 6136 6138 6144 6152 6159 6168
6178 6187 6192 6199 6208 6213 6223 6233 6236 6245 6252 6258 6268 6272 6279 6285 6288 6289
6294 6299 6305 6313 6323 6329 6331 6333 6340 6344 6345 6348 6355 6356 6359 6365 6371 6378
6386 6389 6397 6401 6411 6417 6425 6431 6440 6443 6447 6450 6456 6462 6472 6477 6484 6487
6495 6502 6508 6512 6518 6520 6528 6535 6539 6548 6549 6554 6557 6559 6568 6576 6580 6584
6590 6592 6594 6600 6604 6609 6612 6615 6620 6629 6631 6641 6648 6655 6658 6666 6674 6676
6677 6683 6693 6694 6704 6709 6717 6724 6727 6732 6737 6742 6743 6751 6754 6756 6760 6766
6771 6773 6776 6780 6788 6795 6805 6813 6815 6819 6821 6827 6837 6847 6852 6858 6861 6863
6866 6873 6879 6889 6897 6905 6908 6909 6913 6917 6920 6929 6934 6938 6941 6948 6958 6968
6969 6978 6988 6992 7001 7004 7011 7013 7020 7023 7030 7038 7041 7047 7048 7055 7056 7063
7073 7075 7084 7089 7090 7093 7101 7109 7114 7118 7125 7126 7129 7130 7132 7142 7151 7153
7157 7158 7162 7170 7175 7180 7188 7192 7197 7207 7209 7218 7226 7229 7239 7248 7249 7251
7260 7268 7277 7281 7291 7299 7307 7313 7315 7318 7321 7328 7336 7344 7349 7356 7358 7361
7369 7376 7378 7380 7385 7392 7400 7410 7420 7429 7430 7436 7441 7443 7448 7451 7458 7462
7469 7479 7486 7494 7496 7506 7516 7520 7529 7535 7543 7545 7547 7548 7556 7563 7568 7578
7587 7591 7598 7608 7611 7621 7631 7638 7648 7654 7657 7660 7670 7679 7688 7697 7702 7710
7720 7723 7729 7735 7736 7738 7748 7755 7760 7769 7775 7785 7791 7801 7804 7808 7810 7814
7817 7818 7828 7834 7838 7848 7854 7862 7868 7873 7878 7879 7886 7890 7895 7901 7911 7913
7922 7932 7934 7943 7952 7955 7958 7967 7975 7984 7988 7994 8004 8012 8020 8029 8038 8047
8050 8056 8058 8062 8065 8066 8071 8074 8084 8087 8094 8099 8108 8117 8118 8126 8136 8141
8145 8152 8161 8165 8170 8171 8180 8183 8193 8200 8209 8214 8221 8222 8228 8235 8241 8244
8252 8253 8256 8266 8273 8283 8289 8293 8298 8302 8304 8308 8310 8315 8319 8324 8332 8341
8349 8359 8365 8371 8373 8382 8390 8397 8398 8406 8416 8420 8427 8434 8437 8444 8451 8453
8457 8464 8470 8477 8481 8491 8500 8509 8517 8519 8528 8537 8547 8552 8554 8556 8559 8563
8573 8576 8583 8585 8587 8596 8605 8606 8609 8617 8625 8627 8632 8637 8638 8642 8651 8659
8666 8670 8676 8681 8688 8690 8699 8702 8706 8714 8719 8724 8730 8735 8740 8741 8748 8753
8757 8760 8769 8779 8782 8784 8791 8792 8793 8795 8796 8797 8804 8809 8812 8820 8830 8835
8845 8854 8859 8862 8870 8873 8875 8883 8887 8895 8899 8901 8903 8904 8910 8914 8915 8921
8928 8933 8939 8945 8953 8955 8965 8973 8974 8983 8988 8991 8992 8998 9003 9009 9019 9027
9029 9034 9044 9054 9062 9070 9080 9086 9089 9096 9099 9103 9106 9111 9115 9123 9127 9137
9144 9147 9157 9165 9171 9173 9181 9190 9196 9206 9208 9212 9213 9217 9224 9229 9232 9235
9239 9249 9256 9260 9266 9270 9273 9282 9289 9291 9298 9305 9315 9316 9321 9327 9333 9334
9339 9343 9352 9353 9361 9362 9363 9370 9376 9381 9389 9397 9403 9405 9407 9408 9415 9419
9420 9423 9430 9433 9436 9438 9439 9447 9452 9460 9468 9469 9478 9484 9486 9487 9490 9493
9502 9508 9514 9516 9522 9531 9540 9545 9548 9551 9555 9557 9567 9575 9578 9588 9594 9602
9604 9608 9614 9621 9624 9629 9630 9636 9645 9646 9653 9656 9663 9673 9680 9684 9688 9689
9696 9702 9708 9717 9726 9736 9742 9750 9758 9768 9773 9783 9791 9801 9804 9813 9821 9827
9829 9832 9836 9845 9851 9857 9866 9876 9884 9887 9890 9891 9899 9908 9915 9917 9926 9931
9934 9937 9938 9939 9940 9948 9953 9961 9963 9967 9969 9979 9985 9990 9997 10002 10012 10016
10026 10030 10031 10039 10049 10053 10062 10064 10066 10074 10080 10083 10088 10095 10100 10110 10120 10130
10136 10139 10143 10150 10159 10165 10174 10180 10183 10187 10195 10197 10207 10210 10215 10217 10227 10234
10241 10243 10252 10253 10257 10258 10263 10264 10271 10281 10291 10296 10297 10304 10312 10322 10331 10333
10334 10342 10346 10353 10357 10361 10370 10373 10379 10387 10393 10397 10401 10408 10417 10426 10431 10437
10444 10449 10459 10462 10466 10467 10469 10470 10476 10486 10496 10503 10506 10508 10518 10520 10522 10524
10527 10530 10531 10541 10548 10549 10557 10561 10567 10570 10577 10581 10583 10588 10595 10598 10601 10602
10609 10616 10618 10628 10636 10642 10644 10653 10657 10665 10666 10670 10677 10686 10689 10694 10704 10710
10715 10720 10721 10726 10735 10740 10741 10744 10745 10755 10759 10769 10772 10776 10782 10785 10788 10795
10804 10810 10813 10821 10826 10827 10830 10836 10843 10853 10858 10861 10866 10867 10874 10876 10877 10884
10885 10888 10895 10900 10904 10909 10912 10922 10925 10932 10933 10935 10943 10948 10957 10959 10967 10973
10979 10987 10992 11000 11009 11015 11020 11022 11026 11036 11038 11048 11051 11054 11057 11064 11068 11071
11072 11082 11086 11088 11091 11095 11101 11110 11115 11123 11124 11126 11129 11132 11141 11142 11151 11160
11168 11170 11173 11174 11183 11186 11196 11201 11208 11210 11215 11218 11221 11227 11235 11239 11245 11254
11256 11259 11260 11264 11270 11272 11281 11290 11298 11303 11308 11311 11317 11324 11328 11332 11342 11347
11352 11359 11369 11370 11371 11372 11379 11384 11386 11391 11397 11400 11409 11419 11420 11427 11436 11438
11443 11444 11446 11453 11457 11467 11475 11480 11489 11494 11499 11503 11512 11520 11526 11527 11530 11540
11542 11543 11547 11550 11551 11557 11560 11562 11571 11575 11583 11592 11595 11604 11608 11617 11627 11634
11642 11645 11653 11659 11665 11675 11679 11680 11686 11694 11704 11709 11714 11724 11732 11741 11751 11761
11770 11776 11779 11785 11788 11796 11806 11807 11809 11817 11824 11829 11832 11835 11841 11845 11846 11851
11859 11867 11872 11873 11877 11879 11887 11889 11894 11898 11907 11915 11924 11934 11944 11946 11955 11959
11962 11965 11972 11982 11986 11993 11996 12003 12005 12010 12011 12013 12019 12020 12023 12028 12034 12035
12039 12041 12049 12059 12069 12077 12079 12085 12090 12093 12095 12096 12102 12111 12116 12126 12132 12136
12145 12149 12156 12158 12165 12166 12168 12170 12180 12181 12183 12188 12189 12197 12198 12201 12207 12209
12217 12223 12224 12230 12231 12232 12237 12242 12244 12251 12255 12263 12265 12274 12276 12277 12283 12289
12299 12302 12311 12315 12318 12323 12332 12340 12345 12350 12351 12359 12366 12370 12373 12381 12390 12391
12399 12409 12411 12421 12422 12427 12436 12445 12450 12457 12463 12464 12466 12470 12474 12480 12481 12489
12492 12494 12501 12506 12513 12520 12530 12533 12541 12546 12550 12554 12558 12564 12567 12573 12577 12581
12589 12597 12601 12611 12617 12621 12627 12629 12636 12642 12649 12654 12661 12667 12668 12670 12679 12681
12682 12687 12694 12704 12711 12721 12725 12731 12741 12749 12753 12758 12761 12764 12765 12773 12780 12788
12790 12794 12800 12802 12808 12809 12814 12815 12820 12822 12827 12834 12837 12844 12849 12853 12856 12866
12876 12884 12892 12898 12908 12918 12927 12936 12941 12947 12955 12959 12965 12973 12974 12984 12994 12999
13009 13016 13017 13025 13035 13036 13041 13049 13053 13063 13068 13072 13077 13086 13091 13093 13096 13106
13110 13113 13120 13126 13132 13137 13144 13154 13159 13160 13163 13173 13179 13189 13199 13200 13201 13208
13213 13220 13222 13230 13231 13240 13248 13252 13257 13259 13269 13277 13286 13290 13296 13298 13307 13310
13313 13318 13325 13335 13338 13342 13344 13347 13353 13361 13369 13376 13380 13383 13393 13397 13405 13414
13417 13419 13425 13427 13435 13442 13445 13452 13460 13465 13470 13476 13485 13493 13501 13507 13512 13520
13529 13537 13541 13545 13553 13563 13565 13567 13572 13581 13582 13586 13595 13604 13606 13613 13616 13626
13629 13630 13632 13633 13634 13635 13637 13642 13652 13661 13666 13670 13677 13681 13682 13690 13699 13708
13716 13723 13729 13737 13742 13746 13747 13752 13754 13763 13769 13773 13781 13782 13784 13790 13798 13800
13801 13809 13812 13822 13825 13829 13836 13842 13843 13850 13857 13862 13871 13875 13878 13883 13889 13892
13898 13900 13907 13912 13917 13920 13930 13937 13947 13953 13956 13960 13966 13967 13969 13971 13979 13987
13995 13996 14005 14010 14011 14014 14019 14022 14030 14033 14039 14049 14051 14060 14067 14075 14081 14083
14093 14097 14106 14115 14124 14131 14140 14150 14159 14166 14175 14178 14179 14183 14189 14197 14202 14211
14213 14222 14228 14233 14237 14247 14256 14259 14261 14267 14274 14276 14279 14289 14299 14302 14305 14309
14312 14320 14325 14331 14334 14341 14342 14343 14347 14356 14366 14367 14368 14376 14386 14390 14397 14403
14404 14408 14414 14420 14426 14428 14434 14435 14445 14452 14458 14467 14472 14479 14482 14486 14490 14499
14502 14510 14514 14522 14524 14531 14537 14546 14556 14561 14568 14576 14578 14579 14586 14591 14597 14601
14609 14614 14624 14629 14638 14639 14643 14646 14652 14655 14662 14671 14681 14688 14693 14703 14705 14706
14712 14719 14725 14727 14737 14747 14757 14760 14767 14776 14786 14788 14797 14807 14812 14814 14822 14827
14834 14839 14843 14853 14861 14865 14874 14876 14879 14882 14883 14888 14892 14902 14904 14913 14922 14932
14935 14943 14953 14962 14966 14970 14971 14978 14987 14994 15002 15005 15007 15017 15026 15035 15044 15045
15055 15065 15070 15074 15077 15084 15086 15088 15094 15099 15105 15109 15110 15117 15118 15120 15129 15137
15142 15147 15148 15155 15162 15170 15180 15184 15192 15202 15211 15220 15227 15229 15230 15236 15244 15252
15260 15269 15271 15280 15288 15290 15300 15310 15320 15329 15332 15337 15344 15353 15354 15364 15367 15369
15370 15374 15377 15378 15387 15397 15407 15414 15422 15428 15431 15441 15442 15451 15453 15460 15469 15472
15480 15485 15486 15490 15494 15500 15510 15512 15515 15516 15525 15535 15538 15542 15543 15553 15561 15565
15567 15569 15578 15581 15589 15598 15601 15608 15610 15614 15623 15630 15635 15640 15641 15643 15645 15646
15656 15662 15672 15674 15676 15684 15691 15692 15697 15699 15705 15707 15710 15711 15721 15726 15732 15736
15744 15750 15760 15767 15774 15780 15789 15793 15796 15800 15805 15814 15817 15825 15827 15834 15841 15851
15856 15863 15866 15874 15876 15886 15894 15897 15901 15905 15909 15910 15914 15915 15925 15934 15944 15951
15955 15960 15970 15977 15985 15986 15991 15999 16003 16005 16014 16023 16024 16034 16039 16049 16057 16067
16074 16077 16081 16083 16090 16095 16098 16105 16113 16117 16119 16129 16130 16131 16139 16147 16156 16166
16174 16182 16188 16193 16200 16201 16203 16212 16221 16224 16232 16237 16247 16255 16257 16265 16271 16275
16278 16281 16283 16285 16291 16299 16303 16308 16310 16317 16318 16319 16324 16326 16335 16343 16348 16349
16354 16356 16364 16367 16375 16383 16385 16389 16398 16407 16411 16412 16416 16422 16432 16440 16448 16453
16461 16466 16476 16479 16487 16490 16497 16503 16504 16505 16510 16513 16517 16521 16527 16532 16535 16540
16549 16551 16553 16561 16567 16572 16574 16579 16582 16589 16597 16599 16605 16606 16615 16622 16629 16633
16635 16637 16644 16646 16649 16656 16665 16670 16677 16679 16687 16688 16693 16698 16707 16717 16726 16727
16734 16739 16749 16758 16765 16773 16783 16784 16794 16797 16801 16805 16815 16818 16822 16824 16832 16838
16847 16849 16851 16854 16856 16859 16865 16875 16876 16883 16890 16897 16899 16905 16912 16916 16925 16933
16938 16943 16952 16961 16971 16972 16976 16978 16988 16991 16995 17005 17007 17011 17021 17031 17035 17043
17046 17051 17052 17053 17057 17064 17068 17074 17075 17080 17088 17095 17097 17098 17103 17106 17115 17119
17127 17129 17131 17138 17147 17157 17165 17166 17169 17177 17180 17186 17193 17198 17208 17216 17217 17218
17221 17222 17223 17228 17238 17241 17245 17252 17255 17265 17274 17284 17289 17295 17296 17298 17308 17314
17321 17331 17340 17341 17347 17352 17353 17361 17366 17371 17374 17380 17390 17400 17408 17414 17417 17426
17429 17439 17443 17444 17447 17457 17459 17467 17472 17478 17479 17482 17490 17499 17500 17501 17503 17509
17516 17521 17527 17536 17542 17546 17548 17550 17553 17554 17562 17568 17574 17578 17588 17596 17604 17610
17611 17612 17618 17620 17624 17625 17635 17639 17644 17649 17650 17659 17665 17675 17677 17678 17686 17692
17695 17701 17706 17708 17714 17722 17726 17733 17739 17748 17749 17752 17756 17763 17764 17765 17770 17775
17778 17787 17792 17798 17804 17811 17814 17817 17825 17828 17831 17833 17840 17845 17846 17854 17863 17864
17871 17881 17891 17896 17902 17908 17910 17915 17922 17923 17932 17936 17938 17945 17949 17954 17963 17969
17976 17985 17991 18001 18005 18012 18021 18030 18037 18038 18048 18050 18059 18068 18078 18085 18093 18099
18109 18117 18126 18131 18135 18137 18145 18147 18156 18166 18168 18173 18181 18186 18193 18202 18212 18215
18223 18229 18234 18235 18237 18246 18252 18261 18267 18272 18282 18292 18295 18299 18305 18313 18315 18322
18323 18326 18335 18338 18342 18345 18349 18356 18360 18367 18374 18382 18386 18396 18406 18415 18424 18431
18437 18441 18443 18449 18455 18457 18460 18464 18466 18471 18478 18488 18492 18494 18498 18504 18511 18514
18522 18528 18533 18534 18542 18549 18552 18561 18567 18569 18571 18573 18580 18588 18589 18592 18602 18611
18612 18622 18625 18633 18641 18642 18647 18648 18658 18668 18671 18674 18682 18690 18699 18705 18706 18714
18716 18720 18722 18732 18742 18746 18753 18758 18763 18773 18774 18782 18786 18796 18800 18808 18814 18815
18818 18820 18824 18827 18836 18844 18854 18858 18864 18866 18874 18875 18881 18883 18887 18894 18896 18902
18903 18908 18912 18920 18922 18930 18935 18941 18944 18952 18960 18970 18972 18975 18980 18983 18990 18993
18996 19000 19006 19015 19018 19020 19027 19034 19041 19047 19057 19062 19072 19077 19080 19088 19090 19093
19097 19101 19103 19106 19113 19114 19117 19120 19124 19133 19137 19139 19142 19145 19147 19154 19164 19171
19175 19179 19183 19189 19194 19202 19207 19212 19221 19226 19232 19235 19238 19244 19245 19251 19258 19267
19268 19274 19284 19291 19300 19309 19310 19311 19313 19315 19322 19325 19331 19336 19339 19343 19345 19351
19355 19360 19368 19378 19379 19389 19390 19397 19400 19409 19411 19420 19422 19426 19433 19443 19445 19448
19452 19459 19461 19471 19473 19478 19483 19486 19494 19496 19502 19506 19509 19517 19524 19529 19534 19537
19540 19550 19559 19569 19570 19573 19575 19579 19588 19598 19599 19604 19611 19615 19616 19622 19627 19632
19633 19635 19636 19639 19641 19651 19652 19656 19660 19667 19676 19684 19690 19699 19703 19708 19712 19720
19730 19736 19739 19740 19745 19754 19760 19761 19765 19770 19772 19775 19785 19795 19798 19805 19812 19814
19819 19827 19836 19841 19846 19848 19852 19853 19860 19870 19876 19879 19885 19891 19901 19906 19911 19919
19920 19927 19935 19943 19947 19954 19962 19964 19966 19967 19968 19971 19974 19980 19990 19997 20003 20007
20017 20022 20023 20024 20029 20030 20035 20043 20052 20055 20057 20062 20067 20073 20079 20084 20093 20101
20104 20108 20115 20124 20131 20132 20142 20148 20157 20161 20168 20178 20182 20189 20199 20200 20209 20211
20214 20223 20224 20229 20234 20242 20245 20253 20258 20259 20265 20268 20276 20278 20288 20297 20298 20299
20302 20304 20312 20315 20324 20325 20327 20329 20334 20339 20348 20353 20359 20362 20369 20370 20377 20387
20392 20400 20407 20417 20424 20426 20435 20443 20452 20455 20461 20467 20468 20474 20476 20478 20485 20492
20493 20501 20502 20503 20507 20513 20522 20524 20534 20540 20545 20547 20552 20558 20564 20569 20576 20581
20588 20598 20605 20612 20622 20623 20632 20634 20640 20645 20646 20655 20663 20670 20671 20673 20675 20685
20687 20695 20703 20710 20718 20719 20720 20723 20728 20736 20746 20755 20761 20764 20772 20776 20784 20788
20790 20791 20794 20801 20809 20811 20816 20819 20822 20832 20835 20840 20844 20849 20857 20862 20865 20873
20882 20892 20893 20902 20904 20906 20915 20918 20928 20933 20934 20939 20943 20948 20954 20957 20960 20962
20966 20975 20981 20985 20995 20998 21001 21011 21013 21020 21024 21025 21028 21036 21044 21051 21057 21067
21077 21087 21088 21093 21099 21108 21118 21128 21137 21141 21151 21156 21158 21163 21168 21177 21186 21192
21198 21205 21211 21214 21218 21222 21226 21234 21244 21247 21257 21261 21268 21269 21271 21280 21287 21289
21297 21306 21309 21315 21322 21323 21329 21330 21335 21336 21338 21347 21352 21355 21364 21365 21370 21376
21382 21383 21392 21400 21404 21408 21409 21418 21424 21430 21439 21449 21455 21460 21469 21470 21476 21485
21489 21492 21497 21505 21506 21510 21519 21524 21532 21542 21548 21555 21564 21565 21574 21577 21583 21591
21601 21604 21611 21613 21616 21617 21622 21623 21633 21640 21646 21653 21661 21663 21666 21668 21676 21684
21688 21691 21692 21699 21706 21711 21716 21720 21730 21734 21737 21740 21743 21753 21759 21762 21771 21779
21786 21793 21794 21795 21800 21807 21816 21825 21830 21833 21842 21850 21856 21860 21866 21876 21884 21894
21900 21905 21909 21915 21919 21926 21930 21940 21943 21949 21955 21958 21964 21967 21973 21980 21988 21996
22005 22014 22015 22018 22023 22025 22026 22035 22037 22047 22053 22055 22059 22065 22071 22076 22078 22083
22085 22087 22092 22096 22105 22111 22118 22119 22127 22133 22137 22141 22148 22154 22159 22167 22176 22185
22192 22196 22203 22210 22212 22219 22228 22231 22237 22243 22245 22246 22253 22256 22265 22268 22276 22282
22289 22297 22302 22309 22317 22321 22331 22336 22342 22347 22350 22354 22355 22356 22358 22366 22369 22377
22387 22389 22390 22399 22401 22408 22410 22413 22422 22430 22436 22442 22450 22457 22467 22473 22481 22489
22498 22507 22511 22513 22516 22525 22532 22534 22539 22541 22547 22551 22553 22557 22567 22577 22578 22580
22582 22584 22593 22595 22600 22601 22608 22616 22625 22631 22638 22644 22645 22653 22654 22657 22666 22668
22671 22680 22684 22694 22695 22701 22710 22714 22723 22726 22731 22735 22737 22739 22740 22746 22748 22753
22754 22761 22771 22774 22779 22784 22790 22793 22794 22802 22807 22808 22809 22813 22820 22827 22831 22834
22835 22839 22849 22854 22855 22864 22866 22869 22877 22879 22888 22894 22895 22897 22906 22915 22922 22931
22934 22944 22950 22954 22962 22967 22975 22979 22987 22997 23005 23007 23009 23013 23020 23029 23032 23037
23041 23044 23049 23055 23063 23065 23071 23080 23082 23084 23090 23097 23107 23117 23122 23131 23137 23144
23152 23162 23164 23170 23179 23183 23185 23195 23204 23213 23216 23219 23221 23222 23229 23238 23240 23247
23249 23258 23267 23270 23272 23277 23287 23297 23304 23310 23317 23323 23325 23330 23331 23341 23351 23353
23359 23362 23367 23375 23385 23394 23403 23411 23416 23424 23433 23438 23444 23453 23460 23463 23471 23478
23488 23495 23505 23508 23514 23519 23525 23533 23541 23549 23554 23564 23566 23576 23581 23587 23590 23592
23599 23601 23608 23615 23620 23629 23631 23640 23645 23653 23655 23664 23668 23676 23677 23687 23689 23696
23697 23706 23713 23714 23719 23721 23730 23737 23742 23748 23757 23758 23760 23768 23774 23777 23778 23782
23791 23792 23796 23805 23810 23816 23821 23828 23835 23840 23848 23850 23854 23859 23865 23868 23876 23882
23888 23897 23907 23913 23919 23929 23935 23939 23947 23950 23959 23961 23968 23974 23979 23984 23986 23993
23997 24001 24002 24003 24008 24011 24020 24029 24036 24046 24052 24059 24064 24069 24077 24087 24089 24092
24101 24109 24119 24123 24128 24130 24132 24136 24143 24152 24161 24167 24168 24175 24182 24185 24194 24196
24205 24206 24212 24221 24230 24231 24237 24238 24242 24244 24250 24259 24260 24265 24268 24274 24278 24279
24288 24295 24296 24304 24314 24318 24325 24335 24336 24338 24341 24346 24349 24355 24358 24366 24370 24379
24386 24396 24403 24412 24415 24420 24430 24439 24448 24449 24457 24460 24468 24472 24482 24485 24495 24498
24505 24506 24514 24524 24530 24536 24546 24554 24561 24567 24574 24575 24581 24584 24591 24595 24598 24603
24604 24608 24616 24624 24629 24635 24636 24645 24652 24656 24659 24667 24669 24671 24675 24679 24689 24695
24701 24709 24715 24724 24725 24729 24739 24742 24748 24750 24759 24761 24769 24774 24777 24785 24788 24793
24795 24800 24805 24806 24815 24817 24820 24830 24838 24841 24849 24852 24853 24856 24859 24865 24874 24880
24883 24890 24897 24903 24908 24915 24925 24934 24943 24946 24955 24961 24965 24975 24983 24986 24993 25001
25011 25012 25019 25022 25032 25037 25047 25056 25062 25065 25073 25076 25082 25088 25091 25100 25110 25117
25123 25131 25133 25137 25142 25145 25154 25159 25164 25173 25182 25183 25184 25190 25197 25198 25207 25214
25220 25224 25228 25232 25240 25248 25250 25260 25270 25272 25273 25281 25290 25293 25302 25303 25304 25310
25319 25321 25330 25337 25338 25340 25343 25350 25359 25360 25368 25369 25372 25380 25383 25386 25391 25392
25397 25404 25407 25414 25421 25422 25423 25433 25435 25438 25443 25452 25460 25468 25471 25473 25481 25482
25491 25500 25501 25505 25512 25513 25523 25532 25538 25540 25549 25553 25556 25563 25570 25580 25589 25592
25601 25605 25606 25607 25614 25620 25627 25636 25637 25643 25652 25660 25669 25679 25688 25695 25703 25713
25720 25730 25735 25737 25744 25751 25761 25763 25772 25776 25777 25781 25785 25787 25793 25797 25800 25808
25815 25824 25825 25834 25838 25843 25850 25855 25865 25872 25877 25879 25888 25896 25899 25906 25913 25923
25933 25943 25948 25950 25960 25968 25977 25986 25987 25991 25996 26000 26007 26016 26017 26022 26028 26032
26034 26039 26048 26053 26062 26065 26069 26075 26077 26081 26083 26087 26096 26100 26110 26115 26125 26134
26144 26145 26146 26156 26164 26174 26176 26180 26187 26192 26201 26205 26210 26218 26219 26221 26222 26226
26236 26246 26249 26255 26258 26266 26267 26272 26279 26282 26288 26289 26296 26298 26302 26303 26310 26315
26318 26326 26329 26332 26340 26348 26355 26362 26364 26373 26379 26384 26391 26398 26401 26410 26415 26423
26427 26429 26436 26441 26444 26453 26462 26467 26476 26481
