-338 -656 -831 -856 -649 -199 53 -504 895 -396 -248 642 -29 -532 -892 273 -245 67
-759 972 290 -581 431 -537 -758 -969 -723 -489 -469 -300 542 -864 -165 -457 -232 59
277 -278 149 304 -695 -272 -717 -571 -272 -25 -954 -172 -48 -272 822 851 633 -115
462 -146 745 725 431 -1013 1013 32 331 -904 977 119 -376 -11 -533 528 344 742
-945 -761 653 876 -271 -354 -231 149 762 -961 1021 -123 118 899 834 -597 139 132
-502 881 651 -95 -986 -384 538 -1001 -672 -275 -860 155 -846 -372 106 817 436 -603
868 398 129 -950 -972 -200 -951 922 873 686 -801 -479 -152 728 884 661 269 497
-305 75 892 -196 810 127 -717 -839 -489 963 -843 549 643 -297 -244 631 -699 -477
609 -734 -441 784 737 90 -327 657 -970 -598 110 1 -549 -525 -339 941 -894 -435
-843 70 -311 727 570 -401 -123 217 535 430 999 -680 870 -494 -80 387 353 415
-592 536 549 256 -273 781 179 639 -362 -830 612 -328 -781 1008 -1012 541 -43 423
-236 -334 628 -893 716 278 824 109 556 74 388 -477 583 835 485 -75 439 943
715 858 -703 283 28 445 473 956 -41 268 123 540 -504 532 981 237 604 153
-959 56 -641 -968 538 -703 137 774 739 -969 -813 830 325 288 -443 -728 -942 798
-366 644 -462 334 886 -823 -367 -863 -429 -177 245 -571 -171 -301 845 639 634 883
-779 419 167 -395 612 242 775 260 -540 -1000 785 -692 355 19 -683 -266 463 576
347 -884 23 -444 -794 -315 38 538 -842 -217 530 917 301 800 -576 -407 261 -779
-715 -462 85 -106 -538 917 -467 -292 -718 -59 -249 302 88 -603 -434 1018 -995 991
-718 35 -930 -237 279 -54 -21 -155 -41 637 192 192 -1010 331 -766 240 -52 -64
223 734 -51 815 -581 572 -632 -625 -334 -306 596 -771 -275 654 486 -676 463 524
-428 -716 370 536 1014 776 891 542 -152 -894 183 -408 955 -878 -88 371 874 477
-454 -57 503 692 767 -690 186 -72 531 -84 -778 666 -526 -850 385 539 135 26
591 127 -843 53 1019 -547 -892 -1006 -586 856 -943 791 -65 188 -213 236 -839 381
-858 -776 7 659 -929 209 -113 -433 -136 -810 762 -137 -955 -489 -288 226 -911 -776
-526 738 464 -86 -374 933 559 -50 -317 993 -436 -391 -662 -759 -950 -546 514 565
473 986 546 295 -426 -854 -425 -900 263 246 -790 -914 1012 -361 -843 -165 -179 -213
-439 -187 -550 983 -594 -603 -360 374 747 692 974 -941 949 388 977 -286 -926 -494
959 650 622 -350 108 -540 -275 -606 -571 -121 746 -693 228 205 -956 581 -733 -71
-775 -356 75 814 862 543 -422 233 -662 423 211 64 -708 572 556 283 346 414
335 586 -343 316 -603 -391 -386 -774 -61 782 -245 758 -225 50 91 -611 229 -722
-987 -727 79 115 677 515 -853 -366 738 -744 -689 -192 115 -150 -50 979 -736 -452
153 -416 148 -786 597 -857 -914 486 -988 -439 -303 -65 799 316 476 -18 -170 -1020
562 65 100 175 710 80 538 23 82 56 -700 107 657 -545 -791 -402 -614 493
-950 -878 381 483 -571 -195 654 88 -264 358 104 205 590 237 -486 69 588 -586
407 -42 -314 775 -817 642 76 -453 -385 931 533 534 -715 -255 -374 521 651 -3
-297 -879 270 255 425 -9 743 103 351 193 930 -968 -527 -769 837 468 708 945
-767 765 -825 941 -88 -695 228 267 589 -660 -188 -887 806 894 878 -1015 776 395
-589 -137 954 408 -530 339 853 -898 -996 -477 770 -321 -309 503 833 -864 973 -147
-1010 716 858 -192 781 -842 483 969 -479 -517 224 -90 -905 18 718 688 -893 383
668 -841 252 -65 731 254 829 319 -818 508 -726 160 957 99 239 -401 -836 -794
221 678 -233 -56 -630 828 -574 -597 -880 234 -518 -848 -481 -132 849 315 926 736
-644 -595 -599 -441 1 -989 913 -393 51 -578 718 -851 397 -401 100 834 -824 187
689 340 485 154 -563 -340 369 189 177 -725 -718 374 -634 265 -886 -890 818 -764
-805 -754 658 982 524 -284 -659 -955 -108 -881 396 210 -475 -223 -469 145 -415 -199
-537 553 -845 614 921 -404 -352 -967 -967 928 -558 -474 -1010 -285 269 -610 387 -838
-155 897 967 -457 -557 -967 -131 987 922 946 -60 896 -631 -891 -554 637 -904 -652
-647 349 -191 -874 128 588 -928 871 -87 -107 910 759 765 851 919 896 34 -577
-880 -355 158 803 723 -150 -371 -271 752 -60 465 -771 703 -528 -977 -418 -6 478
-409 755 127 -668 -843 -761 -877 -387 -806 28 -190 -244 1019 93 -690 303 -357 946
-321 898 216 495 877 -904 339 -706 -315 36 -803 10 750 -88 -717 444 -64 -649
290 -152 -625 -560 48 459 65 -370 21 -558 722 -604 -422 206 -120 374 -970 -562
-747 610 -235 -744 -763 158 994 835 900 -573 -146 268 -788 -709 547 293 309 722
345 -682 433 688 -912 23 291 489 2 1021 665 768 -651 -488 -198 -632 268 -864
-195 -986 -799 -217 -415 65 735 395 15 -375 -985 -272 893 937 -17 -526 1007 -927
74 879 -637 53 -256 -761 674 538 167 157 625 -472 115 557 -920 -57 695 -749
357 -137 144 544 -391 893 732 -75 410 693 -313 -745 -873 -826 550 -424 -393 -262
503 495 -113 255 285 -659 144 199 451 599 194 203 -119 166 952 -10
