-31 1382 -797 621 -1724 1024 -718 2037 1270 -758 -1385 -118 795 1924 463 1448 -512 -747
1106 719 -600 -1707 -944 -1690 -25 -1130 -1669 -1688 -129 -1155 1312 -470 -828 -1769 1024 713
588 -1848 1133 456 -2005 939 -199 -950 34 -809 -1561 -643 -645 1027 167 1708 707 1577
1687 -1928 -1998 1143 720 1458 1273 566 -1869 1136 -455 538 520 -1616 1506 884 -1692 1077
-969 1996 -1209 783 -448 363 -866 -965 988 835 -783 -13 1993 711 748 -723 -965 1060
-1620 948 1657 360 -697 -1925 1035 1293 -720 -1920 992 -1937 727 -273 1543 -347 789 -1315
-910 -947 -1832 -1738 -204 1198 -93 -187 -297 -807 -941 -1418 1839 -745 -1374 429 -707 346
-511 -806 -1398 262 -980 -229 164 -352 16 -2012 1803 2030 -1159 -1742 -459 1794 1530 572
-1523 -868 -75 962 -375 1155 1614 -1597 189 -953 712 -930 1790 -809 -377 -1379 -1407 -97
1583 -1053 1290 -144 -1838 -890 -720 -542 -1593 526 -1146 -618 1003 -1119 -1164 -1562 1177 -1267
507 -908 -793 -1273 -750 -1748 -76 -248 1533 292 -1283 342 -1732 1263 754 -1095 -398 1736
-670 -184 734 1335 980 2037 225 -367 -1263 52 1782 1508 1607 325 -1843 -1583 1182 1201
-807 1472 -135 875 245 -497 -2039 1816 -1910 -109 -1367 -1539 -331 787 1667 -1511 -248 -726
-9 -1048 -187 -1284 -947 327 -862 1137 -717 268 1816 1091 -1412 948 -704 -386 172 459
803 1500 718 -1934 1717 -1888 1542 143 -975 1337 1404 -726 1303 -143 1282 -667 -978 1631
262 1708 -1789 997 592 900 1405 1526 1027 -1151 2034 -1443 613 230 -953 -679 244 -1931
-369 944 -445 2003 452 163 1043 -211 1274 69 -1459 -1425 408 1733 -1246 -334 1318 -742
-233 76 279 -1134 -197 1542 800 -1322 1078 1535 152 -1077 159 177 1888 -289 -752 1704
-308 -1222 1163 -686 -1250 -415 1961 -122 -509 1206 1284 -469 1689 870 -646 -633 -1148 1085
677 951 372 -1054 1589 1238 -1830 -1283 -1932 314 1272 705 -859 623 1828 -666 427 -1205
110 764 1391 1964 1128 -1221 403 103 -150 1189 2029 -44 -1313 419 -693 -1147 540 1018
-1800 -83 579 1846 1941 159 1955 626 1973 -245 809 527 -329 840 -1446 464 -909 -925
-952 2012 -972 1848 -476 -1744 -1687 -1451 -1593 2028 1708 -1312 197 1048 -623 1858 -361 -189
1452 -1038 -976 -1139 -1672 -294 -69 1698 1906 1531 -1332 -1769 1544 1448 412 -1371 -1846 -1296
-556 990 -673 -341 1879 -573 -300 1463 1436 1973 1431 -1318 1036 1128 730 1729 -1048 1574
-607 702 -460 -1274 36 -1387 50 391 -1018 -1535 1251 1563 954 -1442 1543 521 -57 -777
1838 -946 -446 1662 1358 1224 800 -1997 -666 -1422 1991 -1246 -869 1241 99 -1510 1136 418
1424 -313 1402 -419 -1856 -404 -1252 -182 491 -1324 -1331 -1140 -748 984 360 -201 1533 -474
264 -1075 -1855 -1136 -1572 1959 1430 -1630 147 1215 -392 716 -816 -158 -771 1727 529 -690
1802 1642 -575 -582 193 -2014 -849 700 571 115 675 1190 -116 1054 1654 1978 -1651 -79
-721 1235 1516 -1709 1697 -654 1296 -1736 1580 -1106 1070 -717 -1564 1685 571 1021 -1328 -1164
1569 1177 -1860 1141 -845 -408 -1028 -697 -782 1624 -56 -501 -1767 -553 -103 -706 -1296 1989
-1519 263 483 -1988 998 109 361 848 -674 -788 1576 1958 1221 1279 112 -1779 -1920 -2032
-1425 2004 781 -959 -1869 -1722 934 -330 -1156 -573 -550 -337 -187 -1779 685 -996 805 -1733
-551 -1525 883 201 -1682 -630 -217 101 671 -1687 1684 1227 520 -156 -1563 1372 502 1852
1494 2007 1345 1076 1352 1461 -1748 -1679 1551 1975 1222 1478 1932 1044 96 1903 400 975
1919 41 -1526 -1090 -37 -1482 2032 -600 2019 1738 -1527 -478 1876 1635 -32 893 1094 897
-1129 -1423 1870 76 -1289 1240 294 -95 -435 -212 -932 -1532 -1144 275 -639 1793 1062 1453
-908 -1166 -917 -15 -1763 1309 -1454 1986 1603 1119 -1323 1066 -799 -1003 1016 -202 637 -1909
542 2046 1308 1474 1818 -160 1829 1456 -1636 965 -545 -306 -1196 -1865 -792 931 1128 -391
321 -1097 -1357 1633 1632 -424 825 -1970 1981 2023 1156 1476 -1674 -1548 -2005 -195 -1420 -312
555 -2030 -1379 223 -877 -617 1925 -314 -539 -549 -1484 -1065 -1841 656 -1952 1644 -1119 -864
969 1014 -492 1241 -1526 -1165 976 -417 -139 -302 578 -220 1914 -1081 52 -1244 1309 1144
-590 1720 1507 -1886 -1360 -869 468 -110 -1279 -1014 770 -1125 -494 -1122 -230 1892 -1815 1341
1395 1454 -1808 1988 -969 1004 -502 706 -258 -1959 619 -1802 -1658 -1050 -322 -548 228 -1891
264 -1288 1479 -800 1253 308 568 -999 890 764 -656 -692 -1603 -1171 -2008 21 -1160 -200
-1030 -1905 421 -1107 73 -1384 -1404 105 -207 1295 -1541 -1997 -778 1389 196 -654 -886 1095
-1822 -286 910 830 -559 221 -1943 -813 -235 -41 -814 -352 893 120 -134 -384 -1093 497
1835 796 -1356 -288 509 94 559 363 -1275 78 -1478 1802 278 -1836 473 -1949 272 1767
-120 480 -480 -91 -9 364 -1376 -58 -1641 1481 -1035 -1526 878 1059 -1038 -768 1455 57
583 189 671 -1094 -1922 1272 -451 -1725 749 13 818 1928 331 1899 -1129 296 307 489
-1049 1438 1343 -894 1751 2026 -1241 500 -1946 1873 870 -549 -338 -297 1259 -1132 -239 -50
-177 -1628 -478 1051 1546 508 -1838 -859 1870 -92 1391 -1963 -1855 586 -1302 -1952 -803 -1972
1237 -483 -1202 -117 709 1806 -294 1478 -1695 922 840 -1846 967 -808 1507 -245 -1090 1558
746 -1748 1819 -377 676 1257 266 -120 99 497 -634 -992 -475 284 -602 -479 -217 -364
819 1387 -1002 -164 -1536 1508 -1222 714 1417 -1910 -214 100 -1689 -971 1674 673 -1290 -1406
-164 1812 730 -671 -1989 1158 -833 -1584 580 -145 -1059 -968 -530 -678 723 -1288 1385 -76
1342 -1130 -227 1661 410 -236 -1394 876 -1551 501 615 -535 -1595 1124 1535 126 -42 1793
1249 50 -1510 224 -279 1593 -1392 -1245 863 -859 842 1733 417 1638 82 -1777 1486 844
-575 807 1022 -1958 176 347 -897 -758 366 1665 -1121 1537 -656 12 -138 -609 -99 1859
1599 758 1363 -988 -69 -65 -320 -410 1034 -625 240 305 -1363 -1247 -1982 -522 998 -1562
381 742 -178 1166 -1961 424 452 1780 415 -1375 1427 2035 -52 -1686 1780 -608 -1987 -261
1978 -912 2004 -534 -909 -1596 -690 1375 -621 609 2016 -208 -203 -694 169 -614 -1584 -1153
-669 -723 1664 -717 727 1887 -1702 -804 1451 -1468 -969 -1875 -30 487 1181 -1279 -1614 2016
1828 -1504 -992 1400 734 -6 -1053 -761 1876 573 779 1778 -125 -1180 2040 1756 1116 -748
-2032 1386 354 -897 1218 834 -591 279 -1705 429 1056 1595 2041 1373 -784 -1988 1178 -34
877 -686 -1009 1066 -1483 764 -519 757 -1948 70 2043 778 616 1392 -1861 609 -1842 -1658
-1771 1111 -111 -423 559 -1650 -1921 -1174 -302 1521 798 -1999 -396 367 -867 1617 -1880 1996
576 1085 1859 1057 239 -1871 1490 -888 1071 -93 -817 -1432 -200 -1766 1830 1011 643 616
-1916 838 -1928 -1453 735 -84 -1151 -1897 479 1425 71 -1691 -1419 414 1637 1339 1348 -1159
-1500 1450 609 1188 -1600 -125 -831 -2019 -1860 739 -1026 -247 950 -1599 -1306 1819 -185 1343
328 -225 1121 646 1940 1569 1228 1905 696 465 -1518 -82 -305 -1925 -1667 -1346 1805 817
-91 873 389 1184 -519 269 -736 -1786 -809 -1189 -1939 -1076 -855 250 -79 1882 -1905 -1637
-1850 -1149 1288 993 -1222 -234 -719 1997 -1225 -1749 -1800 -525 1467 1664 -275 1072 1169 1942
-1013 63 -1903 -1059 1040 -1872 171 1689 1243 1228 -962 497 -171 -1044 -214 -875 87 1183
1595 1692 -976 -940 593 -1529 1809 2003 -1839 866 -731 1329 -37 1821 1167 -93 1238 2046
-1007 -585 952 -1210 156 -1411 -620 -269 -895 529 1268 -326 -1383 530 -378 -1001 -3 1658
-905 1554 1735 871 817 1320 -935 1091 -555 2008 -605 224 245 1117 1029 234 552 -1007
-728 -425 728 1264 96 -217 1243 1489 -985 1828 1882 -1610 -508 -1541 631 1741 -105 -455
67 -605 -1257 -1598 -1674 -793 482 -2015 1138 -407 1946 835 -751 -1603 -966 -222 945 252
1983 195 -1515 1086 479 318 -895 41 -1997 1291 -596 1081 -644 -1968 1003 1315 1130 -1916
-461 2025 107 -1010 -173 -1517 -258 59 1542 904 1040 -473 66 1701 -1043 -255 82 -1311
-735 72 572 1700 -778 103 2023 1238 243 1076 -1393 -1413 -28 -541 -2047 -1789 -804 1487
-1508 458 -292 -565 -226 1847 -150 -208 304 -1 691 -904 972 -1767 965 1708 1363 -1321
1850 -184 -1153 -601 -259 1778 -1774 761 395 438 851 -301 -178 272 1489 1667 -1950 -917
-1300 265 -639 -1915 1954 -615 -414 1600 310 -823 44 -1708 -1269 241 -403 -155 840 554
273 -2030 -805 -1422 -1549 1626 -734 1658 1120 -1032 -1029 -83 -1731 1810 -890 -1088 530 751
-709 1666 -572 1013 1478 592 306 -90 293 934 1659 -1800 -1383 1123 1328 410 -1075 818
1571 -1880 735 -1124 -718 1839 -358 -1223 -1126 829 1919 154 1373 -1607 1056 -1968 -985 1967
-208 1170 -1483 909 -533 1061 -46 -326 -700 1233 -553 22 1102 1550 -83 -11 641 -1962
-164 1504 -1994 -616 1573 228 -15 1883 1054 -1366 1783 1807 344 -505 -1112 -785 782 370
31 -1504 1885 -541 1950 630 512 654 -700 598 -870 -484 -1410 1355 1277 -588 -1068 441
-1011 -1409 -1427 1604 -110 1546 -1819 -684 420 -492 -1563 837 -2017 -1986 -249 966 1675 -467
1664 -1325 -724 -1396 1554 -548 -135 -137 -1591 -1635 -844 1746 1270 -1774 -770 1287 -1015 533
-652 -346 1421 -978 -550 -1678 -1765 -518 -1470 -1702 -1432 1483 841 464 1851 -1560 -170 -1002
1695 1262 1877 -1315 -41 -1300 -1637 -1051 1957 -1136 1315 -10 -1447 -497 -2045 -1597 279 -1234
835 -968 -1793 490 -299 -1874 -1401 -1185 3 1415 1958 -1481 -774 -584 -177 -1440 -64 424
-866 -680 847 -1515 101 1955 -723 1347 -1164 -1037 -516 -213 -2009 -1947 -1104 -769 -1593 634
-76 -860 39 1585 -1112 138 1558 1215 -234 -1926 -1785 1921 192 -77 146 899 1520 266
1081 576 -1466 -1686 1517 -1021 666 -1751 -31 -1948 -661 -799 -986 393 -1218 -475 1168 -395
417 1170 350 261 806 2020 1323 -988 -279 -1197 -853 -369 537 752 168 1750 -484 -1182
218 -770 -610 1154 1513 1596 -1214 1910 338 -134 1101 -1895 -1657 729 -1569 -551 -1833 1286
-1238 -1535 -605 -361 -1213 1379 601 -485 -792 1133 -1096 1878 1755 1186 976 -986 -1215 131
103 895 1153 729 -1278 -1237 576 -1558 -1713 -1903 -1844 788 -942 1350 -611 -167 1232 -1106
860 -1730 917 72 -7 -851 1001 -974 -206 -1751 1765 1340 -959 -267 -513 -1985 1272 -94
-1176 509 245 640 1709 -1204 -169 1408 -987 1220 1402 -1291 1434 1719 322 -837 723 441
-1687 1365 69 1112 -435 1897 684 642 1499 1053 1493 776 1265 -1816 1338 -43 199 1349
-792 -709 -1299 213 -1755 1282 577 604 870 -1656 -1149 49 775 -625 -1067 -1390 80 1340
2007 -1951 59 -839 462 1735 1934 -1807 -1732 1093 -1106 -240 1684 1955 -60 1807 1401 -1203
1192 1536 2030 -612 -1512 1132 1321 -387 1959 -664 -422 -1269 -1010 -1329 -1022 -122 -1751 -1248
-426 60 -1199 1415 802 468 631 -1904 -1094 385 -1147 2043 1386 1438 130 1600 -257 1848
-492 -456 -572 -778 1192 -1688 -875 2024 1027 1919 1909 -1325 1926 888 -465 -954 448 -1315
115 -979 -563 950 -492 -695 1264 1454 -595 -1275 -246 707 1135 -961 -959 1083 350 -1164
-385 -2001 1699 1236 310 1088 865 703 1515 -1530 -1898 -1749 1026 386
