-3888 1218 3274 -3 4038 -3432 -1868 -1188 621 1572 3603 -3206 -1942 -3068 -2928 -3825 2210 -3008
-582 581 4078 2648 262 2789 -2932 -295 779 -3439 3944 1913 -3821 -2544 3133 2775 2552 -3919
370 -839 -674 692 -3873 -29 -1493 2503 -3509 2682 -2724 -3947 -1841 -1535 552 2653 -3082 -3117
1134 -84 -578 -194 -2440 262 -2469 -2521 2821 1226 -300 -1727 1209 1276 -3223 1229 3005 573
-2354 -3337 -1332 196 3889 2223 3197 1130 1563 -1492 490 203 3086 996 2973 622 -3834 1324
3535 1543 -3396 -1705 2303 705 -3642 -919 -49 -870 3705 -1951 819 977 -340 2060 -517 -2455
-719 3180 2198 2217 1085 426 -444 2502 -3187 -3942 -908 2441 -3241 2514 1429 -3057 -2787 1875
-4062 2190 835 439 -1285 66 120 -2565 -4061 2634 2027 2252 3768 -3664 3929 1148 1353 -3476
-1050 -409 -2700 -3445 2752 251 2516 1110 -350 1880 -2227 1683 -3310 1896 -3442 1995 1665 -2149
-3328 432 -969 3365 3053 -3709 1790 -29 -2807 657 -577 -3927 2872 4042 2758 -182 701 -3758
-2307 3347 -3166 -1232 473 -1816 -1674 529 1834 -3618 3942 2835 944 3448 415 -1122 -1657 -402
-779 3666 1368 -1801 -2580 522 1393 442 -4091 2017 912 -3010 -412 1364 660 -531 1724 3950
240 -1364 -109 -3068 -3844 4094 -3377 -2560 -2044 -3138 -612 -3642 -2758 -1189 -2404 3733 361 179
-3228 -3564 2179 -1667 -2479 -1334 3575 3629 -600 -2353 -808 3472 -760 -1171 -2855 2508 -1498 -3358
-2795 -1003 -2585 1322 -2645 -1068 -1352 -3872 -3806 1654 -1724 -1754 3747 1219 3186 -602 3592 2744
3517 412 1708 -252 -3380 -2311 -1510 1800 -667 -3451 2946 1141 -2382 -473 -758 361 -302 3628
985 -2013 2483 3752 -3054 -3250 -3506 3548 -2693 -3119 -740 -1859 529 -1735 -3345 3701 -158 -1624
3344 13 -3156 1631 -1098 272 2017 2513 -71 -434 -2197 -952 176 -94 -318 -1001 -1965 2519
2522 1639 -994 1428 -3233 -635 -416 81 -2640 -1593 3972 3181 -311 -3578 -1861 -2745 2016 -1889
-1827 3178 487 -1527 -837 1230 -2101 -1543 -1113 290 -2155 -998 -3753 2601 847 -2737 -491 -3545
-1341 -3446 1601 -1442 -265 -3538 -1500 -97 148 -760 -246 734 -1525 -1071 699 -3348 1669 -2490
-3524 3109 -2371 -1849 -810 -3253 -2938 3476 -894 85 -2493 1677 3220 -402 -3304 1160 1985 -2595
-1801 -1738 -2453 1314 -2697 -3945 1600 -497 -3462 -256 -3019 3054 -2129 177 444 -2101 -3631 2044
-417 4017 -3899 1777 -362 1560 -636 -3665 2303 3651 -1839 1581 -3355 2759 963 -2389 -2818 -3308
799 924 -3679 1297 -381 564 -2773 1997 3156 -903 2496 -3014 2969 2018 1892 2291 -890 -100
-1708 -470 -1816 -196 440 -382 -672 2848 -2902 -1511 1133 853 -3201 -1907 1092 3588 365 -223
-3979 -2437 -1410 4066 -3991 3523 1480 -2325 2985 2500 3080 2730 -774 4091 2942 -3002 3389 2237
-3552 1283 1846 2060 -2283 3528 1287 2304 -881 -601 2196 2231 -3352 -905 -91 -548 1553 1670
1246 -1604 3670 -422 -365 4075 3437 -1681 3154 -3715 -3878 -731 1113 -1856 663 -3934 -3641 -3427
294 -1836 -2907 630 2000 892 -2876 3487 82 -2483 2145 2913 1734 1813 -89 1675 -1811 -3585
-2585 3489 -1610 -3364 -1596 -376 547 -2431 3341 2762 2179 2358 3458 376 -2334 -2253 1876 -1152
-1561 1062 641 -2136 238 3805 3071 788 -1919 1511 2994 -1185 -2034 597 2103 1840 3073 3466
2428 -3449 -2782 1812 -1237 2921 1603 3995 -35 3147 -1719 3551 -2517 -3865 1137 -3391 130 696
2302 -3740 -3887 -1534 1056 -4009 2294 92 -1221 2262 -3816 -3612 3187 -1770 -2894 2532 -875 -358
1923 -2009 2875 -595 837 3007 1628 2771 -199 -3977 1556 -1180 -3464 3005 2499 -3560 549 -2511
-119 3262 3170 -335 3830 2045 -3815 -3069 -4049 -488 2451 522 2109 -2613 4072 -117 -3124 1601
1841 -1666 -1759 1290 1425 -1799 2672 810 -3820 -3936 -3710 3635 -4015 3756 3482 -1416 -23 132
-829 2883 3532 1241 -1707 -471 2900 -1693 1247 3681 -2257 288 2391 -2762 -4080 -4046 2452 -898
-3770 -1481 2600 2093 2566 -4023 2936 3058 -3931 2943 -455 -3619 636 -3837 2848 1825 -3642 3248
-2297 -3099 -3544 3927 -963 -3305 1317 3442 576 3937 -2219 2947 3261 -1497 3943 -2821 2781 392
4 2723 -19 -1394 -653 1458 3652 1095 2062 -940 -621 -1772 3220 1235 1383 -3354 2876 1106
-2793 -2137 1695 1545 488 -3422 2928 2079 -2917 4095 -3574 -1265 -205 -170 2750 153 -3042 -3520
-2546 1872 1952 -1005 -1646 4003 -2916 1938 -3378 -2164 3481 1987 -1848 -1601 -3280 -1846 3439 -655
-1870 -2610 4054 941 -4048 -1789 -4035 3901 1737 2732 -2329 -3050 2638 -3005 -313 2914 302 -873
-2825 -1765 3516 535 -510 35 1469 -2021 -3590 -3579 -2230 -966 -3993 -2255 1021 2240 -775 -807
2941 -1750 1556 1359 3651 1449 1583 2048 448 2767 240 -524 -302 558 3377 2020 888 286
3265 2787 -3849 643 773 -3953 -218 -3918 2903 2004 3630 -2987 71 -3253 3974 -657 -2909 528
3906 2917 3913 68 -2376 2336 2780 -1010 -3734 564 2610 3113 3408 1568 673 -2793 -154 -358
3355 -1592 1414 3563 -236 -2841 3750 -1437 -969 1965 589 -1076 504 -1207 -3989 4090 -535 460
627 2928 4061 -3142 -2341 2818 2283 -2283 -57 -1129 2097 3335 3629 -779 1647 -3303 558 -2911
-3731 -2831 2503 -2617 2103 -1108 1747 -3269 -1751 -2108 1371 131 -3394 -3454 -1224 -2310 2116 1026
-1531 1009 -1199 -1328 3164 -2819 2821 -3584 1903 1840 -1485 748 2527 3722 3381 3963 -3851 -1447
-3908 -3601 -741 2997 2627 3914 3767 793 890 -1713 -3002 -1547 -3740 -781 -3380 3420 2129 2692
405 3787 -594 -2999 590 -24 2198 -3923 3675 3684 576 -749 653 -2828 -2250 3616 549 -2505
2653 2728 -1502 -2345 -1325 -483 -544 2971 3469 -109 1551 157 3040 -1442 2802 3708 -2114 -2771
748 689 1741 1218 -412 4072 1374 1854 2550 2928 -3560 -2837 4085 3255 -3192 933 571 -3115
-1930 2517 1351 3114 1043 -530 1460 -4081 -2318 -123 -3849 651 -2618 1781 -1429 1066 -246 2201
1467 -2096 -3998 2186 -112 -852 3283 3064 -627 -3533 1234 1292 3750 2862 -3816 1636 -2880 1240
328 -1266 -3940 1801 3956 -4061 -1757 625 -1703 3309 1771 -3604 -3970 1690 3363 -3115 540 3200
2236 124 2010 -1549 -274 -3422 594 2728 -3067 1788 3689 -333 -3191 2017 -2433 2811 -3417 2535
-4003 867 1528 3752 2313 -1184 -3183 -3441 3930 2608 -1441 -1359 -415 4009 -2081 1982 -1888 1667
1305 766 -2792 322 -3078 2651 3869 -342 1509 -3968 -1530 -3389 1207 -2556 2458 -3728 -2309 -3925
-3991 -2156 -1923 1453 1234 -59 -4049 3101 3584 -111 3159 -949 2452 -1450 -492 323 2869 1700
-730 -3741 1766 -3275 3352 747 1842 2156 3248 439 34 -3213 2219 -1295 8 -2090 -1327 995
3863 -2879 3668 -3880 -306 -1345 -3447 252 -1493 -237 -2852 -2965 -2115 2456 2858 -3794 -395 2620
1891 3168 -427 -3325 -652 -931 3556 916 -2931 2294 3451 878 3247 -310 348 -2160 -3691 -1386
922 -3904 981 -3667 -299 -155 -3722 3181 -3392 2536 1707 -2090 -3204 -3411 -4087 791 1215 2702
-2332 3662 466 -767 -3808 -202 -3244 -3415 3387 250 977 -2149 -3153 1043 -3015 538 1695 821
260 1781 -1820 582 -1711 -1953 1354 3188 -1875 -914 -183 1610 1221 -2019 1504 -1818 -31 -1055
-3608 2855 -3805 3789 2197 3598 -3157 1355 2917 -3828 3449 92 3657 880 -211 622 3365 -2064
3458 -2362 2472 3876 -2630 -1942 2662 -458 3511 -2635 1101 -2436 254 -673 1893 838 2938 -3544
-2079 673 792 -3570 3195 3638 -3791 3597 -1228 -1734 3261 -132 3391 -1949 -2458 -2074 872 -1791
1877 -1908 932 -1008 -3096 3681 -1778 -1427 -3296 -92 -227 1804 3053 2049 317 -2995 -1713 -4022
1970 -3760 1583 -327 -1343 1128 -3541 3268 -2764 -2149 12 -117 3883 -990 -207 4029 -1467 -1514
-3927 -467 -2046 -3823 -1739 475 908 -268 269 3235 -2096 -3669 -3459 -3221 2764 -1776 -1976 -2329
1875 -551 3300 -1546 -510 -3440 -1142 637 -2411 929 1022 -3608 -1399 -1153 588 -3551 522 -60
2864 1071 -966 -906 -404 3417 -1096 595 -41 4057 138 3377 -1973 3106 2124 -2204 3935 -2121
-594 3900 -273 1672 -4026 -3172 -3727 -3082 3506 3207 3108 2119 1292 1244 -2554 1992 3493 -1523
-868 2156 -1510 1763 1933 -1278 -3920 -401 -1012 1270 -3569 -1053 267 -2125 1848 -868 1357 629
-32 2344 -1990 3025 -1532 615 -2429 4010 -1047 -2119 -1114 3793 -1711 -1229 -1745 3366 3348 -1804
1235 2890 -1 1665 -420 -1812 1532 3889 -421 3219 2725 -3417 3768 -496 -2554 -1437 -502 -3996
703 -1188 3769 2132 3712 2224 -3326 -907 -576 3169 -2377 -1070 -1075 2846 2010 -2014 -4041 2083
-242 -3955 -3464 3624 -1855 2563 -2826 -3495 65 -3553 -4007 -2460 -619 -1640 2086 -356 1818 846
-3657 285 2060 -2851 -2446 787 -827 1463 -1436 2300 -2603 -1554 28 3855 754 1379 -3358 3746
-2386 1196 -4053 1449 1018 2158 -1668 1349 1675 87 1915 -926 -2312 676 1900 858 -1095 -718
-1045 -573 -2067 3363 2555 -2262 2292 2586 2929 4095 -3106 505 3995 -135 -3179 -3528 839 -107
2293 -1080 2319 2083 -607 -371 -1280 3560 -1371 -1698 -379 2753 1014 -1122 939 1000 -1601 1373
-1866 -3264 -3988 786 2806 2219 159 473 -502 2182 -25 2384 -3506 -1004 835 -2058 951 -1769
-890 3872 -1545 -2710 -3215 2950 -3359 2987 3001 -2227 54 1535 -1841 -3406 435 -3113 -3988 61
-2960 -47 -757 -3698 140 2724 278 415 -449 33 3064 -1598 -1258 2873 -3603 3582 -1887 -480
1967 3623 3426 -3212 -3340 -1944 270 -638 -3923 2664 3352 2186 551 -503 -1379 1318 497 3742
1670 -82 -3689 -3119 1309 -1609 293 3829 3530 2725 392 -2032 2113 -956 691 1867 1005 2163
3734 2071 -3403 3304 492 -3379 -4089 -1547 -3120 -1573 3392 -3736 3366 1943 3162 -1413 216 -1652
491 -50 1499 -2467 1913 -908 1034 2878 -2278 3344 -2867 3579 -1694 2565 2195 -3959 -341 -81
-3553 807 3230 2478 2199 -3552 -1763 1614 377 -1022 -1175 1767 -3250 3451 3242 -3486 558 -65
195 -319 1828 1652 -3988 -2367 -3248 2626 -605 -3964 -34 -797 2931 2637 3029 963 -3580 -3500
-1871 1600 2036 3732 1727 -920 2579 2508 616 2890 -1442 -1429 814 3047 -180 2211 3464 2459
-903 2188 -1907 -2773 3472 3398 2150 -1711 -879 2623 -348 3562 -937 1916 -3763 -2391 136 -523
2504 2643 -1090 260 -868 4002 -763 2532 -1296 3231 -2637 2616 3817 -2657 132 -1361 981 -1859
-3312 2729 2847 -3331 -3452 1534 -228 3047 -2885 -2620 -2914 1216 1691 -3799 -921 -1969 201 873
1368 -2002 932 -1080 129 1202 923 3224 -2056 3174 -304 3681 -1666 -4092 1280 3078 1531 -2031
2767 3332 1741 -1788 -3758 706 -1577 -3340 -1296 3561 -2707 2531 -2408 212 -2799 916 -1475 -3057
4088 2025 -2647 -3618 2662 -3874 -2403 3550 725 1801 1861 3511 3052 -2121 -10 -2099 -2995 391
-2755 3348 3367 1194 -1209 753 -3924 -3171 1931 544 -1737 -3708 2512 -75 2660 -1265 1402 -2781
-792 1774 1070 3168 3631 -1320 2751 1301 1251 536 2423 1998 2858 703 -3937 3154 4036 -432
610 2043 3829 -1277 2822 2343 -3012 674 -1950 -2894 -2599 -3091 -1611 2687 -1234 -3197 196 1569
3807 -1671 3410 123 3539 2144 -1063 1925 -3078 2804 152 -3817 -2081 1357 2053 -574 -2530 -2399
1386 -3900 -621 -1890 2290 -3582 -665 -1716 1527 -239 1512 -891 675 90 -715 501 -1568 1859
-1873 -840 2201 2667 -948 -1678 3917 1274 -3927 13 240 3580 -3850 3584 2072 3278 429 -2531
-1147 -99 -3806 759 2790 -1808 -3379 2269 -755 2374 -2429 1113 2121 -1592 3174 -3510 -451 3323
-2381 -385 -3104 2713 -1453 -2566 -281 2918 3918 -1620 -3723 2593 510 -309 3353 3710 1561 -1607
-2524 -2251 3210 119 64 -2017 -741 430 -655 -3743 1260 -705 2115 -2898 -1343 -1176 -3472 -627
2576 3964 -3926 -3653 1530 812 3295 3735 -2825 -2222 -2123 -1888 -2462 -2213 591 -3588 -3371 3133
-1661 3356 -1968 3070 2871 105 -3276 -3390 3889 4092 1287 628 -992 -3474 2579 -2559 507 1458
3788 1293 -3396 -1781 1544 1371 -3498 251 267 1702 -2290 -1442 -1443 -2535 -3307 -3716 -2956 1618
-3966 -3523 -722 2300 -1911 -2461 -2279 -2318 3859 -2344 -1650 -3090 -1121 -2808 2197 2775 2155 340
-2649 3986 -3838 -3189 2601 870 2302 -1418 3285 2291 -3015 -2186 727 1205 -1745 2867 -564 -2278
1736 2138 -2168 3367 -2453 -3741 3249 -2896 851 -2443 -2263 -3819 79 -1969 -1725 -607 1207 1352
-1330 -1434 -1594 -2724 2287 -3912 304 -1468 -1586 3120 -477 2216 1280 -2749 -1674 3932 -3610 2656
2633 426 3247 1200 -1057 2482 854 1360 -1589 2003 -1202 -2001 -1156 -3026 265 2411 -2044 1835
606 -1457 -1218 -479 -2904 -3377 1341 244 -2113 -862 3345 -540 -2364 1254 4048 73 -2116 -3751
1279 -2179 -1293 1555 319 -3394 -1221 2280 78 1845 4079 -187 -164 1278 467 -3164 162 -4026
-3142 -102 355 882 4086 1888 -1251 3946 -1098 1028 -1758 -296 262 2324 -1158 -3700 -3890 744
-4081 -2841 3450 -1417 -1228 3673 -111 -1095 -1936 -784 1281 2975 3234 1772 -941 2714 -3466 -1923
-867 -3927 -1509 2153 -1204 2 1375 2032 -3901 -1204 -1777 -3430 -837 -935 3227 807 -1150 -1916
-3796 658 3328 3987 -1823 -2537 -359 -3538 -2178 337 -1849 -803 1364 363 415 -2906 -627 -2468
-2790 556 172 -210 1057 -1942 -2944 -413 -1141 1006 2630 2907 959 4026 1080 1500 -1455 -865
848 -3952 -2483 -1993 -2442 1963 -1944 -3991 -3099 -1892 -2059 -3968 -2570 4027 3503 1227 1065 296
3414 -3623 400 413 3855 -971 2419 -2979 -1625 3523 -3235 815 3730 -2652 1891 1396 2254 4004
-1073 2871 3974 -4021 1286 -3739 3467 609 -3881 -3070 3745 -3286 -2566 892 -3181 -1535 -3838 -3576
-483 -1868 -2172 -507 1450 329 -1381 3719 -2600 -403 441 1757 2000 2914 -2358 1580 -2186 -1910
3228 -2014 1367 2421 -1870 2985 1663 2448 2365 -2877 -3320 1102 -3946 3671 -2940 -521 3800 301
1339 -1546 -3340 1245 307 3012 -1035 -25 -1531 -166 -3160 -1080 3719 -2509 2953 -3540 -2229 1509
-2806 2091 2268 -2741 -487 -875 -792 1321 2830 -437 789 390 -2347 4016 2764 2163 -3477 3114
1718 883 3255 -2903 -1250 115 -1108 -1984 -2034 1869 4013 -545 -4010 -1828 2654 1026 3659 -2910
428 -1139 -2203 -3586 2094 -3432 -91 2543 985 -2967 -561 -403 3071 -3221 372 -954 -2139 573
-1075 1179 -2792 -3886 -933 -1306 -3092 -3437 -3475 1153 -1482 681 -2979 -2335 3610 2885 -590 307
3254 1275 1283 3768 -2230 -3280 -1355 3721 4023 -3433 -3714 -508 3420 -319 451 699 813 948
2239 -3836 38 162 -2945 3073 781 -3943 -605 -944 2693 -423 0 2614 -1429 -2002 -3324 -1937
-121 2270 -3343 3190 2705 2728 -1050 375 2946 -1717 1972 -3396 1582 -2010 3983 -1357 2366 -3735
640 -3195 106 843 -3664 -2501 2830 95 896 1391 -4085 -2069 3703 153 -2061 2897 3316 3291
1681 1433 2748 -3988 -840 -1546 -686 3463 -1185 -419 2075 -1539 -3816 1853 -669 54 2765 -1733
-746 1770 -3879 -2570 614 3145 2393 -1813 304 -3643 2288 2400 1073 1379 2744 -2458 3349 1449
-1889 475 1869 3337 -770 3987 3766 490 1681 -643 -1256 -1984 -2118 -1566 -3737 425 2565 -844
3043 -1746 -230 -1816 -1535 1912 2016 2790 2330 3256 -1271 -1786 -2300 3323 984 2839 -167 3114
590 3589 1201 -2424 1424 2175 1681 715 -1616 -2630 1332 2753 -3657 2867 1066 1925 1804 -355
3258 3648 -2266 -3907 289 -1403 -1915 -3468 406 812 -4087 2242 -3033 1748 -108 1259 -4001 3293
-2314 -2655 -62 2050 49 1595 -3054 -2178 -4082 -3824 1132 -3139 -3084 -1597 -3535 934 1570 -2881
1719 1905 301 -3926 2785 -2554 -1071 1782 2409 -1549 1550 2176 -751 2805 -3933 2873 -1125 -3824
-2110 3555 -368 3621 -1490 -2334 -1316 -1220 -2669 788 2099 -2508 -3783 2500 2383 3369 -4089 2720
-2569 1103 -3374 2765 -2094 877 1024 -2562 -1254 2010 -2694 2211 1038 2076 2530 -2006 2624 1541
-3527 -443 2729 -915 -1878 -948 -3690 1394 456 -1110 3419 1621 -752 84 2791 -553 3502 -3485
3346 559 1197 -3170 -53 2966 -2723 1593 -2033 -1965 -746 -1654 438 1893 1872 465 3080 -2373
1787 -4061 -2518 493 3638 3910 3149 3745 -691 -1345 -2361 867 -3574 -2865 3036 -2524 -4010 -3941
1397 3890 3373 -2730 2957 3549 -2850 3964 -2941 2961 -2666 -2780 3115 2702 1866 -3500 704 3373
-1564 631 -2921 693 703 3032 2981 1729 -3452 555 3043 50 3131 1325 2925 -839 1742 80
1917 -2585 -3652 123 -2247 -813 1580 1234 3395 -1708 -679 -104 2349 -1602 -2766 3092 2473 60
-918 3740 150 2744 3774 915 -1575 583 -1374 -3439 -2556 3892 -1758 2694 2512 -361 -3790 -1021
873 -2444 3893 -2437 1666 1394 2534 -599 65 2855 -637 -1031 1016 1505 -2483 1796 -3668 787
-3234 -1246 -2193 -181 -1334 766 3722 -3409 2056 -4016 1399 -2278 3521 -1398 -2137 1212 -3116 2228
1050 -3498 2744 -1214 975 -2571 -711 -1282 -3851 -3251 -1685 522 -9 -2914 -1533 1006 -1194 -1239
2292 2481 851 1073 1126 1798 613 3991 -273 -627 -2172 1272 1063 -3300 1854 1127 -1393 -4067
-2903 -80 2997 2812 -3311 2344 3014 -2647 -3703 -2784 2382 -3563 -3774 -1334 -410 738 1968 -3641
3099 -763 -627 -1732 -1734 3972 2960 1394 -683 1607 1566 273 -3796 -781 -1889 -286 3420 1745
446 2335 -3998 216 -3722 2915 -2843 -3409 -1564 1047 -3744 -3124 -3083 -1415 2571 -1626 2269 1583
3621 1003 353 1395 2427 3028 3054 3774 849 2941 -1403 -1258 -3186 596 2415 -2597 1853 2964
4046 3891 -665 3029 2797 -515 -2781 2727 1393 3665 -2536 -702 2891 2461 3123 -2245 2950 -2746
-64 1627 -1824 -2856 706 3704 2604 3285 -851 2656 2966 -3322 3421 1750 421 2393 -3978 -860
3858 -3996 -1550 -335 -391 3674 -2783 307 200 -2128 -282 3821 403 -2509 1090 -3720 547 -1081
-448 413 -920 -597 -3046 1230 -346 1352 -829 3224 267 -3168 2227 -717 1538 1078 3341 -4064
1627 3230 -1781 -2090 -1466 1423 3773 -1666 24 -1403 2085 448 -3602 3318 395 2469 2823 2079
-3527 -3973 3598 -3504 3182 -43 3348 -1839 3523 -354 1137 861 -1861 2095 2413 3111 182 3200
-586 2406 318 3684 2216 1413 2443 1234 1902 -3375 -2710 -2996 -2848 -2113 -918 1340 -1469 194
-3995 3204 2512 -2890 -3000 2813 -3055 -1851 1080 -1766 -1792 254 -2041 911 1546 -1439 -1814 3611
470 2944 -3178 327 -2344 -1856 -102 -1975 -575 2320 1296 -3088 -1867 -1971 -1626 1954 83 -3048
-543 1388 -3182 -4010 -3125 -488 2916 -4049 -2083 -1443 822 -3930 -2751 542 -2253 -3650 -409 -2376
2396 2860 733 -2729 3709 2464 2958 1644 -3113 407 -2508 3880 -338 -2877 -1742 2564 -2392 -2310
2226 -1179 -1042 4032 1562 1857 -1493 1376 -3385 -793 -1712 3720 3871 -577 -720 -2174 -262 -3022
-2840 -2055 -954 -112 2841 1613 -3822 2576 -2062 1407 476 3552 1538 -1381 306 -453 2797 1727
-2653 -1639 1241 -3395 2812 -1554 -576 2346 -2076 2037 1408 3113 -3921 1680 977 929 -3944 -1231
-3343 -3815 -3519 2132 1074 1560 130 -230 -169 2595 -1907 -813 -586 3381 1623 -1605 -3530 -3102
-2970 -594 -235 -1554 -2091 -9 2691 -1906 -3650 1839 -3315 3366 3814 3626 -2866 3490 -317 750
128 1880 2757 1225 -2731 -2690 1793 -2456 -359 3116 1305 2306 1583 1274 642 -2655 -799 2587
-1260 2396 2409 3351 -1814 -1591 -148 1552 2708 1622 3873 2197 -1893 -1063 3822 2823 841 -244
4015 3474 469 -3277 -792 -594 3019 458 -1605 817 1493 -1983 -1098 -3073 -1340 192 -2971 -1229
-1547 2836 2751 -3861 1027 2704 -2719 3994 -310 -498 -2417 1009 -1618 1783 2839 1101 -1207 1134
3316 3266 336 -2195 -1335 3247 3040 1286 1317 737 -762 -1091 -3417 -2744 1440 -3889 -1061 318
2197 -1359 4090 -3746 3409 -634 882 -2592 2710 3753 -1727 3223 669 1108 2066 -2696 -1655 -2494
3147 160 -217 1134 1986 -3315 -2819 2282 98 3777 2478 2479 -368 -1129 -3410 3985 -926 -633
-714 -2244 1709 -2661 -91 314 218 -1444 1045 -2528 3218 1236 -2728 932 1588 -211 1832 2033
-2274 -3636 714 4069 3784 -1014 -3869 -653 943 -2692 2475 -1266 3336 1216 1142 -3798 -2480 2287
3961 709 -614 642 2292 1544 -568 -1820 670 -528 -2697 2431 2152 2569 3018 -664 -3183 -3769
1036 -3445 764 -815 269 -2696 499 2046 2401 -1866 -2537 -1462 3435 1701 -583 -3996 47 -1289
-2181 2378 1027 176 -960 -899 -1021 449 1129 3632 858 1322 368 1703 -1184 2220 1215 388
-3717 -3305 -794 -1474 3550 3087 536 2710 3091 -2424 -1276 46 3660 -1373 -3348 -481 3222 -956
2587 4004 -3891 2845 -1619 224 95 2398 -3186 675 1268 -2595 -2066 3655 -2870 -2335 2277 3749
3057 -3463 -2690 776 -2215 -3744 1275 320 676 -1680 -1144 3007 2517 -857 278 194 -59 2493
947 -2156 2666 -1202 -502 -3885 1531 -3454 -1207 3796 4043 -1440 340 -1263 2571 154 -1464 3482
-1713 248 1603 -1099 3304 -4023 3729 614 -3312 996 786 -3535 2524 715 -1278 -3900 3599 -701
518 -2607 -1879 -2040 2706 -2075 3155 2078 3732 3671 927 3103 -2182 -697 262 27 -2434 -3932
-3637 -1769 1611 -1201 1176 1287 -272 -183 1288 -910 -2792 -3093 -801 645 3493 3894 3116 216
-371 1842 -1741 -1112 1543 -4009 2334 2992 -3819 3591 658 -1389 -1461 -1496 2812 3779 -1545 -1871
-61 1049 -3951 -923 -967 -550 1143 -3709 3435 3938 -1015 -3168 1209 2141 3321 888 2618 388
2575 485 -4 -2310 2074 1237 -2299 3367 844 2906 1840 3386 -553 1479 2782 -2524 215 -2338
3935 3885 -1883 773 -1209 -1757 -2733 -3419 -1150 2816 2203 -912 -1985 -2241 2574 -800 680 1698
-1393 4011 -914 1444 -4057 -4008 2585 -3739 811 -2354 -3777 303 1447 -2801 -3217 -1641 -480 2798
1795 1551 3749 -2848 -328 1579 308 2769 272 2912 614 -3042 151 -2985 881 1412 -2590 723
3194 3639 3176 -1748 -1991 2299 821 -950 480 -2478 -3495 1856 -405 -2890 -2509 3443 2594 -1045
-3700 -1974 902 -4006 1921 -652 -902 -3204 -454 -1344 -1338 1624 2928 -2944 -3862 788 -1072 890
2111 651 -2538 3961 1381 -3328 2831 851 8 -2858 -3225 -2151 -2323 608 3121 196 -1708 -2111
-3228 -509 3753 -46 -2814 -2680 -2675 -1245 2606 -1167 790 1544 -1279 -4036 -1150 -3399 1070 -3125
3353 -907 -3706 -1541 1658 2248 3633 -567 -3802 -1062 -1061 4 2396 -2878 -3702 3735 -934 -2309
-3230 344 1481 -2594 1067 2418 -2652 1838 430 86 -2237 -3652 3285 -3258 733 -759 3755 -1952
-3517 -2295 -1241 2638 494 -2829 697 -2186 -2203 1046 -3131 444 -2582 4048 -821 -1059 -1409 -3710
-3972 334 2097 3999 -885 -2632 -573 207 -2982 2293 -620 -2026 116 3244 227 3855 -3114 -1932
-150 -3261 -2049 2433 1069 2936 -3864 -1285 -1858 -1491 2480 957 -84 -3574 2862 -2353 1891 373
3397 -3255 3653 2606 1039 227 284 2551 -1581 1547 3294 2391 -2350 -2943 3257 -2714 2013 -1646
3449 -1630 1219 3803 3893 -278 1922 -1883 -427 1136 -2728 3772 3290 -2100 2707 -781 1291 273
2630 -2020 -419 2054 695 -2905 3509 1883 1964 -1086 -1535 -3340 -3192 3087 3594 1612 -4052 747
-3914 -30 -1866 -1218 -901 -337 -2806 -285 -198 1722 38 -2144 -1192 434 -1453 -858 -3275 158
-2027 2471 -2068 -3180 3832 -896 1119 -886 -3793 1638 -606 -3532 -1807 3506 414 -2065 -2886 3376
-735 -64 -2731 3595 -3550 -1187 3758 2362 1898 -3763 3205 3467 2694 -1256 3036 -2248 -766 378
-1464 -2554 -2566 -1089 3076 3839 -3837 1807 2532 -2373 -3245 -1301 2049 -3799 71 3995 1611 -3072
1589 -1076 3039 -1875 -887 -486 -463 -1319 -971 -2100 1280 -3965 2937 3466 -980 -1892 1520 -3281
1084 3396 -1554 -2149 -3365 -2417 1075 -2641 -3072 2768 753 -193 -767 -1653 2326 1826 618 3551
2801 -173 -3674 1430 3361 -4073 -140 2480 3798 -706 3126 1421 -1946 -397 3847 2464 1829 -112
2212 -2375 -92 3605 3876 -303 -222 2208 -3194 -1930 -2712 -2694 -3582 -3649 -23 -2765 3639 -49
3885 -2479 3111 -2067 3993 -241 1786 3875 -389 -3547
