-13635 14336 6831 11356 -8553 5334 -15554 -9022 6526 8472 971 5728 -1788 -7511 3837 13411 -11661 -6864
-8403 12235 -15715 -1333 -15279 1472 -13606 -2815 2339 -10202 16205 -5639 -3196 -911 -5525 -9751 9240 -4934
2486 -14126 6456 -12527 1999 8298 -9976 1812 6060 -4518 1763 1474 5413 -11606 -6144 -13429 -12617 12921
6989 -12119 7296 753 2210 -14414 -5999 -16260 -13546 -4499 3172 -6608 6824 -7963 10155 -1649 -1749 8891
-11186 -395 9819 -11582 -9300 -6327 8018 15557 -11991 -10889 11548 15788 13800 15903 -14681 11712 2520 -14576
-13859 -15029 -4625 -4112 -12268 12130 15282 -9284 8612 16134 13821 -12680 3290 -1429 14080 13086 9231 -3952
-118 15836 10001 3351 2946 -387 7115 -8615 4026 -2267 -9694 431 1257 2880 3867 10774 -7185 -9539
-1209 -2822 -2213 -8841 -4008 326 -6605 -11532 -11757 -827 -9230 -9646 7786 7077 -3634 -14723 -16149 11870
15675 677 13651 -13897 10165 6896 15751 13597 -3140 15725 11941 4928 4888 -14517 6518 -1829 12902 12871
-11767 -6706 7636 -2454 6808 -11150 -7384 13299 -2634 -11475 -11008 14738 -7260 -9148 -11427 15064 3838 -8208
-671 -13588 11423 13492 12375 -4224 4804 -7697 -2059 -8190 -13461 -1874 -11298 -15082 9726 -4413 -2452 3139
3125 12314 -8021 9197 7737 -9652 -87 13189 -9722 -10642 12012 9213 -11757 -15060 -15291 3198 14131 -3814
2244 -10403 14781 15177 -15604 13130 1516 13849 14024 9418 -8317 -7601 15741 -13335 8369 -15768 -9084 12840
8251 14379 -944 13501 -15655 -8058 9459 -8452 15320 -7790 -7192 -14064 -16118 -8456 16138 -12561 13787 2168
-10011 13195 4546 -2361 10798 1101 1500 -13670 -2923 -12095 9684 -15872 -11590 2699 6150 14323 2428 8610
4324 -15821 -389 12476 7576 -7861 -2092 -12791 491 -2315 2354 -11236 11621 -2396 -11768 14125 2997 1117
-3816 14982 13396 -2613 -11976 6707 15718 -5748 13140 -770 13793 -5939 6583 -15715 2800 -14562 -1912 551
-9061 13437 -12399 -13104 1439 13752 4418 2253 -9565 -2315 -1282 -1894 -7026 11398 -15731 -15778 6706 -2549
15599 2985 -8913 -2125 -7586 -663 15891 7646 -11382 -15340 -13369 16109 -15322 -8155 -3546 3923 -4443 -9521
11245 7148 -2746 13035 3035 16017 -11186 5686 -7917 -16151 -13932 15034 -1346 8576 -10941 -4981 -12554 12061
14299 9139 2277 -4527 4473 13935 -15827 -692 1625 -1124 -5245 -5643 3225 -3732 10399 11832 -14527 15453
9049 -14685 4735 4715 6668 5932 9527 -6522 11582 4693 -5189 -6081 12419 -10636 -41 11206 671 13643
-7663 3608 12523 -9760 -10194 10612 -5637 135 5367 -4591 891 -2748 3389 13067 5985 -13231 7708 -11357
-957 2297 -6018 11430 7421 9904 1503 3629 -3167 14429 -1448 -2678 11145 4598 2004 9078 11979 12368
-14679 -7528 8915 -11466 10052 4644 6219 -585 -16060 -14114 -3521 -12093 5035 9282 -14210 -3079 6767 6149
-14013 186 -8903 -11839 -8683 9091 -9371 1252 6122 -6277 -1712 13041 9875 -8120 -11565 -15378 -8362 9765
5898 783 5845 -10183 -11940 -11332 -11721 6434 -15435 12979 4997 14801 13844 -10356 -15018 1690 -8370 2653
2470 -5491 -13559 447 -4083 -8961 -7926 -8973 -10482 -12948 -3659 3676 -821 384 -5167 -13767 738 6514
8076 -12914 -5740 11925 12991 4444 -14813 -16340 10868 15902 14461 -7558 11686 -3217 -7135 -7134 -6839 14338
-4042 -8788 7561 9695 -11520 -8346 3157 9933 -4999 12653 -7904 -10998 13369 -9715 478 -11204 -356 -8634
6485 13991 7452 -3921 -9575 -15704 -8699 639 7628 11353 12104 -5398 14894 6037 -5969 6313 -16040 -2525
306 476 -65 5673 13224 -14826 -6529 -2838 -10587 13997 -15782 10669 -5224 14682 -7170 -772 10554 14595
7559 15 1328 6355 14662 14472 231 -8818 -12862 13408 15807 287 4859 6689 7278 9337 7413 2390
-5212 5023 8053 -8383 -5654 -12290 7942 13259 7886 5372 13120 8896 -12474 2770 15945 13628 4426 7070
15772 -158 -15675 7860 6153 -14772 -6224 -12746 3325 -15801 13178 15076 10500 -11969 -15953 12852 -7283 11639
-15918 -13657 -13843 -897 6794 2641 -9306 -13728 -14329 -9277 -1048 -15079 -1638 -15096 7255 -13233 12969 5383
1295 10559 -3383 -1258 -8729 760 10528 15556 -8973 -7480 -2283 -515 15948 -8971 1572 -12466 -5868 12716
-2798 -2427 -6731 -1473 8258 9596 2408 13962 -13976 4919 -1281 -12618 -7587 11053 -2853 -8925 -175 -14619
-6081 -11105 13350 9665 -6711 -10532 -7908 5918 -4291 -12511 12970 2717 5764 9534 -10066 -1348 3573 7366
14532 -6743 3540 13433 8186 -14249 13081 6656 14246 -12336 15218 1502 -15983 13517 -15732 5026 -8362 -2683
-7026 -5534 -5874 -7740 -5658 -13980 5930 11579 -8121 -13026 931 -993 -15118 95 -14764 7661 9268 3535
12444 -5492 -11727 9622 -5040 -2666 8416 -5286 464 3062 14167 107 2421 12213 -4534 -446 3120 1554
-10802 -2777 -10385 -5165 -14238 -15568 -14273 9175 12079 -10381 -11849 -11276 -9328 13683 -15725 -15361 6604 -13088
3615 4902 -7892 -1666 7256 -10360 -15062 16225 -6833 -9219 3077 5987 -9266 -4043 3710 -8240 -5315 -247
-15137 -15009 3269 -8436 9527 14437 14262 4451 14061 -15794 12583 -7463 -139 -12476 -289 9003 11355 -16335
367 -6486 7818 -10003 -1624 1535 15048 -8528 -724 -12207 9088 -1335 7773 9093 16324 13713 -13440 -8474
13202 7586 10523 -7194 11606 -4282 -5213 6465 11441 -12245 -2988 9291 9849 -3235 13662 -13180 10753 14708
8522 15721 -5221 8461 10644 6799 -10150 7031 4249 6642 5915 6576 4789 6282 6855 -6768 10925 -8927
10707 6979 -2741 -671 -245 -10499 -1976 6447 -6259 -5399 -12177 -8128 534 12641 2813 5600 899 -12442
11854 1817 9363 -1209 13751 9975 7404 7074 1200 -15066 -12449 -11625 5427 4797 2923 -14032 -6806 -5793
2055 -12510 -6013 2175 -1123 8892 -283 15618 -2734 -2788 14729 9996 -9331 -352 -4957 4629 13237 14236
-10878 4923 5950 2385 -10314 -7715 -1567 2846 5495 7779 9511 8177 -6330 -1181 3376 2050 -2355 -797
-7501 15040 267 -15880 1595 7434 950 3223 -16195 -6236 -9767 -1108 -6839 -11807 3005 11111 -16358 -11099
-10736 12247 -2347 6542 11327 7611 15885 -5518 14886 5525 2062 13573 10477 1280 4308 -2339 11050 4675
-5284 9623 5195 -6617 -3043 -6310 -199 -14330 -13100 12156 -14283 -16349 -14970 4995 -8699 13375 -10557 -5039
11860 12909 4392 6040 12630 -8672 9768 -4716 -10067 13186 -4594 16120 -6775 5393 3897 -4311 -5613 -10395
10930 -342 -1525 16200 12766 6615 -12625 9749 -13940 -41 -7713 14396 -8653 -10804 -15233 544 -12930 14924
13340 16167 -14073 11541 13266 7952 -10653 7932 11374 -2680 4190 15911 -10286 2038 3464 -11651 -1130 -4704
4082 15961 14067 13800 -7629 -2170 -6172 -14090 1453 3175 -5243 13948 5654 2422 15807 -6442 1585 -11534
15399 -7598 6621 -14639 4132 8909 -16046 15098 1105 9095 14758 11192 -14045 9008 5782 11882 -4917 -13245
6531 -902 2652 14227 -1605 10892 -3023 -724 506 -8192 -8823 -14509 10032 8849 -14476 7150 -890 2652
13554 -12275 10394 -3572 -5541 -9794 -16365 -2232 15353 -3036 10578 -8333 12284 -13876 -4731 13464 -2159 6461
6882 11938 840 2002 7217 15565 14015 5830 10635 -15524 -129 -4465 13922 -7798 -11487 -2963 194 -11327
-10059 -8639 9686 -14832 -16029 14497 -8273 10969 5202 4908 -12224 -5684 -3638 -14563 -595 -1262 4501 3100
-7227 -15669 172 -12454 16075 -16198 -7663 218 -3202 -6082 14069 -13547 14416 13443 -3545 -5958 -7173 -13061
-9562 3282 1331 -12792 401 4365 10172 2555 -12466 -8615 -5471 -10685 -5152 -15441 -13381 14556 1686 12081
-13192 2578 -16143 -645 -11298 -8606 -16197 -11474 -3635 -13124 11641 13520 -6267 -6928 7433 -12066 6504 -5530
13188 12309 -12797 9998 -1433 -16359 -8633 -5476 13038 -5068 15131 2541 10183 14457 -5096 -3378 -15896 4885
-5237 10206 -6983 -12321 959 14543 -10890 556 4478 2773 12759 10474 -12330 1369 14834 -7954 4377 -2321
-3750 4484 2343 -14714 -9334 -14510 3311 -15131 -10362 12631 -5323 12884 -8514 -2988 -15730 -13157 11060 -14255
-1871 -1750 2274 5238 14063 -8297 -10663 -732 4099 2124 -1885 6205 13065 -11390 -14734 15302 -12341 -9110
11898 6832 4159 7337 7449 9203 -13482 -7153 -6853 -10273 -11026 -1920 12409 1962 3879 -3535 14984 13141
8416 10265 -9262 -1617 -2694 -16216 10077 -12627 -5669 15025 8181 -5116 -13640 685 -14200 12281 2066 -6107
5067 -8585 -15869 1891 -2266 -1956 4786 -1163 9422 7445 14764 -5043 12591 10866 3160 -12985 10125 3763
-12352 -8239 -11796 226 -8298 -12699 14380 4966 -14728 -3140 6777 -11051 11121 8765 -5405 -3319 14531 -68
2632 5237 -8218 -13983 -13189 -9286 7880 5093 1950 -13963 10847 -9210 13011 -4004 8798 -1230 -10219 12168
12866 -11131 -8864 -6379 -15470 -12806 -5864 -9495 9571 -5667 -6743 14288 -13022 5246 -6038 -4397 5261 -1490
-57 -9538 6402 -1692 11422 -7163 8189 1342 2794 5837 9437 3120 -4703 -8377 -3096 14072 -3624 -8135
-2418 5073 -13012 6110 5360 489 -9372 -14600 -12124 -3819 12113 -12773 -845 -13885 11002 -2741 14051 4399
-7432 -11829 1595 7641 -12004 15922 -15675 -4040 6742 6339 10894 936 -5158 15352 -14347 11178 13179 -6818
3360 -11955 14172 -347 -14125 9446 -12087 -777 -10147 6151 -12705 -13688 15090 13231 -16014 -4498 -5599 7870
15022 -6477 7068 -5970 14847 -5975 -12225 -4995 -10831 -1155 -11186 -8212 -9006 8462 5372 -7442 -1828 256
-4299 9050 4758 -13809 -9323 -5915 -454 15773 7095 7500 13011 6550 -13130 9430 4331 -11147 748 6906
-924 -8291 -11519 -14499 -12892 -7186 -5087 -8449 -8716 11417 10123 -6731 13095 13363 12627 -15398 3714 2057
11873 -7102 -7466 -2636 954 -4497 -2584 14060 8961 -3832 12569 4001 60 4229 -6837 4680 5339 3632
1529 -396 5110 15178 8105 -4698 13270 11402 3466 -15771 12471 -15923 12885 3471 -4915 -10745 14456 -8717
-11899 11134 7539 11800 -10739 -6085 3202 -7071 -12522 14008 -13187 6483 -5160 -8479 -15108 6197 1109 -5320
-8514 -12837 7395 11861 -15541 6588 -15641 15513 16343 13642 9948 11803 -12436 9602 6044 15586 4160 -5438
-15649 4952 10348 -7461 -8450 -8453 -8767 4454 8700 -1195 -6926 -15779 10696 -14034 11253 15074 14780 1535
9136 -5021 -3733 14250 -13103 -8736 -8038 104 3062 16266 7306 -4347 2326 -9071 14976 8007 7712 -8392
-11393 16052 6368 6953 -2732 -13962 -11228 -11760 9428 5012 -5092 9826 -10902 -3473 4612 12414 -1588 6757
-15607 -5638 4619 1238 -6559 -7373 -9512 -3508 5821 -2258 505 -8974 6886 -3681 1056 -4275 -11869 -9404
6115 -11478 5336 -8072 -13820 -4907 -10250 1541 12016 -10611 1422 8250 -12912 12340 -8120 -16321 10043 5963
-5388 2980 266 -9441 7164 12863 -11694 -16067 -8186 -2504 -917 -4564 12239 -1442 12212 -14758 15705 -13635
8668 -9386 -947 -11407 -1700 14655 2453 14780 4672 10366 13908 -13481 48 14256 14837 -2042 -3668 8679
-12387 2414 -10095 -6893 -15672 3371 -1051 7353 12079 9502 -10544 -2833 -2064 12805 -5912 -13951 14823 3150
-9293 -14990 15715 16172 8549 5802 11000 -1557 -3853 2542 1967 11136 -15549 8973 15462 -923 13759 1370
11378 6818 -2537 -16289 8073 3119 6971 -11057 736 -1157 4013 1467 -14959 12869 -3844 -13814 -11201 14003
2183 -3549 -2052 16034 -15989 -10772 7273 -4805 -16295 7928 -16096 3782 -281 764 6735 -14652 4745 643
9382 -7112 -255 -28 12404 -12218 15029 -15760 10253 -13570 -14271 14831 5487 -5510 2349 5709 11045 4133
11775 1937 -11156 -14241 -6283 14863 4242 -14272 15627 -7456 7590 -584 11460 -3953 13903 -6688 -2008 13331
-6410 7563 -15736 5637 15911 -8159 -7031 11275 -9153 -5978 6367 -15724 9789 -5859 -6566 11975 8188 3090
-5344 -835 12678 13429 -4807 -12818 -9280 -4185 -11184 -1046 8266 -12848 -3912 -11447 8361 5239 13228 -1308
14502 -172 15580 -9402 6130 863 -7897 6748 7949 -14289 3745 -139 869 -13441 12768 -11416 -317 -7407
116 4365 3553 4279 -13132 -1541 607 -9041 -14663 -7318 -5157 10798 -12628 -12428 7250 14912 15427 9861
-13354 -12078 16264 9488 8027 12292 16094 -11901 5871 -8755 -10688 3702 9999 -6214 -9271 7463 342 6418
3447 9259 -12199 -10458 -13260 3678 -5425 6107 2060 -10723 -15884 9871 -15930 4275 3885 11040 -14960 -12776
1264 10053 792 8408 1759 -8670 9924 -7597 11573 -9703 -10181 1828 5988 1248 -15836 6115 -11779 1499
-14545 8719 -11314 -9563 2136 13637 -10671 -8727 8298 -16200 3395 12407 14531 -6949 404 14490 -9384 3422
4992 11176 9720 -6300 -6147 -10795 -15658 2026 -15019 5193 -13759 -10614 8978 13689 -3659 4196 -3806 13233
11286 -2215 -9677 -526 7995 377 1375 -15619 4779 7359 6926 -3412 15268 -9475 4377 -5753 2658 6673
556 -1386 -9057 -925 5230 -13451 14677 -14968 13155 13990 -1589 -4282 8465 10283 974 2748 8801 10325
-1728 -15902 -13622 2263 207 3375 11048 -6112 3078 -3685 -6158 -281 16011 -9530 -1395 -5114 -9568 -6795
8697 -3445 -10517 11844 -14664 -8692 378 -1893 -10779 314 -11254 -15910 -10330 698 -8833 5336 -15159 -5070
-6984 12691 -8279 12191 10374 -8927 5201 5870 -7942 -4634 9189 -11829 -6688 -6134 7999 5554 7815 15912
-2858 1103 7883 2635 5603 -13306 5453 -11496 -2361 14025 -4350 12612 -4442 6962 -11283 -5806 14935 -7213
-7892 -12937 9857 8390 -15305 -1060 9471 -10355 7014 -13048 -11897 1301 16309 1691 10631 1563 -9273 9792
-1193 -9802 -3034 -10017 -12148 -3542 -15152 -3568 -10326 2049 6133 -2092 4349 9057 -1538 5765 -15670 -12392
-4405 4365 -1885 11508 3133 344 4631 -11045 7675 -762 9363 -15336 13937 -3486 13445 16241 -12009 -11881
2493 -6525 -5647 -10720 8985 -5944 11866 1151 3426 4339 11012 12339 8561 6793 6971 7653 -4713 1449
15723 5602 -12741 -8917 -12061 -1329 -1597 8938 8406 14487 951 -10653 -16213 8103 6948 -13953 -8850 94
2112 14251 -14171 6847 11597 -11470 8265 13929 3776 15555 14355 -2358 9890 6484 10232 16271 1846 14893
9201 15710 4316 2877 253 -6455 16181 15280 2920 2425 -11895 -11068 4685 14258 -11674 13014 -13221 10746
-15735 5314 -1580 -5871 -5376 13678 -6182 -11228 6800 9117 14573 -10426 -11690 -13301 5808 -6625 9641 -5704
12524 3805 -11959 -12157 11736 14708 -12878 -14854 -4199 -6394 -7984 -9104 -11515 1431 -3366 1104 -13397 11278
10871 -14414 278 -11685 5158 -7124 -11950 -9745 -10018 14058 -9048 -1419 -14350 12033 -338 -6464 14390 14848
-10108 15873 1127 -8502 -12200 7486 9927 -1376 10794 -6911 14345 -11135 7639 1869 -10898 -1354 3665 -3625
12845 7847 -14803 -6030 -10216 -7435 -8864 -7222 -9348 -12349 11336 -14251 1607 -7851 -4111 2438 15985 -6948
913 3397 11157 6030 -11434 -7267 -8223 15356 -5022 9907 2092 6561 -12781 5887 -6291 6840 -8057 -14409
8523 -942 13407 -4217 6160 -15196 -4156 12678 -7738 -3164 3239 -3474 6296 8662 -13233 3586 2689 355
1036 211 3109 -2707 10064 -9685 -3332 13214 13026 2621 -1362 9223 -8855 -8026 6593 -3287 12591 -12526
2424 2636 -3287 -15299 1270 -7655 -1230 13084 932 -7325 -7785 6749 -3372 -13752 9688 8205 12962 16247
12973 5529 -9694 7124 -7352 -2055 1718 2620 -4646 -16345 15040 -1117 -10407 6100 3963 8548 -11136 -14753
15908 -7719 15381 -5634 -15266 -1239 -4493 -11969 10194 -14238 -10687 2226 7453 -9017 -6528 -3864 5607 -5781
14795 -3943 -1455 8446 14050 5921 4497 3559 -8606 -15562 -8735 3732 9678 8659 -4202 -5105 987 6518
-3189 16080 4585 -2674 199 5594 -6451 -6613 -5792 5121 3790 10238 4757 -2166 -15113 -6010 6211 16373
-11893 14974 16253 -6625 12754 11934 -910 -9596 -4832 -7034 3985 15840 15116 10225 -522 2050 -8443 -4557
-5893 4313 -8955 -14369 2352 12239 -5213 6853 -12172 -6823 -14512 14375 -2216 -15669 -13606 8997 -1589 1136
-3787 7030 -14603 4569 9337 -16292 10338 -10121 -464 -8234 9316 13413 -9013 -14826 -8268 -9336 -3470 8500
-15784 -295 12548 -13019 -7223 5632 14174 7143 596 2341 9175 -4609 2496 11524 -4082 12069 -4813 -15039
14821 2877 -10160 249 7628 -4213 -1119 9633 1603 11294 -1989 -9204 5274 -13930 11934 -11322 1787 -6396
-2849 12456 16299 13355 -2046 -2386 -11890 -9229 -13142 -6140 13800 -3308 -3340 2398 3945 16147 -11872 -16238
7788 -5767 -5006 -16032 -13704 -3273 -9769 15502 -6904 -917 15307 1342 2448 13386 16379 8313 16063 1372
-5336 -3316 15618 -11800 13259 404 -437 -11095 12287 -2340 -1263 -1594 -9572 -7066 14486 -15352 13214 -3768
3183 4675 16337 -5319 14657 -9958 11175 -4629 -14133 9441 5480 5275 -14558 -2076 -15729 -5656 -15553 -10041
-15247 2528 14525 9548 -12258 10848 -14624 -707 -12916 -609 -10029 -9824 -7694 8960 9010 9262 -1678 6704
6863 -7411 5114 -5005 -14158 -13134 -9874 53 8025 -10201 14590 -13592 13642 7544 6110 -10993 2248 6759
-11496 -15210 12512 12126 6327 -7836 8104 -5975 -9167 -14284 -9783 -6175 -5632 16287 -14534 425 -8563 -7298
333 -7263 1105 6767 -15887 -10608 -8896 2486 -10194 -3867 -9378 -1208 -14859 -12958 3251 -5598 -5349 6676
15974 10461 -7774 5002 -9435 -10616 -4293 -16319 2242 5548 12296 90 -14043 14772 -8536 -14952 8798 -8589
-8850 1925 4632 7674 -6928 -14350 -12232 -10060 -1080 15266 9402 -15442 7061 -5304 -11038 12596 10052 -8018
-5226 -14426 5775 13365 -7931 6784 -1340 3718 -6771 -9792 -16185 -3456 -11301 2918 -11175 -7312 3667 860
2201 15241 -13389 3449 -5684 -14701 5875 -543 -9125 -2850 1649 7055 11545 14969 -4532 6452 -2352 -4438
4619 4162 242 16276 6538 12869 -1101 3646 -13041 9331 15674 -14664 -9033 14723 -7117 2195 14104 -573
904 13209 13096 -13980 15216 11456 4444 -13033 -7254 -4264 6157 -13090 11010 16003 -12510 -740 -12257 2798
7911 13806 -10379 -8001 -10685 -3904 -7526 -3643 -9205 -15335 3266 4086 4015 -11850 -3962 11296 7455 -9506
15071 11478 -14357 -4364 -4228 12717 -3675 -6071 -15822 5803 -8307 11059 10702 -13316 874 -9371 4115 -10778
-13377 -1162 -15615 2302 16150 10946 2898 -10595 -6463 -2692 3146 15757 -13150 -5384 -12111 13065 4197 -4532
10520 6116 -10278 -2787 16228 3592 7828 10417 906 -15836 10461 7500 -10856 -610 7625 5051 4340 5325
3236 -1749 -8983 1388 -7789 6459 -6560 -9909 3446 13913 -6421 8511 -6892 -950 7430 7269 -1165 257
6561 -8315 -1148 -14401 1754 4302 -15097 -1454 -13302 3021 -12115 -13126 13055 409 8058 16119 -3440 -5809
14703 12574 -15794 -11074 -153 -597 -9322 -669 -11201 3602 3023 7575 -7880 7585 15346 -5625 -1632 7809
4423 16228 -7760 -2790 2928 -10146 -847 -614 -15447 8138 9825 4050 12620 -3285 15261 -2739 6043 -5807
5689 1426 186 -3750 44 -9006 -5637 -8734 -7693 -8030 1374 12407 12338 1827 13400 14669 -9057 5196
8148 -8395 -12773 -15999 4471 9160 9249 867 -3542 14312 -13978 -7699 4561 13418 6582 5819 7263 -13555
7973 -6739 -8175 941 10857 -7251 -14098 -9794 -13693 8139 13718 -12813 -6243 -7532 2365 -16323 1333 -2151
7925 9724 -4221 13649 557 -3982 -10224 14118 4215 14194 9639 -565 -6000 -924 -1164 -5684 -13671 6498
15205 -15255 -12887 12481 2008 -13661 3719 12473 2160 -4457 15284 16220 -2487 -15606 8873 8908 13132 -15034
8800 -1620 -3868 -1755 10006 -10285 10706 2922 4943 6982 -3234 -4520 14874 3431 -5713 9341 -12649 9323
15227 11728 -4938 -1780 6372 -13571 8000 -15235 2458 2811 1820 -1374 -4537 -10521 1995 -11136 12585 -4084
7477 -8462 -5632 5185 16041 -7778 -1749 15480 -3296 12838 -8691 10644 -1343 -14427 -13130 13180 12712 8785
-14657 3693 4074 -9339 15220 -1386 -5419 -3611 -3269 4573 -9354 9685 -13783 10246 -4514 -1480 -519 -3848
164 11600 4899 -7850 -4561 15878 5447 -682 -2771 -11949 14028 2510 -3353 3057 5063 -11372 -8774 13405
7198 255 8283 12539 -5905 8657 14951 13974 297 -3781 -13802 15116 -11899 -458 -7351 71 -9327 11799
-10288 -13456 -8153 -12952 -11035 7262 2313 8943 -1542 -1706 -10808 14611 -13130 8941 -12319 -11933 11833 -15279
-13781 13931 13735 -3159 12148 -8237 5093 5848 9322 7331 -7009 107 185 14309 4234 -10038 -7308 -13452
9456 10161 -6475 13575 -15254 4579 13958 -7783 5350 7965 3842 -7449 -12555 7241 -6727 851 -11712 -4618
-15790 -13323 -7338 -6396 2675 12520 -2386 -2141 -15130 -10263 11496 -14210 6132 11552 -7081 5682 1813 14909
956 -7930 13259 -3127 -7594 -15145 9675 -3917 -3817 3408 -8608 -16335 2358 -9627 15112 -11830 1006 -5898
-5272 9132 -129 -11306 -418 11080 -2703 -7950 -13709 11287 1568 11976 13683 -3909 7548 -10717 8031 6731
-10998 -11265 -2938 -1552 14119 -12339 10982 10410 -14442 4572 12000 -11911 -2760 15895 782 -7782 -9960 9965
5994 4908 -6484 -13169 7092 1535 -3753 -9122 -12007 -9561 11056 -15198 7947 970 266 12414 -4233 -15931
-2130 37 5654 -917 -4508 4423 -14557 -4310 -5446 -5168 -7888 -9386 -11901 9936 3666 13500 12575 6588
132 -894 254 11736 -12981 15912 -1438 -7187 11413 -7442 -4510 -7616 7910 -12453 15666 7874 16055 -231
-11607 -1651 -16104 4870 -13317 -9337 -5739 1416 10951 11624 -2722 -1757 14678 15076 -15959 -10938 1058 -10719
12626 9576 3222 -12437 5573 -4516 6421 5416 7967 -4647 -14786 4109 6033 -1955 15725 3987 -4603 -5835
13444 -9562 -11260 -10020 6892 14491 -3370 3459 6104 1644 -1046 -9741 15817 11295 6264 -8560 5975 1667
-922 -8002 -3793 6432 8296 11367 1367 7277 -6292 13276 -5190 15428 13108 -7713 -3104 6802 11333 -11786
-13316 -5548 -16127 -7413 6443 14014 8207 -10191 -6915 10940 12803 -1082 1069 -4960 -10692 -1861 -9546 -7662
-6391 -8656 8454 -4021 -14065 323 3732 3207 2542 12586 3473 12471 -11741 -3711 -9220 2167 11816 11996
15833 -5567 -3357 8617 9410 -3872 -16066 -11470 -3937 -14041 -4846 -1796 11697 2018 -13495 6743 -3114 7181
11075 13367 -13561 12612 -134 -12479 14628 5755 -1694 15393 -8970 -784 7315 -5595 14954 9052 3370 3074
7203 -16015 7532 -259 11828 -14463 -8530 10279 13866 -14724 14704 15368 3145 5148 -12079 9312 14872 -156
13598 -1974 -7647 10565 10700 14978 -11023 -10844 649 -11767 -2203 -14214 -9297 -3865 -8664 856 12761 -8882
-15752 -2281 7383 -12056 13352 -571 12744 -7574 11500 12512 -12162 11624 -5934 -4147 -8154 11373 10251 10879
16169 -1716 15860 -15236 -5547 -6223 4433 9214 7991 11771 -3624 -16002 -563 4173 -6417 -13489 -4774 -15900
-9291 12709 -14184 -3932 -13242 11969 5396 12020 -10181 8039 -13865 12243 -8592 16272 -5822 2340 1546 8031
-3524 -4026 -10055 -7082 -4978 9449 -11717 10952 5260 -475 2337 7057 -5637 -12861 -11050 2566 9767 3549
5340 11816 -8868 3247 -678 -12514 -12423 2724 3283 -3615 11228 -332 3896 -8136 -13178 -2832 -11741 7141
11384 15193 -4519 4641 7523 -12038 -13671 9032 129 -13522 15252 -11568 1726 9536 -6853 13179 15388 11838
-16071 -7211 -7594 2311 -4415 11991 -8509 -3420 12168 9451 16251 -15658 13846 -16105 7104 -9484 10554 -4494
-11368 -2315 220 473 -3400 5323 8183 -1047 15013 -6667 -12313 10019 6173 -179 223 -6538 1971 15141
-3138 -14370 11706 410 12546 12131 9573 -5343 -3811 11856 -13523 -3745 -9752 -9569 1649 8767 13684 15022
-10651 2373 1545 6457 9764 -15583 7016 -10870 11303 -4224 3412 1001 -10020 -2777 16210 -3493 6285 -13247
-11858 -6776 -4980 -15624 9148 8699 8069 -4028 -13464 5522 6457 -14080 9704 13613 5456 2882 -6704 -7509
-15997 -3091 -15798 -4331 1793 -3456 11169 3350 789 -12494 10503 -14409 -3324 -2240 -15470 -11967 5940 -7292
8831 15999 -11884 -12982 15555 563 823 9567 -15422 15552 -4797 363 11091 13348 6409 -3198 -3311 2091
2933 -10 5326 -2329 -14422 9582 15461 -15014 -6939 11068 11446 8308 15273 10732 -2579 2629 -4577 537
-7933 10091 -12364 13701 13446 206 -4092 -10647 13980 3469 -13056 263 4165 6456 -4022 5001 -2590 -9663
-1057 6150 14579 -13140 -5639 5346 10021 9484 1075 14169 -9587 -4172 -10769 3162 -8403 12321 7668 15257
-11840 5311 860 -1823 -9293 4815 4525 8101 12401 -349 -16313 11490 -4123 -3060 2301 2849 4665 8981
-11768 -6953 -16154 -11022 12056 -3853 -16154 15666 15818 -4682 -11701 -5314 8515 15812 10484 -4101 -7917 -9348
-7521 3024 12123 5764 7707 -1838 -9675 -12374 6110 9521 -5041 9958 -4159 -3586 -16167 -12348 -1025 -13814
3744 -30 -12926 9515 11900 11218 -13980 -13401 8424 1581 -1105 -4630 5872 -2845 1895 -7045 593 -3891
-10292 11309 -3876 901 -2343 -3430 14105 -10369 11535 -14643 11828 3663 -12678 -15809 2325 -11956 -10007 15876
1226 -12199 -14464 -6073 -2004 8958 16244 -12812 1725 16317 -1514 11443 -1321 -603 4105 8478 2818 -11232
2521 1323 3750 -13038 -9808 4843 -6684 -8925 8797 8055 6333 5723 -4191 551 -3714 -5903 -15449 -1019
5715 -6563 7631 13184 -6591 15027 -8526 6245 7475 -12235 11614 -15347 883 -12001 -15894 10703 11324 -1081
14630 11200 1965 -794 -10829 -6243 -13341 -15305 -11724 -12293 -1698 1857 10465 -6711 -341 -6542 -3001 9720
16194 -6034 -12990 -136 433 16293 -13742 -6816 2292 3627 1040 -11922 -8922 7109 -15617 -13642 1882 12864
14976 -15211 -15157 5127 -2774 -5656 -2766 -16139 -10696 10362 -14217 -666 -11166 4292 -4212 -12396 -11823 -8750
-11113 -6368 13675 14719 7758 8942 10583 4333 679 10551 8894 3377 11441 -14885 5840 1097 14781 756
264 -2475 4547 12208 7857 -5372 7936 -13983 936 -15541 10467 -1331 -5020 -11428 -10709 9673 -3789 -10027
6729 11022 -314 8503 4619 -7099 14319 -2915 4987 1116 9385 6306 -2810 -11738 -11685 -84 -12326 -3809
-13993 -1974 -15983 11401 -1115 -3852 -3821 -1855 4356 9213 -9544 7884 13360 16327 10156 -14795 -15004 -8395
5273 -12012 5656 -6562 11136 15981 4628 6023 -11030 1731 -1625 -2988 1084 9957 4398 16181 878 -13047
-5667 12583 8671 -9191 10170 14239 -13692 14672 -5906 -12609 -15038 6151 12856 -13365 10136 14285 1217 11230
14472 -14153 280 15072 -13391 -5641 15221 9908 -10315 -2385 9537 -11600 -13342 5382 12248 -176 -5867 15228
3214 6697 8663 8316 11760 -13789 -14897 -14287 -4531 3042 -941 9369 -140 -3449 -11684 -1056 1981 -8042
-8284 2277 4174 -13001 -14583 2593 10392 -5727 5682 12971 -7390 15057 -14216 12691 3974 -1148 -3844 -15495
-10814 -9635 -12259 598 5799 -6042 -10226 -6239 13748 -13378 -6975 13455 12299 2703 11018 13497 9401 577
8962 3813 12858 -8465 -3669 6174 -12993 10007 5585 -8953 -2898 12181 -9160 -10898 -6423 3026 -8460 -2525
15442 -12742 5138 5385 2831 11499 12161 -11409 -2036 -8523 -9170 665 -9921 -15298 4200 13987 -13008 12675
399 -1143 -5192 -5240 -1302 -8067 -3063 11848 7123 -12924 7149 -12561 -16101 -10435 -7083 -12727 7593 1277
5897 -4231 -14747 15653 -11835 9965 13651 -13393 -15769 -2669 2051 14082 -1919 1093 -726 -10479 -4074 5003
-2678 -7521 14753 4994 -1001 -6430 -7334 -2024 6491 -8884 1973 7544 -2534 -11355 9516 -12082 4402 -9635
9022 -11996 3269 11552 10424 -9047 -10596 -13908 10036 7710 12226 -5920 16351 3722 -10376 3604 -6784 7980
-8885 8368 -8267 16308 -8579 -15368 4989 5299 12972 -7898 13567 -3503 -13389 6074 -14717 -4291 -13107 2070
2237 9192 7416 11333 -16300 -5642 -1887 13084 -2914 12268 -14723 4485 2986 13615 13237 15895 -6267 -15824
-9401 -13589 -5962 12512 -855 -11862 -1525 -9877 1454 -6679 2455 14114 -3153 440 4859 -9799 -12318 8313
7910 -2382 -13555 -1039 -9255 12056 15456 8090 13355 -8846 1951 -14784 1363 -16 11905 13769 -9114 4839
4438 3415 -9257 -4220 8940 14734 11909 699 5043 815 11260 -3966 14367 -5136 4595 -2243 11854 -12924
-2281 10104 1771 -4357 -9462 -15395 -2733 1103 -2135 -8867 -13578 -13248 14227 -79 -15873 -16295 -2581 516
-9417 2899 -5290 -12302 -11482 14755 -5047 16044 -3460 -10161 -9082 -15746 15790 -2563 -1053 6259 -14362 14925
-4019 14423 11541 1904 12556 8926 -2198 -9741 14153 -8157 -3095 -9516 6094 -15788 14930 -10272 -5617 -16213
-5045 5691 8293 -352 -4165 13119 13729 -11427 10356 1923 -11326 -6798 -2794 -16322 -10242 11977 -3280 8906
-10233 -802 -12632 11914 3214 -16088 8283 4337 -15092 -14885 8200 8155 -14151 6864 11628 -12767 -14114 -12603
-2904 -12694 -14254 -14142 12775 -10173 7229 -10789 -10171 -15503 -5597 16156 8169 -4731 -14561 -1086 16245 7600
-9108 -11353 -11102 -9509 13608 1536 -16349 -6160 6492 -14261 -1838 -9605 6712 12674 6665 -138 13212 -6763
12624 606 9949 5399 3898 2702 -3385 9527 8075 -15672 3292 5106 3228 -243 16358 -4983 12800 -2890
-11346 -8147 8806 14530 -7678 -10495 -15166 -1935 -771 3392 -13144 8202 2699 4285 4599 -7165 -1750 12942
3007 -8127 12782 -16125 -3490 -15941 -5174 7641 -13083 11845 -15349 1203 -4670 -8533 -16348 5576 8862 7933
7343 -1829 7046 10538 3507 11368 -12981 3537 -11227 -10970 -11483 8020 -13141 8616 5019 4910 -9307 5733
11430 -12921 -9619 -10787 -5355 2819 -5667 14608 -11988 -8988 -12782 -13252 -3951 11079 14190 960 7015 12753
7396 15713 12474 10865 2929 -7757 2079 6780 3815 14797 -16234 -2560 6127 -12983 -2383 3410 845 -9115
9718 -1807 9830 -13688 14728 -2170 1279 3309 4101 -3510 5191 -3685 -2388 7053 12056 -11628 -8256 -9324
8058 2381 -10192 -92 -7830 13926 119 -8356 728 12691 3265 -5048 -15114 13786 4176 -8269 -7504 7681
6174 -1348 8309 -15033 -10043 3243 2369 -8111 -3172 13189 -809 -7577 5921 2783 -3257 -15648 -353 15601
6582 14041 5383 10732 11365 13102 16162 6541 12779 -13659 4331 10993 -1088 15460 -3528 -2388 4092 -14673
-2408 5908 -8090 4554 -4992 2786 -3417 -14525 -6232 9724 -8738 10574 -13645 1165 -16039 16016 5134 13399
6304 -6654 -3556 2123 4279 -6355 -7536 -13737 -15712 -11621 -7910 16253 -2276 -14706 -5819 12844 -10309 -5134
-12384 -2356 12560 16271 13851 7827 10823 -1147 8116 -13151 5591 13553 -6316 -7864 16273 501 7667 -4182
-9245 15320 5123 12680 -937 12681 4620 -4773 11611 -8628 1172 668 8520 -1876 8002 4201 3229 -4682
15171 -5556 6028 7271 -2836 -12462 2233 -6809 -13151 5986 3391 -7439 -12555 -13615 -15884 -8941 2065 -10191
-7699 -12772 -14757 -9109 15939 2896 -4016 12556 -7400 -6686 -3662 13540 3540 -10211 999 717 -10058 4833
-10846 2761 16264 -169 -10820 -16047 -7757 2267 9572 -10007 9586 -15550 -2688 14838 8298 -16073 -11446 11476
-5796 12036 10301 -5596 14128 1404 -3786 1379 -3777 -5843 -3886 -6718 5322 2521 -7907 -16080 5067 5673
-6034 -12869 4338 6047 -10867 7448 7400 -13619 -6377 -10622 -10024 -14395 8739 -15678 8747 3792 -986 -8565
11162 -12957 -9195 -6385 10081 -4273 14024 5325 -6446 -12233 -13657 -1875 4875 8518 15998 12104 -7415 -10461
10164 -8566 -3363 13341 15262 12666 8251 -15699 12334 -14759 4156 -11237 4049 -15638 -15778 -10370 1174 782
-11064 7400 -8556 5532 -8747 -10013 -9850 -1175 -304 -1000 -6729 -9054 5115 13134 -2011 10339 9686 9115
9695 -11639 -97 14038 3763 9154 3861 3147 -9464 -12312 -3709 -7756 -12026 -14708 -11783 2148 -15108 -3627
-805 15044 -5886 -10357 -13152 -6652 16349 -12177 -11308 15370 14115 -13874 -6049 8622 11425 -15019 -3062 -13013
-7430 2854 11838 10444 10640 -15827 8975 -12817 15271 -7507 11131 11304 6856 14110 15084 12484 -6043 -8388
9731 626 698 2390 -14695 9533 -5893 -10768 8445 6846 10923 6534 -4476 -11631 -6581 -3922 12608 -251
6964 -9630 13583 8725 -11577 -13157 8663 -6497 -6973 -2270 785 6602 -9483 10402 -6011 -10035 14358 2562
1107 -14638 9714 9202 -5573 -8396 -12601 -7482 -11242 14320 -6675 3198 4002 -14245 9146 -8913 -1656 2064
14504 15741 10647 -1491 -1103 -14457 13393 -1857 -10244 3560 9641 -11141 15801 -9958 6412 7341 6737 -12545
4766 9078 7098 14521 -569 4658 -15575 -9532 -2835 8760 2796 4922 13953 -12856 9109 12924 -5311 3388
3164 -15883 8628 -2935 2751 11572 8955 -15133 -14996 324 1225 -14662 1631 13882 7344 -18 -6064 14091
14494 6718 -3257 7073 -16216 3589 -4975 -14033 9732 -6877 -8744 -4928 -15523 10805 6028 1044 4675 -10222
12937 -5968 -9726 -8850 -11019 4395 15252 2269 15974 -816 16120 -3838 -8371 -668 -14938 11516 -113 -11453
1626 -3799 14447 -12366 -2534 -7158 -14922 -3728 -15757 16255 -3574 12174 -16122 4671 8864 -6527 -1980 13699
-14820 7029 9588 -13566 10924 2533 -7169 -10469 -132 12136 -9755 -13482 1352 -13873 3469 5387 12881 -1171
-14136 1124 -12937 2484 11531 8066 -15204 -5622 -8956 13819 -15793 4305 -8374 -14194 -14678 14027 7794 6413
-14469 2210 10827 -2398 7074 -2876 7778 6703 13755 2924 -11831 10005 -3585 9478 13334 9243 -1180 -15690
-1105 165 3081 -8914 2371 -1489 3289 5575 9372 -2574 -10136 -555 -2411 8937 9496 -6094 -7065 -2051
-9589 -1763 12327 -7563 -10703 -6074 660 14510 -7362 10536 -15857 -15081 -5691 -4708 -9500 -684 6429 13987
-9008 14782 4490 -6259 4547 281 -12005 3897 -3611 15486 -6193 -9287 6359 -6250 14075 -5094 8252 4362
16367 -2942 888 16190 -14888 -6021 -3911 3389 -14622 8077 11059 5105 4253 10259 -7504 -3178 -3158 15432
9286 4459 -9586 3489 -14229 -8781 -14363 -9631 551 13779 -66 357 -3159 14043 -8127 2119 -5122 5165
11669 -14428 12827 -14726 -11006 12724 292 9960 -5293 -6363 6633 -13670 -5505 3618 3502 12881 -3448 8117
9773 8814 4513 8016 3805 14109 -10344 -3929 9075 2253 14443 16319 1961 -2843 573 12108 -5056 -8527
-5522 -16071 9536 -863 -2555 11647 -2680 1460 -16047 6979 13185 -11469 -5424 -4066 11061 -13668 9551 10673
-7806 9181 13650 -2682 7334 -8245 -8776 -1260 -10744 713 -104 3100 -1746 -6196 -3729 12096 5135 16257
-11908 14540 -9071 4045 -10390 -6700 12106 -14473 -5841 11648 -5237 14879 -2251 15530 -12132 6266 -7241 -12374
-16311 14521 -1681 -8599 2716 -15546 13677 -12611 9964 6067 -6069 8436 -487 -523 -3457 -13645 10765 -2100
8207 13305 -12657 -14715 -6291 2694 -4298 -1819 3992 -8347 -6475 5468 395 -15684 -7326 13441 -14121 -11798
3314 8129 1925 -5164 14212 -14257 -7862 -130 -14364 10847 8663 10457 11525 -3943 8843 4061 4823 -5177
13137 15832 12861 13008 2757 -8953 -7596 -276 409 5730 -12549 6156 7479 443 -1903 -6748 11688 -9205
-7937 -2169 693 -2044 2552 6955 -947 7402 10368 -12004 -1498 -14423 12716 13987 -4443 542 9386 14285
6402 -15174 13825 7567 10920 5703 -16358 -13246 -9252 -8694 7422 -14763 13214 7177 -12958 -14525 1748 -1106
4320 2753 -3417 -2930 -11384 5180 -10715 -4733 5270 2691 3887 5631 10884 -1085 -361 -5722 2117 7600
6015 4625 -6198 -8695 -502 6905 -570 -10434 -1744 11383 6837 -661 15344 16292 -8925 6023 -13907 361
-9951 -10012 -1581 -10349 -9955 11982 -8519 15396 7124 5782 5066 -7438 13223 4022 14055 -8854 -5360 -438
4360 12467 -11667 4549 12835 4605 -9468 997 1103 15632 9030 -15384 6696 6439 -10153 -7687 15477 8193
-12089 -12562 -1271 15157 -15197 -15308 -15129 3014 -14672 -6134 -13399 -12296 -7434 492 13857 -9375 1659 -11436
-6590 -10941 5202 -5986 -10694 12568 -13355 -2487 -12063 5486 -7121 5731 2390 9462 284 -1465 -10776 -8742
-6923 -7039 4658 843 998 -238 -4981 -15005 -9085 -7717 8860 6952 14714 -8878 -3757 751 -16213 -8838
15352 7396 -3242 -1773 11934 -11288 946 268 -8258 2202 9127 9282 13597 -3399 12500 -1178 4085 11433
-7724 4406 1109 7507 -10049 15097 8129 13362 16114 -10969 798 11179 -12780 14433 -11308 -14946 -5550 -1363
-14295 13882 12777 -12067 -11534 12565 9710 9289 12913 -13188 -12214 12490 -6534 12039 2815 16097 -11823 15217
-13133 -12749 2775 11943 7787 -15301 8045 -7136 7830 -3266 -12270 13419 13646 3456 1606 8718 -8740 -10054
2620 -14193 10617 13764 15276 -15925 -8356 -12136 -11771 -2673 -8719 3192 -6203 1893 8549 110 -10967 -10577
4971 6133 7687 -15117 2106 11253 -2308 13941 3286 10229 9666 267 -5486 3980 -16155 15661 977 -2022
4758 11596 -4588 -13643 8927 12133 -4815 -7578 11513 -4905 13279 -9580 1018 15472 3452 8639 10932 -5426
-10999 9330 8921 -8987 -8847 9331 14179 -16165 12050 4158 -14797 -16099 15997 -4429 -13064 -4693 120 13066
15698 -12361 -184 3342 -9160 -9362 -10966 2442 12438 13333 12325 5888 -15044 -2471 -15609 -15717 -15884 -800
-14426 -16029 8176 -11484 -2457 6581 -657 -13695 5893 245 -11112 -6771 3731 -16000 6564 3494 3771 15581
1094 -14637 -13749 -8643 2116 -10811 -11536 4384 -16026 3130 1086 4182 -10607 12175 8187 8491 6194 11661
-105 3803 -8735 4996 -269 -1459 -6337 -1127 1130 -11779 -15328 -7072 -13801 1592 2029 9900 -13237 -12911
-13235 -602 352 3463 -14597 -10979 16056 15247 -2310 -11747 -4355 -13771 11505 -13886 -598 -2408 -3375 6733
7115 2590 5811 6777 -15863 -7061 -8950 4873 5087 -7798 7669 -2396 2098 -3986 -11786 -13342 -1277 -4706
-11837 -602 3195 5675 -12936 1453 -3791 9958 16116 9575 6055 -1071 -9338 8454 -14567 -15404 -14144 12501
7026 7343 6315 7371 671 11063 -11992 13920 7945 957 648 9376 13149 -2356 12676 13950 -1136 5652
6224 12138 5918 1449 773 -15833 -5990 -4751 -13495 11733 3682 7891 14122 12629 -10061 -15690 16205 -14129
-7970 9130 73 -5748 9687 -6040 -9394 12297 -11784 -11656 2570 13390 3580 -10959 10700 -1923 1358 6374
490 9638 -121 15966 2401 2786 13103 -2426 -4163 4768 13774 -15773 11575 8762 11553 -4277 -8668 6092
9637 9043 -4723 -9658 12890 3595 -11493 12222 14794 4457 -6090 -12788 5192 -2300 6252 -9839 -8329 1410
-3815 -14761 11018 2643 -11203 -12448 -7470 11168 -11599 -1993 6644 5759 -3712 -13110 7034 -8854 -8562 -11396
-7153 6893 -10114 -6793 -5885 11429 -12846 -7873 -12138 6762 -2220 -5235 -142 -571 -3659 12889 8056 -603
6772 -6598 960 12886 13313 -8725 3548 1457 5411 6189 -1953 -7278 -6248 4052 10905 -12664 14843 5661
-1619 11470 -5909 10046 -1347 -7806 9063 -4798 -13695 1548 3711 -6893 -4604 -10270 -13269 -9768 12453 11884
-5772 10879 9059 3400 -2087 3486 8537 9907 -10763 -14471 -634 -7616 -5284 1627 15822 15307 -9273 -9932
1861 3762 -2703 -2983 8106 8514 -8512 14506 10290 1136 -14552 12512 -2680 7113 8012 -1762 10513 -7763
7270 -15163 -4235 15287 2794 -2417 2138 -3200 13415 -293 -1165 10116 -9042 -3003 7865 -14235 6709 6776
-11783 -2481 3517 -13494 5005 -11589 15667 -2562 -11664 6743 5588 10475 8557 6981 -9834 -9910 12214 -9338
-1085 -8896 10910 942 12517 -13248 -4960 -7710 13801 14745 7582 6398 4735 -693 10352 -12263 -9534 -234
10653 -2520 13333 14294 15204 -4610 8533 -8941 -15616 13948 -9682 -5421 9000 -7418 12740 -77 -2084 -1996
-12129 16181 16222 202 -14910 11867 5247 -4373 13078 15990 -8674 7561 6419 -1478 6121 1568 1431 2322
6254 -348 10773 -837 -1968 5047 7413 7434 -303 -11487 -13768 9744 14232 6776 -10405 11362 5558 15911
-387 7090 -14366 7311 9410 931 8708 -3704 12282 9947 16378 -500 -8320 89 -14954 -10190 11357 13065
-8217 -2208 -2889 6038 -5191 -12099 -2458 -9087 -6817 6116 -8991 -5009 1455 -2079 -6556 3781 12366 -10154
-7092 -2438 5935 763 6848 13092 14166 15697 -15465 14421 4834 10896 14453 -4309 -13236 2525 2104 1569
1768 9410 -1131 -3284 12468 479 -13061 -9213 6481 12253 6078 -10050 -1458 15524 -15751 -15197 -11098 11470
-5972 4411 -14456 1883 1956 -12371 -15267 -13913 -3418 -7100 -15353 -10344 -11708 6225 -7833 15387 13069 -455
-733 -12846 -6289 -9273 -12634 3079 -16170 3777 1639 -14363 -7149 8131 -6801 -4633 15620 -2231 -4586 912
-10894 -5881 4620 11612 4917 2429 416 -12040 8607 462 60 10157 2584 -10799 -7631 -10973 -16378 -12190
6066 -10683 9199 2554 -5853 -9090 -15902 15751 -14188 -5842 -12525 -8330 -9081 15703 10948 11020 10232 -3684
-6547 6655 -3167 -13723 6419 -1470 -9101 7266 508 5659 11111 -10948 16007 8828 -9599 -898 5973 -6255
-5366 -16167 10413 -10348 -3812 -6773 -5600 2024 -1947 9242 -9880 -16282 9770 -10678 -13163 5362 15502 -953
12137 15698 -7409 -3294 12291 8000 -10161 -4221 7868 16062 -3815 4251 1360 2218 2209 8027 14654 11154
-14833 -12827 -4750 -3382 -9417 2880 1824 -10309 8362 16207 14835 15741 13043 772 12135 2728 -2789 10449
15731 5480 7278 10592 -3987 5584 10625 -14203 -5081 4720 -3467 1647 -6051 -1237 8820 12581 -13230 -6590
-11642 10801 11704 9139 8062 13462 14033 6857 -7850 -8439 14294 9708 -6242 -8611 -6250 -8005 -8370 -5057
5982 7257 -14908 -477 -8672 -4596 3337 -6018 -305 3075 -10921 -15819 3591 -4999 -8231 7252 6903 -9480
7856 -7674 -8327 -2050 1599 -2886 15229 -10554 928 -10070 -78 11615 15477 1410 -13476 -13565 -1048 12123
389 -14172 -3863 7147 6493 10182 8635 -10246 -12836 -11370 14519 -7916 -3931 14383 3656 6019 -7120 -7101
5174 3199 294 -5923 1578 160 -5360 -5249 878 9878 6187 7795 -2571 -486 4254 4959 -5477 -9437
10449 7195 16044 -4771 15125 11712 -14677 -9258 9353 -1533 -11699 -14085 2365 12992 12740 -11581 9111 11224
8259 -7382 8950 -12479 14270 -6943 -8809 5971 -11789 12355 -9803 872 -1369 -15220 -3597 15017 -10447 8517
6396 -11996 10042 -11260 108 -7398 -15673 3665 9963 -1377 14704 -10261 4505 -3228 -2316 12588 13488 -12082
4335 14794 -12443 14922 8682 12225 16141 4582 -10859 -9586 3463 -9958 2639 13980 16089 -10268 11246 -2812
8726 14875 11197 9072 10625 5893 14786 4191 3572 5922 9027 16273 -15996 11340 -1398 698 -2723 4098
-5148 2683 14065 -1023 -7186 911 -6053 -12013 -5358 5193 6132 8235 -9648 -12737 -1200 -13902 -12997 -6080
4423 10012 -2748 -11125 12144 -3392 12858 1856 -327 -7706 5138 282 11079 9504 10725 -3495 -13397 -15649
-15816 2555 -15566 61 127 -15051 9109 -13278 -5147 -11491 -11809 -8060 -9403 -8026 -3451 3596 -7557 -7982
-7978 -6685 9441 9506 13718 13762 12564 -9646 8429 2639 -13831 15683 7039 11177 -16130 7224 13013 -14269
-14943 -1977 -2811 -15890 -12746 -9465 16269 -11975 -540 13453 -2685 -3331 11248 -10850 -7957 -11213 -4033 -9698
-15512 12296 -9961 6087 -9705 -11210 11813 -6878 -10056 16265 -6971 -13137 8206 3784 10621 101 13192 11192
8906 8546 12834 -3462 -12000 12252 -10616 -16106 12331 14167 -15751 9560 -675 2842 6513 7394 -14430 9956
11914 7034 11379 2011 -13924 -13402 -6633 4549 -14428 15735 3868 -11141 6763 -2133 16172 -14950 -5273 7917
-6910 -15748 -6691 10110 437 -4506 -5048 -15108 10560 -16125 15614 3190 -5059 -9967 -13807 -824 3819 -6310
-14220 -7897 12666 -14874 14942 -15878 -12920 3950 -1804 -10261 11490 -13547 289 13629 15760 82 1993 6496
-6377 -14542 6431 8900 -15115 10427 -14507 -11539 -5520 -7244 11378 6340 5011 -5756 -15480 -10956 -6278 10102
-8954 3571 12230 -4056 12905 -15710 10612 6458 -8932 6160 -11562 8521 13461 -12828 -9515 -3550 -10295 12891
5503 4911 -6724 2157 6594 -8138 10614 5144 -5002 6209 15646 -16138 -9061 -10015 -6046 5904 -2848 -9840
15893 -3593 9835 -1165 15643 11791 4310 329 -1909 -16337 2937 927 2825 -5272 -11286 -2747 -9858 2337
1470 -13313 -5914 5995 16281 8572 -13438 404 6501 -8052 -5829 -10506 -12323 -11634 10046 -7149 -14002 8486
13035 -7709 -10338 8248 -3089 12138 -9330 -3053 -5715 -13934 11578 -6171 -2078 -2768 -4629 2166 -6521 -12440
9989 -10469 6393 14391 -9629 10464 -16295 -13490 -6203 1544 3373 -9443 -5210 7613 9297 8752 -1229 8704
-9461 7870 -7785 8162 -392 -13183 -15748 10230 10798 12479 -14897 -9465 -3548 -4941 12483 12037 -7219 -13817
4122 69 8834 -2625 -10335 -15637 9003 -8898 6904 -5984 -13545 -7774 -15460 -12664 -2521 -10924 -6113 -14473
10291 -2083 10420 5730 -4690 -7172 13555 -4843 12162 9204 -8484 -15580 -445 -8149 -8427 6435 6274 -9231
11895 -997 12414 13469 6352 -8908 13570 5854 -4893 4535 8586 -8622 -4691 3896 6568 -11440 -5908 14352
-11353 -1270 5856 -13301 5740 11734 10067 -11937 -12634 -6196 8152 2531 -225 1933 -4270 -14207 4206 -4252
-9547 15075 -15395 15503 9999 -1161 -12930 2271 9417 -112 -9826 -5504 42 13800 352 9745 -1250 -5809
-3414 -14592 -3018 15261 -12484 4624 -8464 -13076 1823 1594 4407 -7419 12869 -8263 2605 9495 11630 -11939
5672 16302 -439 -6106 -3076 1251 -15652 -13035 -8327 -9006 12325 -9923 9523 6730 -7166 12313 9097 1992
3662 -11229 -8991 -16218 13644 -5726 -208 10894 6473 7107 1218 9013 -1153 -10260 -11720 13894 -13259 -11443
-2610 -4194 1067 3767 -5153 7606 11579 -13134 3241 6244 -8643 11721 1877 -8249 11812 -6358 3635 10103
-7568 -14485 6212 8710 -9019 -594 -9220 8358 3029 -10520 -6332 -9433 -7288 -6787 -1851 -3036 8275 -14575
-413 3452 -9748 -870 -8952 262 10529 2233 -6748 4481 -6906 -14259 7025 10187 15182 14653 12155 -4011
10236 9117 -10911 -4909 4155 -9993 -10922 -12745 1161 -547 -149 10974 -4580 4550 -7152 -6899 11133 10524
-2601 -10856 -8069 3473 -1925 3808 -708 14515 -7902 -13303 -16204 -9023 3038 -8095 14906 -4163 -5509 15137
3703 -4927 4212 -11425 900 16277 -16313 4150 6221 3714 -8725 334 11065 -10654 -5474 -1152 -3058 3320
-4636 -4660 -10994 15751 -4148 662 -14491 -11361 -6027 -7917 -6458 2097 -14127 8956 -8108 9454 168 -11641
-14145 4558 9696 1172 7599 -7956 8445 -7381 -2456 -13166 740 15397 10147 -9320 -6171 -6101 -8509 8176
3063 7645 -2006 -15490 -3002 1363 5351 -10458 -11797 8137 13205 6184 505 -10345 -12159 8112 -12606 -13217
-12020 12458 -10672 12169 15950 6099 14900 -15116 4867 -11753 -887 -9242 8355 -4842 11822 -11194 -12339 -10745
-11685 1033 16358 2752 6993 4337 2566 -7914 -7055 4726 11026 -10140 3440 4094 -9944 10598 6888 12113
-14280 2128 -16364 10064 8695 -13027 13780 -13594 13560 -2528 759 -16329 7955 14560 6586 14366 -2292 5417
-4467 14813 14702 7774 -5099 -10481 -835 -4337 -6026 -9253 12491 -1335 -46 -12435 -4757 12848 -2035 -10075
5189 11601 4562 -9455 -13814 -12234 -5412 -8167 2760 7603 -10898 8312 -8801 11401 -14044 -15883 -5226 -3412
-12049 7494 -569 -9509 6745 8284 9921 -10120 2577 8384 6959 -4709 -1627 12888 -585 -10400 649 -10672
8733 -11135 -1438 5715 2993 14889 1148 -8190 10983 -13560 -9056 13469 7746 1187 16132 263 -1416 -10513
4515 12778 -8751 -1507 12976 -10184 -11569 -10569 4197 -3629 -14829 13291 -4606 10891 4989 8232 -1518 10575
-4456 -14359 6638 15775 10797 11980 3719 322 9023 -273 -10655 -15816 -11494 -7564 -3876 -14097 -13120 7007
-6472 -12615 10638 -12882 15318 14459 10529 12192 11843 -5717 2162 5204 -6540 -15499 -11198 1176 -820 9276
15034 -9727 -1948 -1205 8274 4149 11018 -15167 -1037 -16239 3722 463 15959 -1048 1837 298 -14150 -2392
12159 3003 13994 15139 4438 -13929 -189 -10707 -4079 -3284 12665 12770 2076 8895 -12331 4809 -6211 -9698
3908 -5343 -15095 4232 -692 -1937 -2760 -8970 -11935 -8354 -5861 4215 -4714 14795 -11542 -11012 -11656 -13536
-9917 9269 2613 -12582 -1168 10970 -12538 5486 2792 -5103 -3899 -7341 -8679 14627 15836 -14761 8292 -11910
-3220 -10955 -7317 16072 -1885 3432 -10873 -15993 -5780 -15549 -15972 -7774 13390 -10181 15376 -2190 -12394 11139
8472 -16148 -13905 -1820 -14280 -10472 14546 6593 4354 6084 -12827 -9087 11558 -10373 3740 -6644 -13396 -4175
-1307 -11854 2426 -704 8578 820 -13538 -7400 -6151 -8419 -7224 -6863 2472 -8878 11668 -4155 4668 10729
-2286 -8515 -10426 -14272 -5632 -9879 13602 -5050 -12459 5746 4900 -484 -11132 7189 -3343 -1055 13821 -12149
3876 11720 -3335 -4412 -12994 -8081 -4496 13148 1720 6508 8554 -10800 -4744 -1493 -15744 8679 3943 -15116
1689 -14984 15712 14414 -8455 9803 -9907 13451 -10118 -11168 -12403 -8291 24 -5040 16279 15142 -3916 -496
6116 -7975 -4590 -13347 10507 -9987 12578 -2701 -3032 16203 -13943 -7295 14462 10758 14423 1881 1124 1858
10265 -15635 -12963 -7035 -6633 3318 -11390 -11122 210 9590 -11227 -6280 12246 -4509 -12360 -5886 -5964 15512
-6422 -9943 -15034 13591 4883 -11528 7989 2671 15827 -10848 1217 11894 -1033 9162 -5439 -13250 -4195 11565
16352 7746 5526 13916 -15052 -2840 531 13027 -12309 291 -12163 1426 -10143 14200 -13667 6936 -1445 -8410
2820 4820 -13682 8604 7854 -5656 9568 11830 -5663 -9073 -9483 -14809 -11180 -3664 -9118 -15187 149 -6990
-12732 -2164 4780 -7790 9334 -9283 -13827 -14541 11037 4708 -3476 -7178 8425 8708 -3901 -8053 -14695 -10256
-4521 -13049 1979 -8701 -6166 1077 8381 -10096 9163 -9934 -6622 8346 -11451 -15564 4363 -4535 -7368 -1109
13570 1940 16384 -15733 -15627 -14523 4253 15591 15738 4123 11541 8642 606 81 -11242 10531 -12964 -1727
-7207 -3735 -10204 -12447 6730 -12579 15271 13941 8301 14731 -2413 15879 -6916 -12970 15638 -3564 2637 4162
-2579 -3071 -5252 -3306 2198 8148 -826 -16347 -7959 4520 2865 -5017 -13369 8026 8054 -305 4399 6785
2073 471 -4228 -4441 -12585 13153 -9247 -4174 7489 -6468 11323 -4958 -11090 -13054 3597 -9599 -8882 6056
-4411 11158 -3942 10583 14653 9950 -7436 -14087 3206 -11337 12427 2832 -12311 -12837 -11903 -6836 -14298 5523
6472 8284 4606 12332 9553 7171 9720 11430 7912 6511 -13983 -8018 -11172 -56 4237 -3637 -4773 -12539
-10650 -294 16035 13569 -13020 -577 223 -1834 3159 8532 -4409 12384 -16338 -9305 3722 -3035 -8716 -12189
10867 1366 470 -13429 15558 6709 -9747 4205 -11539 -15204 -15751 5334 11216 9938 -2198 -892 5513 -5463
-220 -5927 -12742 11974 12930 -3882 -5066 -8642 1564 -10937 4454 9826 -1848 -15046 -4624 -291 -13475 -14666
-10736 -2052 -6725 6057 -4278 -15539 3341 6947 14531 10858 -12463 9922 -3346 -6121 -14319 -15249 10850 6026
8819 15430 -5612 11787 -901 -1317 -10077 12990 3971 10139 -15091 10428 -15853 -111 -6516 -8343 1744 -14261
-11332 7425 11476 -4326 -2820 -10380 1314 10368 -2537 -4236 369 9191 -1244 8650 12338 10128 7337 8945
14797 10444 -4344 6367 -15569 13423 6419 -6368 -9855 15233 15874 293 -13511 6198 16008 14050 4694 -8415
5439 12182 13287 -12123 -11698 1766 14543 -340 -1469 -16337 9157 -1382 -13248 1048 2207 8067 13149 -9105
10448 -13154 -6323 -7635 14639 9201 59 4570 13562 8535 504 14872 -7653 7585 8793 14459 -5463 4630
-12581 -1896 12209 12322 13703 -5794 14646 8523 -10978 -9047 -6280 871 -10131 1298 -13965 -2803 -16128 1548
15526 -14774 9471 -13777 14876 8595 1109 5067 -2903 -16125 -1776 -1078 11373 958 -14586 -11600 -9312 -2123
3772 6144 8333 11149 10122 -1079 2270 -8991 -6916 7796 8730 -10585 -13451 742 -3218 5103 -2025 -6454
-15191 -1323 16357 -2781 -10614 -15442 -13781 1832 -4035 -8059 10774 -6313 -6622 -1846 15271 -13633 -559 -12985
-14383 -2911 -11428 6230 13268 14395 9171 15954 16371 -13084 8461 -7602 6472 10324 12965 13057 -15629 -11449
-14267 1032 6770 -5053 8479 1872 -1195 -13132 11456 15049 -14829 1088 -5878 -8607 -12746 7769 -7817 1585
-3138 -6639 13218 7416 -5180 7211 15629 -5430 -930 -11400 -10723 -3069 12226 -6304 15969 -15234 -15697 -16195
7709 -1269 -11767 -8976 -16124 10524 3011 -13521 -4544 -9533 -6397 5147 439 -9510 10111 16283 10897 1921
12333 -4890 -3338 -13618 -5859 12505 -2795 3007 15517 11924 -7830 11123 -4183 7745 14910 -7525 -9861 13873
-6028 4906 16002 10799 3451 -7595 -11649 13581 13991 11959 9698 -8060 -10840 14035 633 -197 8782 960
-1201 3363 -13930 -5088 13261 -5618 3555 -15533 8742 8823 15499 2280 -12045 15010 7318 11355 -7142 12267
15044 14590 -6924 9304 14029 -462 6573 -6030 -2579 2007 -5136 -10414 -8545 -1269 8891 14588 424 11021
-3174 7923 -11176 -1406 12017 -4345 -8180 -8995 3000 4202 2807 3096 -10673 -4340 -8669 -14679 1703 -14044
-4942 10672 426 -1267 -16278 -1162 2518 15699 -4239 -1516 9003 2317 16211 622 -4535 5742 -1714 9066
16081 10647 -11320 -3744 -3820 8624 5403 11719 -15636 -456 -11362 5946 13283 -12648 -2339 -2658 12447 16381
-8666 13974 3448 15719 -12214 11842 5222 -10753 6304 -12244 10787 -8794 -2737 -2955 -12658 -1069 15045 -680
-946 7324 -12147 -3885 11190 -2025 -5313 -9571 -784 9180 10197 2654 -12970 -7444 -5079 544 15387 10166
12467 10497 -7628 -905 6039 5676 -16013 -14910 -2846 2055 12015 4958 11279 -9297 15532 -3239 1745 6303
-6535 -1198 -5875 -6984 1555 -998 1572 -2978 -11627 4991 -1156 -13570 -4343 4199 -3018 -8263 -13219 -8930
14911 -1446 -7554 -7190 -10096 -9076 1213 8676 12973 2890 -10886 -9206 13682 -13159 7416 10895 1295 11633
1943 -12680 -13229 9216 3875 1377 4389 8723 4999 -12380 12888 11213 -6488 -9059 -3423 -14693 -12404 4422
13535 -11159 -14143 -8948 -12890 12053 -516 -12069 3575 6179 -13055 11385 -5295 -12108 -12861 -10722 -5913 -4686
9676 -4039 9774 15436 10975 402 13986 -13654 6365 -7268 9922 -5927 -8474 -5375 -11686 13831 -14399 -387
-4094 3573 380 4081 -2582 -5461 -14249 11191 15318 3686 14558 4659 -407 2519 3413 4012 10143 -3441
-13733 1627 157 -8779 7878 -8510 12462 -3334 -1323 -11713 11653 11214 8837 -15393 201 4820 16194 7030
1744 6036 13507 -10511 2730 -13711 15665 -14876 -7326 5337 4231 9063 -2432 -15932 6974 551 -15406 -5545
2089 16055 -8596 6887 8606 -5079 -2323 -15321 -12841 -4389 -9468 -13158 10902 14738 3634 -10678 3087 -7987
-8237 3259 -7419 -1964 8792 3873 -12757 -4337 -6185 -13613 -9515 -8930 -6202 -9735 14543 -2010 -3582 14984
-6772 8679 4885 -3719 4732 -15079 -12870 -4563 -13631 -2963 3481 -15822 7170 -10 14168 301 -14689 -2900
-1578 -8937 14598 14924 -15186 -11612 -9627 -15513 2049 -1535 -6014 945 8569 -12345 -4890 8355 6792 2602
3392 4159 7154 -12682 15112 6702 14988 -9547 1636 -4335 323 -2127 6217 -13803 -9119 -14559 6114 -12089
-13812 -15841 -201 9513 -3058 -1063 8965 -8697 5850 -887 -3597 -9852 -9777 -14169 12008 7671 -840 -6052
10934 15613 -363 826 -16131 -4919 8604 -7124 7243 -13385 -3965 -1624 1416 551 10488 9771 -15726 13967
12146 -2841 -14300 1994 -4051 1717 -15619 432 -11921 -13485 15420 16362 6927 -9526 -8942 13060 -2247 811
5523 15298 -3989 -8570 10989 4280 4290 1299 -3905 8725 1660 12210 12735 -4159 -3656 -8555 2981 1446
16247 -10184 -15798 4690 13808 5272 -12793 -13377 5634 -5979 10594 5736 -2559 1519 8689 8873 14773 8872
12407 -3005 -13398 -8754 7245 2104 -1119 13211 -4601 3299 9828 5705 -2734 -8126 2756 -266 -6622 -14191
-4130 2783 -12019 6939 152 -1834 -1294 -15019 116 6894 -10273 -5084 15750 4219 11569 5502 -7233 -9156
7933 4154 5483 10958 11439 3616 -4862 -8851 -7950 9284 -13285 11479 14542 9618 7100 -1905 1559 2986
-7717 5700 -12025 -7697 -12258 13712 -733 -6439 12260 11238 13666 -10349 -12406 15558 -7274 6592 -11033 12851
14081 14240 6423 -9880 -436 -7593 -3709 14277 -10088 -4478 2581 3087 495 -237 13519 -4134 16105 -11681
-11645 11582 11140 -6797 14551 7377 -3755 -7769 14738 8150 10463 2165 12055 2739 -5561 4491 12845 5025
-11991 12064 -8956 6567 -2108 11397 16241 -10294 11612 -9475 -6016 -10114 -5150 -16178 10539 15710 -12081 16022
-2968 12068 7501 7907 98 2516 417 -15361 3336 6452 14276 -6134 -3123 -1661 12623 9033 -7002 -3994
-9060 11461 -2985 -11739 -15065 2320 -8204 -14569 4920 7011 10657 1370 11974 -13073 -3426 -11576 2454 15984
13952 -7385 -11099 14342 -13374 -6496 9413 -13503 -12932 -9101 -13685 -9349 -11663 -535 -7832 106 5455 -10871
-9707 -2314 -3533 -10610 1076 5191 -8852 2200 -9418 -4317 14208 7075 6775 13174 8820 -1993 -9039 -11212
15432 8157 -13680 3931 -7485 -3622 7327 -1956 -7058 10262 -2960 -868 -15646 8285 -12047 5716 -5563 -14900
8734 8610 529 11906 16354 2010 15128 -15969 -14280 13597 16071 -1684 10381 3117 9127 5589 -10645 -13183
2857 -11488 -1192 7827 -13148 -1831 6138 14977 -11881 -10996 -7551 -9003 1842 -2120 -7105 -612 2332 -15745
6807 -578 -5777 8353 7968 16012 14848 -1235 6914 -10338 15078 15726 2464 -8487 -11718 -595 3706 -2356
12571 7703 -7598 5955 -13834 -1541 7053 -15329 -1020 -3271 -10788 9819 6163 -3081 -741 15219 8841 14485
16248 3820 -2392 -2588 -5415 12843 12043 12178 14712 -6517 -2182 -11542 -11823 11690 11227 -5702 -578 13323
-6009 -1644 -8993 -13862 -4160 -7367 5694 -8694 2174 -10670 -13003 12197 14962 11616 -8823 10596 2884 -14856
8919 7038 8480 10536 -12486 -14401 -4493 6204 5408 -3110 -13586 -11864 10372 -2561 7634 8764 -9410 -4177
-656 5790 -10063 10958 -6169 -7944 -15186 -13060 -1744 -14611 -15975 -10978 -15775 11216 8647 5951 9772 2839
-14291 10910 -8533 -2289 -971 -512 4184 -4149 13550 1606 3680 9822 8048 15173 13338 82 -7048 -10541
-2094 -4271 -3762 2588 6858 -3808 -14351 7487 6786 -13353 6768 11541 -14535 -9654 13721 -1200 9131 -823
-301 1221 -3546 521 2373 -11764 4792 7266 1600 13893 5832 14139 5339 -4035 11722 -16187 13532 -7758
-12469 15331 -7976 -12046 -14796 11889 5018 -5974 331 16293 15560 -5635 -13058 6864 -5948 -15148 -9636 -5556
8143 2676 14179 -337 -16266 -4520 7297 -2492 -9945 -14027 13142 -1860 -15070 -11678 15032 -9440 4247 859
11258 -16374 -6131 -9820 -14994 2067 5888 -5428 7718 9872 -9776 -303 9986 11898 1750 9386 15592 11180
-11560 -2781 12366 7249 13470 -2075 -6656 7837 11237 -8490 -2788 9915 -4233 2982 -6560 -12025 -14704 5034
-1881 9339 4490 13796 3760 -9873 -14914 -2202 10787 -1922 -8031 -9770 6095 -6716 5677 -8112 12598 11342
16013 -10637 -10419 7634 -14607 3508 2683 6814 10685 1274 -15381 5584 12779 11878 -3072 10693 3502 -14479
-13788 -12075 -2984 -2246 10693 5692 -7306 10011 -3934 -11429 14145 -13946 -3517 -13023 8761 774 -13114 -14909
-14325 -5720 -1310 -10573 -76 -12673 -14555 9935 232 -14975 1151 -12069 180 -8296 12293 3625 355 -13578
-8207 -1632 -9824 -12888 9189 -292 14041 -12690 14969 -13903 7915 -8246 16371 -13866 13563 342 14931 7902
-14941 2907 9876 107 -8626 -1887 -5328 -2399 -3099 640 -11295 -2346 -9045 -15551 -1363 14478 8549 -11616
-15836 -10578 -5697 4270 -15132 4326 2026 4834 -8610 -16011 -6261 -6295 12508 -9461 -7215 8888 -13116 781
-14107 -5266 -8938 7168 1158 -1963 -708 -11199 -13835 13507 7170 3313 11534 -211 4068 11576 -1863 13809
-16247 13738 -15231 1658 2444 10245 3457 12934 14977 5918 -10617 16318 -10184 -3300 4979 -14959 827 -6685
-7198 -12997 10143 -11309 -7926 -2010 -9734 -11087 739 -8074 1454 14564 -8048 -6177 -12174 -4378 -12300 -5958
-10489 -8973 10406 -680 10060 771 11788 -11882 7034 -1792 -6972 12976 -1366 7471 -10433 -11940 659 1779
3504 -5616 16026 4531 15660 -14428 -12275 5145 -3573 -11235 2981 6013 14732 11206 4181 9121 3778 -6523
15172 -3424 3754 2916 7444 8479 14236 -7561 -11161 11981 14309 6367 -3680 -7412 4019 -5334 -14355 -5661
2609 -13858 -12412 15679 -11789 11348 -723 11868 9363 1482 13056 9084 -5731 4276 11889 -8740 12456 -7084
6027 -9242 -9529 2186 5498 11174 -3297 -1042 3147 -15997 -1319 -8165 -6152 10022 11321 -16307 6301 5822
-1776 9773 9231 -10647 -14255 -3859 -3951 -6166 14078 8848 11484 -8031 -8114 6028 -1686 -583 -3831 -9068
14061 -14174 2609 5805 7712 -8255 14056 12683 1219 14181 -1650 -14312 -3102 -6401 13353 -1199 -3242 -10612
-4085 11093 11916 -8109 -14161 -14656 -10611 15060 -540 9268 -6858 16127 -3796 6714 9671 -8538 4709 -14007
9893 -8402 -85 -13276 -1958 11401 -9097 -15767 -8744 -10135 9224 -5787 -11769 6572 -1268 14124 1660 -8161
-15242 11242 16265 -12191 -591 -12937 12664 15396 9720 294 -15598 -5475 13572 14310 -9884 -15054 -6935 8331
4288 15480 -11461 -11163 1800 -1693 15731 12818 6955 11955 -9062 -9573 -14870 7861 9243 1209 -4131 10541
-6146 6776 -5958 -2673 11828 -11008 -7212 3437 12116 -13649 7648 -1226 -13719 9066 4096 -16099 -4062 -6346
-11268 15445 -14027 6914 7626 -14200 7165 8135 -4517 14207 13672 2003 -7283 -3805 -9966 -10653 -13951 -12378
-853 -8848 -12012 3072 -11617 11721 4006 -12640 -6156 -12950 11298 14427 -9866 10243 -8903 -2133 -7150 -4644
7406 15890 -11136 -11045 13655 10724 6692 -4126 2721 -2009 310 4189 -14761 4817 -10206 -6627 -14372 -12482
1065 -11936 -450 -3878 -13998 6960 3884 -15328 -13955 2037 -4279 -6712 -300 -1977 -12387 2619 13670 3068
1128 -9907 -14313 -1141 -14043 12835 9394 7057 1473 -5253 -9375 16046 -1741 -7155 15679 -5736 -4820 -2230
-12725 3430 -10454 10831 3712 15412 2738 9494 -8637 3050 -7969 -13333 508 6996 -1769 3359 2311 -4744
-2275 14080 7118 3877 -7604 -5623 -2767 15054 2593 -1194 2854 -4454 5114 -9382 10918 10419 5662 -11052
2759 15847 -7169 14333 6949 -399 -4164 -14840 4487 7435 -6935 -3898 -1344 3152 -8046 -15706 -11565 -14782
-5507 739 -6054 12836 5038 -5631 3879 7310 -8654 -1423 -6611 -2622 -11754 -11884 13465 -13768 -7242 1254
8773 10623 3900 -8324 -12463 -4279 -12952 5030 3846 8892 -14963 13562 -13817 -8176 -7972 3699 -13404 87
8932 10485 -373 -3169 -5286 5621 -9050 309 1301 -11657 5696 -7603 9822 -10695 13419 -5439 -14744 9004
15007 13364 -5094 -5845 2980 -156 -9708 4582 5553 16308 15344 -14046 2518 1296 14536 -10979 8855 14320
3833 -11437 15834 -9285 7463 11622 -12796 -13490 -894 -9636 -6562 9178 4166 -16380 -6467 -11784 11912 -14149
2656 -2833 -14798 340 -8674 3163 9795 -11436 -7750 9206 -13723 12125 -10089 -3666 -12134 15342 3472 6646
-941 -9140 3625 3683 -5464 9143 8420 14966 -9246 2280 -1297 -3399 13884 -4675 -1788 -9722 9707 -12502
-8303 12586 -418 12658 -6634 -15181 -16192 7329 4558 -4867 -5181 15665 9106 -11118 -1889 -756 7419 -1866
10583 10420 8391 6204 3134 -2875 12926 1183 -10051 -2149 6485 2383 2379 -5297 -5548 -8886 -10554 -13336
-589 -11540 -1822 9678 -11383 14854 -12293 10371 11175 10292 -9196 -11888 -11070 7020 9497 -15429 -2351 10963
-1944 7805 -9035 14805 8080 -5701 286 -7818 -2983 -5716 -7505 993 -2556 -4326 -7335 15946 -15404 -2097
14092 11506 8396 13132 9622 13703 -6981 16319 9155 -13392 -394 13105 1989 -7195 -5275 -15106 -8999 2178
-14271 11142 6694 -15073 -8421 552 -16151 -9189 -10591 -13456 9679 -1417 -6499 -7288 -5725 -8726 13757 -2315
-6871 8497 -15205 -11900 3144 8871 2548 6529 3183 14614 9275 -13525 10802 10957 -15275 2148 8757 6899
13722 4270 4427 -7908 10019 -2732 10206 -231 6724 -8732 11410 10515 6743 -3868 4645 5083 8635 13508
9370 -644 -12258 -749 4502 9234 -10761 14318 -12277 7903 14677 12222 11026 -12899 -10272 5411 -3042 -11762
-13803 -6867 8271 -14375 3028 -54 -10972 11927 3617 642 10325 14892 5670 15208 5887 -683 3448 -14259
-2045 8832 10141 13872 -4696 9952 203 13563 6790 -13375 6641 13169 7591 12823 -10755 -2206 6632 -11170
-9132 1568 -13153 -11617 1187 -3784 -2176 -15154 12258 -9382 8640 1882 12942 -13927 -2949 13830 13366 5336
13906 -14088 10300 3971 10841 2055 -15398 13182 -10702 -14237 5473 -5027 -3213 10320 8393 -11821 4171 15695
9574 -6548 9069 -6042 -3848 11901 5924 -15179 -7193 13148 4039 -7088 2763 -14642 -3756 -12467 -3789 6846
-6060 -1764 4510 308 -1532 8214 1742 -6011 -8267 -13479 -7617 -6201 12658 -9516 -13326 -4216 9189 -8802
-12433 -3393 -8842 8843 -1526 7169 9905 14081 11875 -7430 -1549 -14327 -11979 5652 13883 6561 13128 11385
-1691 2138 -9015 -3006 -6791 -14049 7611 -3867 -10916 -9390 1996 -526 -15183 -7906 13646 2563 -4358 -11769
381 -527 -5631 15301 5639 9283 16247 1363 -3636 9453 -13860 -6075 -13087 -5832 -10081 5206 -550 -1028
-8315 12618 -15288 14868 13646 13042 7296 -6380 9622 13196 159 -1484 -9733 -14257 15052 14224 -8579 1090
11454 -5740 -15062 7508 12413 -12622 11513 -6229 -2450 3925 12279 6963 1160 -12261 -862 6019 15083 13374
7826 6622 404 -7083 14942 6546 874 -4807 -16193 16010 6781 2888 -8978 9761 -11887 13777 8785 -5579
7893 -311 15710 7803 15351 6843 11192 14361 16221 9478 16279 4977 -9553 -2997 -3471 3132 -7535 4891
-13613 -9255 950 12537 -9841 12771 -14054 8066 4634 15113 -10362 12261 567 2586 600 1178 11474 5984
7559 11089 3112 -13776 12513 4904 -209 -16194 -3943 13088 9776 -13771 7933 -2861 -3399 -14585 15243 14174
-4430 -7294 8999 -346 -307 -8028 1446 8888 9251 -8400 -11119 5007 285 -7935 3875 1279 9617 -2913
3995 5862 -6609 16143 15793 -12886 -15589 -10255 -13725 -4383 8665 11204 -9998 5711 -8590 -10100 14639 5913
-2100 14487 5882 -719 -9378 3995 -15611 -15599 5126 3589 -1833 4013 -8134 7821 -14827 4265 -3233 12814
-2301 -15156 -6538 -618 11335 -13650 7165 -8519 -526 1972 6932 -9685 -12357 15173 9695 -6003 14985 -11721
3884 1413 12092 3715 4950 13588 13989 -10428 14441 -3290 -3373 -15141 -1656 -16028 -14957 15727 -15988 -14513
-16331 13729 -1812 14477 -16237 -5770 10979 -2682 -8368 8595 1488 6698 4956 -10060 15066 -4330 11969 -10925
213 -3879 6298 2985 15977 -7793 -6048 -9248 8049 6326 -14742 126 6562 1345 13746 -16091 9325 5609
10973 15739 10278 -1082 5238 -7061 -6042 -1253 14458 -5234 -4690 15989 2842 -9500 12875 -8201 -7491 199
5761 7407 11587 -7645 -8219 -6225 2704 -1313 -14332 -13417 -4023 -7521 -8630 -10378 15064 10668 -16090 529
-12360 562 -3480 15620 13547 2478 -13585 10698 -15920 -14687 -11903 9497 -13036 11909 -1798 7280 -1019 -14326
2472 -7692 5902 15737 14838 -3465 1919 -3208 14920 -7719 -7538 -2062 14375 -7789 9627 -8875 7327 5519
1976 -10755 2532 11071 1129 9200 -9155 -6424 936 12492 12824 6971 -15571 -7681 16260 16174 -6932 -714
-3901 5641 -14625 12567 8242 7610 2052 5683 -7305 14191 -8534 15414 13266 15972 9192 5985 -2598 249
14447 -7621 9286 -12279 9858 -14461 8744 6261 9539 -6039 -1981 15111 -7887 4860 433 5750 11757 15590
-13360 -2106 1348 5720 11608 -6958 -2197 -14014 -10036 -2772 -3964 14532 -4588 11555 -2198 -11031 -12440 3877
-13910 -10606 15727 -10422 -1840 -2128 -343 5413 -4891 -1098 5641 6118 -4043 7245 -13080 -8032 10325 11849
5142 3808 8292 4829 81 -1140 -14189 -14067 -6692 -2588 3807 13153 -10392 -10521 -2777 -6688 3126 -8482
-14245 4154 -3712 4401 -8944 -10167 -5356 640 -2755 14514 1857 -13071 13119 14319 10743 7875 15905 2931
-3284 5932 -1251 -1244 -7046 -6814 90 6413 2574 -8717 9472 8534 10948 -1446 -11668 5747 -15473 -2349
-1350 -4707 -11752 621 -10099 -8321 12966 13665 -9205 12593 5445 -15964 -5846 2409 -12765 4535 -13526 9712
1333 -13880 354 1364 2339 -8461 -14016 -10018 -13980 14566 2443 -11582 15263 4529 747 9371 12381 2004
-5715 -15845 -9505 5785 -13120 15350 4166 -5976 -4605 -14550 510 14548 -4157 -15268 -2216 13626 -1154 -9313
-13711 6285 -14867 91 11353 -4691 5184 -3699 -2951 12661 9901 2604 -211 -14625 11301 -2579 -8270 -3774
9062 7720 -5819 -14087 -13001 -7398 -11384 -8661 5101 -2739 -473 -539 3125 -7340 6075 -12947 -3313 12218
11247 12242 -13034 829 -8989 10695 2821 -12488 -13361 14258 -10369 -2977 -2840 -13822 -3578 -15953 645 -9282
15181 -8284 -9339 -10397 -10571 -1108 -3860 15853 1297 -14372 3789 -15305 7341 8929 13421 -9599 -15728 -965
14245 -11696 -14082 -14170 14217 5754 -10432 6871 8775 10624 16038 13424 -11693 -8672 8397 9006 1727 -476
-13536 15968 15087 -11394 -5222 6302 8558 -14443 721 14776 -14820 3296 14136 13548 7049 1716 -4707 -4259
-2137 -7332 -13582 10943 -15461 7271 848 10326 -7437 -11961 6720 -2014 5630 12310 -1994 -14251 -9352 -8005
-1705 -14074 5477 9774 -9852 -2008 -2751 10775 8599 -5700 -3241 9887 -1557 -8122 -10899 -7552 1563 -13954
2216 13149 11788 -3255 -11600 -1446 -2002 3302 7690 -12572 -9985 -14226 -6705 -13360 7119 12406 1148 12971
-14133 1558 -5593 -9903 11316 15120 -556 5559 -7439 -9143 11813 7182 4165 123 -2758 779 8417 3886
-11312 -7550 16157 -3099 1963 -16334 -9085 4500 315 16098 -2931 2650 -9094 -15435 -4944 12141 -7916 1457
13720 11601 -12854 15269 4533 -14257 -3304 -9168 9463 15648 -7914 9241 12759 6640 11419 -10522 10135 9091
4008 -4695 -6709 6834 -5882 10268 -9961 -2533 -8410 13296 -10950 -7147 10832 -8605 -12213 10472 -13822 1040
-7358 11581 10636 13067 13242 -12075 -2044 13102 10998 -10889 14171 -5969 7715 -2516 -14644 -15118 -13346 -338
-5002 14756 -11531 -2275 8776 -7671 1648 14323 10789 -10611 -15661 -1476 11584 -8542 10397 14335 -5429 -2869
-8170 -3840 14797 -12045 -13752 10152 -7592 -4860 -15542 10820 4570 14260 -9788 -912 -4396 -5724 8110 -2869
4010 12451 -1955 -7436 -10022 9559 1977 -11851 1617 16128 9936 14714 -7142 14739 401 14089 -1478 8719
-15918 6767 12246 -754 -5229 -7625 10654 15256 -12666 -2337 -6296 -3519 12493 14987 -6893 1642 5894 -16133
-15689 -14869 -12921 -15430 14331 7380 5858 9880 -10556 -8817 9140 8283 -7919 -12501 14236 -9294 13858 -2572
8069 9322 6879 -13753 -8917 -2843 -7815 -11867 11224 -2105 13386 -12795 -15754 -11790 2050 -2193 -2366 -14155
-1786 -3130 9692 6207 6159 229 1545 3675 -5606 1262 -14926 15704 8065 -1825 7083 -9401 -14746 -7833
11450 8552 -944 -13833 -5544 16357 -7399 -2532 -12622 14785 -8953 15626 6643 15628 -11207 -15490 -2874 -13478
4420 1981 7189 -14733 -6881 -3071 -1512 13642 10812 -5385 -12149 -10956 -7944 671 -10177 -13486 -5322 -7840
-1580 2639 11077 -3755 963 -16303 2570 -8728 419 -7894 10332 4001 6309 8397 16299 6721 3426 -3575
-2586 -12020 -10537 -8846 10394 -2717 -7507 -15205 -3232 13209 -4419 -6774 -2703 -7672 7123 12908 6809 13913
7602 -11895 -5289 -6867 11353 -9868 10297 -8227 6789 7555 13452 9366 13687 7814 5176 -11082 -11784 -3148
229 1355 10905 16353 -9628 -514 -3264 1783 -2487 -9706 -14880 -2139 4827 16338 -13177 -687 -3790 8706
-13154 11858 -9577 16339 -2195 -5532 5423 -10520 9180 15698 3037 15270 -10878 -9733 11619 -13351 13527 -16013
-14643 -4236 -9011 -5500 -8952 7089 8575 -672 -13866 3174 13384 -2160 8165 10129 -14087 -13265 6716 16177
8290 -11178 6875 9562 7194 9174 -867 -14712 16252 5677 15454 15922 -15887 10163 15713 6562 5741 -4330
11507 15621 3132 -13562 -14002 7870 -4864 6191 4024 -13055 15345 879 5620 -3683 -1424 -13246 4825 -14312
5560 2937 -9664 14848 -7694 -11723 -12259 5504 -14739 13582 5868 4659 -214 6037 -681 6198 6045 -13313
-4339 -637 691 -9448 -4876 11640 -3054 2173 -12155 -4419 -8547 -6384 -8589 15175 15422 4514 -4979 -8519
743 -9224 7910 -12564 -5422 4074 51 -3378 -5622 2795 -1673 -13456 2347 -12365 -4901 13145 -2707 -8144
-2082 10272 -3105 -3135 8372 -11716 6640 -8792 -3348 16146 -4299 14267 -12466 344 -9113 9565 -3324 11163
2985 -15697 -1535 -9958 7699 5120 -8035 14550 -9619 2442 -14209 -12564 14643 -5280 1216 -8158 -3613 -15966
12622 15294 -4747 3313 -9840 -10336 -15836 -7380 -3511 -3448 7286 -15279 10941 12471 14715 15300 -9958 -6464
-10670 8634 1551 1683 14570 4332 -9277 -7454 13839 -7024 -1053 15522 -10074 -11641 280 -12559 3630 -2601
12197 -13032 -876 -8869 6470 1774 -6879 -3399 14426 10088 14544 -12908 -14777 -16025 -15924 -14589 -12006 7887
1581 -7870 -11155 1507 -14326 -10328 -9842 -5939 -14673 -5415 -7459 13174 9512 15676 9844 11169 6666 -11343
-9201 5941 -13204 3707 8739 7381 559 11907 15953 4790 904 15041 15616 12210 -10308 -9741 13381 -11623
16168 -2928 11783 -11320 3717 13056 -671 5371 -12437 11277 837 -15513 -13805 -10346 9834 3 -9119 6530
608 -7640 -15839 -1795 4608 2137 12944 -10274 -9970 11107 -2273 15973 -12010 -6230 -8331 3888 7576 12474
14002 14180 -13458 8997 7674 12079 8032 10382 -4045 -8590 14368 8704 4869 14773 1881 3205 -9940 11110
-6626 -11275 -9748 7488 -14199 -14324 -7713 13828 -11099 -6210 -7946 8048 -8053 -2354 -1602 -6033 7114 4508
5602 -10355 -6130 13120 9203 -15955 9465 -7722 -7579 14588 -3242 -2791 -9254 10281 13166 11058 -1885 11728
-15686 -46 -13950 -13257 15545 -1666 -4171 -16071 -15580 -7893 -14800 6789 4417 6153 12330 -9717 -8555 -91
12507 16046 -11074 10282 12421 1344 7326 14599 4785 13741 -14659 -14407 443 -12168 4839 4318 5009 -3997
-9441 -14446 11192 13425 9645 -4361 16016 1552 8856 -3563 -9767 3987 6204 -4636 5748 -2336 820 -7769
-10385 12391 -4741 14715 -1475 -420 -16177 -6350 -9150 -4068 6236 -678 -9833 -2573 -10854 160 10505 -8958
-913 -7331 14694 -14470 6808 -8347 -3081 -2801 15951 8741 2118 -4183 -16346 -269 9513 -4004 -7117 7068
-15615 4249 5742 -13500 -7366 7078 -14753 2923 -5865 5197 9715 -10413 -4175 -15661 -12368 -14973 -16068 -8408
6153 9122 -11380 11106 3603 1169 -4648 4719 -4261 -2889 -9281 7938 4877 -14190 -11896 -8495 4194 14742
-6738 1535 9270 -15043 -15460 -6436 6644 593 -1099 4554 15287 -8047 5270 12674 3507 1653 -15967 -2182
-10030 -16047 -7501 11421 -14182 15257 12595 14918 8277 -4732 15961 16233 -13452 -1068 9892 1550 -13011 -1804
7852 -4859 -11420 15426 15645 6611 -3887 -15440 9728 1778 -15778 -11385 -1219 -15813 976 -14198 13916 -4196
-10324 -12220 -12397 -7153 -14767 -1126 -10755 -4917 14441 -8285 -8920 5819 -3960 14521 -7213 2608 -14326 -15407
6132 -12587 13120 -15864 7168 3039 -12078 -9602 12647 6285 2138 -12698 -5025 -3887 -935 13149 -11036 -7614
-11447 10236 6394 1373 7180 13994 13373 -10513 -11886 -9546 12435 1479 -15952 -9310 -7103 -14155 -9391 -3392
-12001 -12110 10197 -4350 2345 11098 -3146 -13555 15425 10659 -5528 -5744 -11475 7881 10627 -5164 15323 2953
3876 -10603 -13585 2447 -14447 -1775 -10629 2865 -8676 -13730 -4598 -15522 -10935 12543 -11293 -13871 2610 -5957
7051 -12406 -6357 -1370 4493 -2177 10658 -1151 -12168 10125 16202 1095 10021 -6730 -391 6407 13378 5510
15821 -3598 -9459 10710 3862 -9554 -2728 7862 8560 7153 -6442 -12378 3760 9041 -2667 -508 6145 -8870
3016 7112 5583 -2598 -14644 11893 7908 -3455 -2205 -8628 10961 -9299 -2237 1467 13200 -6270 -2092 -10976
6759 -9414 11827 -8536 -11248 5818 126 7830 8214 -401 6221 -11345 -12413 14159 -387 15336 -8520 -5822
9265 2409 -6500 -1114 -742 9138 10487 43 3829 2327 15393 16359 6742 -7053 6616 7848 -16219 11032
5487 -14202 -13466 -10483 -721 -8775 -1859 4467 -5386 4272 -3791 -7863 2082 -5534 -13648 12881 -14154 10463
15571 -14253 -7757 -5076 -5531 -3455 -312 9548 -7138 4920 -1232 -1117 -14156 -12302 8662 7288 9747 -655
14526 10456 -20 7227 -9310 13731 8045 -1712 -5671 4577 4176 -14570 2939 -14506 -4328 -15724 4554 2388
-4970 14559 14027 1496 10929 218 53 -13102 -10648 15642 -13938 -15940 8975 -1495 14735 -13450 2786 -787
9935 13905 -1861 -10906 12192 -919 16153 2462 2357 -6095 109 -4898 -13817 -15023 -4973 -2274 13173 5042
-2150 12478 16050 -3877 -4663 1660 -3875 11127 2273 6558 14953 13624 -5463 -8080 -6712 -6430 8351 10994
-9916 -13665 5396 -8237 12331 -8040 4445 1432 -4304 4548 13667 -5087 -10226 -15100 2141 2638 8302 -13719
1758 -7170 4106 4308 -11757 3128 -13804 -9782 -7099 6061 -14894 -8323 -4443 4958 14986 8492 -15287 -11365
676 -13900 -2447 12076 14861 -7076 1550 -1325 7131 -11277 -12665 -9998 -7375 -16350 3506 12678 13153 -4870
11561 -6559 -13480 12495 12481 6029 2101 -949 -4525 3090 -1221 10426 -3394 4831 5866 171 14381 -4094
14184 14011 4509 10778 2599 16040 -4196 -13297 6337 15533 -7604 -4351 -1240 -240 -849 8317 -2820 13811
-731 -1801 570 -8845 -8399 -2443 5918 3567 14972 -4216 5955 9896 4893 12927 -14327 1676 -232 9439
-15815 -14514 -15067 -2288 9962 11957 -10062 -16302 7077 -13762 -10453 5878 -11831 -5923 -5512 -1837 7465 -6370
13511 6125 -8706 372 10636 -8324 -15879 8402 -2105 -15088 8373 -10888 -5754 14859 -2216 -3063 -9046 -11940
-14478 2273 14573 -4764 -8924 5548 1828 2613 -16249 -13005 3522 -2039 -10677 -16013 5789 6630 -3169 14320
-15882 -859 -5807 6224 2738 -9704 -13769 10531 -8209 -9082 -3891 3841 -2124 13914 2078 -15911 16134 -7651
7145 -4988 2852 7841 -3074 -5472 -4084 -1151 16101 -10085 -8131 2501 -12341 -5619 -1599 1257 -3178 -1460
9321 2049 8532 2874 -6821 9013 2527 9825 3017 -6795 -13636 -11196 6916 11878 -14273 7659 5554 -9053
-3339 -13110 3676 11298 -957 -9027 8492 -9996 15945 -11151 15092 -9678 -9458 -2069 -11918 -14028 -10536 2401
-3885 -14076 12760 3152 -15755 529 -15089 16073 -3855 1576 -6547 15628 3415 12448 6197 856 -9795 -10537
-14422 -15870 7411 -8998 -8476 14275 -7270 614 11778 1622 -11691 -1000 -4216 13634 -4771 11479 -5121 -10506
-1732 5017 225 1043 -10030 -16053 3769 8461 3226 -5372 4742 8693 14132 -4987 -4510 -16238 -13540 -12577
9568 -10065 -14919 10095 3770 -8521 7066 -7404 -15316 9349 14851 -11878 -12389 -8070 -15961 1396 -9221 10952
-8528 -9292 -4753 -6888 -7675 -16331 -6991 -16311 -53 532 -11852 -11116 -10451 -13206 -9848 -39 10071 5940
13182 -460 -10806 9361 397 -3885 10700 -8654 2036 -14588 -7874 9994 2081 15761 658 -2738 -15661 -6062
4124 -14182 -6788 -1543 136 -12177 -6424 15919 8364 -10523 5921 -1557 -15742 -15458 -6506 9717 -8852 -13575
10355 14287 961 7559 -11179 -4931 -11894 11204 2848 -13545 14467 -11776 -7376 -12827 -12949 155 16302 -4433
-1417 13434 14149 399 15141 -11337 -12809 6027 -15044 -15725 1609 -9436 -15608 -15183 3494 6951 745 -379
2050 -2099 -16366 11016 16062 -6657 -6006 -9806 14027 -776 1142 -14173 -3564 -15854 8859 12065 -8171 -6439
-4577 3143 -15921 11620 -11888 -12804 1248 -6425 -13529 -7134 -9745 -16255 -10675 5134 2629 -11685 3677 8255
-12093 9458 -4434 6219 14832 8371 -11318 -6888 -12431 7114 8703 -6838 4766 -1482 13600 11775 2673 5148
-635 -15423 -5980 -10650 -4528 -8268 2578 -11900 8435 5390 -10648 10894 -11785 -5421 -15626 8857 6902 15798
-795 10304 3562 -415 -369 10112 5546 8155 5161 3020 16306 -13753 5031 10332 -11485 9673 -13349 -1334
-9973 -11825 -4387 -1064 -1562 -9106 -1105 -3438 -11164 -12760 -5344 -611 12652 7640 9199 -14650 14689 8423
-1482 5340 3749 -13375 15870 12229 -3747 -10619 7479 -13619 -12173 6654 -9010 -5830 -5152 14554 11538 -3803
-5077 -5870 7523 -8052 4908 -3671 -3319 -10077 -5608 12442 -6308 -3221 4279 15635 4396 6021 4599 -1569
-666 15945 -7769 11297 15082 -8172 -6276 -5559 -8764 -1313 15191 -2240 15741 -6379 -2356 -8731 -3378 -4444
16346 -8003 -10120 -9643 -3839 4580 4974 -5798 627 10059 -6594 -6363 6312 -8416 -11354 -11391 -9190 2181
-11127 -12069 -441 1165 9478 -13088 4089 -11418 -4890 5965 3279 461 -14537 -9469 16372 2762 -4810 11610
-6609 415 2162 10167 12573 6137 -4049 16225 4033 -11157 -10743 -12398 -8131 3352 9689 2504 -4390 -1352
7388 -16282 -6577 -2123 -9197 16247 5438 16307 -1563 10192 11522 -15555 -10484 91 -8790 -7246 15021 -3664
-3266 11140 -1591 -8220 -10167 -10585 11732 -10587 8599 16195 16036 -1145 1854 684 -15473 -1383 -4386 -3434
-52 8507 -5342 9856 -479 6964 -11122 -16006 4030 1535 -8325 -16379 12904 -12697 -11427 -7595 8659 3155
-14519 1725 6226 -12060 1971 2156 691 6843 2429 -2473 11107 -7008 3630 13934 8409 577 -8832 -5860
-9421 16214 14364 8425 -6886 -2832 -6231 -15744 3050 2311 4097 8401 -9448 3160 9670 10646 -6453 -5515
11799 13821 10700 -8175 11164 -11364 -1370 11171 -9014 6568 -9210 11312 12128 -8595 11362 -7584 3383 -7947
-1820 2003 -6596 15113 -2178 12472 7093 12131 -5027 11163 12492 10265 -379 4991 -7092 -1699 16312 -14290
6053 15461 -5221 -16180 10039 -10579 8725 -4943 6092 347 8440 5751 15718 -6909 -16156 -685 16188 7564
14695 6305 7423 14962 -3990 14788 6497 3886 -10040 45 11736 -6156 9279 -11334 -5216 -2404 -13171 -9919
-4608 3041 14289 5483 -15923 -3887 -964 12741 -6605 -2948 1762 6165 -13645 495 10737 -10259 -4504 -11673
-10744 2682 1166 4029 733 10405 -15802 -1239 2856 1885 14739 -5082 -62 -4566 -6742 15278 13827 -1017
-13208 -4172 5492 -12685 -9949 15047 -5975 7876 -11098 9242 13667 -13889 7797 -5208 -8193 -2714 2906 -337
7692 -14063 3354 4197 -962 -5183 1928 10987 -1149 15535 -2370 -13186 2417 -1491 -13657 -6931 -10259 -13658
7103 -14513 -10242 -9209 7453 -7179 -9210 3394 -4173 -8546 9494 -10705 15053 -11030 -8290 -7785 11744 -5870
-11451 3467 -12409 -6955 -13801 -14853 15812 2229 -3355 -4732 -15472 -9372 -15639 -14200 -6256 3449 6825 7811
-10204 -15000 12830 1437 -10074 -6223 4118 3197 5103 12119 4312 13918 -2017 10899 -16377 -666 -105 -4149
2503 -12494 2886 7869 1828 14259 12845 513 -5708 11840 10780 -6993 -13708 14564 11710 -4004 -8199 -9733
983 10057 -8247 -1030 3017 -12577 3844 -12398 -3235 -8618 -14772 -12296 -1601 -14922 -4900 -7810 -7222 8447
12025 15973 1413 11180 -3179 9719 1262 2134 -10970 465 14839 12470 8665 -2688 -12337 8654 9970 3147
2914 6247 -13461 -1705 -9436 -3649 15834 7656 5128 1147 14747 -13818 -40 1506 10027 -5310 8353 -12466
7122 7637 -12916 6106 -890 -11278 3285 -2462 -14325 1876 -12523 16297 -13218 10523 -4157 5339 -13484 -15401
7929 13878 -11650 993 6268 -4602 -13744 6642 -13320 10190 129 11246 -9591 1997 12726 -14334 3453 5792
-10659 3565 10848 -10939 14035 674 -14286 -12991 2769 -15855 2546 -3807 10245 825 -7574 -7898 1018 8842
-15070 -6084 3391 9835 -5965 -15060 8133 -3562 -445 5138 6280 6819 588 -5101 -13198 4716 2720 1351
-6532 7825 13739 -1282 -3817 -13613 7929 -479 3785 -12377 -775 3059 9754 7818 -13312 -762 1202 2201
10894 98 15805 13149 -13607 -10489 -14447 -12314 7550 -7272 7310 -14312 6558 -7596 -7347 -10679 -14835 -8888
-7692 15114 -6176 12481 -16153 1349 -1487 13321 -8026 8330 -11489 -9651 -14605 7587 6677 -8230 -6349 -5776
-3246 -10351 -13802 -6674 1181 11414 -10118 6550 14177 -5041 -12915 -5903 -9252 -4986 5169 3680 4525 8685
5030 -15296 6552 15053 12131 -10958 -2936 -11785 -442 1714 -3120 -12806 -788 4594 7861 -16232 16225 7907
4401 -9606 -6660 -2671 14321 -14557 -9851 -9807 3489 1313 4760 -15236 15722 3723 -4016 -3907 -12615 -6743
-7651 -4823 15937 -9746 -5899 10478 10307 6442 13234 11919 -6131 -7930 -9541 240 -12095 -7000 -291 -12625
-7336 15029 -12419 -4174 9701 -6269 15344 -7931 30 -10364 -11221 13027 -16102 -8700 7319 7446 12884 3095
-9913 11646 -9222 -3114 5197 -15121 -8608 11201 -7318 -10691 1236 9864 12516 7063 -2661 13041 3004 13850
9007 14352 -15614 -5213 -7470 445 -12160 -2338 -13245 12612 -10594 7588 -14646 9822 13701 395 -6278 -2975
-1146 -8521 1205 14259 13493 11502 8948 -8315 -8740 -10508 7874 16316 -372 -1003 14344 -204 11923 -4097
-7539 13856 2710 -4909 -68 -12074 -9225 11130 -6744 2729 -2056 -10691 -10419 5429 6690 2447 -11752 16323
15848 -10449 -11094 13059 15240 -147 728 5376 11315 -11064 -13577 10579 -9874 -576 -4009 -15977 15286 2281
7949 4636 -13205 1855 -4873 16095 12006 8378 -5126 13498 -2835 -10460 12684 8921 585 -5337 -2182 10349
-11339 6056 14818 2724 11514 5978 -2428 1752 -3495 10382 -3783 5383 12584 842 8639 11907 7105 -2660
11966 -4885 -871 6700 6664 5465 -6996 -8936 540 -7202 6431 -15620 7407 11050 1063 9807 -12308 7312
11561 -8457 2359 -13269 -995 2067 15929 -15014 -13258 -10209 13145 -15503 4546 16184 -3831 -7502 5974 16315
2561 -8838 5670 13590 5839 10679 11699 -807 2704 2722 -342 13834 -15111 -5459 -4856 2754 1433 4529
-12926 14325 9313 2933 547 -14450 13156 -11698 -13769 12475 -4644 4636 -13976 -11632 6253 6017 2598 -825
13998 16207 -178 -1308 14822 -1473 -14077 -10878 3347 14560 -16161 15847 8753 -11305 4431 -10274 -6983 -15292
-9157 -10817 13671 -16254 13541 6863 -11455 4371 -3818 -10288 -10795 12763 5491 -10800 7360 5005 -7883 -7355
-10119 4452 15609 5979 4163 -4331 4340 -8307 -13944 -3328 -14770 2930 13383 -3924 -2107 -13605 234 -10379
5527 -11749 -15553 6526 166 6308 1724 -273 -7978 -6693 -2033 14682 15026 8228 -14385 -13442 2136 4672
10897 6448 -9836 6874 6692 13206 16196 -1442 15381 13718 1543 13064 4469 -15217 1044 12100 -11298 2373
-412 8757 9135 13602 -5867 -10608 -5217 -6243 1805 -8276 7537 2034 11493 -7973 11267 -6371 11009 -8454
-6512 15873 8956 -12218 6442 -9237 -13235 -8590 5777 6455 -5084 3830 3877 -7598 1172 -14932 -9931 -4384
-264 -10858 3706 -1730 -10865 5120 8936 2601 105 8654 -10075 11456 10630 -8431 13648 7850 -5058 15571
-9072 -12142 9179 -7875 -3130 -13608 3470 -11815 -3296 -13687 -15998 6189 2004 10893 -14520 5269 -5205 -4828
-13954 -3251 -10820 -1651 11435 -2104 -6022 -7675 3436 4679 -16143 -14856 -5680 -3152 2891 9329 -1539 5010
-16229 13014 -996 -9070 -3629 3027 -2190 -3355 -15338 -13675 15052 -14025 564 -6599 6690 -2121 -6284 -7805
12149 2411 1932 8913 8953 13255 -2057 2130 15993 11392 7782 3188 -12296 4507 -14184 3740 8083 6090
-3768 5147 -849 -3336 -10621 5469 9806 11553 -15069 11106 4804 -8344 15767 12658 -9586 354 -10779 12045
-13704 -15687 -789 7714 -7931 8942 745 -7806 15123 15230 2884 -110 13245 -4053 -13435 -2745 15230 -1648
15264 13646 10901 -514 7036 10123 4781 11398 -3664 15558 -11331 3669 -6262 -5469 -2003 578 9813 9166
7225 5795 6619 8319 -7013 13668 15401 2846 -14236 -10661 -12652 -6850 12842 11220 9209 14544 15464 -652
-8119 -5733 3363 9532 -11964 15077 5322 -7443 -15227 -8841 13409 -1652 -322 6592 3805 -13499 14404 -5543
2514 -6283 -15664 6825 -16052 16129 15484 15849 -3334 -3346 -3051 4684 9361 -3796 -7535 9335 2415 -11342
-8739 -14536 -5248 13774 -5923 13171 7005 -3137 -15186 -7072 11195 2172 10029 1011 -1019 -552 15037 -1123
-10689 8904 -13498 -718 9269 -1020 -15238 6184 -41 8908 -6820 12042 8921 1548 -13054 -7899 -1628 -15963
-15206 15488 -8853 1 -5461 -13292 14746 6640 9117 -10695 8311 -5963 -3204 -8354 4868 -424 9464 -15107
36 14397 -7758 1230 16128 -8192 8114 1083 2216 -12681 2107 -5099 13565 -15082 15300 -4987 16078 -3715
5950 -699 -11454 -12468 -8547 -4592 -3978 -9163 -3949 -9385 -10394 -11690 -6243 -9419 -10991 -9019 -13244 -2395
9943 -1428 15516 -15629 -473 790 11537 12143 -6313 714 9827 -9366 6098 -8358 9456 2138 -6278 -972
-717 -927 -1723 -12160 -5750 -5906 -10454 9066 9530 10688 1343 -7488 14519 -4075 -12253 -14406 -9438 11799
-9574 15893 3339 -10594 11894 -16021 -12158 -15081 -11073 9405 8776 -7746 14602 -1967 6248 -10732 -9170 444
-13847 -6771 6679 -1472 -7206 16008 1786 1879 3990 -10363 10155 8592 3657 11410 2378 -8805 11697 -3833
-986 -13409 -1500 2419 -2597 -7981 -11824 -7721 -8515 8012 15685 -3055 -12679 -4075 12600 4762 -1030 -7299
7553 -13451 -7031 -13387 -4761 -2209 -4551 -6758 -8930 -14004 2433 974 -14195 -3564 5675 -4081 -10412 11368
3949 -2367 10764 -15092 -15528 -12083 -4910 -3264 6509 -8273 -3328 5503 11413 -4150 -16325 9836 15411 -2818
8882 -502 14482 -2692 -15707 13098 -4473 5848 -13532 12586 5711 353 4120 -10786 -13886 3503 -10871 11205
9634 -3972 7189 5257 6740 -10060 5832 -2141 12211 13260 11789 -13991 -16318 3163 13311 -530 -4222 14047
11750 15640 -8287 -16158 -10497 -5706 -5541 -10687 -16260 -11845 -7907 4294 13001 6765 6246 -6657 13336 15572
-15755 10058 -10215 9837 -8930 -14287 15617 -11743 14075 -8458 -9768 -4749 -12339 4973 492 -8708 6168 -4078
-15961 15130 -11242 -13997 -1917 4071 9671 12077 -11174 -1686 619 7424 4579 -2805 5910 -9315 9849 -3256
-8037 -13924 14111 684 -1366 -523 193 9984 -5570 -1843 5565 12477 -6345 -10608 5282 10435 -5818 14656
15415 9292 -1013 -9202 192 5411 7801 1319 1660 -5614 12674 -13871 9586 5016 14833 -10057 -9617 -16155
-1644 15999 -14009 -5888 9114 -10074 13409 -3003 12354 -5499 3450 6678 5045 2225 930 -14637 -9171 -12657
12932 7681 -1191 4635 -10514 -4908 16128 2575 11404 8393 15595 6696 -9993 5809 13824 14783 2028 -10792
13484 10399 7393 2938 -5499 -6632 7607 -9602 4396 7758 15050 -11424 -11656 471 6191 10349 -1072 15237
15422 -3529 216 -1918 -14514 6208 4432 13977 -10048 12793 -14789 -13092 -15041 -3087 10811 -7580 580 -698
8516 -14478 -5407 6495 -3214 -6976 -15944 -13859 -206 13585 5193 11470 -10583 -754 -7306 4900 -13230 13645
13631 -9369 13032 -9548 -3117 -7001 -11128 6396 15809 11699 -6896 920 2962 -2928 -3126 -12102 -12674 -5596
8269 -13652 -5006 -12749 5795 -5276 15704 1932 5801 -10661 -4707 3204 2740 9372 -5653 12195 -3717 14107
14390 9374 7984 842 -7680 -11897 6639 3559 -11307 -16320 5468 2072 -10728 -15308 -11895 -15685 769 10311
-7914 -5129 -8729 -1776 6811 -13546 -4165 16189 14665 -4458 3285 15968 -3887 124 10227 3019 -1923 13548
-10624 4562 -11867 1784 -5614 -11458 -12986 14262 -15562 758 5354 -15466 -16017 -15354 15055 -15886 -2949 9662
5445 -7450 -3367 12345 -5799 -158 -1655 5379 10416 -4227 14610 -10220 -14666 6923 -3126 1280 -5896 -1933
-11950 -15246 -2355 -4677 2911 -6699 -13252 -14363 -10303 12627 5144 15485 13213 5635 3441 10611 -3074 2143
-16342 1831 16267 9462 -6940 -16188 -10853 -5279 1057 -6449 -14745 9590 4269 -4097 156 -12604 313 -946
-10210 4149 11586 -12721 -5632 9240 -3781 -4413 469 13893 -8730 11879 -7118 5271 -2299 -1519 8807 -15456
-15054 13562 -9324 -13414 16138 3422 3805 -11873 -12910 -188 -7428 -12004 -4140 -1641 1784 2433 -15927 -9859
4148 -3009 -5508 12263 -1618 -10514 13674 1384 10364 -14902 -9423 4164 6563 10856 15713 4297 7429 8870
6582 -14365 -15945 -13344 -1941 15338 -10378 -12702 -9756 16318 10615 15648 -6250 -4073 -10648 7596 11300 6933
-5717 11361 5832 -14817 6631 12509 -12809 -14869 -12088 -2375 5437 7383 -8198 15983 -13713 4995 1914 15008
15871 16282 12563 -4738 -5454 -4883 1315 -1412 -12174 7363 15518 -16309 -2435 3955 -11177 -12533 -10040 3122
1401 3772 -15201 -9429 10075 10742 -6004 9677 -8585 4315 7033 12649 15536 10315 7961 10236 14044 -1704
-7802 -7350 4994 -2823 548 -4564 14051 8192 7629 12330 -4039 15184 9775 -2227 11323 15436 -14223 -11218
12520 10636 10004 -941 -14714 12244 -5342 9915 -3615 839 -3967 5815 9176 -7976 4519 -14082 542 -15359
-10634 -2312 11581 9398 2653 -7070 10200 -11875 -568 11027 -15564 14966 -2380 -1764 13558 16097 5280 -2800
14893 -10941 11180 15522 -5229 7676 -9475 12660 9999 14054 -7585 2095 12927 -7427 -1234 -12848 -1098 -9643
14454 -10430 6591 -10667 12888 -12495 -3220 11811 177 -10723 12043 5981 -14088 -5971 -12425 -8436 -7324 69
8783 11986 -9386 8667 -7285 12906 -12555 -12536 14891 12626 -3563 3418 -3502 -3901 14430 -2061 6260 -3613
-5461 3914 -9748 -8134 11184 15190 -12622 -15255 12256 13264 4200 -12519 11406 -15666 -15713 -12238 -15789 5523
-4015 11852 -6480 4014 -7507 -3475 4338 -11198 -10980 15336 11869 -1636 10879 12460 8581 6922 1977 15778
-12038 15604 -2192 15210 2340 14115 -1267 -13486 13685 6497 11528 129 13501 15941 -10134 10613 -13095 76
10634 -12879 399 -15060 -9188 13231 -11586 -11419 2665 796 9649 9752 479 -10427 -8747 13084 -16178 -10804
-6004 -10416 361 7582 -16288 -8917 -2539 8746 11100 -11879 6878 -14643 14518 6920 -16308 -12663 -15948 1729
13144 -3074 -3643 -16265 9913 15768 6645 -6116 -16026 -7670 -11383 14839 -2475 -12044 13789 -774 2439 13288
9110 11087 -6581 -1131 -3335 2357 10934 -12999 -2668 7691 3193 -7076 8997 -15444 -1317 15548 -5187 16377
8695 6282 -2788 7356 13137 14039 -14496 12716 6027 -12724 11490 5323 -4752 8213 -13983 -6918 -1485 14119
11352 8899 -4358 10147 -7498 2941 10139 -7535 -13393 10896 -14678 -3629 13547 5396 -11603 12377 489 930
14509 -11623 -7520 15971 -10244 -11462 -8861 3949 -1239 6159 12294 12112 -7594 -7347 -13241 -8212 -15696 -6923
-3226 10629 -8389 145 13590 -4582 7886 6953 -10853 -14607 -15520 1389 -8407 -8074 9857 -10700 -7534 -14265
7978 -14041 11044 -7800 -2885 -2627 -5680 -3204 826 -3478 7048 1621 -2846 14355 12011 587 13533 -9786
11557 -15122 -175 -7000 -5615 8373 12952 -977 -96 -1312 -14892 1680 6269 -1157 2210 -644 -12814 960
4142 14086 7429 -8540 -2710 15080 14055 -8279 -14184 -2072 12431 -7175 -8691 -4715 -10845 -5706 -10184 7734
8855 12682 4831 -8955 10776 7814 -11346 -13160 -5716 -14293 -7188 8606 -11886 -3391 -2164 -555 1006 -7696
1387 -2256 3883 14733 -2856 8026 10137 -8011 -15279 8038 9303 6936 3467 15293 -15498 -13160 2749 -11176
-1702 6930 278 13616 -12445 -7555 13451 -13574 5580 12080 -14118 4109 -4907 12936 13255 -14935 -5859 -6740
9387 -12972 -10415 -12633 1327 13987 -7413 7103 -2218 -10972 9459 2309 -2886 -3440 -9171 -15315 -3304 -3772
-10515 -15719 12812 -3341 -12693 15800 5665 -10340 14845 -13930 13573 10425 -8830 14763 -2277 -15172 5886 -14344
-3532 -8524 12164 12881 -7778 9810 13145 -15875 -8355 11284 5463 -3715 -15689 -10823 8591 9383 -14345 -2316
818 9983 -6805 -7578 -7757 -7104 -3665 1740 -9947 3892 -211 -4999 -11798 10958 4324 9983 -1138 10615
3177 3889 -4368 5795 3372 -9905 15266 -342 -770 -9352 -7019 2257 5583 6243 4077 -2129 12476 -7596
-4549 942 1609 10824 7371 -15376 -15381 -12428 1881 6484 6857 749 3309 -12326 11203 5032 -5123 -5596
-2892 13990 14807 -13475 8948 8040 -5820 13117 -4318 -853 9315 -16275 -6624 11597 -544 -4854 -15521 -15978
15679 14723 -16292 7316 -13671 -1614 -661 -13849 -660 -2017 -6221 -9312 -11573 -7259 -16262 -7037 -12611 15164
10658 -7563 3299 11284 -9356 11568 -15267 5602 -6243 15675 -15640 10617 11637 -8420 9032 -10854 -7287 9924
-15634 -2547 -9648 14163 15056 -1809 -9152 13054 -8288 -4530 -12538 -6324 3355 13810 -1520 2433 -16193 16253
5710 5980 -14431 4280 2874 12293 923 1573 -744 -1726 2989 473 4215 -6934 11167 -882 1793 -5477
1764 11507 6512 2477 -7483 14662 13023 10090 -9285 10021 -3772 7544 2586 -606 3897 3224 -9737 -12906
6914 -14443 6723 5174 7883 -5518 1848 11242 7730 -3603 -11272 16222 3335 -6362 -2192 -3373 9039 -3178
-16254 14264 12943 -3770 -2718 -385 -8120 -13501 576 15016 -5699 -15795 -1239 -4830 -11013 -5681 -2776 10451
13082 -3820 -1360 -14986 -10302 3254 7997 13476 10729 5210 -2502 11574 -3611 10396 -3810 8395 -14178 -2745
-5925 12196 3106 -7226 -10631 3769 -672 -11809 -259 5125 -5331 8348 5774 -8922 3723 12173 7899 -15326
-981 6190 1209 5770 -12495 15779 -16118 -15674 -3785 1195 226 -4185 9106 -14379 6380 12865 11740 -9236
-14326 -10755 -10836 14519 3387 -5398 928 6631 5314 3667 14758 11336 132 8599 15991 6971 4018 -7370
8803 4711 -5718 7719 333 1963 4118 -7309 9718 -7849 15454 506 -3457 -13156 11325 12442 12839 -10176
8621 7796 14429 10133 6665 -8825 -3852 -11859 114 -9344 -14927 -16184 -8333 -9007 -757 9741 -10784 11781
-2510 -10877 -11517 -169 -6576 7734 -8710 7801 -1265 -3394 -5029 699 1628 -2593 3097 -8368 5995 16271
-6995 12262 9467 -4573 -11411 -3199 11483 -10310 10047 2433 -4946 -4096 16244 -6904 6123 13850 4590 2683
12071 16091 -9082 2918 -9064 12088 1449 -2937 -1583 15101 -4023 -7645 8914 -1089 -14605 11930 -1466 13328
572 -4285 770 -11526 11874 13168 13013 -13403 13360 14804 8833 5465 10530 4104 -250 -6226 -5429 -12183
8222 1782 2418 -3547 -6130 13570 -14844 -8299 -12133 6665 10021 -14644 -13990 14815 -5719 -10129 -13523 -13969
-12252 -5944 -15094 -1947 5594 10005 -14849 809 2277 -8409 2162 8468 3983 -1751 -15698 8926 7421 11197
-8036 -10920 -9967 5197 2764 -936 -116 10656 7872 -1543 14969 15532 -925 -2557 -1078 -1108 -13101 6567
6716 11121 9831 13169 13697 2813 12789 -10375 9630 5454 13643 -12327 -1646 5496 9984 -3741 -14024 -16137
12144 10386 -8593 -13245 15105 -11582 -1673 11683 427 14236 13470 582 10167 14037 -13539 -13934 -9273 -486
-14531 -5451 5654 -9406 -9282 14465 -8958 -307 -5000 -6274 12998 -15730 2626 10807 4236 -14174 -6635 -6183
4772 1700 -150 -16131 14863 4388 4584 -10559 -6335 15190 1603 2076 -3549 -8439 -5536 6516 861 -7976
13493 -1430 4822 -15197 -10503 7669 12148 -6592 -7176 6327 -3029 10860 -13113 -1652 -12749 15368 -1767 4190
-1897 10627 16112 5953 -12042 -2412 -646 -3652 -5755 -2519 -8398 -2459 -940 163 1869 -2384 9170 -9661
11866 -1783 -876 -8736 -3551 -9952 5201 16347 -9012 -15740 -13773 -682 -6322 14706 1097 -13408 -1281 9712
-8608 7154 13957 5398 13811 1888 -1539 9389 14207 14091 -432 -13060 -12034 7317 -1050 -802 11690 3799
9347 15382 7946 7894 -2962 -14360 5932 14578 7886 -8735 6191 -6558 6489 10485 15621 -15651 2865 1236
16247 -1383 8966 2934 8041 -7047 6273 8436 -12447 3201 -8988 -3682 2625 -15729 16105 5701 13916 325
1522 -11552 -1623 -16054 -14236 9039 -7343 3249 331 2681 -12688 -6469 10563 -10337 -7655 -9287 -10598 -10775
-11621 -12972 10413 6723 -14333 -12560 666 -7312 3553 9836 -9958 -16300 -4016 -15087 6051 -3946 -5584 -13118
-7977 13159 2229 -2695 11802 -1883 10278 -6413 4740 10267 -4640 -9558 9467 -3284 9113 6658 -10854 -7023
-10260 11464 12883 8828 -6127 -13350 -8482 5865 -10516 -5088 -15415 -3537 5448 -2621 14574 15313 8037 -1123
12047 -6754 5041 1774 7356 5364 9939 -13486 12916 5734 6382 -10512 6670 12162 4132 4850 -15017 -15636
-934 10301 4091 -1360 -6086 7258 14505 -4906 -9347 15028 -2701 -4554 12904 7687 10098 1933 3736 -4587
-3660 -16175 -15106 9625 14158 14017 -4829 -2943 -15148 11969 -2635 4695 10475 7397 -7614 5376 60 -12211
5696 8106 14477 14768 -11949 -511 3883 58 -16184 -96 -12660 -10084 -13723 10190 3888 -11687 -2972 1385
-48 3941 3772 -14560 -1869 6646 419 -8225 -8613 -13165 -6829 -12405 5992 105 -14583 -7178 6590 -2584
16210 1548 -11550 11145 15753 -6321 -4190 5872 11420 9091 -14594 -3019 -10992 10922 -5054 8058 8260 1843
11377 11465 8442 -11153 -1301 12825 1299 -1723 4423 -2130 -11109 -1242 -14717 675 8708 -702 -7844 11722
4022 16379 -5633 -15180 -12599 13466 16096 -10996 -1270 -1725 -3861 10791 -1980 -11995 10969 9953 13504 -4878
10213 -3676 -2803 6036 -607 9921 3325 6944 15650 1292 10737 -3576 12131 -14171 4695 6286 12520 10253
-398 4733 -3933 10117 -4520 -1764 5651 13973 8512 9561 4786 -13336 4605 -13745 8849 -3240 7366 5091
-16322 588 12857 7632 4069 -6582 15264 -10552 1471 -15936 5235 9198 -13399 -13529 15646 -10092 10763 8779
11011 -10723 -2044 4076 -9788 -6083 -10555 -7293 441 12653 15415 -7329 6088 15258 4324 759 -1448 283
-6890 -11388 -4198 487 312 -7483 -9965 14597 -10873 -986 -16296 1604 3298 5 8469 -8147 -14587 -15020
5204 -7627 15830 14683 -16130 2870 -9697 12767 13722 -16352 -1185 9578 3934 -6420 -2311 15841 4709 11729
4758 -1700 5948 -11589 -566 -13005 -3675 -263 3825 -164 13459 2869 -14499 10738 -2179 16297 -7501 7449
208 -7022 -2671 4867 -1594 14044 -8332 -5555 3926 5415 5080 -9587 9355 -1812 -350 -10452 -1541 4085
1979 5239 -4465 2583 -1537 -7436 15751 -4321 -11947 -11021 -8765 4355 13342 -7578 -6596 -4505 7123 -269
7120 6455 -3861 -10681 3144 -2632 7675 8875 -9580 -6752 -8670 -11810 8275 13214 -13661 -5094 2204 -11510
-5165 -3719 2040 -14384 -11979 8571 -10832 -13652 -2844 -7960 2629 -610 -4559 12755 1859 -15205 14221 -3584
3131 5763 2986 -11416 7430 -9643 7645 -15591 7504 9374 12743 12867 -15016 -5832 -10698 -2671 -11280 -2768
-14523 11956 8650 -15096 15305 -3001 -1545 2846 8687 11214 -9304 -1427 3874 -13791 2359 10610 -6355 -4631
2155 8561 -353 2181 -2055 -4644 15474 2331 -8634 -16376 -273 15843 -10892 -1239 -14387 -8249 14491 15488
-3176 -980 13910 13265 88 12557 -4988 -8170 10098 -4271 -3771 1134 -12596 14165 -4789 -5791 5420 972
11091 15934 -532 -10550 -16143 12002 -56 7450 13452 417 -1260 -9254 -15189 -11904 -9448 -9154 13422 14494
-6476 -13898 -16032 -258 1093 -2503 9835 8543 -2866 14550 -12243 -15223 -13744 6804 9833 -5968 7545 -14985
3808 -3790 -14713 -5666 3394 -11132 7522 3603 9344 2154 1295 -986 -8890 -401 -14776 -15886 5571 -15219
-668 -2176 -332 7723 8059 16277 -5736 10577 -9520 13957 -13244 -7144 -10650 -15541 7579 9818 5364 -300
-4193 -7243 -254 9631 -5467 -13909 -10167 -14453 3555 3623 9309 10727 -9927 554 16019 4046 -15322 15547
10525 -9032 9750 -3548 -10380 -15031 -3095 -13475 -2055 620 -2388 -11832 217 15013 -8280 -15586 1080 5539
-8801 -7767 3978 11797 5969 5299 6717 -10816 12101 -4800 -14433 -8242 13511 -7432 -4 -6808 9774 -8857
9476 14469 -6047 -8855 -6792 -1786 -10343 -9505 -3074 -4 -10905 10918 9551 5448 -2056 203 14748 9070
16022 -7431 -10960 -8797 -4236 7987 -5042 3107 675 6855 9820 -3380 15977 3458 -948 1507 -5963 -734
5677 -7875 12776 3337 11303 13691 15585 -2503 -4466 8117 -6089 15226 14664 7996 15546 -4639 5755 7608
9545 5486 -11161 15737 -11326 4628 12938 -7668 -2225 2272 -5618 9995 10219 12657 5473 14650 11045 6063
15137 -14895 -2525 9657 59 -3052 4323 2591 -15019 7463 16070 -12717 13160 13864 4175 12632 -1102 8310
-15832 6852 -12596 -11183 3429 14822 -12522 6565 -13042 9535 602 -15577 7382 3639 1713 8096 -10958 -8940
3745 5513 2182 -14046 -6006 7385 -6718 -16074 5439 2843 9229 14425 12792 -6716 -9248 10945 14696 11970
-3784 -4354 -8149 -8359 -3292 10098 4193 1321 5252 -6132 -14175 13716 8724 -7123 -7672 -13503 6568 14568
431 8695 -14668 10099 14665 -15175 2060 -11301 6913 -15864 8945 -9230 -15190 6792 -14516 -9586 9747 -563
10547 10996 1726 -13972 -11337 146 3765 -428 6357 9966 -10570 8287 -15663 -547 -15473 13356 -5466 1523
12491 -12503 6099 4417 11925 -4628 3427 -5057 -10538 1227 -6102 4863 -614 -341 -3511 -14675 -16198 7699
-12299 5940 15034 -2937 -5763 13631 -8973 -7152 13959 8293 13549 -8418 -12642 1437 8464 -9581 -7445 -7687
14460 9751 1343 15759 -5577 7858 -8101 4793 6020 -4197 -15000 13698 11674 -10933 12999 -12454 629 5844
14351 -15606 -1783 10616 -9387 3307 12438 12917 -7257 -3238 -15520 -9440 11482 7013 -10113 11058 -6002 -10804
3346 -8857 -3994 14373 -1891 -7612 3482 -10657 -12119 1335 -9802 12393 -4175 -6169 7320 10291 -15554 -14398
-13376 5078 -6832 -15909 3781 -16368 -6912 2294 -4821 -2317 611 -15899 2387 -8483 -7757 -1521 3282 -14933
-1623 -5041 10728 11304 -16083 2051 -10679 9676 -8142 -4508 8990 -8026 -6181 -9708 -10671 -5745 -10782 9461
10500 167 -6342 -8126 -12445 4614 -525 13015 11675 9897 7774 -3628 -8661 -7760 -14477 10082 -4773 -8759
10862 -1066 -4599 -276 1473 13556 -13397 3143 10022 16277 -623 9851 -9963 -2194 -149 -4598 16213 8485
13067 -4599 -6411 -13647 3948 7962 3421 1501 -16139 5790 -7487 12584 7926 13863 -13385 -15657 6780 -4307
-6616 -13758 2627 -4350 -10900 7024 -2041 -14586 6575 -10005 -11520 -6881 -2404 -12339 11180 -3997 11570 -9701
-9008 -8680 3321 15187 -14919 -11553 8283 11080 -1593 9259 -1971 813 2348 3576 -9426 -16142 -14606 -3908
-9488 -11060 12347 11157 5756 -4841 -10035 -6451 10834 13406 205 -7556 5233 13755 14282 7560 3960 -9378
12543 -5928 10507 15209
