6906 2264 1872 2597 -7291 -1015 1523 2503 -6745 6063 7546 4569 -2283 -6762 -4134 7853 7269 2911
4580 111 6424 631 -5207 -7650 -7486 -6518 5354 7185 -3756 -4953 -2114 -3011 1671 -2808 -7362 3570
-6549 2416 6248 -5282 6917 -1487 -1252 655 -729 -5182 -3797 2104 7244 1809 6553 -3598 -80 7772
-6663 4659 6765 -1867 -36 4073 -4910 5663 1143 7069 -4930 7772 88 -7086 -4295 3139 -2752 -4626
-4844 1991 5144 2897 7349 153 -2790 7687 -1273 -1173 -2056 7576 -647 -7218 5699 2168 1841 5304
4578 158 6997 -5721 2473 -2635 -6543 2651 7702 7912 6401 836 -4052 -6561 -4829 7288 -7065 2115
4435 352 -3108 1919 4710 -5392 -2700 -1528 -377 7822 -5826 3789 7008 -3175 -4109 3925 -5772 -3713
-1912 -281 3700 -1912 3563 6489 -7974 1846 3809 5010 -4472 3657 -1544 8073 -1897 -6821 6052 5636
-445 4644 -4992 2019 4333 -2971 -611 6424 2896 2138 4353 -6349 -6719 4587 -3001 7574 412 -7578
-3251 -1717 -6699 2783 2324 7789 1685 -4803 -2879 326 4626 -564 -857 1272 7276 -6259 2448 4561
-6973 -6894 -7150 1340 3411 0 -509 -678 207 2353 4634 -7639 7869 -1158 939 -4514 -5880 6914
2169 6611 3234 853 1717 -6239 -165 -2568 -3815 -1598 3257 7084 2843 -5004 3095 2651 8018 6942
6590 398 4585 4334 3380 -4202 6454 1793 1707 -3769 1662 -3528 3461 7780 -5948 681 6656 5274
-3125 5817 1025 4898 -2771 963 -3842 6408 402 -2449 -1276 6149 -7148 3233 -5403 -4598 -1622 -5354
-123 -2214 719 -3963 7226 -5294 5431 2172 6242 5575 -2136 -44 2564 7949 4596 7351 1438 -2926
-1257 7265 -4851 1059 3947 6246 1943 7123 6407 -2645 -740 -8074 -3015 7922 -4525 -4924 -1511 -4842
1086 2846 6987 -303 -3916 7153 -2854 -7627 -1533 6834 2341 4540 3010 4999 -6388 -6400 -6470 -1149
-5863 1278 -5654 -630 5859 7196 3765 -4650 4745 2473 4658 -2537 7238 -2790 -6773 -5071 5679 -4904
8075 -6747 4620 -6991 2382 -1648 4946 6125 3 840 3903 -3837 1498 6056 5390 -1827 -1011 -276
-6053 -4132 -8184 -6864 -2159 4701 1464 5014 -1907 -5387 -5900 -7155 5461 -3019 4094 422 -3339 -5076
6459 -6233 -911 7022 -4619 -3815 -1050 -3634 -3006 -5348 -5181 -1372 -1515 -1089 2593 2764 -3226 3972
6209 -5579 1401 8071 4127 6921 -1714 565 -1484 141 3872 6330 -4792 1930 3359 2811 -7566 4707
809 -7108 -6350 2756 7618 605 6055 6902 533 -5690 -5396 -3885 3363 -4132 -1135 3152 -4087 3629
5682 -1091 876 4145 -1987 1924 3078 -4698 2230 -4174 2636 915 -2740 -783 3895 -522 -678 1868
-4044 -7181 5424 -2948 5156 6339 -5266 4050 -3179 822 -1422 -552 1529 -4658 -4101 -4750 -2524 4482
5347 2239 6083 7465 -264 1923 -2025 -5261 -2319 -6854 945 -1652 7310 7368 7014 4191 -3372 -5163
4692 -3457 7771 -80 -4338 154 -39 3563 -5662 -6486 -2900 -1394 583 940 -6241 3552 -6804 7692
-1089 7140 -44 5788 -1193 8034 -3028 -5055 5382 -5474 4400 552 4354 -4184 186 -1350 2152 589
2530 6410 2233 5553 -8108 -1272 -4743 6004 6828 7732 6623 -5491 2579 272 7358 -7239 3285 4884
-6032 2446 5690 1367 -5898 -1489 1381 -4654 -7628 -1897 1384 3897 -8119 913 4199 -2164 -7159 -1970
4067 1834 5525 -7542 -3033 4766 -6371 -919 -818 -3844 -3667 -27 3185 -5920 -2510 3043 368 3606
3214 -287 -4646 477 -5414 2374 -6027 -6207 3760 6495 4335 289 -3398 -7452 293 342 6711 -7119
1417 3182 7368 -5353 5808 -3439 -964 -1203 -4612 6657 -4465 6275 -4252 -5694 -6649 5654 607 -6446
360 -4516 5106 5652 -4523 921 7120 5327 -6207 3223 7854 -1584 6802 3789 1960 -3800 6743 -6084
4813 -7020 -4063 2771 -7480 -7554 -4739 -5228 -1112 5530 3472 1844 -818 -207 3667 -390 5108 1527
3047 -5082 860 2970 2065 -2418 -2798 6874 -6182 -314 -2727 -8113 4412 -4229 3642 -54 -3313 3421
7720 -1959 -7953 2872 -7217 -5913 3425 927 6389 -6272 3088 6724 5776 -720 -6626 -6424 7144 -1913
-5471 -5143 -3357 -5958 1344 -1411 2925 -3225 1261 1657 2058 5876 7354 3023 5492 2965 2264 1940
1902 5354 -7762 -6469 5292 -2493 1810 -5024 -5158 7039 -4692 -3645 -1080 -5993 -1949 462 -5962 434
-6147 -3498 2235 -523 2781 -804 -7854 5850 -2343 -1779 -2 1593 -2258 -1331 -6117 -6934 -1880 -2582
-4154 -1026 7629 -5775 1507 6827 1349 -2917 -1200 -7472 -5046 5985 2335 7688 -2238 180 -4586 3452
2688 -5052 7459 1597 -741 -3591 5911 3144 4067 2308 -5784 -472 -3452 -8046 -5097 819 181 4122
-1852 3704 414 340 -2861 -6090 4938 5575 -5964 4095 3138 -5633 -430 -5758 -693 -1960 -8042 1507
7479 -647 5656 -1081 2285 -8096 4327 8168 -7817 22 3441 4201 -3521 -5887 -1395 -6999 -5780 5075
1189 -3124 3161 -4061 -505 987 -3531 7318 -446 5001 -4432 3769 -3397 4239 -2334 3183 -1453 -4937
-5568 -1788 1584 -7311 2483 6106 6571 -7645 1756 1735 -7341 -6910 -2720 4603 2332 -1385 2155 -7272
-7765 -31 -6581 -3871 -2886 1813 -988 -6384 -857 -1273 7116 -1597 795 -3810 3533 5395 4822 -1019
-7824 5444 6295 -3868 -6908 1556 -4821 -3769 4143 2993 -7541 -5221 2674 -2229 3637 -7084 6073 -5822
-5488 -1619 5402 763 2414 -3061 4014 2644 -3642 5374 8074 178 -7572 -2329 4318 4021 5131 -4303
1319 3465 -3033 1339 5774 -1319 -3259 -4133 -6299 -928 -8133 -5257 -6219 -3555 -5482 6864 -1271 -4573
1573 1121 2104 -4853 2468 7774 7532 4614 645 -1187 -3532 2195 6105 2444 -3651 3531 -2467 -2395
5937 853 8095 -5540 1587 3578 5710 -5744 -5775 -7721 417 5126 353 -471 479 3789 -4831 -1336
4110 3393 5990 -5838 -7496 2729 4515 -5309 -3625 -6531 1846 382 5088 -2746 4812 -3316 3564 -2014
8149 4415 4356 3297 -7646 -1837 -378 2257 3481 4785 -4686 4116 6170 -2448 3157 7082 -4243 -4006
5270 17 -4766 3364 -3625 -6523 -3062 -4793 3780 2787 -1006 479 -6525 -4048 -195 -2733 4848 7600
2298 -7818 -3562 5814 5924 5473 7341 7929 5337 3303 1998 -609 6514 7072 2996 4312 -2653 -4703
-5714 -7128 -1878 8135 2846 6976 -2120 4532 5044 -7285 350 -3240 166 -447 1839 -4061 -4312 5433
-6281 -1571 1001 -5055 -7917 5394 3533 -7902 7020 -5844 7591 3138 3225 -2536 -4817 -3093 -6261 -3675
3841 -7133 7280 -4497 469 7477 5421 3697 -8004 -5417 -2058 -7362 2701 5597 6660 -570 -1414 686
-4999 4052 -5209 -4552 3406 -7905 515 7060 1658 -1552 4654 -7086 -6878 1411 642 -691 -3343 3570
7994 -7625 -1120 5062 7106 -1611 -6015 -7380 6940 -7128 7232 -5949 -1680 1797 6336 -6125 -3923 1763
6413 5533 4698 528 -5764 -2419 -3966 -544 -6175 2054 -4172 6274 -2579 4131 7223 -3697 1958 6776
-944 6944 6147 591 -1623 1435 -4704 3189 7137 -2036 -1634 -3407 -4555 1833 -1380 -7475 2626 7420
-4657 4944 -7684 793 -1987 -4140 682 392 4632 -282 -5344 1092 7736 940 -4361 6493 -2125 -754
261 -1603 8085 1156 7906 -4476 5316 -4463 -2157 1295 -18 -4401 1870 -7268 -600 -7773 624 -3964
-3926 -627 2427 7715 -6616 3613 71 3418 -2487 -1401 588 6319 -5437 -1589 3590 -1520 5527 -2414
-7800 7473 -7703 1177 -7653 4247 2295 -5686 2322 -6350 -2756 7395 -4172 -863 -611 -1065 -3015 -4586
718 7087 4612 -1578 6345 -3029 -6427 5978 1639 2282 -127 -1511 1303 4673 -6941 4313 2750 1964
1311 -3130 1965 3551 -3804 4867 -7490 -5510 2457 6133 7559 -170 5367 2852 -5439 -4225 6312 -3911
-8014 -4163 -4269 -4700 4564 -6960 -2488 -6309 -2677 4408 3081 -4032 -5381 -2896 -1544 -3424 4 7990
788 -5036 1634 6600 -3593 -4857 -7967 -6482 8139 -5868 4786 -1169 3719 4873 -1292 -2463 4139 3532
1598 -3616 5423 -5797 101 -2277 7184 -984 4174 -3449 7156 2855 2030 -5135 -7046 4711 4702 -7116
3230 -8105 -5606 6786 -5430 5542 -7848 7011 -4104 -1078 -6524 6970 -8189 1051 3800 -385 268 -7780
4378 4491 -1014 3926 -1422 4627 2155 -2718 1888 3122 7399 -382 -5403 -4833 -155 4202 -4696 3448
-4604 -1886 -4251 5442 -1205 0 -2986 -1169 5995 -2348 2263 783 -8014 -5212 -6880 -2000 -2805 7823
6933 3645 7855 -7340 -1968 -7646 5616 999 -6615 494 -3554 5574 -3584 -972 911 5064 1932 6383
-3882 -4434 1885 -480 4346 -6599 878 -7689 7411 7412 3046 3241 -3545 -1897 5615 3045 22 255
-6482 6623 6954 4060 3167 6662 3741 749 3987 -4776 -6270 736 -6523 77 4844 4312 5262 5235
2372 -4977 -45 -6247 -8025 1298 -6426 -1376 113 1583 178 6641 4082 -2966 -3984 -5742 6697 -5722
6077 5834 184 -7067 -3878 -3704 -2068 -1108 -1280 3904 -6685 -5756 -7457 -1651 7900 -486 -3785 2648
6302 -4733 -5745 -2123 3840 2590 -7405 -3770 -3175 7574 1418 4443 -7552 -3451 -2954 927 -2493 174
4676 -7318 -2844 3567 -6733 -3155 -4082 -2636 2880 -3439 4694 -5857 -816 -5476 -3153 6600 6487 907
-4377 -7896 -2363 -2876 4700 5770 -6159 7008 -6717 -6721 187 5608 7950 6225 583 -6240 124 -7312
-1711 1398 -1600 -5011 -1879 3745 1607 5599 -1583 4804 -7508 1896 3507 -6198 4919 527 -6275 -3757
5521 -3254 -5224 7110 -2169 6296 3269 -4853 -4878 -6705 -7847 -4913 7882 -16 -1393 1666 3405 -334
-6133 -6427 -190 1698 -3729 -2248 6249 -4634 -4074 -2028 4360 -614 4845 7635 -6002 470 -2446 -3919
3421 -1450 6852 4712 5055 7596 -7701 -5220 -2589 307 -8159 -7500 -2292 6024 -6053 7805 -7204 6058
7901 -2470 2492 -315 -1036 4619 8044 -375 2252 6956 -1885 2614 116 577 -290 5177 7919 -1688
2380 -4498 2160 -6487 3543 7936 4793 -4114 1356 7154 6797 -7535 -857 -196 -4271 6285 -4743 -6775
-319 7510 6007 2466 2764 -3006 -2778 3693 5011 671 1433 2440 -136 -149 1387 150 -5279 -5477
4285 -5351 -4850 -4586 2149 -5385 -3690 -5566 -3015 3481 507 4152 -911 1975 6128 2968 -3010 -596
3234 7669 3945 2686 3009 -4627 -730 6022 5267 -5162 497 -2389 -3282 3605 2729 4417 -1070 1806
4779 7574 -3480 -2379 5924 -4854 -6123 -1602 -3718 1234 -1801 6261 4819 4965 -3070 -2259 -1339 -2961
5876 2637 -7401 5496 -6026 -4082 -1357 -4816 6731 -3651 -5713 5950 -582 3772 -1936 1750 -3080 4876
5118 -7730 -6963 7041 2407 -2463 -6839 2448 -3507 7573 6302 2251 -4983 -959 -2784 -6169 5887 -2910
-2222 -6282 -4733 -1369 -4818 53 -543 7379 -7303 772 4104 -3139 7993 5231 -1189 2603 -4774 -6681
782 -4124 -3494 -4464 -3139 2304 1069 1461 7178 3065 -1994 -7972 6772 68 -4259 6001 6709 -4201
2633 -4572 -1708 7108 4035 3017 -3639 -5301 -4317 6655 -50 7782 -5904 -3244 8001 -287 1949 -7914
6711 7273 -3486 2766 670 1949 1068 6480 4361 7591 -3894 -4249 670 5761 -7661 -1494 -4067 -6185
5965 -1295 -2042 -4475 -3931 3298 -2581 -3901 -3902 2089 -7977 -5413 7816 1221 2770 -1899 4334 7931
7063 3376 3831 -150 83 3085 3533 2232 -5485 -3091 -2307 -4882 6222 -4404 203 3164 -238 -1935
692 -8133 5190 -4732 4100 4814 3231 -2729 654 1861 3232 6213 -118 -3296 -7092 -2890 -8053 2890
4069 -6980 2716 -6453 6117 1626 7547 6417 2557 -1942 1264 -6669 -6847 -495 5702 4396 -3212 6893
1003 -5209 -5774 6616 4387 -8136 2230 4160 4069 -7648 7180 4145 4825 -233 2387 6899 7529 -2303
4715 1616 -1020 6970 -194 -6540 3697 6036 2792 -4503 -4528 -6435 3591 6469 -1108 5396 31 3555
-1604 4416 2598 3913 1464 -3873 1071 -5208 4568 -6412 6194 -1028 -4503 4286 -7176 -6573 2824 6669
5155 -2898 -1534 6953 4699 -3458 8129 -3473 149 -7474 6263 -1155 7039 253 -565 -6651 -505 7717
5811 3649 -8183 3356 7034 6403 2581 -4330 6094 -2710 6239 4835 5374 1580 1730 -1828 5717 5266
8174 -4780 4498 3846 2482 3019 -4731 -2748 2147 7335 -3899 -3032 -3222 8087 -5491 4907 -2837 -2923
-74 -2707 3728 -2680 -6704 4197 -650 -3447 -2470 6716 -2257 -7486 -7135 4534 6645 -1041 -843 -7735
2545 642 5 716 5536 1128 -2018 6989 7012 4195 6903 640 2602 7186 -8067 -6575 -2248 -5483
5790 -2283 -7409 -6714 7565 6880 -6275 -988 5655 2678 -5947 -2734 -5090 6616 998 3894 1839 3707
5129 5570 2889 1306 2313 1869 -3160 2341 -5859 -2148 -3644 8148 -2144 896 6768 -5922 6909 1822
2831 5822 -1088 -5945 4333 -8007 -2385 -5502 -832 -4005 7205 5163 -5065 -4938 5748 -6086 -3139 -6861
-3728 -2790 -3502 -514 7444 -2764 -1664 -8163 -6820 3984 4984 3873 -1767 -5353 4433 -6534 -1524 -6546
-5288 -8096 -4086 -6525 7568 -6030 6467 3494 2637 7134 -3660 3411 3306 -1735 -5208 -7028 1704 -7699
-3225 -801 4002 -4275 -2048 -2041 5611 -697 4913 -8142 5320 -4938 2676 3292 -4598 -175 807 -4520
3970 3907 -7213 4585 -4439 1112 -868 4242 1096 2258 -3897 -1431 4705 8151 -1178 -3936 7713 8072
2336 40 -6147 -3919 285 -4362 3048 5653 -2288 3543 5046 7534 -8099 261 -6772 -1037 1641 4410
6268 -1910 4096 -2181 6472 -6749 7137 -2701 -5840 3234 1638 -4997 -7951 3316 5200 1337 480 4290
7344 6628 -218 6462 -5136 -2781 2323 1182 -1537 6031 1182 4003 -4710 5596 -1794 -2858 1718 401
7519 -5297 -5620 -4496 4295 -6352 -6210 1653 -6652 7604 -2266 -386 3530 -4383 445 7554 2292 -2346
-2263 -6014 -4908 -5948 1119 -6916 -7249 -2693 -6151 1043 -3233 8095 -623 -6054 -3069 -135 -1446 6178
220 6245 -2881 3730 3406 491 -3788 -711 -6160 1646 3609 -4010 5575 -1667 2255 -6214 4010 -6206
-2603 5706 2993 -7524 -6630 6691 7380 2379 4963 8022 4771 4549 3550 -176 -7388 -3290 1213 3797
2245 -3136 -7155 -4945 7810 -813 -7782 734 -7147 -2599 -3336 3213 -2994 2429 1713 4739 6042 5674
-1391 -4014 -877 -5057 -5884 5134 183 7129 1966 2746 4944 -2986 -3826 2884 7261 -2221 4934 4644
-3655 -7826 7694 -91 1101 2701 -5707 2753 3952 -37 -3765 -1367 -2978 6475 6642 -1824 3021 -4900
-7867 -4604 6067 -7847 -4898 -1239 7958 728 5379 481 7688 6858 -7050 3292 5061 -4698 -6320 2857
6375 -8128 794 -4070 1990 -6466 -3596 -5697 -7954 -221 6866 19 -2631 6535 -7941 3769 777 -4121
-7040 -5284 1577 -4204 3571 -5455 -2628 -2486 7979 5660 -5923 1245 -7376 1010 5719 -5741 -2241 -7078
-2555 1033 1791 -2871 -4543 -6956 -2619 -5071 6024 -5466 3832 4533 47 7975 -2134 4121 -1473 -2710
-1230 -2120 7531 -5131 -4865 295 1841 -2949 -1662 643 783 -7381 -8140 -5818 -6946 1954 -3900 -5428
-182 -3710 1372 -645 112 665 5139 3195 7831 4287 4462 -2010 7945 -1728 -495 5367 -7925 -6160
6529 -1214 -2310 -3104 5146 6495 -2170 5034 -1522 6818 4358 2925 -3692 5323 2300 5714 1583 3637
-3674 -4663 6943 3727 -72 -4014 -284 3139 2621 2552 -1562 -6024 7822 -8097 4680 2990 -3479 -7055
7886 5387 7723 3000 -7454 -4557 -5836 4941 3522 -2611 4685 3688 5840 4773 7770 -7530 4336 -7819
5889 -3196 -4325 3895 910 -8070 5124 4665 1513 5477 -6423 5043 -6734 4498 1904 -1012 -3208 -6665
6850 -3140 3606 3367 2982 2769 -3023 7913 -2092 6415 -5179 357 -7078 2223 -5652 6647 -3286 7622
1201 8100 -3134 -5053 6417 4392 2292 3730 -4342 -3926 -554 3810 1500 1802 964 5376 4710 4318
-3182 2782 6553 5879 3021 2485 -3817 5275 1583 452 4072 -4780 -475 -4429 -1701 5216 624 2710
-5127 -6196 3072 4497 7843 -7912 -3117 2069 -2610 7574 -7684 5573 -1322 -8105 4056 -6406 -131 4023
5968 -6434 -2170 4251 -5817 1078 -3476 313 -6882 4801 -195 -2673 -5275 -1223 -7019 -2190 -6751 3059
-2379 -5053 7481 7207 -2623 -7616 7036 5070 -488 -6283 -4912 2596 -2866 -5042 243 3274 -1466 5066
626 394 3306 -3249 7978 -2889 -6643 -7147 7154 1581 -1320 -6079 -4758 1788 -5264 1422 -4129 -1634
2600 6057 -1957 1760 1249 -996 6345 6500 6784 6621 4423 -3647 -6518 -6516 2183 -6844 -4903 -5321
1374 6485 -4226 -5417 878 -4742 -1864 -5029 7406 -6671 -7414 2654 -7272 2299 2424 2680 -7510 189
-5656 7728 -7140 -3139 -7286 3979 -3357 -6652 7045 -1212 -2983 5350 -3671 6805 4813 8034 3908 -328
4908 -4832 -1497 -27 4036 -6636 -2634 534 -3529 -4922 7206 4432 -6529 -4820 -1571 -2153 -7910 -3534
5341 3707 -3496 5080 -5521 -4522 186 -4104 3280 -752 -7027 -94 -5355 -356 -384 -1243 -4837 -5884
893 7850 -4695 7707 6032 382 -858 3285 -3604 4589 -3211 7217 -7144 -6200 1390 -7727 -453 -126
5752 1573 -5502 4090 451 6216 -1617 3287 6818 -3225 -1347 1931 4486 -2086 6063 247 1813 -1583
4473 7595 -2198 -6228 5382 3783 1893 2534 873 -7806 7729 7856 -6368 1860 5334 -3303 -3966 2162
-6666 -1052 -3256 -3129 -6237 4094 -200 -934 -1697 1675 3565 6208 -4046 6810 8132 4559 -5401 5750
483 7549 6240 -5990 5986 -6555 6682 -7106 8091 -7323 3261 3985 5005 -6428 -7973 390 5228 -1227
3527 -3771 1348 -621 2197 -1730 2508 2504 2352 -4131 1095 -6032 1936 6105 3220 4563 -1252 2604
-1447 -2187 1565 7069 -958 -6618 5984 8181 5755 -3372 -5145 3283 559 996 -1338 7710 2103 -5829
-2782 -493 4318 5331 -7099 4858 724 -6640 4059 -2949 -5328 6542 -2485 -5498 2204 4020 303 -2061
-3161 -1076 -11 4775 -482 -4667 4749 2928 934 2202 3665 1903 1379 5972 1781 3376 2745 4773
1444 1881 -7871 2354 6203 -260 -2616 -910 672 -4215 -8058 -7126 -957 -2462 7772 -5477 940 11
4424 4923 -3516 -2816 485 7706 6687 2076 -994 6629 6149 -5957 241 -2428 -7293 -1443 -6304 2653
1828 5121 -6542 7231 2770 -5863 -7577 -7208 -1459 7694 -2310 4823 4541 -5497 6351 6331 -1411 2853
2046 -3286 -7709 -6903 -4678 -783 5189 7379 7960 3503 -6636 871 7940 7188 5386 6704 6464 -2881
-5228 4377 -3949 -2110 4159 29 6672 -4411 2906 -387 8072 -4662 -4947 6534 775 4233 6990 3352
7563 1658 -1622 -94 -3387 -144 -6261 -7200 5124 -5412 3169 556 3144 7090 -3175 2928 -4257 748
-6895 -2125 1590 4775 952 4687 -3514 -1046 7239 -2616 532 6400 -4583 6446 4326 -2424 6181 -3769
-5239 3334 -3044 1832 5171 7477 2461 1689 8093 221 -7274 -6655 1310 -7588 -3659 -5646 7166 -4924
10 -6554 8155 -6497 -4414 -118 -2504 2385 -3083 3121 3872 1818 4525 7144 6905 4536 2555 677
-4250 5030 -1229 -5092 5460 -4603 -4546 6317 6694 -4843 285 1534 7676 1372 -2170 -6877 -1762 2925
7054 -8076 -3449 -1983 -1898 4867 -7796 -5063 6709 -3158 -2902 713 6494 5562 -2193 -5963 -7787 342
4480 1772 -1979 1372 6345 -3046 -4030 1277 -3899 -328 4957 -7446 4321 474 -5085 3112 -5099 5777
-1615 1160 4988 5093 -2126 -2385 3630 -4226 1143 -5684 33 -3870 3895 7918 6709 2392 6239 -2062
-4771 622 -4589 -5614 6891 5398 -4410 7710 -1030 7016 -1038 76 -1546 -4343 -6407 -7771 -3513 -6619
533 -4836 7963 281 8059 4669 8020 -1358 -6000 -6265 6023 3340 5953 -6577 1587 7448 -1145 608
1283 7871 5873 -217 4410 -7267 -1935 1154 5438 -6549 -7645 5436 3391 1275 -7338 -5867 261 -1311
-3938 3188 -4903 3754 -7150 1988 5003 972 -4192 -4005 5026 795 -5231 -6899 -1628 3060 2838 6244
-5767 8186 -7918 -5519 6401 -1157 -286 -3019 -2630 3179 5989 1725 -4224 -1514 -4077 -44 644 -4273
2607 -2485 -1451 -1699 3629 8182 2045 -4740 -7388 -3269 -6819 -6404 -919 -6594 8071 4101 1865 3512
597 1787 746 -657 -246 4731 -5062 -5062 2077 -2561 2061 -577 -980 6433 -2721 -3137 6646 4992
4510 -5879 6039 3899 6453 6158 5828 5143 3610 3859 4154 -4797 3725 5119 -4020 -1100 -6671 6608
-380 -6354 453 2478 2675 -33 5315 410 -2143 681 4627 2754 -7545 4605 2727 -5771 -1850 5472
5817 2220 -401 4492 5472 -7346 6759 -5322 -5040 -4885 -7174 -6554 4520 7230 2938 5253 2558 6462
6166 762 -7063 -3893 5304 7272 7872 4091 -6632 3734 -1028 -5859 -7204 -6418 -2396 1080 -4369 -2144
6512 7501 7904 -2206 -6139 4635 114 -4649 -7737 411 -188 7817 2262 7951 -2918 1172 -2256 6834
-2744 4322 -5157 -7666 6333 -753 6735 6631 4909 -6936 -6681 5078 7385 -1901 4987 -7816 121 -1716
6945 1847 2762 4808 -7170 -3892 -2765 827 5186 -5820 1424 -7181 -179 -1864 -734 1181 7126 -5731
4236 -5332 3158 6070 782 -5549 -7303 2730 7874 -8020 -4423 -464 -7159 4727 -3815 6625 -5609 -4094
6145 -1356 2715 -1376 5175 4096 4752 6743 -7947 -4547 4633 5658 -7385 6476 1433 177 -5434 -6032
-3627 3122 76 1496 -4802 5677 2136 -5157 -4000 7784 -6304 -7744 -6295 -1468 -4216 6710 7890 -2373
679 -2711 1323 -1273 -3492 2214 7172 7648 2112 -4670 4599 -157 79 -1034 8145 6538 8022 -4988
-7457 6492 -4205 3292 3667 -3420 3432 116 -4648 84 3651 -3014 4906 -7279 -5240 1440 -5896 -3258
-1099 -167 1206 -4494 -7273 -4705 -3653 771 2473 -5074 3930 7007 -2677 -4142 -965 1148 -6760 -4712
-5959 7852 1193 -7771 2676 -5384 2536 6047 2809 -6362 -4915 -2355 -5239 2648 -2252 -3145 -2044 5202
8094 -5750 759 345 -2681 -772 1218 5300 2524 2788 6116 3025 7582 1138 -5021 -5113 148 -1293
-5034 -782 -5589 -691 -5230 -7811 -2455 2320 7280 -7806 4365 -3802 -7232 5639 -1845 -987 1472 2599
-7012 7233 1631 654 -2751 738 -2447 -607 -806 -3633 2084 7734 1695 3076 -7026 4868 -5953 2085
7238 -4965 2641 1679 -4794 -3065 -6281 -4854 -2114 -3052 -623 2581 7212 1841 -5732 -7706 7299 7153
-7509 -6418 -1420 555 6780 17 -4907 -3392 -4547 7804 -6607 -7177 -3751 1293 1646 7299 -902 879
-3685 5929 2721 1732 -6701 -5892 3683 510 2636 -964 2363 4043 4483 4576 3854 4138 -6016 7096
-67 -7264 3396 -7897 -7966 1535 1618 137 -7764 -5398 5467 -197 -3369 7635 7940 -1487 -828 1981
-7725 -5821 7606 7300 -2505 1801 -1488 4565 -3661 3936 2400 -7746 -6356 -6517 -6195 -1317 7752 6895
6657 -8142 -1015 4995 2412 6812 -2461 7364 -6821 -545 3350 -6561 -3568 -7338 -7790 -7313 -4096 7243
-6146 8032 -6869 -533 2918 -1674 -3435 2250 -247 6373 -29 3625 5814 2974 -6383 5302 -8090 -7768
-5553 7947 6359 -2267 7675 5558 -2715 -264 4282 -2317 7394 0 7089 3575 2485 5890 -6943 5099
-4366 -4317 -609 -906 6828 781 -6352 4077 -4255 6326 -6270 5426 -4481 2489 -2041 -4839 -4593 2656
-1875 -7810 -3197 320 -3848 2551 3483 -7808 2368 2092 -6285 6581 1542 -577 -4439 2413 -4237 -541
1706 3911 -4374 7308 -7396 -7747 3274 7497 869 1149 6215 -7253 -5797 3194 -7327 -6311 1285 1147
7419 3529 -4209 -7058 -3296 -5233 -4278 -4803 1872 3911 7903 6999 7940 6196 -3689 469 6724 -1429
-4420 51 6750 -3424 7728 -6983 -7481 2978 17 -4745 7693 -2196 2432 -1553 4345 7627 143 8015
-6715 -7486 -3762 -3748 6513 1641 5610 -3608 -2742 -8046 -5115 -1794 7795 6634 4372 1952 -6734 -6951
8178 5933 -7880 6118 -5754 5977 -1369 -5157 647 -4899 -1241 -157 116 -7511 -93 -7575 8082 8150
7966 2824 -5091 5151 -4812 -2532 -6006 -4861 -7508 5488 2810 1415 5687 3479 3008 -7520 3917 -6821
7947 -4568 7455 -5942 5038 648 -1097 -7694 -3824 -1794 -3794 -5846 3629 3185 -4853 -4342 -1077 771
5047 504 -1095 -4055 31 -3742 8000 364 -6811 4226 1709 -6187 6844 -1310 7158 4068 -1172 7260
650 -1478 -6947 7900 5686 -6445 -806 -89 -3278 -6926 2538 -4528 -7863 -1638 1993 -2229 7206 -4428
515 7200 4795 -813 7852 6971 6093 -7792 -7366 2399 7579 5267 7552 -328 -2385 -4815 -1331 -1655
-2629 -5460 -2277 -1914 -6477 -3815 -4494 -4417 -1301 -4893 -1441 4918 -7578 -4376 -6770 -4590 -5056 -3266
8067 -6808 -6091 -7018 -1415 -5190 -7344 3640 7505 4605 -1617 3762 -3140 8024 6002 -756 1636 -3991
-7482 4780 1364 59 -5883 3045 -4503 7392 2315 4361 6638 -5734 -2912 6707 5981 -3924 759 8104
-7123 -6445 -4507 2265 -6445 -7595 -2272 -5115 -2082 -6222 1329 4214 -7380 3572 892 1392 -5305 7337
3561 -91 -1826 -6803 -4948 3931 93 -1252 -2382 -7881 1966 2217 5417 7054 5641 -5745 558 2680
-2056 1502 -875 -5014 -7834 5110 2762 4466 6115 461 1773 7976 -4355 -6162 3566 -5339 175 2046
3034 -476 -5107 -1795 -184 -3636 1002 774 -4641 -1270 -2107 3282 -7164 4890 -8011 7361 -1630 4388
-887 3979 -2541 -6526 256 1687 3372 3993 4393 -4117 3943 -5270 -299 -5701 1835 2980 -7632 -7264
7478 -4234 -3706 -153 -469 -1312 -7406 4994 6965 7362 765 4383 -37 -2692 1913 -4138 5853 -4055
3318 -7945 6219 -8058 1154 -4986 -1367 6006 -449 -1595 -7885 34 6651 -6806 -7853 -2118 2035 -6290
6434 -3628 -7260 -5503 -3814 7029 4806 5917 724 3762 -3475 -3016 -256 2282 -966 8078 3168 -2637
-4676 -94 -1531 80 7139 -3775 -380 -541 -860 4796 7790 -7652 4264 -4417 -3110 4265 -2256 -5964
-3836 -712 5635 -4896 6178 -5108 8087 1558 587 1356 -7873 6914 -4225 3298 -7288 -2781 -1583 -3844
1717 4945 -6732 294 -6819 -5632 -5792 30 -6375 4863 -6812 -7641 3432 3836 -6072 -5620 -6999 6793
-2215 -2356 -7380 -1834 -2409 -3117 -8072 -2567 -5701 -548 -4453 749 -6047 -4485 -85 -4834 -171 -8139
-7845 5012 6394 7495 -1863 7122 -6442 2828 2051 2113 -6599 1014 -5974 -3520 -1525 -3528 863 2520
-3147 7423 -4006 7443 1319 -1439 2473 2277 -2551 -2093 6580 5574 5629 2894 -4143 -7712 1552 -229
1274 6877 4930 2593 -1356 -5786 -980 -6403 7674 4133 7117 -1133 -1947 -8059 4985 856 6488 1782
-4646 3638 -7831 4335 5404 1542 -1590 -4494 5695 3258 499 4420 2936 -6885 7507 -5181 -6209 -2007
-5330 -3762 -651 -5854 4751 6751 -1483 2592 -5006 3644 -3655 -7326 -2582 -3001 -3611 7967 5258 3822
-1552 3099 5852 -7613 3760 2235 -1289 2088 1540 2252 -6856 -3032 861 2021 4388 2268 -152 6760
-6562 272 5332 -4314 -1095 3685 -5048 -3170 -3457 -4183 348 -4894 -3132 -7993 6870 -2282 -1567 -6562
-4124 -617 -4082 5870 5258 7604 4635 -7249 -6347 1564 5709 759 6487 1237 2902 -417 3391 5605
-2962 1634 -7431 -7022 3468 3518 -4521 4414 456 3676 -4058 -4615 -564 -1561 3180 909 -6034 -2052
6108 4437 -5262 -3075 -2473 6545 5724 7297 -7013 -5009 1391 5739 -6388 933 5829 1431 -2143 -7999
6024 -4818 -4890 -3 -3250 2451 -3023 4551 3984 -6654 6368 3301 7498 4018 -3377 2868 2735 -5962
-2600 776 7940 -929 -893 3893 -5475 5981 1996 6055 5363 1385 3602 3248 -3355 -2406 4894 1758
-4346 -4528 -7349 -632 -4572 -557 -5165 -6684 -1576 -4999 2614 -4906 6983 3965 3276 7494 -4102 -3212
-411 -6865 -7469 6486 -2283 2865 4908 -5828 3108 1763 5142 7334 6420 3496 3493 629 -1078 1595
-5511 7805 -553 -2869 6985 1712 1254 4539 6831 -7 1096 7438 -1295 -860 2451 -8097 -6140 -388
7801 -3705 -6235 -397 6568 -6178 400 7159 6363 5663 6624 -2582 -512 -1303 -6268 -4314 -5759 -1569
4307 190 2995 3947 6233 7113 1887 4388 -7266 -812 -154 -4918 1572 -3343 2446 -2069 6798 -910
-8076 548 5064 -1229 3719 -1018 4203 -7537 -5055 -7021 6711 -7951 -5274 3939 7082 -6392 2417 -2711
-2628 3734 -7386 -7603 -76 742 812 -3980 6954 -4902 -6680 -6750 -6624 1181 3161 -7622 -2767 2810
6188 -2783 8186 3144 2786 1597 2442 -4351 -7655 -5730 -4349 -4113 -5387 3383 -6584 3585 1711 4938
5862 1984 -1474 2911 5895 -5029 793 7152 -2421 -7590 2861 3747 -7617 -6669 -2592 4403 -5824 -7939
-8136 7404 3695 7803 3629 5841 -4082 -1063 7951 6748 -4236 6576 784 226 -7444 -4537 3052 6034
-1102 -1128 4791 5657 -5628 2825 3269 2020 -5787 -3904 2483 -1533 -270 -1906 -2922 8099 5082 -380
4665 -190 -2557 5416 5784 6747 -5966 -1210 2908 -7718 3958 859 -7795 -5871 7450 -4427 -6058 -5789
4288 7698 755 2177 -5351 6662 6077 -3246 -6717 5343 4685 -151 5823 -6082 -3377 -6860 2579 -4029
1121 1207 -1160 1637 -2903 1778 -1477 -539 -6540 3548 -7879 -7211 -1656 1294 -4877 -6952 -7795 1278
6605 6761 1551 6884 5222 -7720 1462 -6338 -6637 -306 5763 -6933 -6283 -5236 7486 2805 -7367 6325
-2553 6896 -3347 -315 2035 3579 -1 797 7650 -3486 -3376 4796 7779 -5153 -1544 -2930 7359 -6016
-3181 -2727 7459 -984 -7479 -4264 1513 -2901 -1189 3942 6149 6296 -4759 6615 -6003 -7526 -1216 4319
-2718 -5263 863 -334 3833 5279 2187 1318 -3761 -6745 -7670 -2793 1504 -4632 7674 3911 -5912 7465
-44 -3840 -5225 -6984 -6918 3640 -4727 4902 -1669 -1167 1870 -847 1768 -5861 -8175 -7614 1873 4789
-6046 -5875 1626 888 5151 5337 -1414 -3415 3463 5855 -8110 6535 -1192 -7351 552 1257 5149 8022
-2683 1124 6301 6688 -1819 -1756 -4257 -7685 -1125 -6566 -1193 -6032 -1593 1358 -6227 1773 -2449 -232
683 5628 -581 3559 -7736 -5844 -1716 -6147 -5944 -7799 187 -2503 -4589 -5942 -4047 -1969 5653 1805
-4326 6294 8146 -6854 -3829 4478 -890 -4606 6836 -6497 -5007 8068 5374 4966 -1337 -108 -1983 -3721
4788 1167 6558 -1908 1931 -6931 -7039 6674 2569 8022 2608 6747 -6968 -4752 -3698 -5779 -1601 -3276
-3859 7535 6898 7417 -1009 4298 -1983 -488 4156 1482 -955 -7646 2175 4603 4706 -7472 -7172 -3304
-4105 -2950 -6035 3993 6807 -1215 -5447 1263 1414 6859 -6219 1352 52 4779 -2316 -6383 4081 6492
456 -6153 -4430 2025 2140 1446 2296 2092 7914 -4582 -2841 6063 -4839 -5754 -930 4403 6513 -12
-2992 3787 -5377 -915 -1242 5796 2818 4048 6218 -7066 -3884 -2747 5845 301 -7722 6726 5461 -961
3987 -5025 -6984 -2506 -520 3699 -4012 4340 -1110 6072 2324 -2530 5764 7746 3526 1595 5683 -4295
2681 -7552 -6421 -2393 2323 -7386 -446 -1808 -4875 -5005 -7124 8157 5058 -2981 -5610 -680 5461 -5436
-1510 1454 7357 5728 2145 -7274 -2960 6204 4249 -6228 -113 -6187 -5746 -2632 -1449 -1567 6370 -3727
-1116 -7248 -3854 3318 4512 -4819 -7490 -1310 -3187 -7293 3605 -6667 -7513 7768 -1595 -3984 -3015 2489
-522 7423 7873 -6507 2725 -7341 1085 5083 5184 4684 5007 4683 4189 464 -1264 5319 3222 -2499
1582 3938 2431 -2187 -8122 5880 -7224 -613 5757 889 -2707 -2727 4825 -6461 -1766 -549 -5535 2600
6554 -7588 -1945 1171 -2175 -3748 -7941 6979 3792 -3220 -2965 -205 1764 -7258 3570 6422 5733 -5187
-6268 -2557 1376 1452 -847 1705 -2170 1294 -2380 831 2175 -5620 -1121 -6658 -7057 -21 6814 3647
-6528 -5814 -4246 -435 -6226 7141 -2359 1459 1936 -4585 -4544 2637 6499 -2084 -1830 483 -235 -5745
-7406 3693 7300 6709 -36 3829 -4897 -4234 -1839 5910 -7148 -7900 2936 7973 -6539 -1414 3505 7916
105 6882 -3266 -6898 -6065 6259 -4501 7434 -2962 1527 -6691 5599 3862 -346 6516 -1206 4827 -1678
-3996 5030 6376 1532 2633 -2950 -7296 -2773 3464 -119 -4462 3919 3238 6821 4216 6662 -801 -3065
-2862 3998 6087 1362 7031 2610 -7649 -6341 -6756 1108 -3664 -6207 6911 -3737 -5022 -2791 -3758 3973
6751 3880 -91 -2780 1378 4525 -6133 -975 -228 2299 -7857 3317 2238 -7325 -5425 -5506 -2645 -3798
5237 689 821 1337 -6953 -7167 -106 -6056 1892 6839 -1559 -3826 3278 6132 5476 -3544 -6279 -7118
-1636 4566 -4587 -128 -1561 -1163 3679 -3757 -4622 -540 -1543 -5643 5479 2194 -2212 -2151 180 6430
-7939 -3827 6393 2962 -897 6154 269 8011 -3052 5419 -5714 -7556 7149 3962 4805 5705 3555 417
5081 -621 1311 3779 -6771 -6064 1028 -1817 1617 -4717 -4578 -1268 -3023 -6608 -8127 -5923 5552 6644
-3902 5633 3042 -3690 -7724 -6383 1934 7976 -4102 3616 7031 3912 1706 5369 -6711 5337 1283 -2325
2722 -7831 7333 -5064 6590 -978 -2896 -5841 6460 2478 6871 -3370 3981 5634 -4957 2882 1661 -3151
706 6023 -7844 -7885 2191 328 66 1817 2461 -2579 2697 207 8061 1389 6727 500 2448 716
-7424 2662 6406 -6107 3436 -1310 -1291 -8101 -7577 -959 2707 -1936 -269 2910 -2666 6771 -5272 7068
7330 5142 4028 -7680 -1550 2781 7919 -1289 -2045 8174 -3183 -841 632 -6775 -2196 -6077 -1259 -6124
4180 2828 7372 -4911 -5106 817 -2294 -6098 -6828 -1947 2816 3512 7175 -1172 -2775 -1105 -1415 7743
-4901 -7119 461 -2349 1031 -2541 6031 7794 -3821 -6319 -4522 8133 3278 -7394 905 -6798 3730 -613
3159 7002 -3974 -4319 2998 5255 1462 -1732 -5232 -6237 -4843 -2251 4874 5147 -5748 -949 5112 -7702
2814 381 -5797 3564 -3821 1287 -7919 -2829 4648 7528 -5473 3925 4219 -7651 -6887 -4288 1877 -5139
-6609 5002 6764 3807 5203 326 -3749 4044 3591 -2599 -5830 -2161 -1980 -7234 -6562 1491 -4602 3049
4139 -6766 -5390 -6705 -7912 -6889 -5336 -6146 5307 5051 6692 -7324 7699 1845 2768 817 -4138 -5494
4774 -7332 237 6298 514 4027 5911 -7070 4996 7634 406 4280 3234 -3284 3601 6611 -5811 -5538
-7794 4685 3257 -5971 -122 -2596 4430 5707 -5850 -3168 -3665 2880 7846 4636 -6946 -7450 -4924 -4413
-6256 2055 4186 -1241 3213 -5202 6686 -1583 3655 -1927 7289 7344 -1162 -2909 3455 1839 -1817 -7001
-6386 5598 -3475 -8069 -4350 -4657 -2849 -4739 -3693 -2691 2892 3815 6095 -1688 6466 7936 -7114 7745
3123 -7469 -149 -7488 7687 -5484 7959 4877 703 -3933 -3869 -4126 -1211 2351 5000 -5333 -6319 5238
2073 -921 4212 1447 -6833 -4465 2119 -3993 -2298 -5712 5040 -4373 5085 6679 -693 4805 4844 -2263
2294 -3519 -5217 3021 -7552 1121 -5719 647 359 7563 -213 5923 7118 -318 7907 -4085 -7549 2439
-6002 309 -8157 2661 4441 -1347 -2707 -5110 4741 -6900 3238 1289 2074 -4942 -470 4675 2498 -43
9 4066 -6200 -186 6881 766 5670 -6867 -579 -6688 -4142 -7327 -5345 2270 7172 6998 6448 6633
-64 -3659 -245 -7005 1378 8065 -5860 -732 -7064 764 3763 -6302 -3270 4615 689 -4821 -4814 -4033
-1719 -2866 -2382 2729 -787 2645 2393 -1269 3163 -4749 4710 5332 -1081 5622 -4820 7609 4895 247
936 5087 892 -1896 -185 942 -4695 -6051 5044 3913 5067 -4034 3548 -5735 -4048 2106 -3841 -6400
2867 -6488 3054 -6738 2637 -1273 4200 -4204 4664 -4208 5777 6128 -2498 846 5770 -2425 3742 -4375
557 620 -4066 -6661 2281 -4480 7850 -6369 -4165 2422 -2772 -4980 1858 913 7269 -4262 -5628 7150
2825 3935 3262 6008 -5925 4537 2789 893 3835 2026 -1731 -6691 -170 4507 -6000 7384 3365 2814
-7539 4236 4259 6610 2753 -2052 8143 -5372 -4687 5059 -6569 4846 -6129 -8080 5794 -7616 -4068 -7577
3584 -7815 -5348 3460 -6677 1295 6387 -5563 3188 3123 -32 -1384 7636 7212 -7599 84 6410 2652
-5916 -6322 -5712 -6425 2685 -2821 -7974 -1556 7298 -42 5932 1388 5427 4162 4605 -560 -5592 -4822
-6751 2817 5347 -2524 -4398 1077 -6252 3405 7486 -1975 -1045 -3395 -5836 -2877 -6633 5006 -4512 7545
-2595 -4453 1476 1747 -4141 4292 6332 -6999 2235 2799 1830 -60 3326 -7279 6832 1029 -448 -6691
-7873 6437 4382 4254 -6023 6166 5390 1703 -2958 3845 -4018 739 -5259 -6657 -1533 -3578 4329 5675
7284 -3104 2405 1465 2407 -6573 463 -1447 -5485 -1059 -3153 -2978 6203 -44 -8047 -7032 -11 2605
-362 3675 1390 1274 -4070 2348 1915 1392 128 -3652 4898 6817 29 -392 -4388 5068 -1732 2146
2026 -8113 6219 -1390 -5159 2867 302 -1456 6156 -2962 -5221 -1569 2441 2464 169 2009 5825 -8039
4991 3385 -617 -2726 -4325 3059 -4238 -4653 4915 4155 1403 -6865 6738 -6551 -6406 -7992 -7439 1907
3012 -3912 -2618 3614 -6937 7693 818 -6480 5457 -5989 -3639 2902 1209 -2457 6135 -206 -2414 -2365
6867 6634 -4317 6907 3073 5626 4296 -6487 191 -3186 -1208 -1630 -1007 -7677 5962 5518 -6649 526
6140 280 -5589 -3458 7359 2750 -2296 -1642 -757 3399 -1834 -744 -6047 -2096 2369 6884 -7061 -1151
-4518 5177 4918 -7967 -7531 7574 2953 -6461 0 1345 -4768 -4901 2182 611 -892 3057 -6824 7885
-5302 7602 6009 3418 8041 5663 -3219 7921 6902 -3931 -7688 -6106 4989 4806 16 2427 -7878 -6535
6120 -5047 4210 3595 3348 -6602 -266 -3135 -2600 5474 4014 5884 -1138 -6364 7778 6424 -972 7017
-629 -5164 1809 -2367 -6070 -7323 -4470 -2830 -3441 3632 2297 -4538 -7866 5141 6860 358 -2888 -157
927 -3101 3842 -3739 -6000 6989 178 -7009 -2655 258 -6785 -362 -4024 4743 6944 4934 -2791 4235
-947 7221 6796 3725 -5678 1315 4842 -2788 3022 4188 1878 6324 5387 -2901 1527 5963 -3463 -2325
-702 3690 -3901 -7876 7779 7151 529 6605 -7988 -1161 -4640 -1187 213 -3499 5363 -3782 -3181 7228
4988 -1789 -5706 2688 -5303 3055 7065 2038 35 4552 -1937 -3210 4172 8054 -3453 763 -3308 -7370
683 -7825 1936 100 7378 -1795 7548 -773 -4196 7200 562 662 -5837 8002 -1087 5425 6959 5369
7207 371 -2134 -271 -2381 -7008 345 -6811 -7820 4140 -5914 -6329 3289 -5389 -3763 -2813 7021 4606
5489 2012 939 6915 2240 2034 -6658 -1425 3325 -3356 -7980 -4330 -2259 -2805 3295 -2675 7579 1895
-5266 -6891 2315 1051 -3872 -1999 -7425 911 -2744 -7465 -1253 -3023 -2786 -1984 7610 -293 -5088 604
5526 -5680 -2999 3302 4745 3171 -3350 1553 3968 1334 -539 -2338 -3709 1309 776 -2805 -1573 -8032
7046 4262 1377 -1511 5521 8004 -3351 -2435 7700 -6452 -5436 3770 5261 2536 -7821 -4164 -3320 -2013
3945 -1273 5173 906 -2049 6658 426 7692 -1677 -2599 5174 -8090 24 1524 4186 7345 5794 1830
2284 7840 -4723 3433 -3641 6981 5024 576 -4951 -3443 -1624 441 -1489 1094 -1230 -6126 6380 -1308
1659 498 -857 3516 7551 -3748 -6228 7434 2586 -1762 4177 -5768 -169 254 7307 2383 472 1148
7591 7507 4451 -462 5669 -6356 -4724 462 -3150 886 -4234 5830 1857 -5759 4811 1417 -6837 -3439
-6209 -5781 -2019 2780 2100 -1760 -4513 3610 2577 6115 4004 -3659 2209 -7878 -7891 -360 -221 335
-6984 -854 3696 3070 7045 4566 -6197 -7060 5993 -2361 -2365 -6323 1035 814 1090 -5686 -3522 -3136
-4934 -258 3956 -5184 -7322 5656 4968 5171 7354 -7388 3527 6839 6640 -7071 7699 -3604 -4180 -2483
-99 5514 451 2115 -3176 -3047 3636 -7232 -3234 56 287 6205 -2878 2968 -5120 -579 -5494 -4725
6632 8163 2829 5937 6905 959 1773 5973 226 6695 -1555 -4139 -6511 4285 -20 -330 -778 5010
-2047 7387 -2315 -3738 8117 -2988 3690 -2935 4188 -4020 -935 -7583 2192 2207 7725 -3191 3015 2834
-7631 -2414 531 -7145 -2805 -4247 -7688 2377 2674 -6826 3686 1917 -1293 -3683 -3367 5746 4311 195
1925 -3036 -457 6256 1988 -5701 5657 5101 1149 -989 712 -5814 7369 -5575 4916 -5859 1707 -1377
6526 2792 -3607 -1234 -2905 -2024 -4350 -3067 -175 -6233 -7085 -4029 -590 -930 -1212 7756 1175 -2119
4010 -5683 -3178 -3225 2883 4407 -945 -3219 -2231 6410 4313 741 -4565 7825 -3245 -4758 -2189 -5019
129 1800 -2126 4720 -4188 5362 -349 -7250 -7849 2230 7521 7026 -2142 -8155 3780 3170 4386 7120
7128 6914 -7854 7731 1655 -6678 -13 -6799 -7162 7571 -5735 -3662 -3510 -4652 2900 2604 4200 -1308
4989 -3385 -6658 5146 -7782 1107 -7595 7737 3945 -1671 7622 5986 -4845 -7633 1839 -2392 -5527 4068
-6260 2363 1876 -5055 -6737 3912 1382 3202 5154 -1442 -2953 -3193 -3300 3970 5236 5221 -3944 3818
-6576 1976 4241 -7354 -6653 1400 1892 -1359 1978 5509 -4035 2889 -3547 2242 -5704 -6811 4052 -4901
667 5460 -3632 3234 177 -2328 7481 -4324 -5184 -910 -484 -6380 -6492 2947 6476 -6807 139 -3782
-2175 8169 2128 4142 -7313 -294 3059 2574 -2788 -7406 3632 1734 1091 -2365 7230 7002 -1047 6868
3497 -3499 -5900 -7440 6214 -2091 -505 -3563 597 -5302 -6555 -5655 7349 6331 -7687 -370 3905 7107
1154 -7890 -7863 -4583 4576 4885 2089 -7223 4472 4987 -6642 5888 4803 -1570 702 -6775 -777 -4346
-5977 463 -7221 5805 -4125 -1632 -1172 7099 -7802 -2961 -6786 -3797 -790 2896 -3766 -1656 2351 -882
2311 -6380 -808 7371 -6585 1674 -6788 2024 1910 1663 6566 -3223 150 -4765 7889 -7033 -7941 4128
3454 -5142 2100 -1176 7533 -5898 -7132 -7804 -7171 -2372 -3559 -279 -4451 1167 -730 1870 877 -970
-3199 3442 -3588 -2119 3349 -2176 -493 -5928 7465 -3573 3773 -3042 2346 -3148 -5283 -7795 -363 877
-3868 -6922 -7681 4956 2351 8168 4419 -7592 3715 8003 -3379 -2550 -6879 -2453 -5124 8120 -2812 -1517
-1869 7586 3512 -837 -510 2816 7772 3767 4590 -3926 2993 -7188 4703 -6059 3674 -7917 1315 -7045
-7370 -3397 6942 3798 -2087 -4146 4242 3978 7460 -5683 1163 -4383 -5625 -4964 355 -7252 6220 4084
4211 73 1444 7290 4827 4166 -7503 -6549 -1686 6302 -1466 8176 5541 3231 6851 1301 7676 -5782
2959 -7342 7947 2580 6316 7874 -3068 -6545 7799 -2312 59 3678 8065 -4758 979 5096 3719 3976
1412 -2609 5774 1646 -5242 -815 2842 -4556 -615 7569 2701 5853 -5580 4374 -867 -3852 2250 -2579
-2323 1965 -3270 -5146 -3635 2762 -4017 -896 5900 2558 2421 483 5371 -7161 1405 7813 -129 2907
-7543 -2194 -5811 -7552 2320 786 -185 4600 4629 7903 4083 6615 6755 -683 2329 243 -768 7882
5496 -7239 -4430 -6445 -7006 1174 5293 59 1779 -8166 4187 -7759 -6218 -6508 6726 -6916 3919 7544
-6621 744 -2140 2631 -5640 -6710 7304 -5855 618 -7022 4711 4344 3626 6304 3311 1893 -1416 -8163
8178 -6633 6862 -264 -7069 5091 1457 -3950 2918 -3202 4243 7163 2455 2498 -6942 -809 -7080 -591
2092 -3368 2896 -3083 4467 2536 2057 -6112 -6770 -4883 -4698 1396 -2891 5408 4790 -7838 4909 -6118
-193 6537 -6380 5742 6342 -2181 1347 -4875 -2408 7169 -2205 -5471 -6121 5142 1290 3342 5949 6517
-1516 -6755 4404 -7987 1022 -5837 7949 -2164 -8066 3233 -1888 4956 -2273 8102 -1157 5423 6166 -1909
-4086 -7695 -1494 -7575 1733 4824 -3656 -8180 6038 8030 -1308 -2701 3396 713 4317 2545 1819 -156
-5040 5366 6813 332 -7451 -6298 -158 745 500 929 3850 -2822 7756 5673 -7325 3138 -3301 220
-875 -2322 2550 2777 -1655 7019 1548 -6393 3161 -7405 3173 -7380 -2828 -3509 -7338 -3652 -5175 4189
767 -8144 1713 -7952 -3834 -5103 482 -3829 -7860 2192 -2298 -1578 -2581 1747 -4999 6882 6194 -3375
1698 -4574 1241 5839 1393 -2186 1344 -2160 6127 4578 -4123 -1273 -4093 7264 -5661 3012 -8124 2127
931 -5387 -4618 2952 -5464 769 -7896 6156 2669 -4909 -794 7004 5760 -1612 -5735 -6298 6045 -3119
-1153 1814 -2558 -6304 8004 -8046 6864 -6565 5823 -6405 -7520 6374 4042 -527 -1244 3156 -198 4245
-6669 4801 2556 -435 -1417 -6818 -6576 7935 -7948 6982 -225 283 -8017 -6384 886 -7398 -1219 -4894
-5082 2746 -4371 -7363 -7820 -1071 6732 4187 2810 -3916 6872 5682 -3166 5719 -7997 7957 2999 -4615
4571 7415 -3285 5743 -2656 -4786 5606 7973 1118 5006 1099 -6493 4998 7256 4551 -6461 -1778 6960
-7277 -3963 8188 5349 -1655 -1665 -6119 2195 6945 -783 2730 -5823 -3443 4724 7790 -1498 -21 -943
-2919 8076 -4440 3945 -5885 5713 -2316 -2346 8049 -7160 5469 -2803 2055 -3654 657 -6981 -6971 -7349
-2775 6964 -5578 7546 6061 -4473 -2753 3206 -846 293 -4091 7531 -1276 5446 8179 -1079 -1004 2507
-2322 1630 -6559 726 -7787 3125 -4579 8188 -4945 1116 -2589 536 -1096 4685 2445 698 -5499 2284
7481 7995 5139 -468 6743 -1681 6256 -7858 -6933 -4106 7106 -6716 -7457 -4049 6261 -2889 -4215 969
-383 -2268 1336 -1032 -1578 -5474 1786 -958 6633 4786 -2963 1779 -2982 -1810 -3654 3380 -835 3444
-4683 -6987 -5239 6734 4113 -6910 -4579 6979 -1602 3702 -1555 -5023 349 -814 -821 -7913 -2587 1889
1106 -2560 4429 4313 5742 -4289 -6791 -5947 5384 5504 -4830 149 -6450 -7260 2812 5722 -225 5874
-7954 5901 -237 -3060 2404 6792 2471 -3489 7381 -1259 1287 -8108 3412 -5475 -7432 -3576 591 1923
-5540 3251 -409 4880 7140 170 -1689 2946 -5156 1022 -1949 3012 -5368 8127 3570 -3392 6330 -7712
3206 -3000 -2053 1461 5346 5556 -7732 -6882 2749 -2032 -4454 -7110 6517 -3610 -3901 -5672 4841 6843
6722 5743 4730 2591 1913 3016 -4580 -5032 2327 -2248 8085 -4422 -6360 -3964 -4136 -6759 -2247 8041
3706 -4649 -87 -1608 8019 -5092 523 3096 -6094 -5214 -6469 8045 -5961 -341 -7305 -4909 1618 -7536
5947 -3514 5723 2422 -2782 6622 -4023 2977 -1938 1468 4620 -7585 -1096 -3458 144 -4449 -4811 616
-4534 -4825 -1500 -7382 4600 6748 -5291 -8134 -2175 -6207 3284 5080 -2845 1272 6837 2233 3412 7814
3322 -454 -4991 5145 -862 -7859 985 2173 -1078 -5129 -3048 3376 6914 -654 3284 2963 -2636 7408
3135 -4676 -89 -1792 -5891 -5917 -4688 5509 4126 -5250 -3203 -1431 -7874 4330 -3976 5324 4786 7366
1494 7417 2033 8154 -4156 -3368 1029 2224 7078 791 551 455 5520 -6415 7800 8032 1731 4227
6366 -268 8029 -2595 7163 6721 -6876 3222 4680 -4088 361 2075 -3247 1100 2080 -4985 4873 6744
4600 -6106 7501 -5565 -7242 1439 1910 -3034 -881 -5969 -7655 -3343 1471 -6262 5337 4311 -719 -3357
-4500 8041 5438 7816 4777 -2751 -7256 -854 -3888 -3248 6547 7607 3028 5084 7870 -6427 -284 1290
2497 4427 2039 -3821 3968 942 660 -2544 -7248 6358 7329 -4236 -7042 1179 -4252 4890 2914 -5758
1685 1017 -763 4347 -91 7283 -3515 6224 2823 4681 5223 1048 -1604 -2515 1633 3169 -7972 -3854
-2755 4979 -673 96 -5722 6445 -7700 5546 -2920 7434 6360 6006 -3806 197 1088 -5737 -2732 7573
-6590 -931 -5049 7701 6997 1411 -3255 3780 -3894 -6964 -3033 -2267 -7846 5670 5780 -4733 -7699 -3190
695 -2221 2155 -6046 3796 -6091 -2371 6306 4625 4504 5085 7549 -2454 -2821 -739 6573 941 2763
-1676 1903 -586 4076 6400 525 4006 -5159 2723 -4841 7773 -7841 4528 -1234 -1030 7177 -6699 -2436
5766 3101 -6395 3266 7110 -7361 -4191 271 -5093 -7248 -4440 1292 5774 5172 5140 7152 -2045 2710
-1705 2324 -2187 7874 4077 -5083 -1685 -1906 32 3311 1150 2582 474 -1827 -3837 -5943 6565 -3077
7634 5883 959 8114 1081 -4039 -2215 6427 -6916 2582 3053 -3860 -6013 -1083 -5441 -249 -5083 7716
5740 -3146 5777 -2415 -3408 -6026 -4774 7741 5683 4713 1436 6202 4241 6253 2507 -6123 -4500 -4406
-4452 6936 -6749 -1407 4362 5684 -3150 7747 6026 6779 6188 -3322 4171 4676 -2732 3628 -6491 6382
208 5985 -5726 3907 3728 4101 -600 -4488 8126 3649 -3259 -5171 -37 3513 7445 7892 6648 6109
7887 -941 4117 -6691 3950 6078 -363 -457 -6020 -667 -2600 -4114 7288 5929 5113 -4775 3687 -4629
2215 -5994 1145 -1661 -4833 -3174 4050 4454 -1471 1509 889 -4112 1744 -5672 -2978 6708 6093 -3172
7298 7826 -4885 957 6986 -1077 4908 -2210 -4894 -7481 -6242 2046 4801 -6919 5164 -771 1892 352
-3928 -3943 -2295 -7639 4560 2738 6043 -785 -3938 -3309 6599 -6240 -3187 7523 3353 5115 1059 -3905
-3763 953 -1402 -4896 3762 -6326 2351 3831 4034 -1743 -3373 6174 -2626 2068 -2995 -2203 -7557 342
-4928 -1661 4433 -4522 -4653 50 -1755 -2474 -505 -7398 -3702 5884 -2254 -930 5396 -6793 2838 728
-1342 2613 6181 -3096 127 2390 6222 -4383 215 2467 5120 1055 -4675 -5069 -7359 6588 -5522 -6487
-6426 -6180 7813 -3555 1008 -4447 7204 154 2825 -6209 4917 2883 5652 5547 -5151 -5360 1522 -3469
522 3631 -5547 -8154 7176 -1006 -582 7406 5731 -1534 -119 7362 7876 618 5705 2737 -2047 -8008
1022 5084 -7872 -7206 5791 -507 6726 -1689 7859 -5187 7908 -7333 5642 4156 4985 6781 150 -2861
-861 3938 -3733 4597 -1022 7176 -564 7672 -5077 6176 2162 4952 5544 -7701 -4380 4274 5933 3516
743 5205 -1319 3617 6694 -2703 4768 1691 7648 7401 5599 6918 -6964 8138 6650 -4710 262 -679
-8146 7562 3132 -7485 4722 -1970 7124 -2444 -5742 -4230 -6315 3334 5700 1352 2774 2515 -6270 442
-4189 3370 2026 -7593 1258 -3555 3153 5773 4773 -526 -4763 -1348 4227 827 -6535 -7220 2831 6789
4978 -4745 227 -3415 2000 7465 516 6842 -1833 2945 -1185 1956 -2859 -6539 -1957 -2224 404 -497
1179 -3204 7138 -4649 -2087 5676 -3531 5323 5588 4546 5240 -4592 3193 7845 -3331 -992 -1516 4249
-6535 6332 1448 -2635 6968 7018 -3211 234 6501 -5996 -124 -7613 1139 6984 -6040 3752 2982 7077
-3046 6495 -6722 5070 6381 -7918 4544 5530 5293 -3451 -2330 -7476 7128 -7443 7581 -5639 -5388 984
7102 -5623 -7155 -3381 -4662 3676 592 -6551 5979 -2679 3522 -1207 1201 -2881 6428 -7571 1876 2504
-3133 -3252 -6171 3504 6624 905 -6398 6655 3238 1603 -6315 -3423 7322 5385 6843 -6560 4123 -7063
-4972 -2030 -4105 1572 800 594 -7135 -1279 4632 -6170 -5483 -2502 6221 701 4679 5270 633 -7273
1094 -5866 3363 5183 1265 -7868 8111 -4487 -2223 -7380 -1403 -1677 3219 -6422 -3496 8184 -5719 -4645
4757 -3798 -4874 6514 -7954 -544 7733 938 7164 1200 -3472 6932 -4334 -368 -4589 -7025 -2783 -496
3885 -7023 1220 -3259 2506 4643 8045 1606 106 5486 -597 6740 667 -3089 4751 -5230 -1098 -5052
71 6511 7092 -7261 6068 4006 -7119 -6420 7491 8159 -7302 -7848 -4915 -525 1998 2766 -2392 -3895
5307 -4139 -4149 -5664 -7021 5406 -4321 5481 2 6342 4578 5392 -2603 4887 -7880 -2215 -826 6405
4810 7586 2429 -7618 7840 -7477 -7505 -2858 1019 -2963 7496 6305 -2197 -3895 2776 -3037 5103 -1215
1025 5404 2378 6523 6418 1731 -7837 2856 4807 -2157 5843 -4511 3355 4280 5779 -7510 5706 303
-6465 -875 7142 7787 3201 -1020 4111 7341 -5340 5897 4309 242 -2512 2926 -1110 3724 -3904 2254
-2304 4683
