240 20902 4293 15899 4924 455 21289 5416 13893 28201 15782 2725 25034 22177 14131 20153 31216 12948
10995 18959 9285 515 17420 16387 21733 6710 32348 26723 7741 14676 14528 28757 4309 28085 13430 2740
13604 7150 11720 32526 28184 12407 31256 24780 19849 18551 22202 23727 10467 24031 21979 18052 30886 17058
5063 21692 20200 30529 8681 13601 29148 10394 21280 26321 25782 24824 21764 1329 27759 14447 17071 28820
23407 4149 7265 32702 12469 9648 20802 9951 22035 2123 17670 16341 2492 16089 69 24429 16159 10294
29997 25653 720 25308 1401 10839 11772 18495 13848 4264 29920 18104 15323 15205 7327 10064 19772 16259
25638 2722 26036 9173 27847 10404 26088 25390 11649 8194 15798 23486 15819 24817 2765 22461 1008 32422
22746 7013 4597 29802 28476 9268 15976 10782 22400 1283 17397 17315 2355 3131 29883 1964 26432 7726
19557 27054 31285 29090 28082 883 5160 6443 22371 2376 18750 1469 23596 1544 27226 28320 10761 27173
27665 19160 27830 14817 26545 18214 22476 26353 8415 26114 9037 8476 15604 13440 18493 10861 6008 16450
2103 31359 24476 15197 3117 15628 27450 30802 9800 30601 27404 11431 892 25210 27700 9163 22498 16778
21124 20308 21136 18204 14544 24815 25760 20300 25088 22880 10146 32144 10067 14400 28396 2695 4167 14813
20596 19482 32599 19870 12566 17787 8236 12804 8103 18990 812 25098 2950 68 4623 16146 8827 19973
18855 9505 24993 32400 25959 21350 9707 10761 26459 22168 18318 11479 10805 24648 3232 14922 26649 14259
32639 22056 25265 12128 29687 16922 6301 19639 18336 10628 13417 3092 10741 6528 8198 28334 30506 3910
27202 15664 29315 10911 26909 11369 27646 20183 17803 20047 7422 16249 23588 31904 18516 1026 8108 10556
27041 7953 26664 16112 32764 25750 23485 32749 16217 31570 23663 3473 13828 21958 10161 1357 12467 11828
4669 24274 27192 20945 3663 30556 20974 18290 26130 30344 30312 7496 22594 30801 24100 27129 329 10179
23656 19666 15852 14379 11506 31088 29573 26112 25355 6764 26826 28253 30682 6040 7245 9958 985 2847
17553 9002 28622 29205 25732 5007 10404 25683 8598 18697 8902 24467 18348 2640 14544 29064 9556 9838
12583 19862 11748 28689 30495 6537 3219 3836 21315 32170 5362 20924 12007 17444 15503 27961 12011 4921
2549 21942 12740 3986 9390 7200 31954 28882 29415 32190 9472 22045 28651 4168 32325 26037 10267 14300
7951 884 1594 20928 16982 11075 23986 16483 5424 14887 24135 17733 15262 12993 23820 21282 6343 18773
7855 17959 9663 17021 3728 11518 25810 29159 4032 3920 15028 25491 21192 23915 15292 31875 23763 29989
14438 7993 11309 26629 5246 7816 9669 28349 13899 3179 14450 13796 6215 12241 24742 28583 19147 11636
31293 22334 28702 12356 2817 4399 178 7436 29310 5357 25081 7450 11127 3055 7365 3176 2548 20917
16060 5797 9024 349 13114 4148 19106 15396 8037 21899 20411 5457 3412 16003 27026 20386 29364 28797
31658 22368 24228 7160 8156 9827 23188 29061 8502 31892 19144 22930 21672 6793 22971 15311 31419 26784
15053 25041 5710 14301 20671 16583 25833 1959 690 13960 25625 32057 19570 1513 4086 30615 22245 7738
18292 28143 8826 31278 298 457 4561 8626 15840 29603 24384 7005 25676 25647 18772 22821 29192 3891
861 27621 11623 27468 13374 2670 17767 23297 4417 14309 2544 23394 24523 5543 10726 23457 27242 11088
8817 10755 13626 13175 19252 8689 32047 14004 11290 1945 20272 528 2130 15438 16883 17713 19004 14553
8016 25318 15643 30772 2276 16860 16278 16471 25518 10256 23486 29594 5979 27990 28693 22515 27734 4576
22070 32446 5478 791 12866 14965 12471 7273 22492 19781 19287 12056 28808 15589 13651 7401 20183 30684
12078 21265 6950 14346 16623 12102 17826 19968 16910 7318 26947 16945 25208 29617 3208 30480 15821 27106
27320 14439 17980 7168 13104 25610 4747 32706 26972 6123 23409 18757 21022 4370 13330 3811 6808 10264
18895 14646 9240 5841 14172 2409 8462 29516 14069 17353 28606 3067 16412 18562 23995 4345 23569 10417
16632 14051 15931 451 4567 16058 27432 11462 29336 3825 31567 3234 20528 18969 17595 1950 1985 3631
30756 30764 16001 18918 32065 8440 21857 21139 6719 28741 10054 10182 12980 7754 31668 4054 10580 29514
23314 31171 12746 16482 12254 20632 7365 22446 25033 11167 27650 4203 21835 2090 14649 8483 31931 30857
15504 24093 26405 29698 32260 9840 30613 13430 32322 3260 12819 19695 25241 1748 18965 26048 28835 12485
23934 18696 25678 28515 2483 11859 28155 32109 17718 27890 25468 12479 10962 1492 28756 526 8846 11593
20802 9331 4749 17036 26422 14284 1691 24665 11528 25230 30726 29442 23839 24302 8982 32632 20933 18182
5599 1973 27907 11387 25596 14476 5046 18251 11235 19553 1997 18346 22839 20369 11752 6044 20601 12713
2526 5969 28658 20518 32598 8427 4603 26219 8329 24494 31811 3814 6393 17922 26747 16763 32635 12149
4722 31500 6864 30989 30470 31435 26226 7601 12478 16357 25006 8511 7493 13666 30377 22317 14502 13926
1138 20550 22786 22648 22575 31681 14464 9834 8650 18348 30617 14608 12200 19494 1290 22675 32146 20080
5971 5027 25479 10008 8887 30579 28277 22205 31024 21844 12758 22320 32583 16692 6932 29413 8782 13754
5502 12326 31639 2360 2057 6996 19785 8246 31711 31844 17518 2374 29928 17384 11220 28024 19035 15014
31910 827 2593 16751 30779 27936 13238 11059 13964 12986 22086 32550 22236 16085 23990 11677 15594 3658
7065 1110 1972 31866 22158 28202 11553 22804 28057 18846 26544 13048 23130 25410 24663 1123 7814 24222
17028 11319 26812 6934 9458 24828 31926 24420 29649 2146 10828 22790 18495 8385 24645 14866 22750 10089
9713 803 28637 10307 2170 17402 4603 25262 18137 24495 17207 12281 18797 8112 5152 5731 12590 8865
25887 13845 2376 29188 2618 31468 26753 19255 15644 16322 3561 26574 1769 20123 17542 20795 4376 27345
6767 2917 1490 20280 14113 8924 28388 20252 23753 27134 15664 796 24944 29119 26009 12322 10976 2378
16188 21273 31157 20740 3837 32339 4195 11502 27638 29643 141 8776 26997 10453 11343 27675 12876 7976
18068 21383 257 16104 24153 5836 8637 7690 16844 27705 26883 24883 17457 27533 19449 8557 13131 27460
1458 919 1920 7387 30234 27753 7259 29727 9627 32392 31476 9866 6768 19737 1166 19606 27424 28763
2046 29583 14824 26299 3752 10737 1527 28513 27723 21304 32099 19101 24187 20191 15526 2726 18209 16071
10082 25099 20047 30890 17948 7115 30515 28412 21869 10147 29791 7398 29393 26812 18331 16776 4555 12485
30795 30396 9997 5330 28124 28307 13491 1832 14525 25756 9083 25221 22309 3619 5602 21097 16568 5560
8036 17625 17868 28121 3652 20829 3426 1862 12732 16636 16116 13867 18810 9172 8989 21094 2781 8084
18371 24572 26347 25526 29526 18778 32221 28261 29512 31307 27583 3844 4620 25863 23117 20947 16322 16230
1068 16600 15084 657 5492 9784 17396 31394 5392 15196 10093 28890 17399 29102 11507 15819 7473 16598
13239 19941 25427 9554 2962 26234 26384 15726 21634 13450 29533 11958 29137 29697 2607 16578 23662 14761
24460 22933 24664 11374 15525 18198 4502 14828 14594 351 1058 4678 29857 21279 4890 30519 16244 4712
17320 10798 23025 22355 3699 1559 15105 23461 7392 4101 1877 28571 17685 2907 9634 12336 21019 23759
7246 27279 25080 18800 9360 22698 26672 23530 7755 9005 7913 32269 20954 21700 29562 4265 10849 10823
14923 3978 22018 27837 13733 3019 30399 16393 15452 2688 20801 4883 2806 4402 9259 7515 3289 28468
5424 5521 10236 3315 24394 3472 22648 20273 11804 8041 9971 22847 21153 22487 18003 15008 15592 2596
25881 21425 26524 30861 32143 32230 8203 32594 12511 17106 22581 11036 31387 12070 28030 27224 18024 3014
4271 17142 13589 2969 15317 14719 7605 14169 24740 21923 5341 9551 15433 28611 2087 18435 31968 13290
14320 24699 9123 1539 7566 24370 20659 13148 1949 16642 25614 7412 31270 12972 8086 18399 7720 2070
13988 32292 19403 21053 30355 27978 31834 8541 29888 28126 12151 15650 28080 24729 3836 24834 16781 19537
24301 18314 14743 10688 1066 4282 908 1921 11840 20492 3363 29936 28931 19817 11800 23659 22766 17749
19077 15443 18198 13487 23259 26742 8191 31582 1328 16689 6652 25201 13155 2906 14053 20787 21275 21971
13469 15899 10872 6202 366 9794 28251 30399 32510 6270 1477 22374 8461 8171 9871 13407 13155 6419
14140 22452 21129 16157 8800 27733 25653 31600 1736 4113 6957 17808 28986 21309 20825 7421 2938 20750
18052 27534 27747 19953 3431 23094 30021 1578 13309 25945 26824 6909 29610 15463 9859 18337 29688 14489
14463 19610 27960 30478 7503 15278 13756 25067 31773 4487 1703 13620 11560 18463 1137 19034 17479 20210
21931 14168 2106 5074 21884 3318 844 2516 11806 16515 6455 22626 25879 3148 20093 8339 10261 21492
11415 818 25649 22441 28617 21574 29927 17065 27146 10128 30224 24839 18220 8830 1284 2248 7733 16272
32140 558 31793 28283 32058 31558 21501 15881 15048 21118 32646 31458 31819 17677 15916 28637 14501 19485
23652 13112 12404 13598 28886 11633 2580 16860 23066 17711 15595 23389 27345 23632 22494 9277 28042 2686
28481 30323 28523 16550 15841 6018 31414 16914 17698 12609 12203 7824 30930 22689 26127 6592 16802 12407
17407 11231 25459 29486 30280 1934 4769 28633 30112 20809 17506 18062 1415 29559 1707 28641 22537 15453
27450 23484 788 12494 21005 13138 12972 16522 7823 2701 17622 18320 9412 3205 14909 2268 22787 28510
10420 3650 3977 15144 6711 6535 22235 12391 1568 4881 14757 22912 20098 8509 29619 4988 28607 21913
26195 6682 19666 6872 22470 25386 17606 20549 19000 21807 32280 16029 30103 9412 4704 20946 12535 26153
2099 17444 22326 7473 17784 9931 29350 22815 26472 29540 15383 10011 11227 4885 14671 26747 22420 1672
1595 22512 17925 7022 5720 19008 3623 23347 30723 30132 26784 7904 26696 19875 17211 29761 16710 15423
11692 16455 4092 18578 2901 19180 23871 29425 13941 8158 30276 21825 175 28855 16344 21029 15539 25764
24944 24461 15630 189 21273 14480 29790 5634 6863 625 8920 24798 17631 12522 15567 17699 25593 13755
30419 21481 9234 18275 8866 1665 15512 19286 18862 23176 20076 12062 12517 15237 30700 15613 12627 25903
11739 14248 4800 11216 8663 18804 21146 21793 17890 4737 1269 28402 13568 25188 14986 20080 4435 26808
6010 9643 8136 27026 2083 22810 12227 16438 16025 928 6674 15954 26014 21201 25306 12627 13533 10469
19163 7039 21028 12340 23549 27760 11348 19263 15711 17509 15122 3748 23010 3913 20510 12240 9977 674
26024 5482 5568 19141 5642 29844 31805 29560 10380 10123 298 22511 24523 10710 22288 9573 29967 25868
21317 15865 27864 15290 11126 1443 12540 31882 26268 26497 7078 11173 19840 7553 24543 19623 26173 2071
31538 6641 18135 8259 7333 21927 19324 20929 11436 7996 31717 18435 25321 31465 11124 31354 5287 30185
8601 1012 10472 5184 21581 4516 23842 29634 735 29981 18512 20446 15115 9632 17977 21338 5665 15496
14463 25365 14543 14655 18563 19884 25248 6199 5994 3258 6255 2389 1534 870 13854 20773 855 26112
29674 8707 2987 13999 10847 30764 17568 1050 25106 17554 25410 21602 31363 29719 18102 27137 29671 7342
29825 19901 10399 24281 25085 18870 495 17878 14017 16861 29551 13069 29949 5548 18980 8470 12896 30476
6988 18816 20070 25247 23835 31344 21075 9378 30790 9945 26089 6266 23429 32347 1454 3087 24390 6324
26192 29917 1002 32595 12573 25292 22467 9098 1646 23414 4083 2831 28757 2932 8441 16403 13099 30774
25086 20592 10113 8100 1984 26762 2228 12458 693 21693 25904 18746 3045 30371 7148 25951 28207 31030
4905 27601 21892 20603 5171 892 12826 20579 30864 7807 31436 26273 5274 26187 23183 17413 2815 29975
5475 303 30116 2191 12304 2598 4102 6601 10182 23940 20102 1604 17557 27340 3858 13960 21265 7090
20214 28114 20862 21850 4676 11967 23598 31750 26687 25039 25793 18043 14525 10372 378 27768 18262 2644
24224 31950 5993 26206 8290 26153 7588 22189 16130 32606 27340 28822 10943 6925 15156 3719 17136 29270
6288 3796 27722 29473 30656 13270 21078 15637 244 4497 8263 23116 27737 13335 15655 32552 8274 27541
22254 23922 31972 27050 18734 22107 115 7037 10963 6224 12708 28091 3910 29624 31339 25934 18072 29387
24739 14736 10524 320 18354 23486 14904 11900 10055 6085 11913 22416 25571 14830
