1772 8498 1793 23565 18128 24144 15204 24913 5409 25543 14838 26842 32094 2560 26269 23346 17904 9697
35 6691 25513 21302 7288 1560 1431 27374 13009 1137 13520 25084 20603 25992 17725 3192 21403 17372
4378 120 18526 14897 16046 5617 17441 2964 2218 15920 23395 6590 18354 12287 3395 17812 14267 9154
16870 5696 13714 7175 14034 16867 29038 30288 29998 30087 20624 16338 12058 30244 31764 2805 7760 30963
22410 16557 16909 19755 23537 10847 5691 13507 4915 12157 8549 1655 12090 1075 29931 30585 31226 17308
31578 9635 6473 12951 12538 16797 25395 9951 8890 29150 15971 19937 20298 19716 19154 20667 17994 1432
20205 4014 8754 9346 9358 29197 14332 28100 8960 1715 6482 19260 16378 28757 17622 22938 26168 23109
8412 29750 15208 29026 7197 23028 21184 7557 4398 18912 1992 30411 18220 12471 32042 13157 11830 17809
31766 2416 12435 12400 12203 16782 14127 5892 30924 29928 15299 11240 21968 13402 1472 7125 6992 4893
27837 30072 30711 21023 15859 26364 436 10145 8012 28310 18069 24246 3390 22630 7664 19302 20109 10094
13828 20211 31330 17505 6546 26655 27814 3681 10737 3132 17568 11013 18740 17338 18957 12098 12444 18396
21403 32736 12215 7146 3340 807 20160 24287 13897 384 4702 20904 14705 20439 23224 19739 13050 8350
7082 9388 18405 5908 26677 12543 26254 30748 3884 32512 19806 5727 17279 24321 29718 21492 3340 20575
13032 22124 32122 1312 17473 18750 25994 31186 31920 19048 1667 24126 21735 23900 31779 18752 8701 32736
23111 30197 6240 15776 15252 1167 29805 24001 15199 31679 25955 1719 6412 1457 5979 29761 32375 9876
30252 7207 10158 26051 1998 23637 26141 10390 30733 4102 15447 14468 13157 9935 3605 12869 11045 6663
8337 22592 8307 23643 26341 1592 4479 8088 22205 16560 9438 3278 16752 7319 12027 19131 27930 31500
11815 28266 27192 22096 22662 12805 24936 6500 6307 3542 21800 16685 5056 4053 5224 16818 5883 3382
22738 27337 1617 2583 19839 18947 10716 29661 31248 17469 30123 2406 19947 25488 10054 3508 18325 5557
22077 8421 29835 22098 21020 23289 17734 496 27445 1414 28993 19615 397 3898 26573 6540 30175 5547
2159 11876 22769 8572 8215 32465 29998 28841 26220 3307 3763 27441 30437 6394 29984 7696 799 7750
17484 22551 14373 22454 28291 17784 5485 18629 28065 9575 11961 1742 13850 30163 5846 16010 18534 12696
28487 12693 31866 31988 22211 10456 25539 23505 13540 5708 23863 20225 7720 25557 14258 29491 19338 10693
32408 32317 25345 18910 19613 13992 3065 10949 16641 16891 3030 3872 29393 25656 26457 17849 32399 3767
17198 11529 2564 22664 582 18397 23147 15670 23296 23995 22728 15952 24857 25405 8297 16932 16479 10147
29697 19976 8858 419 13442 30106 32464 30990 13979 7495 19427 10336 4711 27260 21484 21319 18671 32321
9173 27665 23747 22053 21201 1712 14322 28499 7848 29558 31985 2005 6030 32201 7499 6772 22847 2964
21153 28722 2770 6339 22102 25800 9400 19184 29420 14514 13622 6450 19441 3600 8755 17634 30755 27461
8927 7542 18888 24638 28107 19851 24902 10686 22263 11257 26088 28386 23169 19688 332 30001 20274 20268
30821 26273 15767 8814 32543 1495 5944 16544 8853 27873 18967 6325 25763 12807 27736 9397 26277 3839
31808 26825 15909 26169 28849 22021 20312 16969 5437 19907 19077 11289 28430 16636 10039 29410 9776 10277
14844 16989 11833 20267 16415 9123 11339 12724 32260 17399 21608 25399 19216 7598 15322 16478 10420 24537
23290 25504 16146 12207 15385 6758 23596 8298 4536 22243 20817 32111 12847 22887 19065 17082 12901 3762
31840 24413 7537 24070 17520 7792 1132 25514 6018 21035 25160 21389 23000 7447 4121 103 32394 30201
17854 17152 2138 16765 25181 15755 18734 7755 31060 14151 31618 16237 24573 3277 4728 28932 13915 28675
23511 8972 10616 29899 20591 5736 26911 9586 11910 2134 3633 7217 15170 30768 27901 23521 17657 25308
4125 26044 17720 4455 22375 18192 15391 21741 30509 6966 8721 19848 21414 15823 3111 5924 29907 10553
24123 30814 3667 15709 10188 28716 22412 27310 1689 15681 12435 32050 11260 15377 20049 1069 24586 14009
27661 4598 8003 929 15406 20397 11921 3546 5661 8607 16742 9278 7090 22488 3458 10772 21342 9872
27276 1782 29271 25490 22057 28719 21278 17172 31588 26741 21546 4508 6121 4682 6927 9525 23512 12309
30550 988 8073 28443 25197 31157 2920 22476 22350 6966 3755 371 32282 28715 16334 25396 26822 17037
843 24555 23405 19953 5396 26517 23782 19122 20338 19462 3067 4604 19709 8916 29869 21914 16466 21015
24927 10321 7756 9043 25819 21035 30244 30846 6214 11628 5239 32618 18715 1898 19353 32601 5150 16857
32544 7388 10145 12323 19726 12253 10934 28039 29059 2085 1167 9862 16492 15313 32660 5017 20976 23615
1440 8021 15500 11557 28539 30093 31121 14855 9620 30167 20586 26016 3071 18190 25454 20431 30629 1733
15161 11725 9970 20755 27754 28834 31522 7251 13145 21827 28125 9680 8802 15370 32451 27024 15910 24949
5529 25557 9223 21891 5209 5515 5965 19837 5572 2501 4091 11210 5173 22328 10349 23004 29788 23000
1190 20662 12451 8405 4242 27501 8409 19738 12181 24621 6532 23416 15233 31549 24635 5992 27867 30800
12205 12856 2466 5676 18476 14918 30394 16503 18558 28217 1814 27635 19098 10500 9545 211 342 25011
13170 28470 20806 31697 15738 18970 8976 25520 22817 1174 26923 13174 20727 11497 5567 23465 29948 16997
32222 3253 11702 280 25523 23671 11709 16396 9604 25552 23846 15742 19802 20634 23435 30125 31725 10266
13310 24413 27842 13611 8048 11123 3596 24402 29023 25033 26829 25984 2753 31041 21916 14679 28372 17743
14606 30388 22241 22056 17622 13174 24423 10048 30971 9046 11352 14267 24953 19495 7980 26980 19365 18035
31464 16835 28827 17959 4885 26994 20241 26493 24698 1469 12830 31837 6166 18552 8147 21945 8402 21040
11304 17730 713 16999 27757 21395 11602 4688 1693 26166 12024 5522 6410 21052 15370 15749 30358 5918
7929 31295 29369 15714 28539 22210 14872 5646 11111 10782 29472 22043 3628 31779 9021 19036 17002 30605
5091 7941 18906 1656 13331 30851 14171 30083 12839 22378 5948 14508 18886 1427 8729 11987
