8583 10489 26597 14748 31357 21334 28807 15297 7341 28699 29164 3465 17313 8621 89 615 12697 22212
32748 14211 4552 1528 7634 8291 19228 16044 18507 22305 12515 15159 12887 31641 15467 24680 11957 11738
15362 22004 28046 28728 8947 9407 27132 31788 26405 1465 4776 22139 6046 20080 31053 12091 6288 9915
5669 22553 12405 29553 27100 24238 21098 8988 2886 5534 21008 18103 27692 6532 27696 9427 24930 7215
20764 12621 14814 1062 7197 5806 29063 10953 25568 15435 19181 17852 20672 30259 23601 18406 25542 18938
23394 17776 23225 29932 13870 9984 24197 8063 16535 14412 26015 27138 1748 24055 30788 15972 3814 32365
16914 5021 5369 27289 7318 3571 3890 20686 32530 10397 1211 2107 13 21706 1079 15990 21326 14790
17671 21782 29163 620 16452 31273 22243 25506 19650 18400 32132 18577 2669 30695 3248 20396 10429 30022
23475 1280 21607 23138 15358 1530 22730 9578 13430 31367 16327 12419 6607 3791 32150 14650 12369 23279
29583 739 17049 25546 22020 24678 23008 8317 16841 12617 905 12771 3226 7740 20321 14069 7396 8263
29724 27259 21757 8136 17434 30134 23892 13948 24542 9480 22970 24779 20953 26836 22234 10839 32607 20636
31094 8630 6802 27315 15946 8063 555 13679 21619 11455 14792 3462 24342 5192 26659 17942 10843 27562
1546 21768 8247 7975 11011 16783 1885 19734 8852 16268 23155 31844 14265 9256 16876 31298 24721 8122
32118 27503 14381 26951 18484 23599 28902 17995 1328 23624 11404 7433 15782 29028 25975 31510 16330 28006
21704 15757 26691 29575 679 18106 25273 14562 27214 27770 28206 19545 24847 3155 28771 29127 10544 28831
25512 23518 24284 29394 28067 21032 10738 1879 10167 3434 24901 7766 26473 22551 2797 1544 4655 15703
26122 14834 18418 21379 27062 19388 28992 28248 25876 20734 31868 17274 11468 645 22182 20267 446 30890
27348 933 7425 12566 13662 4093 3251 18815 13937 18960 20199 7197 20258 2046 21745 10450 22159 29789
23681 30715 29134 10901 18873 25174 31552 9567 28315 27157 1286 19819 27571 4482 17145 12981 5695 23144
26507 15727 3795 23337 16428 25123 30309 5364 7398 9377 27508 30450 20186 30489 15697 15199 19142 16218
26 2291 14808 4172 28199 1635 1690 25072 17103 19153 12406 21788 31298 22356 29435 20020 8892 1498
3073 29485 10992 6532 11585 22741 22941 23532 25908 27556 23222 29671 2795 24347 3412 24928 31159 12566
32534 19088 10049 3107 16669 1616 25004 5311 434 4093 16537 28302 6025 20535 5439 1011 27180 26371
26148 24022 25493 25426 16873 5584 22355 5065 30006 12318 2657 23625 28714 26785 18690 15767 26320 16194
13486 31119 30963 20335 14615 135 27958 16086 20552 5338 19267 20325 1436 20082 24932 24828 24942 27833
338 28020 10682 8441 101 19634 9366 15933 18061 19381 18283 31413 31021 25275 32702 11796 3244 5888
280 14580 18868 21347 17425 581 4443 17487 8947 13564 27843 930 16194 11215 13263 7794 7291 13736
22362 17229 7380 8150 6714 9015 18949 12540 17933 20959 6222 390 10005 12626 3656 23932 23254 13431
32270 6953 16110 1426 15292 5032 2608 23326 32011 10248 23990 2195 20017 32749 22760 5667 18501 28077
31870 27630 29790 9059 26989 23565 2172 9586 18062 6200 26932 9728 22914 24227 7494 13850 8003 27141
7561 30636 28541 28868 12016 15633 30563 16296 12672 16848 6116 15270 4100 26719 29375 22213 15884 10544
13096 17556 28224 8069 23926 31106 28283 24273 12944 16925 21706 32168 29116 31868 27125 514 1654 16886
32054 6796 27948 2985 3310 20863 23344 7724 28962 9323 30279 18571 29351 11614 9963 17088 31719 18758
21028 14119 20160 26597 1748 17208 27588 28779 27058 31689 5798 26558 27905 16386 9152 17401 8029 26716
31513 6416 7589 7160 31923 2692 29823 23060 12739 12032 31902 515 30561 20555 32490 26340 3724 13664
11050 14947 15687 24834 11900 23236 27929 29197 29940 20556 29361 4359 25175 1418 27311 5764 3612 1924
22508 22313 20154 22596 28423 16695 8249 8619 15065 13884 12848 21136 1660 20316 10336 29652 14444 30208
23407 16464 2838 32260 9250 19486 20027 11588 32379 18222 7715 23557 3929 10002 15307 6951 23095 17382
29192 2862 12677 13578 13413 20643 11832 30734 25386 20965 15199 12277 24647 10740 32742 1858 25079 31923
13411 221 11851 6204 12296 17676 11309 4007 14402 13548 30059 15069 24699 20964 22102 18401 1095 17269
26136 18718 10594 2347 9514 27939 21760 9013 19443 19345 7993 15980 14210 29485 5021 12251 7977 9639
10084 19186 32595 27534 21430 24446 26084 28411 7867 27388 2932 18037 8286 18513 26138 7490 19998 27597
8482 25893 6655 30153 9854 32092 12474 10422 9531 31395 25501 3689 16569 31977 2305 22706 22060 15787
24702 18731 596 17418 18003 11287 21780 27139 16814 13038 24153 7848 15009 14787 32646 4615 25411 17439
12045 13794 8138 15576 6328 16398 31280 17902 18239 6617 27912 8776 17237 26696 4487 2093 21449 6847
31907 26126 19167 10658 22527 26274 3354 29419 343 16615 15642 24537 15795 7801 14525 16342 19389 9683
21404 1178 24897 29619 31419 19411 24564 3957 11628 24926 19854 9978 30563 10140 23305 7592 22596 4204
1856 15060 17511 5019 10375 789 10841 20146 27158 2373 10896 14791 2023 16988 27514 7529 22171 10520
14161 13984 25101 15369 20228 13075 12163 9171 7743 29489 28375 3033 15621 15723 10029 31440 27208 20054
10913 13843 27623 29382 23881 31926 32686 5675 7079 9568 18922 29553 19487 27511 27935 20928 26538 30717
13994 31607 1576 28962 3435 23093 14690 7522 3227 25531 17333 26082 30957 17596 30182 17358 31320 29703
16420 25951 18216 7119 16981 5551 11408 993 26523 13343 8226 26815 22830 18180 18187 27805 21612 29997
7666 3356 12286 29492 11931 19088 7331 12151 32358 27739 27822 18976 8778 3741 28542 9063 9247 25919
11074 3611 9445 24531 752 28796 26757 6996 4851 24838 14009 19616 20762 2639 15639 4240 15377 25086
24251 19678 9687 32477 7357 3780 25971 6862 1100 4768 31797 2886 19870 24813 31175 15751 6301 11337
11241 448 29283 23802 25915 12763 4151 30129 26364 32503 27597 15669 15085 29369 11375 22989 1826 28528
2591 18843 10847 15306 5366 25650 11027 25910 3777 20900 17731 1734 16715 8810 9340 15720 32205 30047
5232 22856 12859 21959 13585 5473 16163 16286 32219 25125 31602 29818 7263 4228 4251 3712 31227 26303
7404 31571 29946 28082 18097 19914 6408 179 11385 3936 25179 27844 24283 27 22754 11090 20302 28419
3599 999 24675 6207 19010 8514 847 13293 30048 25966 3634 8934 1643 2483 14521 25661 1735 21749
26750 16407 29807 30231 15321 21541 3969 19741 32163 27827 24310 12207 28160 22412 30941 29945 3192 7131
22918 21718 20356 17233 22015 26000 30003 8329 30242 18028 22790 16101 16714 16234 31529 26402 19164 26100
9446 26086 2470 4061 22075 32460 18170 8764 26873 14694 12362 1753 5259 29435 22757 21906 16349 25009
13853 31818 19333 29952 25467 29383 16983 16242 14679 17757 6628 21886 905 743 29000 19884 25274 23124
30923 19953 9534 29391 28359 21170 9009 19431 23981 6714 27073 12410 1975 25117 16794 2266 11097 25038
23754 6273 3404 11774 14300 29468 29619 29121 31208 13291 32402 10385 24698 17868 2409 17882 542 17744
515 30092 29807 19069 24830 25119 8576 9815 11984 11205 22592 24226 17070 31905 25697 30107 9841 26275
14731 18705 19401 30338 32071 5091 32362 10166 31976 24515 16398 9715 23050 29056 31051 2048 31460 31975
11155 28513 2398 11273 4286 14761 3546 17655 21432 12034 28844 31714 20092 22908 28515 15244 31016 29279
20750 29068 30293 4137 26042 10598 26881 500 7484 819 32564 1069 16720 20894 24192 14979 7885 27238
23822 6902 10833 30532 13438 13955 27619 20768 6636 2697 15906 13041 26346 18414 11380 20426 16361 15120
31946 6175 25648 16753 12307 14963 4703 30777 1686 10947 12001 4119 21278 15936 5974 29368 10620 9421
20259 9431 13427 20274 29031 4606 16052 2948 5167 11711 15101 25980 2257 5493 22524 5457 9676 8183
27379 2771 1355 1568 15762 24290 26066 4303 2977 14444 5947 30733 15150 28916 8637 24436 7349 1000
4472 7149 15819 5555 5134 11889 7128 7530 21155 8318 16682 32315 13775 11555 6690 7265 32436 25605
3354 14400 24665 12589 8612 7633 2130 30217 17222 29451 15971 8208 27382 12600 2759 26725 15481 5575
3471 10401 25193 5737 29412 28970 13857 9296 12424 19604 32264 19164 30966 23564 20494 29991 4009 14795
25250 26419 27173 19384 22940 13935 19220 29755 22933 19677 16845 19327 28519 17436 15335 20187 5655 9071
4933 12467 26809 19666 17904 13772 19189 9757 17139 19528 5433 18418 30921 18253 4077 16769 4201 27724
18941 14973 523 15731 5864 185 28492 11609 16247 19723 28195 10179 12849 19248 12595 7192 16095 12600
14850 29810 10572 29189 32529 9932 8046 22284 13524 19000 24235 3451 8843 24269 5189 29303 12620 12654
17741 10916 8130 2568 18837 20726 1862 3557 9743 18590 7804 1133 21062 32439 25847 26681 13649 9825
9215 29105 26007 15552 28904 1852 30827 24590 7252 15950 27733 17865 15111 22986 31506 23658 13259 29088
24206 25615 32372 12268 21764 2698 150 20197 28913 22188 13031 17538 32615 28437 31824 18177 4744 1907
28161 5857 31342 518 19762 14839 14842 4042 5435 5124 17034 23540 24567 2112 805 3791 24267 4175
5734 13251 20773 29836 7318 20102 9191 4369 3048 11251 9869 21748 1295 14691 362 26048 30223 28735
22738 5342 6417 8143 18950 4551 6695 8985 11507 1531 28747 19872 18297 1475 13734 6957 24000 618
2835 28561 19466 10603 21295 28881 5481 23937 20493 18700 5131 13424 28840 23447 14022 9726 22910 14636
30582 22679 29738 24492 30536 14068 4819 4258 27500 15090 29170 19350 18429 6573 9797 14109 21354 15659
16786 1415 3936 14041 14933 8358 8988 6039 25479 10442 12980 22685 32498 4921 20427 16932 14073 29559
28571 31540 2951 15453 4565 11828 32455 994 1400 28494 3092 5777 30234 20452 14166 26091 12060 19217
16056 7827 16288 30651 15397 28879 27679 11173 16764 22866 6396 31739 15580 29809 6763 18138 12137 10509
5568 12884 870 14052 24523 19600 3661 29481 1083 14656 2282 16864 25396 6201 3109 5419 3769 4473
23464 116 22187 12885 3272 10959 11537 1974 21553 11339 20580 8698 1805 9005 26198 28122 6964 2908
29815 3693 12972 9807 25074 9398 32418 32048 28211 12380 1386 19145 18812 30062 6024 22676 14823 5037
199 6917 31318 15079 16228 6418 15896 10419 20364 27376 1680 23398 21882 23627 13603 9734 13090 32111
1832 4612 21708 12223 26308 14768 16708 31181 15625 2103 14629 11779 12669 2758 28993 12633 685 16164
13487 27755 25630 2857 31128 13493 3496 18820 13744 14458 26492 6257 32157 14784 36 21679 15308 9575
14193 28210 2735 20607 19057 601 32185 27040 11509 26318 26127 26888 23611 4637 24182 3140 5909 3400
10769 10476 9896 23258 13061 25264 9460 32462 13263 4272 27889 5192 22523 24049 7902 7176 24689 28988
26307 28791 5816 10286 28649 2754 6943 12672 12605 1355 23308 4718 32657 1870 14806 25541 4247 1518
14589 20946 23369 1567 11174 11145 412 19568 16805 3389 12173 9535 30072 29280 6954 13101 10597 15009
4589 28104 45 28176 16289 15960 15583 19664 6696 25938 13761 30149 7847 5483 9924 12486 19444 28566
28389 10156 1602 19653 1321 6932 20532 6 12409 24123 1191 32521 20247 9660 32415 6903 14630 30232
22937 14032 2605 15669 14212 10072 24231 25388 14309 10205 20427 24129 3224 4168 15231 5733 22282 14547
8914 9077 15179 13920 11361 13106 21605 23738 5444 8807 30110 12640 7633 5347 25896 15450 15703 6523
31760 24973 10578 9292 22387 12256 31574 27971 1753 20804 821 32041 25590 2102 3863 30225 32648 26225
14351 25503 20353 10417 32040 7524 2688 25638 14859 2529 23678 28810 17606 19305 24722 15357 16038 9615
3163 29696 25824 9352 30779 12188 27628 21797 12578 1681 12855 5855 32624 16973 22089 21950 20226 5043
31785 14242 9449 31322 19890 2120 19866 18656 682 28907 12686 29380 31607 18219 31159 3829 15274 32493
29283 15468 20356 3026 22198 21352 26763 15771 29083 4093 15854 25602 16387 8758 31624 17922 56 20264
19617 14212 23209 3870 19831 23520 3998 21988 28842 23966 22184 28469 8978 11097 23274 7384 15289 629
189 25183 621 22050 24747 10678 23002 23746 9123 11490 22725 20780 11323 20849 24229 13052 14762 24768
28550 4602 28492 18846 25346 12601 28215 22371 12898 3220 27482 2529 29313 3712 28479 31501 17478 94
11066 32106 18657 577 3830 24644 25869 5658 3215 1158 24479 2531 13512 12135 10032 19781 6469 17899
19299 32325 8081 24096 29958 14708 12642 20675 27041 31014 30337 14604 26193 4109 976 3417 24025 2806
11022 15611 26075 1453 22695 32608 24417 16301 10762 16542 9922 31591 10790 22269 22185 29987 24000 28155
27209 31967 3705 21103 19183 32746 32378 3057 5361 3360 28939 28553 8084 8448 13586 6043 5222 17569
7221 27946 8625 19367 3000 11796 5273 15959 4730 7382 26020 14881 12247 17804 1416 21923 14425 1048
29777 21501 829 14163 28820 13168 19858 19992 18690 25352 32276 6349 7717 11231 14021 3328 7826 6448
24506 25924 2827 27629 5845 19347 3380 26025 12539 30591 11795 30369 14460 28349 30618 6857 5365 21187
3442 29376 18417 26373 18660 25401 27417 15635 9310 18504 23537 12758 458 1942 16441 10223 6256 3578
20437 11075 5671 1039 4148 27203 16208 18082 27790 12180 6824 28072 22456 18934 29688 28397 25272 3204
16933 10211 30036 21767 15470 23201 4949 17119 11037 27189 23356 2939 16175 25157 10767 6156 32089 5536
4276 22672 2179 24721 1592 30635 22334 23021 923 23646 8303 32726 29831 9382 2947 11126 10708 1364
28590 22490 14486 15157 11901 2164 29421 31129 30090 23235 26132 528 29601 3762 2418 20727 19747 4899
2799 3090 23377 24815 25761 7588 857 12631 10220 10618 12258 23596 10671 18037 15219 26781 31518 10726
21410 7580 23902 12280 9698 7487 6301 27986 24030 22453 26014 13837 17518 24938 21575 17882 2199 30724
23295 30060 186 17213 31654 10543 28207 7288 10756 25897 4376 27124 24253 12819 5780 22786 1191 16385
11905 897 10782 29166 21727 19683 9291 15982 6605 521 4098 4662 29985 2189 23239 7995 28975 10598
16920 17852 14633 17065 29652 474 22010 27809 15084 2771 9973 24049 26346 3970 25050 7030 22326 15362
9601 16042 22686 29866 27781 24571 16279 29198 27254 28630 27649 10930 8444 2983 8704 13658 14248 6425
25673 4416 25442 13686 15181 32564 26838 17395 5680 22486 1595 9982 12420 2983 20637 29019 10644 14171
20463 6644 14496 31399 26268 32589 10977 31589 20606 17873 5604 16911 17568 24093 27771 23538 1709 15682
24438 28238 29661 5678 14494 9940 21997 7129 6823 13550 2828 7498 21066 14635 19315 745 9404 21781
7047 31782 18267 18666 13316 26583 27750 18909 28345 17421 4486 32386 314 12576 31461 19279 5104 21522
2104 24032 32615 9190 20006 8170 15767 28368 8676 160 23156 8628 399 15979 28369 8157 1444 7912
29682 13680 18439 16143 30959 28989 27769 26993 2169 29089 13678 7482 18678 28902 21291 12964 9439 7438
22439 18628 1326 1612 31603 26697 27680 12571 8350 1976 31356 6067 15811 23782 11412 9871 8072 10144
23056 16 10870 24952 17802 5027 2674 32561 18109 21519 31625 11971 23740 6430 6066 16263 12949 30731
22043 7886 25575 8185 10116 5653 3159 1298 23509 13950 28229 26367 15705 7589 15607 32468 3205 32554
21990 24598 18847 8246 29988 22772 30563 12237 12627 24024 17131 10323 19113 19562 15589 9923 6444 4402
4060 25241 9780 32062 24580 13147 15717 22166 16426 20288 119 28652 26565 12048 19169 21441 5770 17276
28656 20166 20700 26452 8455 25910 25072 15161 1614 32709 20216 22216 22329 23444 10040 31334 32245 2459
24146 12030 4684 2347 6801 32377 14191 18837 9566 12749 10707 8083 26833 16404 1800 30973 9722 23284
7721 23813 20822 17487 21085 616 16208 22890 23913 2550 3905 32395 32104 10114 32476 22791 22819 18076
4881 383 10419 30294 16985 7160 27667 10314 3059 272 15952 3815 10490 25673 3848 10004 16815 9164
20361 14517 21790 11587 24341 23352 15750 9255 16997 18497 32190 13571 29325 2746 17500 16987 20248 21596
20409 22061 32512 1737 8109 1421 19845 15325 8137 12515 19980 22849 14210 19862 21207 31511 27524 9444
913 16940 31642 13392 7884 20799 11016 6826 13001 1382 7420 16165 22900 13836 29385 7404 17377 2019
6021 24741 8336 7982 25760 17000 10622 15709 2959 18917 25865 5574 29037 26368 26173 26037 26393 3095
6247 7122 27354 13686 25114 6779 24454 2550 10927 25035 25722 243 4130 11397 15124 14690 22337 19528
25987 28262 25537 20815 27212 13511 17142 18726 27166 28172 5737 8339 29077 7320 26929 30011 13636 1299
15594 25046 8859 18666 22922 4582 29158 26296 11525 10601 9711 19186 17790 19057 9345 24178 13096 18149
21610 15961 23934 18822 27807 2244 5985 440 24745 27376 32465 7913 5746 23796 29565 10008 20698 13861
12524 29873 31795 1775 22523 26489 18357 25693 29449 5372 14275 4154 16897 1021 7780 10917 22898 16205
9217 22938 24739 19431 19961 4145 31548 20010 11872 25827 10811 27235 10446 8098 12214 11404 30839 28185
16978 909 25578 26813 7114 6985 18787 21798 11964 8803 28904 20942 4027 18125 20332 22320 23907 30222
10002 14712 13387 11377 12587 6233 31113 24416 15625 26509 2219 20427 28615 31957 4439 20084 4672 20259
12186 16569 5998 21243 2987 28666 18574 8199 3348 28770 16849 19509 27916 10992 11662 10202 13262 22242
26380 18159 28061 28160 29740 1014 8886 26816 32570 26573 24185 19727 15940 8893 21064 23701 29715 836
24336 28309 30174 5436 4719 16484 25222 22318 25323 18796 30461 12402 14232 24311 11260 5192 1759 12820
2262 32505 6285 30158 22494 14205 14069 14375 10120 665 23449 14919 17734 13208 9040 21530 7551 17819
5273 12054 11387 27331 1631 25698 27903 15438 12689 18951 28689 30711 14784 31599 2458 30389 14641 26958
16102 18561 7217 31912 25015 8649 22441 6423 1359 1425 18145 2622 14355 22835 15464 10475 11968 19827
4796 17072 19758 18574 18307 4458 14185 15764 28280 19947 22795 7472 1894 10631 3396 19335 907 15205
21581 18273 1547 11355 16914 28346 11231 12032 4615 3100 26289 3629 3215 6642 14174 24329 10534 26192
21321 8813 6692 1224 353 24925 11717 14481 14855 4332 12338 17677 22091 18729 15107 20099 23210 7028
7617 14518 10438 5160 19493 11895 9302 13122 31974 16034 6041 26726 26228 15009 25284 24179 17479 16637
17125 8626 4698 8934 15333 28101 10424 3523 29147 11995 9544 9792 32107 441 20085 291 2023 16265
23269 9303 14896 24682 19173 32378 19144 16794 16044 32416 14268 6864 30224 14837 30546 11935 25960 19021
11237 608 3061 21047 10120 10563 30437 20933 18972 28294 7746 14743 1967 27394 1771 26068 8466 21012
21934 28607 23620 379 16244 32602 18450 8405 874 2876 22275 23566 22936 12524 23769 1314 765 4856
15517 10570 26439 26638 20632 25886 27448 10138 23130 1128 27873 32514 1491 14466 4158 32031 19295 29404
19039 7678 15785 11756 21643 9324 3642 12765 30052 27843 21915 8285 19165 9384 27273 21437 547 5188
21683 23806 10119 25802 9799 11669 32040 4107 18749 14381 454 25917 2926 5273 5382 20361 30287 29529
25986 18705 15729 27614 4975 10233 20733 29310 13516 12261 24222 383 9979 5498 20034 16730 22828 24277
1489 15447 31897 19691 72 26953 17743 15020 990 6546 10493 7456 973 5769 18022 4315 30952 31205
25167 8344 15841 3518 9682 12572 14900 16221 2412 16069 26933 29071 6738 22331 1883 15002 923 32203
29614 22600 2553 25611 4079 26769 25565 9183 11279 12472 6993 26450 18697 32725 25764 10422 16146 30859
5864 31017 4777 20016 12577 30524 1346 16670 6400 25505 11563 26166 32479 32461 8292 1394 4837 7129
32534 7286 30531 5343 26849 20317 7242 3077 10784 21883 28922 9871 11122 11563 5468 11392 28987 8910
31131 14845 13909 30511 5969 28049 28054 12505 12039 16362 14126 25890 14098 28888 5234 1043 26820 13605
26669 29622 5515 4758 3204 1702 12804 5137 3533 6662 16919 17329 21346 26142 4739 5656 17469 20270
27516 12980 13073 16532 10375 17748 7397 24505 24998 17771 1955 8778 4597 24029 2990 4903 26388 25257
21649 21328 9781 32619 9483 8557 21069 2918 10844 29937 32609 11969 10971 30818 32625 17545 23501 28437
21517 10012 27223 20873 4543 20557 980 11749 8305 31763 26981 5893 1279 14264 23219 12084 8255 2723
25602 6579 3849 9245 23439 24595 6111 15064 6661 5703 20821 2249 14914 19012 28206 4440 27766 2786
23147 7197 10336 4545 5574 4332 19191 23724 30568 8580 27406 16952 18088 27628 29057 19767 21870 670
16470 27751 1929 1442 30099 16408 29510 14579 5290 5122 1935 17446 9225 20525 25296 1893 2226 27841
18342 12664 11880 13690 23145 893 17958 26651 5136 27961 10331 31322 5773 28500 9731 4797 19956 28203
21853 311 2902 25268 9615 16920 1197 5015 17909 22954 26098 17582 11285 4530 24469 1732 17781 26296
24084 5469 8267 12499 22298 27850 6013 21350 22402 1754 19952 7 16070 26512 1325 22751 21415 26498
6934 32363 7744 26562 15101 21479 13046 23209 3555 1902 23344 19973 30219 10676 18051 25232 8655 24621
12882 23709 431 32434 12639 14826 28023 5364 389 30949 1264 14999 6714 32020 6058 9921 24778 15554
8196 24300 11513 9182 7530 2253 3058 22580 23012 11252 27609 19169 26376 28168 7247 17118 24015 5784
20807 19703 11739 26218 4567 15680 2154 3497 16712 11513 12709 19714 11487 8881 17899 3900 19204 20208
15892 1195 6057 2688 16131 3746 14868 446 92 1577 24495 14720 22182 10620 30780 22713 11425 15720
16204 25534 30590 11609 16071 21711 29527 14087 14123 15793 12667 27961 6206 24181 18216 7656 30667 24042
10009 26415 12643 3814 29189 2170 6923 28354 19234 14751 31597 18853 31469 5767 11651 12134 28186 26890
7415 9758 23332 24213 2103 17851 7061 29999 13237 10496 1048 11071 31223 24482 18449 16118 26078 19930
13440 2246 16636 9395 19995 15742 17387 24680 7730 8915 21512 30569 15339 1047 31175 9869 23396 29082
31913 1803 28954 6006 20597 22828 13337 14242 16337 12469 3008 4897 32657 28198 13340 20212 6141 12628
9803 8015 20166 12704 4052 18179 32395 9940 25830 13787 1889 12197 23138 20969 17662 24978 21194 14435
13737 28040 2719 470 16083 1597 4100 21830 15008 29561 20763 22222 15058 32482 20143 15729 11556 9686
15650 7171 19597 15546 8407 10671 3038 28430 12920 5455 26088 18831 5515 12369 15992 14519 12019 31945
16572 10573 9881 27291 26386 13662 24546 20532 6138 2895 30219 27196 1040 31150 1887 28315 12706 19511
23451 32481 24919 26214 12798 1446 14320 18183 16945 19348 22991 24929 15496 20283 25343 30464 21870 11397
26887 24429 10439 7926 29206 26833 32569 27667 3245 15801 17395 16308 30079 31844 13573 18640 30178 27427
7008 8399 26553 30234 5531 19087 2790 25083 17028 21529 5958 24684 22123 26708 14503 29006 26676 23295
24494 15734 282 32053 5130 22161 15423 17423 13217 2133 255 3780 19344 9985 9442 6306 30177 1750
165 24992 26825 2349 17503 6708 8987 27308 5973 24397 25069 16008 20065 20495 19314 17233 18041 19497
31561 31950 11655 25752 23465 16168 18232 19503 30845 6019 30944 21237 14059 15695 10261 14582 7837 31118
14704 25712 8240 11991 14839 18161 1299 28342 32704 32277 29685 18547 20020 31508 14178 15615 18740 15909
12589 1015 17340 28765 9930 3660 13743 27033 21371 29096 25805 27916 27502 10687 3345 10638 31782 23047
5182 18557 22043 32121 5271 6354 27579 12049 19231 8309 20888 30663 13463 8586 19407 19923 26185 24224
5255 12514 28097 10853 18470 4089 17323 3640 8783 25671 7825 5226 30813 11604 12281 338 7444 14942
6486 2075 6509 27940 9239 18058 26356 25022 2311 5015 5914 10195 21159 28254 5066 30974 10033 5954
25990 6240 1398 8390 10853 18395 16706 985 10902 32219 19204 718 13866 18690 3645 26613 14247 3285
29691 27576 10376 892 21470 19762 21172 12569 24790 27363 2749 13322 23701 26097 20535 7906 7957 7457
32447 18155 15513 2768 31848 13467 22325 21053 4445 8441 26536 2063 21739 11320 2456 585 23412 14735
5755 15145 4641 7340 7294 5007 29526 971 31784 85 203 19363 14693 28554 11907 10278 19402 28685
11114 20159 31324 26849 13040 3551 3577 27707 21467 32097 26560 28834 22727 13462 17959 32343 15622 12726
17822 7087 23494 24002 26698 1112 17365 23229 12592 30827 23726 1580 7754 11873 18721 23908 3675 13385
13013 12117 23943 19574 27439 18022 17754 4372 3490 31032 19522 27541 3842 19261 20484 10910 26146 2969
30540 17328 14840 7229 5967 3093 16488 20346 22362 29892 15157 1455 8454 5543 15658 30948 9882 5235
9547 24938 3390 12811 31501 24567 1583 3018 6036 22640 25462 23482 18561 10961 29592 17487 22473 29768
12441 29404 9424 18115 3689 9722 15166 147 29766 25189 4624 12833 11691 25629 24818 15492 24114 5564
13881 5484 17711 7085 14957 23640 23521 15966 19701 11513 7020 16388 26067 23292 30190 26903 26885 655
20157 22726 22227 6976 32217 25543 1431 30389 10994 3915 20646 22981 2852 29345 26665 6711 20136 3114
12073 28170 18707 21988 20899 22486 8498 9389 187 23634 5156 7981 0 28030 6064 22570 28550 14022
26521 22325 32739 13862 19139 7632 31465 20281 6877 29436 19969 17145 23534 543 328 14507 28391 6534
18572 17617 11065 5130 6438 6266 27665 14699 28908 17967 23718 8926 15101 18498 3963 28165 32011 13350
11665 19343 14978 18202 18486 13611 14542 14373 6753 22100 4205 31557 17718 29897 14308 24993 21485 25611
29583 17286 4751 20514 22251 7970 1250 27588 17075 22724 1854 19837 3353 2093 26529 2132 15859 32618
530 19342 3510 30341 11083 5555 4143 2295 30692 18152 14755 28630 10637 7812 10402 9618 20616 28596
24823 24324 27598 6596 25694 1383 5302 3856 21536 7652 357 30706 1998 19006 27442 15471 17855 20123
9235 244 2086 18651 26275 25407 31751 1273 11879 329 9462 6836 8871 6272 21068 16480 24777 18335
20884 32586 12747 16389 2641 13539 30479 29274 28345 3497 23187 551 28177 25840 3592 3354 21494 13833
9577 4395 16657 2752 22767 32319 10523 4864 14821 16077 483 20961 10013 17464 4061 2948 3145 25015
31671 24776 14608 830 7494 17375 23274 2839 10174 12848 26247 25318 8985 24460 31767 3073 24290 16036
4991 15130 18854 4758 31518 19194 23266 30217 30228 4716 30936 811 1537 27012 2139 2334 11186 27292
4609 31451 11044 14744 10204 740 7903 24360 31054 26762 26222 794 16247 12880 15459 4582 28481 12679
32532 6490 23655 25462 31001 26860 14874 21321 13547 16585 9336 27017 10084 7235 8077 21708 15907 25600
14216 30649 7262 4804 11793 2075 5197 6604 24841 19292 9711 4166 22123 7155 4781 31323 6516 9423
20363 13005 21825 32003 25286 17609 22548 4491 30826 16376 27783 1970 14973 21665 13271 1322 14465 17048
27904 2390 27036 26495 21921 17220 5756 30794 4052 4587 13996 12862 14669 6291 3252 3793 8169 5499
3431 18150 16181 25816 24346 12699 29563 23996 31593 18911 3552 29681 16529 26475 13757 19274 32276 30570
17259 10180 18536 16279 3 26507 8212 31075 30436 29038 14312 20406 17303 17848 26300 3197 2576 6897
4056 272 791 13541 3965 30199 19134 24718 30170 11816 23510 16666 7581 18682 25679 23148 27140 4131
24471 1240 14240 31763 8524 13820 19602 31860 15864 19167 21628 20205 31910 16261 13044 29226 15834 32613
14761 32622 903 15264 3504 30611 1748 29138 18465 20351 1692 4302 7609 18355 15150 26114 6676 23239
7088 16580 14844 20421 24719 30208 28835 15220 28439 12820 25805 31922 6746 17227 28862 109 25941 18871
12672 22672 12926 30874 12629 29290 3155 21620 31181 30767 29530 6947 6272 10673 23852 16474 25473 14487
20757 11306 2287 29572 19860 9800 13738 19597 25411 6821 24476 1889 12602 9079 32401 6648 11831 1147
16687 3317 27521 783 2206 26474 15515 18487 14214 29006 28873 14169 8298 22989 2303 26248 8001 3164
6160 9129 10754 16793 14117 13200 25871 5793 15443 13695 1599 14488 7610 22675 4983 28294 11851 20017
18557 3891 8133 9592 12309 11741 30116 31859 15405 2597 22002 12834 26993 3963 25261 1507 14872 28583
2208 20521 5108 9366 28595 16463 19937 25946 30868 19457 30728 23159 29393 15202 11222 7540 31021 32489
28430 20422 7899 14899 30231 21625 22919 12316 20817 31247 21893 31873 21054 7816 7725 18035 13105 7032
18560 22669 20192 1272 2649 18898 29370 2064 27399 9294 6385 29696 31120 13479 5444 15165 13183 28440
377 30638 2407 5514 29897 15750 11448 2837 21207 18966 4752 159 15741 22970 22469 26321 30331 12414
29344 20772 15210 8886 23861 13954 27171 10393 9606 15053 30589 18636 3752 28122 1447 26268 12045 11142
9641 16187 14417 2383 4152 8768 21573 31945 25064 12709 17062 10156 9742 13454 9472 29967 15847 18886
9053 29584 28112 1334 21922 6509 7856 17582 8052 23804 7686 18448 26663 20261 27074 22627 23680 8872
21188 2757 9700 19696 777 27027 16935 11206 13058 4628 26918 23709 6670 4230 11138 12579 26169 1928
13930 27808 18315 28479 26866 14111 23007 30441 9774 29049 31472 22172 4427 22232 22207 7037 7689 5949
14301 15341 9065 22426 26279 32245 23186 17146 9141 32353 30679 6343 2513 24989 18591 25735 25354 31959
584 19169 15513 507 12009 6052 18185 31485 25277 31063 19601 8268 10076 5565 19260 22241 18320 25579
32342 24830 26847 30519 25267 3745 7807 10259 745 31012 24760 17716 5608 5596 5755 15054 15753 11301
7104 23230 28653 31471 28940 12749 22656 6403 82 5787 15347 23788 9113 23834 11097 22525 22455 23667
4845 12460 18797 12446 28643 26626 10058 26293 14631 22150 25787 32130 18424 27708 23149 26583 19307 32729
28707 31709 4857 14718 15283 31688 15561 25691 16577 9205 4876 13273 16042 27058 9262 18384 14038 22541
25338 31760 6393 13619 22905 20300 16388 23963 15192 27926 11386 15 25439 10000 10333 9991 2122 27026
16366 15243 13515 30610 15366 27895 20186 31073 2359 10785 14928 11099 14536 6121 25237 14113 1638 12478
14275 1149 3976 31147 27367 3468 10113 30834 30110 468 30095 22263 14553 17678 18351 24554 16035 5333
18056 16569 27672 24952 30484 15567 11564 9915 13653 15812 26903 20241 5155 28022 18653 28266 20046 17488
7702 24684 13587 14895 29707 5527 18430 825 6356 7135 24964 1783 10555 11904 9559 31707 27645 22762
7119 21714 2201 31038 9900 27472 25791 11703 15037 4953 13725 31097 2935 1049 4134 11422 4831 16963
1132 23472 9143 30566 4280 29151 28685 25290 30558 10998 12688 20207 17424 144 24328 14673 3184 22070
6849 5653 14329 28897 18130 24209 23269 1517 27146 21408 28800 27906 21086 8655 163 16747 8383 21285
31982 32443 10708 14718 24562 25728 22614 16009 23938 11600 31820 17725 11401 25874 13260 1967 14627 27273
22790 8016 18822 26675 8494 8574 25198 20560 22851 32263 30354 10281 27461 2568 11671 11903 6540 25896
19915 10650 6828 9050 5571 26615 817 26578 4285 16646 10188 23980 12926 8277 26083 14723 17993 26768
31756 12373 32078 14709 24848 4037 10249 25904 17230 25475 26416 8436 7591 21482 24505 15448 3516 10709
15900 27992 22353 9247 5341 31102 16621 2468 25201 19533 13813 9547 18975 17260 22928 5813 19580 16205
30573 9302 2764 16887 32012 31588 25107 10698 26851 2005 26786 21344 23196 21170 7155 11857 12370 4418
18645 4567 23872 20797 31566 23580 26094 28375 461 10520 11517 16165 20294 11429 32229 7372 18654 31665
120 16676 19083 20754 446 5882 28494 6345 15972 29300 26774 20410 6580 23101 28775 354 28376 19995
9068 29108 26201 13875 20029 15847 32089 26696 30995 83 10790 28209 16356 17376 18885 30818 16616 21123
17116 11145 11948 11034 2572 12733 20825 10860 29476 15948 872 13167 31701 28077 30009 25338 31694 12130
17460 6717 26035 9434 12588 27972 1459 8605 489 16311 26869 14525 22945 7678 23259 886 5511 7316
8918 3353 30628 19262 28718 4208 11713 1903 7749 29096 32497 14770 16113 8863 11418 19059 5433 23365
21244 23074 28197 21553 21656 2211 567 28100 7409 22371 19526 28916 18084 29577 468 21812 28873 29451
6271 14262 20297 20636 1107 28567 17136 13229 7234 27619 1080 20174 20207 17963 11721 25094 5402 14078
12782 11260 19853 22289 1853 22140 28076 23064 6397 10852 13331 11944 17951 5789 18309 12114 31695 22118
28676 20775 14223 17108 21633 31588 31723 7097 27129 29752 1261 21397 53 3869 18333 11001 5910 2101
2259 10024 27072 14569 5965 12148 23209 4581 29922 24291 11522 1590 31529 21521 14195 21476 18231 3314
31760 21786 30866 6529 20837 18410 4027 12735 2298 13740 30627 31527 16114 26852 1556 2359 16139 7063
130 25864 10924 19365 28318 10404 19573 24490 18755 30980 17594 2378 20519 27630 31662 4407 4879 9349
1100 30698 31142 13128 23817 6068 22466 1471 14641 13443 22367 28813 16421 9255 18284 8589 27973 31874
6280 1215 32130 29342 5597 26777 5630 22296 9434 28058 4072 23498 6166 3351 5584 3777 25067 17189
32253 13918 12747 10273 3574 31445 18685 1275 5028 2235 4823 12107 32637 6413 19459 14339 27594 2626
17634 14867 15677 30422 2941 21452 18772 29923 2219 6030 11525 27412 23546 19 16741 9923 945 13209
22853 8039 6976 8807 13354 4969 15785 19609 21107 27093 22115 15185 5832 1443 28176 30949 24749 30237
16008 5207 3223 12454 6526 31819 1284 16240 28430 15616 20705 4588 32558 28038 19265 23000 668 22674
28744 8782 22210 11225 27447 2950 30971 15242 21027 22491 23901 9298 14918 13967 27710 22811 4655 30506
13172 26537 27860 4739 5778 167 10761 13561 2611 3917 10249 13738 10090 27473 27281 10101 8413 29531
25314 28315 26929 6515 17780 2048 4756 12222 6200 28085 14087 32741 26320 17541 29562 31202 18348 16082
16840 1536 7794 24830 16017 17972 18349 4740 9675 21151 6560 10500 4858 15734 26277 22460 20570 27122
27732 12587 16775 629 23695 9529 13627 6812 27401 10434 10837 18292 3215 29431 21543 15304 21446 31512
27150 13211 5699 9218 3654 14912 18452 16646 22475 6272 14194 24456 19398 30154 5740 639 21019 30691
32108 14993 28962 28437 21336 18446 23771 22690 18071 12691 9461 17649 17264 31830 3751 27868 5102 29103
25907 513 5248 7573 20014 1769 10861 29327 27851 14824 26411 16121 24600 24388 1251 24446 26915 30495
10361 23156 17384 10704 5344 20783 32659 30784 15155 29157 25091 31552 21682 22329 8926 15810 29053 215
2336 32485 10445 20841 14542 26391 22097 15822 15196 31763 4352 6523 3976 24715 18166 11285 19541 11070
10883 31844 9036 24727 23702 31948 20010 23601 184 1053 13218 13663 9631 16582 20296 27380 12166 4282
10528 25146 12122 27157 26567 1416 21495 16945 19134 3400 24429 7417 5894 16735 20095 12771 17286 15564
7478 21023 28891 261 21524 31746 30681 25777 19338 18347 7082 10572 20393 6406 11028 17458 4595 17094
7466 9985 5067 1834 29968 4913 30317 8518 30892 17541 23589 17453 1939 32690 18091 15108 7158 20245
7912 5761 17369 31625 20931 4987 7406 3156 11894 9957 8201 22984 29099 23326 18288 32748 10898 27147
23752 15339 25745 16654 31316 260 16978 23009 2756 20509 30345 5257 21822 8097 17715 32560 24561 24009
31469 13904 13846 23119 1252 19203 23893 9153 5644 23071 1619 9095 1650 16491 17503 1427 22123 6260
22700 14126 1090 28045 23678 2287 7766 20435 22187 16414 16177 13716 2187 9023 23968 22072 32236 19900
8197 27124 11345 22299 6861 31459 11701 6459 10623 13262 25108 8670 19612 22399 1195 7012 14575 19916
12 14590 990 29154 3580 29153 6334 3427 28144 6081 25722 11628 16179 5330 24848 15423 19026 23710
28517 3214 17777 23638 10682 16870 24647 30365 7102 16987 8975 22012 2975 7503 27861 8987 16511 5092
7453 27186 29234 11818 13449 15152 19977 2532 30972 20985 15634 20102 26804 20771 22403 29237 2402 23606
12630 15422 23885 7608 27736 12554 3253 837 15165 21136 3628 15923 16891 25315 22992 21122 32641 4988
29842 16750 11498 19922 24008 7045 15647 361 11466 1399 27312 8920 26966 31798 32366 18560 27520 25851
15132 4012 20100 13219 6899 14379 17245 13568 18903 8199 19977 18438 2265 3312 14967 4662 26548 28477
21697 31702 32328 2412 12263 32369 5271 10666 2359 5025 25340 24602 4407 20035 22674 24161 10576 27490
4575 27846 24534 26218 28072 8278 14216 23592 27211 15920 1689 18813 14582 30780 30857 28963 12715 28464
32633 29952 5309 9676 16586 28123 17728 20674 18633 3933 26967 12603 4571 8957 6926 25334 10951 25942
5887 19700 2084 5189 5084 7868 19778 14069 12118 1776 6174 28135 7280 3940 7362 22004 32442 19001
7149 18999 7987 15386 150 4684 26104 12368 12579 18069 17822 24898 24504 30846 915 8959 26055 27058
2477 31290 30405 24234 11624 19817 13885 22658 6036 6794 32042 16913 14912 24080 23179 23559 32508 6045
6894 29892 6934 6073 25557 13999 13476 599 11756 6874 17629 13170 10817 18888 25581 28727 24452 30795
27073 4561 2511 2871 4159 5429 2565 3652 707 15470 28757 19132 1709 11531 28199 2187 10571 14221
15088 18311 7993 13509 14514 31527 16516 9094 25447 5597 20117 29788 22477 28618 28408 11815 32155 21583
1930 22524 8343 17253 26623 21620 1341 12680 27740 6605 17565 21403 1333 29668 31541 16777 20599 15137
5998 31812 12323 11329 21261 9022 2512 20021 9217 25838 7074 4244 12422 30285 4732 3979 4689 7738
19818 10544 29988 8156 31264 20385 23725 4028 30544 17654 7556 24829 10089 11268 21876 13588 8524 6847
28427 15199 27060 6493 31869 11141 8807 15142 30056 10065 23105 15475 9332 4011 27305 20921 20417 6423
3617 5121 26796 10968 7258 13976 20144 22082 5958 29201 29219 28778 30104 20502 24922 7035 22094 17761
3467 19331 2516 17395 21267 4583 7152 13112 4215 15514 19290 31006 22806 5240 6757 162 3811 18104
25806 26903 28563 17836 9986 19403 24780 11533 25244 16739 1946 29948 19393 5609 30602 180 11388 21795
1124 21581 10383 7310 929 32203 20242 24215 2263 32100 9480 762 27062 14628 5452 4223 5382 18331
29130 19409 2236 7666 29170 30649 29659 27955 23071 8847 20187 15090 14588 11458 30770 204 25937 29938
7999 24588 10609 21785 2796 13111 18476 23744 1939 3090 18040 29909 2019 26739 9916 22732 17760 10718
298 4160 27579 7539 9611 22247 7107 7681 12786 7396 20819 7657 19253 3355 30904 9295 25080 17357
16164 2369 12765 9078 27295 32080 25810 29274 17660 10334 2266 11579 26115 27563 16876 15346 26952 4897
26119 29297 23207 470 28140 3003 26270 9698 26443 2453 6491 16225 21589 9673 14702 18148 9270 16591
2415 32432 12562 30958 32048 31703 28487 22477 11788 12855 14805 16376 6709 20365 26557 2287 31709 29248
6019 29492 17131 1790 23249 25309 32395 23069 12315 2598 16774 10089 30038 29250 20007 13839 16314 3288
5458 19264 17698 15113 21690 87 16989 30053 24687 18448 2744 454 25532 12041 11604 24973 9499 9146
23241 26038 6551 20829 30936 5124 21330 23100 3908 18826 5953 32064 31070 17957 9790 29413 2422 3460
1406 3296 2355 18800 20946 26112 17188 6342 27314 11280 515 30923 32766 21082 12356 12934 20457 13809
1594 31324 7838 670 28713 11295 14083 25128 6817 20709 31946 17158 20322 23028 24479 17074 4073 15615
14363 1716 6418 23906 23765 4420 15370 28428 31330 23853 14444 15901 31411 19640 960 2161 1886 14334
10779 21412 29635 9863 13335 27944 6608 28 15875 32465 30322 16545 11301 25923 4394 31625 10383 13122
31415 14944 22034 3686 28471 663 25672 20727 26482 3706 28930 7479 9549 1438 25386 19906 2023 16469
10856 28439 12825 25203 4209 11971 20836 22911 1898 27474 3811 2513 8646 20985 30890 14152 7867 13548
27970 29935 14581 1959 22374 10270 8625 11227 17500 27367 21880 31733 8632 22867 13833 16064 11928 5722
5545 28752 27584 5162 8027 3148 5925 27366 18599 17684 32504 19407 14476 21699 14174 23176 20370 21194
32752 31361 15694 15224 25673 23342 20234 5099 25496 20311 25517 22592 11286 15431 12524 7723 13532 11129
17806 6459 17351 19497 30078 27713 10764 28620 6700 29678 17518 19903 21820 30469 2680 6780 16254 26377
14577 15805 12819 7976 25567 13390 5103 19380 31580 26724 22826 26334 4104 3648 8096 30529 25208 20207
5176 31493 2594 20250 3634 11428 16189 23792 2790 3284 5180 20694 30667 23995 10809 28165 29852 31574
11496 19957 31577 15655 8558 9011 6567 19705 21693 24413 10022 8043 30018 2181 9483 30979 9125 18847
13086 11486 1708 2666 17884 229 11937 6764 2534 25265 21501 15177 8367 23046 15618 5687 8837 25781
22258 26868 4444 10024 20014 30122 10665 7912 12779 609 15358 16841 28401 29461 31636 14028 11658 19597
28429 5073 24311 10264 27983 19687 1547 26853 21641 16594 1670 15082 26117 3709 2266 10764 29524 8175
15308 23549 18654 5813 575 14739 304 1274 22606 4976 11861 8303 31404 3496 949 23065 7839 24256
28078 1931 17452 11828 16930 2390 28622 7653 30334 6790 22515 19152 1749 13821 20682 20771 31305 15351
1067 8129 12471 17960 16403 9854 26048 21487 26878 11292 5314 15472 23281 22316 10889 4529 17988 13972
12190 24856 21312 21753 22670 32005 6445 9095 9944 15302 13509 18441 1925 22466 2425 6699 6828 23797
31408 23574 4235 20331 10051 31288 18288 30568 30017 24121 6018 32352 30774 8527 30481 18886 32543 10748
25784 15862 21827 157 17011 22527 715 26477 3622 18227 6155 532 8998 29913 20581 6148 28990 9441
6234 15963 21704 7044 17128 29877 31810 29913 31185 461 1686 6371 13758 6869 18333 31114 18716 8798
23755 1340 19031 2628 32710 31589 27056 9454 16962 3480 32148 29249 7810 31364 21300 13014 2536 3453
3383 20358 29750 12299 7930 24405 24639 30748 11662 22872 479 24509 25993 15661 3302 4620 3778 16198
8721 31075 27695 17413 1040 31409 12957 13950 736 2653 8823 1547 18402 1490 4496 22391 28440 32546
28527 13639 6713 25856 4320 19282 26631 13494 20328 31066 32251 8454 18278 18782 3710 23116 16785 5297
2211 25537 5059 25766 23803 8825 1310 23109 967 4387 337 10604 12424 17697 10001 29454 24189 12585
32245 2725 8889 20636 24474 29520 28419 10458 24475 8043 12996 19249 16263 16468 1058 17510 14702 12435
16221 9489 11774 17906 18107 4117 451 5696 20479 31044 13772 31702 27452 534 1861 25893 11894 8032
8917 15166 13094 29699 13989 27701 20584 3395 28656 25638 16030 27684 12277 549 4276 2080 999 21336
11736 14127 11334 8898 14635 9854 16218 10017 4734 20872 13086 23723 23541 8520 23066 21923 12667 8485
8171 3744 31994 30078 4260 4540 5178 32417 30637 29979 2945 21970 8624 202 27170 3834 3631 1993
11167 27646 7091 16444 14948 27913 31697 9992 20417 27203 31271 15042 25872 8919 25288 6524 8747 27907
4993 20015 29940 29567 1246 22873 15982 11316 22075 16572 16595 29757 10444 12849 15087 31961 22154 1646
23819 30240 20405 11811 624 8831 11237 22273 23823 16320 14994 21408 32129 28918 7774 4859 25849 5692
16382 12994 3071 15706 9303 31066 2785 5981 29068 17098 20151 8219 12241 11547 2158 25197 4379 4037
16537 1562 19481 2729 15481 4688 22183 14311 8355 4692 2839 19816 31830 1676 1378 14623 10984 20327
17115 1310 13687 32023 20921 3704 8839 12519 7014 23457 24271 31657 5747 7642 10962 25881 27558 10787
14978 2382 23099 30005 28946 30298 26476 24273 26416 14330 9541 22602 9644 15468 7340 12888 16800 32238
9902 7702 17918 7756 16653 11595 5668 24362 10749 24094 13766 9135 20321 32172 8730 26420 23759 28239
10361 21997 30034 7318 26001 29211 25626 12337 23272 29310 20622 17247 17545 18056 16823 11874 7360 27520
31903 12674 30872 32453 2605 2693 10742 14789 28714 16843 21126 17061 27069 14871 21602 32349 10903 20488
19358 20620 31268 5247 32034 29622 12660 28304 26418 22376 26694 12374 24130 12138 24064 27541 25661 8182
26943 4304 9214 13204 31441 9903 16073 1574 46 9062 22137 20638 12552 13945 356 17117 5070 3393
4893 22084 17937 24124 26309 1346 21400 18620 5713 5442 10504 21190 19247 23646 28056 4838 5249 12618
20530 20651 28155 28797 5052 10508 25677 16859 26256 346 773 3250 20847 22051 30546 17408 18775 12463
5213 30878 12563 20563 9288 23588 21893 21137 13184 8579 12680 26253 16409 26319 1310 22585 31533 5122
2951 32230 1895 23318 23804 22008 24716 17816 18263 24345 22629 31570 10796 30817 21745 11793 8708 21539
15336 22290 3923 19021 14149 12565 17264 5561 16195 7273 25204 18848 5496 22404 17156 2252 7542 14734
23084 19853 15908 22836 32220 19425 14552 20007 2885 15241 8646 30275 15341 5344 25792 27953 13906 3360
1185 8346 9645 24114 32428 11783 25864 9523 10 30089 2437 25748 22519 3617 22492 30095 21454 1806
29020 29804 28514 8866 17291 29849 1987 30139 2031 1906 31334 6555 24139 25248 23976 22977 20101 12747
16112 3022 15796 24397 4577 31896 8802 24608 15518 7697 1048 20307 28067 25309 4641 25742 9868 29389
24013 4578 10302 9497 889 21662 11383 27490 20256 1531 6252 6642 10336 13917 5270 14825 20817 24651
13858 20316 17647 32312 9471 17020 16523 20525 27602 21517 17569 23587 23778 19654 6398 30131 14359 20727
8156 22871 32380 1439 1191 9896 7946 29440 4499 17875 26711 20567 14518 1152 27612 9323 7300 30139
16027 26707 8979 24951 17003 5708 24852 20187 25869 21166 26577 30314 127 6619 17013 9825 18473 8047
11947 26612 28570 19050 23648 28148 30355 31543 16573 7241 17978 1638 18562 12675 2857 4311 30103 24715
31096 14647 13287 25808 26030 14998 28978 24141 24198 29818 17575 164 13552 996 12579 24857 7223 22974
20285 28818 20515 31394 27202 27637 27704 21444 23606 20583 24615 20752 13806 7859 11548 8283 32114 31138
22847 20119 4095 27607 17238 10583 29637 24804 17547 4626 9175 7576 19191 11919 9336 17298 22904 8891
27140 11230 6422 16186 24318 9534 26418 20994 5601 24920 3442 863 29173 7484 3700 27840 21256 20804
13302 21778 4360 29706 19070 15644 21129 7360 13792 10904 2681 4289 19236 23446 10497 2147 7095 20331
19498 14062 7660 20706 31585 25042 24207 28103 14824 4992 10188 1863 32028 13560 18807 26687 20971 6880
28265 3101 15660 20958 11046 854 9060 13829 12759 8515 17382 8673 22376 24267 4911 16434 22009 7870
44 19823 30848 16179 29070 21576 7152 9254 1321 12625 12545 10107 24528 27212 11232 6688 6045 9295
3281 16999 1487 17720 28186 981 3000 3237 17165 7173 5944 12283 13507 8367 29223 17796 18286 11073
10550 2891 13691 23941 5625 21649 11174 11082 22512 11043 21117 5692 18855 28517 20738 17758 15330 1052
13444 10109 1322 20743 27125 2477 12213 10515 13331 20423 21292 24455 19310 14731 25945 6274 4862 24931
3666 8494 3707 24695 19381 23091 1502 17290 28432 634 459 15829 17445 27803 3516 17457 26934 27497
27403 32347 10257 597 8555 14631 22793 9370 6271 17827 7739 4031 9986 29170 290 3429 17054 1894
16484 10338 15762 31038 22489 8451 15698 12653 4276 11393 22098 9766 9370 19470 31111 9401 16252 18076
7778 32219 28064 4672 22241 32535 16433 14545 14404 25924 13641 927 17709 13498 12141 31353 17723 8775
1979 554 13707 31157 2085 9655 16086 11608 22588 22380 23652 31558 10597 13499 8349 21253 11968 6597
17050 27017 11159 3985 24892 9588 9618 25124 10034 20769 1550 26983 15453 15833 13976 20831 12454 17472
1189 28165 19438 19954 22744 26050 28363 21658 3367 16282 29083 449 28230 8300 11194 23711 13511 17374
4240 12434 216 31582 3517 6433 9653 16866 5799 24322 20545 11780 2260 4782 21670 20296 22046 4113
12150 17267 8152 22366 1550 3576 12036 26394 12810 32720 30305 986 9246 14737 2252 6326 10738 5530
12804 7504 25529 1251 7076 11472 29844 11087 11265 15011 14946 18264 2578 4048 6352 12488 29327 32298
9087 31419 19064 29743 13293 1274 6809 24286 13804 2166 24728 1023 14261 27452 24839 16965 2411 26395
26347 25203 30576 20655 7262 26025 27725 2061 26713 32043 1457 25146 32290 6016 26827 5320 2457 11804
25008 29037 9358 16707 6780 31864 634 11398 29948 10881 31723 16554 21536 20879 26655 20209 24743 6531
28656 4421 5302 30537 17799 7281 6919 -2 28057 17932 19771 7900 1485 11766 23881 31349 13400 21149
30277 5479 11555 24661 24733 30173 30648 9478 29993 24847 25295 21864 27651 29979 20708 3900 20966 11990
19007 17757 12712 9855 14 106 15422 4068 11468 8386 31857 18800 32262 3714 24974 1797 29467 404
11634 25495 23967 20481 4605 26199 28311 27878 2422 18117 32075 1284 13905 31885 29466 25689 22125 26132
2198 4376 5419 4771 16437 18366 18716 31660 18856 17558 26797 14665 15091 1608 16980 32281 19102 30229
17363 26190 30471 8333 23740 26090 18236 27709 18496 25164 4255 31068 18985 17172 28256 5827 11084 1542
21914 30691 261 8839 29549 6236 3060 18434 16204 30895 14888 17325 28634 8192 6166 6604 15296 3959
15819 7634 5328 4739 517 5604 18290 6285 425 13773 11351 1025 17925 31972 22163 6736 5660 17238
27465 378 16337 759 3776 30388 25500 9898 4729 10816 4122 28077 20573 27827 14434 11747 24595 6502
21009 318 4140 27132 9700 10921 20926 8041 8348 15873 181 11307 11830 22399 13695 19335 27785 28181
3044 12938 16820 3437 2909 17786 8493 719 7286 32617 3178 18786 14120 30344 6789 16941 14173 10680
5008 495 409 916 27272 17485 26000 15994 8991 19522 27139 5669 28282 16690 27971 29238 2868 21073
18406 30249 13493 11765 23435 8844 11690 6087 15404 29571 12794 10850 23981 10209 23444 4097 29440 7949
18179 16001 27349 30300 697 786 13573 21722 5631 26637 15773 4070 10994 17321 18682 5401 10250 30726
7506 17777 17417 13398 9526 11731 25252 16365 30620 18587 17105 7465 28947 13445 19822 3997 18961 3304
3802 20777
