12588 30966 7871 29689 17791 20588 26500 31093 30646 19187 21300 18339 7629 11584 22271 10168 11880 2790
30836 25940 28776 650 19122 6703 1088 2096 27421 3655 9206 22984 31599 26618 13633 31323 21249 10392
2531 20155 25878 12522 27184 14609 5883 19073 17927 20123 635 28843 10204 823 24724 22048 17948 26588
6278 25248 20161 22178 12076 9432 18745 10650 4638 29953 10884 22406 31687 17100 30581 4876 27434 19609
4464 18432 27724 14923 2356 4880 11402 22609 5108 3971 5965 28535 32428 6058 30534 29804 15366 21149
22348 3020 26539 11646 8236 7760 23793 6632 11848 31074 15039 12115 23402 14274 29298 2599 14673 28331
15561 1431 30668 23256 4257 11108 13287 2559 30899 30186 10888 15563 25352 16529 3004 31922 18114 623
27243 8734 15464 12043 969 18175 25618 22927 23455 25007 13879 30206 26683 907 6718 21816 19228 30841
24557 13869 20904 17022 30359 2705 14861 11525 32452 18676 30892 30040 4598 26989 31079 17049 23815 26711
6526 27257 26647 27552 21876 15742 10666 26134 26431 22646 16142 21726 20756 13696 26570 29534 4014 31118
7894 419 29079 14908 28199 30799 20072 14195 22722 18286 6668 17966 30374 31569 4264 26225 7972 25513
30381 17012 15816 6341 10420 4398 11439 31595 30841 6657 12842 2676 4417 21521 31698 11014 24805 23958
13374 16132 16662 18619 3725 9573 23785 30415 25931 353 3708 415 17866 25466 12521 27565 1907 12443
8880 5478 18576 25602 29704 12897 27914 1774 32154 15007 31778 31441 23453 5266 30687 29075 2295 29410
2802 12362 5830 8931 10479 30747 15390 18103 31847 12580 14835 14473 16334 13313 20349 4335 23624 19840
14953 3771 27244 22590 32737 23035 29229 2262 31105 24617 1054 18550 25149 17321 2379 14617 24663 7304
25983 16607 18142 1153 18297 13965 2961 11303 17337 3451 11588 29546 5409 6885 1622 17220 8241 20942
18263 8928 5240 4389 5683 17812 18408 24608 3347 3268 10517 13520 5718 14850 25342 8478 24550 19896
3971 439 25434 19902 5159 2939 15941 28819 1201 21284 22168 26678 10335 11047 1859 18953 32095 29606
20866 20011 22081 14609 19920 25568 28104 15468 22909 21899 3419 17005 15477 30972 8443 17559 17196 10398
22047 24699 2257 39 8302 8512 28115 6614 16631 32713 30412 18457 11117 13418 3876 1816 26123 14266
27796 8916 16102 3265 3720 19788 29848 12854 5582 8462 11346 21806 28824 19434 21130 8939 5869 24027
16843 21549 21204 30807 19425 20225 20780 23011 304 31573 30418 402 21070 9373 13742 26428 26599 1774
24096 918 19622 25054 10499 9410 17915 11621 30065 19159 30314 19796 30447 2403 9795 24276 20540 10226
20239 31873 21911 5 17656 5214 29766 21206 6660 11287 31027 4823 6184 12243 13578 24200 28033 9984
14198 9887 26240 27460 8029 15536 21169 15889 15118 18041 28477 22591 29905 20694 29849 20384 18271 32603
8536 28540 14122 5131 24593 24257 2938 19290 25412 12413 17401 18539 21284 15100 1615 3449 27224 20658
44 15518 7252 14278 31118 7384 8780 31588 4934 8005 2653 29663 28053 24697 9406 8384 13106 25212
27523 12552 17597 31367 16559 21977 32681 12142 7554 15186 24249 1027 4579 17330 28025 27095 11343 24762
19597 22585 10451 10024 16982 17258 589 30890 4994 28710 16791 24584 8247 24406 10078 31583 267 19985
3003 4304 8394 1489 4245 10619 3584 30979 436 20032 267 26537 32686 17292 21073 2144 20574 24219
23736 29064 29294 20865 2157 16147 20079 2387 31183 12253 8820 31289 8392 14258 1036 30325 9236 16840
5196 27366 25928 7978 16950 7759 6304 23857 14142 20126 11537 228 19026 18591 294 25061 5306 21995
8063 8721 1458 7319 32713 32051 4050 20011 2078 27926 19717 16297 19026 23941 13482 18707 14831 27927
16360 1491 21992 30126 6179 21616 776 22933 11318 12366 4695 20636 18219 16693 12253 12724 1501 15818
13776 29865 18033 31617 7996 26621 28199 18815 6182 22331 8612 29065 25856 7584 19246 31419 7840 24671
2868 2932 32352 28195 28540 1151 14078 32255 2994 13062 5363 19154 20852 13560 25491 18283 16716 27347
21088 26151 21220 5323 22104 12612 12085 30108 17360 12151 6288 5898 7278 20608 7557 3627 19816 24144
29061 22583 23004 11807 2120 11983 11733 3602 20166 28159 5351 10926 8003 26762 4545 26943 19142 18091
4493 29108 21834 19162 14209 25934 16524 6345 15643 32072 32754 23299 8765 3532 29679 25199 10660 10595
1761 7151 23986 24606 18563 30938 6504 22455 9052 9511 20906 14086 2325 10231 6799 8911 12264 19131
9569 17879 16270 25051 12912 8656 1926 21627 13098 9295 7191 32282 6406 15334 30077 17896 3026 27096
27894 2462 1250 2992 13479 13599 2609 22832 9592 9662 1548 21201 32513 12977 30367 7135 30229 30778
29182 32120 11571 16671 14953 3472 29591 10803 24268 13807 26138 23627 9077 6105 20140 30742 12023 2009
24074 4323 14241 7546 7003 20717 11455 5091 9866 9282 6252 30233 10389 1504 13707 21362 3572 19261
30236 31056 26559 2478 30124 27547 3737 29281 5056 6879 25618 16475 13176 4438 20070 5372 23092 5528
18988 24188 11110 31816 11910 9413 31745 10003 32650 22719 31447 27356 27328 359 10391 23341 18969 25483
7226 13667 18700 32712 20463 26529 1957 607 29202 29056 22734 473 30249 5951 30062 10083 25264 9794
17113 7647 5803 17852 1892 25306 937 3853 10382 22032 6149 27403 20519 8896 21861 28448 4923 24544
20303 14041 30699 538 3698 30081 29755 31725 5029 15391 17558 10398 30545 12297 13208 23788 24959 11444
12460 14875 21918 3875 20560 8098 3730 9341 4929 22083 26550 31061 3948 21051 3337 1349 22352 10102
28775 28285 15257 2976 16099 25108 17171 807 21006 15286 29860 4970 22994 31419 20416 6285 14949 15987
3850 6318 23187 18245 4342 12548 24071 14362 859 31294 2117 5003 11326 32375 17304 12765 28126 7581
2080 10926 24680 31708 8087 28576 7674 22225 213 4732 7477 23601 16358 29713 13737 24471 20012 22304
10959 2557 1781 5048 22801 24425 17493 26234 24900 14104 30639 6304 28175 554 910 31669 28684 31723
20646 30197 27537 8332 23488 6850 13673 1757 14250 2894 14632 30449 16274 7116 9764 23608 30037 30796
7828 27942 18526 18109 17618 9562 16529 22 17184 28123 18803 32478 10613 4102 6647 31982 15716 20014
29621 32305 6374 16023 14195 25458 12927 17676 2306 8425 11386 18079 32709 22062 1466 29432 8100 16653
2390 16650 5580 18830 6164 31005 30218 8681 10259 26990 29759 14008 5999 8483 22037 27544 11293 19810
6420 24440 24235 5267 2228 13888 19272 3111 16651 8585 25761 9322 22877 9758 17749 9809 13092 23077
15285 8296 10614 5765 27507 23786 7217 22947 8608 16086 5116 21894 14207 8474 31270 26322 7846 5068
8431 28551 29713 5071 6108 21129 13610 6350 2230 2745 29505 5392 6237 6929 8497 17456 2039 21107
22263 25470 4737 8138 10231 12498 17057 29410 26518 19412 15466 25769 30558 21834 14277 9351 31790 26771
9961 25975 5448 19376 17655 18309 29085 28999 2339 31125 24420 10484 14795 3923 12830 6690 7166 18309
6768 25711 31560 15961 19658 889 1444 18478 4549 20343 14234 28888 7481 14685 21762 23158 18188 7303
10583 31034 717 17122 3384 26351 12623 30517 27430 19203 10336 16844 16706 4844 3313 11108 23344 30340
23451 8719 16241 1181 15089 23767 3723 13381 29847 22833 19636 13781 12375 20170 21765 153 19806 13792
28733 22589 30181 15190 19507 18212 18746 16248 20242 18518 14220 15076 871 7728 27766 9586 6053 4400
25533 15325 11983 4731 972 16125 31960 32713 23341 2552 27440 600 23469 6713 16907 18136 12326 26075
4425 2410 2075 7204 22086 12764 30235 11414 6490 31781 15335 12227 32750 26887 8492 3840 3763 29501
12357 1472 6175 17527 30076 22909 4909 26408 7249 25578 22076 12252 1792 19259 29315 23444 15495 1221
11106 7637 18607 32212 17950 6925 27227 1753 11777 2941 11314 23748 10338 580 17294 27762 5443 5164
20820 11487 30753 23493 25003 10990 17547 5273 17783 9205 11308 19295 8697 19026 26425 24150 21305 4132
14074 18847 31814 5303 7064 31684 25033 3976 31239 12096 27387 22032 12022 799 25738 22405 18745 20709
25155 11047 26846 31278 23159 3190 32366 10876 22475 25007 26235 18867 23975 10501 7462 6785 23067 26456
1640 16650 17133 30165 1524 11749 14357 18816 25590 10616 18734 4342 14779 31584 14474 17575 25259 27109
22766 1334 11661 3749 24977 25588 18915 14868 21507 29149 11750 25737 20583 12454 28727 26249 29834 16934
21079 30204 8290 29128 30464 9080 15667 29852 227 21416 25335 31574 5587 28914 30695 29359 431 20877
9927 3592 30251 3521 17960 30777 8781 17002 3981 18101 7850 31606 16301 2797 26971 17209 32083 7652
28336 4449 8833 505 23019 5812 17404 30510 10759 8333 4723 7518 18208 4344 29391 16598 5132 9968
26669 11655 14254 4807 11283 9056 7039 4873 4408 19108 22858 5441 3169 16568 5602 5971 32565 7299
1021 17695 8718 1067 2808 3562 10074 12723 19979 11921 29995 381 4146 27591 4606 26399 12113 30829
7785 25772 13426 17529 31285 24506 13378 12259 28396 29019 31546 23964 32037 2993 16978 9131 10172 4681
26712 21060 22942 16432 27326 20516 16728 30928 7017 18063 16277 24241 20030 23055 17162 19598 31548 11019
12170 3252 4251 6860 10896 27304 29040 4207 27223 31490 23607 15122 25461 13683 13804 2771 28743 15691
30048 24392 20176 29654 10847 9591 4320 12702 24011 25187 23155 16644 17805 26088 2623 30727 2179 8617
10412 2986 3911 24571 14531 31199 7373 22521 18339 9641 11118 22749 22078 356 18968 2512 30965 25494
30142 31422 18910 24923 11066 39 2327 19456 11557 6240 1861 11297 14888 21566 14018 22352 12134 137
32342 31691 21346 2878 10955 16099 17541 24960 6796 18728 18739 16757 32601 23781 31306 15497 21117 21340
1964 26116 22366 7038 4029 27018 18326 6012 18373 1602 1609 29831 28826 10811 29977 22590 21255 10606
18281 285 16647 19972 28704 13520 22237 15325 1385 6347 30908 25894 14039 20753 18541 2745 12760 363
3846 1197 4136 3246 22430 20346 11444 11878 13696 6482 31478 19115 29467 19288 15333 4172 9358 19350
11761 18694 23396 29382 4762 29784 30177 29391 9934 2057 18068 10496 26872 29647 4271 6396 18925 16915
5085 2961 9103 29642 9459 3591 4596 29326 3773 19890 2752 13410 14040 2942 20209 28199 17130 9206
4722 28761 14926 26538 30275 2491 24442 16276 12600 3225 16016 22970 489 21027 10947 23106 18482 22448
10650 19613 24551 21348 1337 20791 6767 22882 935 17112 29216 28855 32189 20748 21580 12766 21188 18942
7507 19337 29798 4403 8958 2497 1611 32281 26902 15165 20094 8003 23610 4382 29215 7490 12029 21646
14789 14996 13685 3880 23220 11008 23153 292 32758 16341 3009 479 4114 9213 14309 9981 27234 9344
15077 19781 6542 16725 21592 24589 13648 575 1280 31482 28999 19497 27923 16820 4996 12926 2629 2521
20405 285 28399 13294 16867 31233 20535 19810 1740 991 1513 22923 10939 17473 22828 23819 28192 25243
15541 1786 6504 28420 19456 5192 24006 10637 11292 18952 32203 9661 11080 8526 14919 1640 14945 392
16320 19784 7446 9529 4025 31694 27493 1197 8880 32568 17028 25391 15799 9522 16169 23149 14601 5441
7862 32759 12895 2475 8722 315 26558 17681 3851 20871 13914 15 27664 18035 31164 19308 20997 15990
18346 8750 28761 11724 17270 10239 8000 11650 1541 20554 7335 26854 22111 26803 20128 1286 11719 17590
10472 24240 17551 1296 4077 14972 9047 14173 22186 17181 29701 18959 12883 29198 3897 4347 16548 15990
562 21878 31733 11793 2262 12047 14887 9434 14255 8450 4400 3687 21156 14057 16034 15848 2962 7816
27778 8222 9538 31091 29003 7171 14043 25343 25993 15612 2839 26271 11338 1031 22571 25127 18694 31435
19400 4301 8335 25796 10019 14845 32745 11016 26571 16512 1337 24133 14306 3640 18228 27259 9139 6050
22233 22936 20095 29681 30487 16430 9234 17717 10055 12316 17056 27881 23283 19891 6301 18610 32003 25376
29444 29499 6206 3604 30674 17833 17053 25436 18622 5310 9855 9580 19036 26383 18001 26721 19232 7833
22159 16549 1765 21249 18833 22550 17101 22645 27184 1204 32017 11769 8275 15973 28026 20631 15250 3657
20868 11943 24779 21653 16769 14063 29917 262 2311 16636 8887 6322 16638 18578 22338 10072 9272 14904
20260 30065 24011 19329 4918 8666 19173 7131 32648 30983 27838 6600 12164 9898 1953 26530 28073 7530
10527 15746 180 20770 4963 672 29430 7998 18495 7108 12474 315 12484 10515 6116 26011 7412 12465
22158 19201 6067 29069 13207 31112 19223 23146 7525 30278 28888 24802 6995 3409 2826 13572 31886 3539
24868 3374 25103 5202 32043 1486 32370 32582 9547 20925 10207 27164 3434 14028 6300 18994 15691 4683
31092 2637 26283 25158 4813 16385 10213 3738 16291 22473 30305 28255 32462 21260 11769 17892 16111 29803
32762 14440 16343 30323 16009 27271 9983 10344 16500 20614 8652 3436 22881 25923 12827 22998 8638 17682
290 27355 2928 26876 21664 5188 32360 32317 538 24765 31160 5620 31900 8204 29922 10580 22638 24498
32025 11673 24910 10744 19261 13474 7870 9884 19881 21953 25210 31401 25222 23181 15831 461 15942 27718
30766 15935 14918 15690 25799 6875 2048 27296 12807 23462 1039 4675 4012 22543 9681 22826 18091 23599
18180 24013 8113 19378 16352 21218 13222 25389 4915 15965 629 13265 9989 6328 27747 13601 17718 18492
26956 2425 24728 13582 6683 20405 22988 28909 4363 8299 16730 12159 27429 4260 20732 2753 6490 22200
6582 20467 29312 28113 8713 20549 27747 21454 28817 29297 5925 15488 16015 32732 13865 22625 20264 27279
5089 2209 9801 1805 27632 7633 7299 30393 1705 31930 2671 15934 25614 17808 2281 17446 4086 22838
308 13316 32046 22732 2421 446 617 31670 18787 2267 21968 22454 25460 1088 8796 30475 7605 23125
5094 22830 18406 31025 30016 14849 6267 16101 15433 14931 32567 10923 8463 18338 9980 20806 6705 24005
9340 21218 23594 32338 3329 19448 14021 31569 28964 32618 27750 28471 30813 13445 24668 32637 6214 1276
14008 17874 9338 6027 17050 31448 12871 711 24271 16311 3467 21453 3331 8608 14433 30196 30324 13251
13447 30161 11118 23365 4102 23867 15623 10680 29272 9040 3300 25011 9818 27755 28465 446 23411 5852
31568 28971 7150 20388 9748 11220 13081 11095 777 1903 32730 32580 18199 28536 28498 30519 27214 13164
7103 8957 821 17152 19459 30828 14548 29903 20191 1449 26252 13103 28353 20363 20214 11069 31161 6287
30700 23161 6625 2942 3514 5658 31132 1800 26673 26876 28797 1257 3563 25575 13337 22994 20975 15251
18821 18844 26534 20929 12934 10996 2266 922 5008 6234 2582 23294 19839 26793 31044 32280 18464 27676
8861 30857 26721 10598 6055 15285 28482 6011 5281 28803 15564 3850 24618 30692 13069 28809 237 13697
13846 14980 26113 126 797 3062 23808 22130 23795 20288 29454 11560 18439 2249 6952 32210 21213 1706
14192 26418 9959 27596 24831 331 23920 21439 2252 16488 21735 2812 20485 269 560 5767 12782 6991
31401 2332 23650 6041 12748 24436 21088 25142 10190 24917 13489 6374 984 17151 19852 20151 22166 632
14705 25148 489 15686 19170 16778 32568 31378 1147 14689 924 9540 17597 10648 15196 12932 142 15444
6599 12417 10241 31651 31158 14716 4315 24756 2533 1711 1014 14857 16798 8262 18538 832 22994 25796
18785 3037 1597 25885 12724 1904 27412 20704 6706 25783 2670 28394 9728 1704 9873 23997 10502 15336
21495 6370 13591 4156 14308 32223 10398 21606 12063 19932 7270 30811 22757 26486 19262 5066 16958 13385
20279 14371 11595 1966 21118 27182 12580 26885 3379 23695 11753 1599 11883 18838 20663 19267 2746 1639
9334 22739 11635 11614 27218 22559 10234 31109 14053 26262 15208 12732 3922 5588 14448 15502 746 15319
12651 15223 31918 3964 23217 18434 18827 19781 13602 12040 3647 24675 24422 17985 10840 19381 10377 14417
17028 20376 16762 25291 28550 1881 10474 8770 19921 31608 11494 10642 26816 25484 7935 15887 15941 5405
5824 30461 22295 23066 24104 23226 11975 11237 25734 30387 26708 3792 21425 19679 2760 2323 9055 13284
17031 29441 18090 1492 25069 6882 20488 14378 8064 30992 10066 15194 19232 28824 11798 15195 30811 22492
28260 7983 22650 17818 12166 25279 16642 24134 3323 9815 6780 7491 27695 4355 13193 22205 27569 24787
13263 28121 10575 17762 11225 31379 31282 24802 31867 23723 28928 2853 4881 30162 20202 13015 13720 2356
14821 31057 23346 31339 22121 25679 19669 26839 7770 16909 2654 25538 4836 7106 12220 12793 9257 21016
22149 27224 27544 16416 12174 22526 5151 93 20707 26418 3221 12341 29799 5744 24866 19823 8591 10067
21991 2607 237 3233 8283 13047 21163 20291 23365 805 17898 26906 4132 854 11327 20106 29607 20094
17797 9569 12208 22780 8094 25399 22624 5566 18163 20712 26295 5639 17118 11611 21861 32638 6677 27956
15549 29635 23608 21140 1993 18274 27285 22762 8357 8710 32196 12650 11804 25988 9131 19304 16479 30440
12519 9488 1892 17879 25533 24680 28684 11801 12746 22690 17116 3983 32640 13160 8643 14425 15021 10951
32625 31998 5595 2838 27940 6959 24515 8484 23319 17072 13106 5361 9857 24624 31365 27648 4731 1808
1199 12469 1692 5263 9489 31078 12380 27151 7265 19437 25129 22719 17879 6456 19754 7277 17428 19810
28973 32708 11003 12300 24198 1887 24884 4258 9894 16056 13855 31535 5787 984 26682 29041 6129 27764
5981 25588 21430 8787 24561 26487 29745 20716 6476 25336 8186 546 30061 12673 3113 1199 31776 29749
16484 14610 7947 4400 26944 24713 24951 6632 21702 19102 20592 5735 30053 31928 18307 28763 1803 12246
15718 31437 12914 16595 5344 20848 19143 28318 11801 3376 395 769 13298 2042 11432 16714 25086 11609
31434 14205 15947 4949 12789 19945 920 22323 21646 12371 14377 31475 18506 28179 11266 15998 23387 27758
23627 12708 17558 1628 30291 31253 30932 30626 30497 2423 29495 28012 8997 16346 19369 22965 21045 14007
14112 25646 19445 12202 20187 5676 12297 25572 14661 7327 9981 12135 4441 15283 22340 21752 10320 20931
23121 22024 32119 901 11875 6887 2100 28433 24507 26462 12390 271 26378 22332 4416 18384 30644 24437
25029 24922 14810 3953 8221 24250 11655 3643 23278 15004 12659 4238 13575 15697 27236 17064 32490 27559
1641 25238 875 23443 6388 1698 24952 2949 2699 19506 4414 6010 22795 27229 28331 26817 9300 26063
26292 15372 17111 24486 8864 6433 23199 15771 19868 6534 15015 9653 20660 6410 28677 2737 8420 11398
21540 17518 31564 31504 3669 28849 11297 21856 17974 6143 15146 10075 559 21292 6932 8171 28199 27750
14019 11066 1664 14683 30980 6878 25409 10467 10818 6305 8155 16743 16540 16200 6761 2905 32369 30132
2096 9213 31451 26672 6503 29740 28830 15394 10794 18384 28457 23022 15027 16711 18940 26849 11451 25871
25182 22973 147 14837 9992 7017 3736 14593 26255 21864 30968 2637 20299 17754 20933 18782 14960 6722
12514 20106 7317 27154 14059 14310 14570 7536 14250 11995 29336 28159 2345 9705 22636 21170 12993 2701
18057 30275 30992 10158 15007 5177 298 13255 13904 22521 2271 18415 19406 6698 28368 15073 12406 6176
1852 7083 29265 509 30796 18929 11048 31399 6989 25893 20039 26132 7691 4224 27698 8762 24557 18337
2270 1366 18454 16029 24590 16284 3877 2834 13286 31303 14716 4312 451 20801 15829 28501 14686 780
5070 27460 21029 29375 10018 4062 23266 22663 27304 1397 24446 15417 2024 22287 16694 5669 26367 9611
23781 12830 2651 478 7090 12572 31504 27679 18930 17531 16747 13100 20478 3 9583 12163 10753 24125
13363 6002 14638 21087 17592 26395 19431 1367 31167 6218 30606 6192 31524 10057 8542 2461 25663 8067
20549 6431 8650 11422 9839 17578 15523 27470 7224 15468 19551 30559 22828 26916 3656 28948 18478 24628
23713 30530 16612 25195 532 20847 25617 16606 9648 18040 1507 17380 19054 23390 17030 28875 8155 30165
6343 18648 7765 8191 10227 24514 11223 26535 27176 25450 17674 5615 2765 29273 26223 15236 12779 23673
12735 19641 25233 10665 3039 18935 18152 805 11958 12423 1862 23187 27505 12199 1638 27645 6430 23932
8474 30059 27401 26874 19326 16626 11327 821 10257 23905 6765 32185 30323 8312 23905 22644 29450 20492
22258 15455 1279 3350 18128 7748 22447 23789 32493 1450 14535 27933 9153 13299 23000 27885 13629 10271
20329 6621 23469 14909 27374 22978 13538 19338 18958 32605 7610 18107 14700 5512 13318 27755 17557 19416
3180 10180 4261 25185 22619 26523 23900 12057 30972 14245 18419 6579 14753 5568 11434 10744 12012 16402
16966 980 30176 30373 19471 28205 20348 28121 32192 16257 21630 27868 28189 19806 15686 21584 13112 14690
31243 2392 1443 14570 6010 193 1402 13127 11126 26285 32144 20824 17858 7694 16687 23612 8644 5329
32757 1490 4968 10246 11268 30586 28016 5235 19970 17303 23312 12050 25651 5197 27173 25183 10005 13730
16898 11148 20579 21785 16859 4998 16535 5098 1008 24929 7821 18264 170 32708 19784 838 20026 21371
21513 19212 14373 32194 5328 1152 11150 18240 27834 2491 13047 11942 6948 29720 32581 22585 2720 32417
14377 22803 22593 6566 4387 6982 13680 3508 24293 21809 32636 18313 10396 21090 10741 11111 29143 1972
22264 2575 14443 12327 14760 5129 25257 28090 8015 26457 6640 10989 14895 4926 19840 14342 2821 11913
22802 24802 1208 23469 3226 30413 17922 22406 3908 2812 1448 28221 23465 21728 3314 29243 20313 211
23557 4551 2921 25433 21773 9819 8402 19459 2309 23198 17691 29982 857 17037 2947 19324 12139 16848
24063 2653 13394 23612 13059 26500 25379 19702 15074 19460 4918 32520 544 21678 2250 17769 17286 5956
16837 27654 26244 26510 17693 7 26171 6411 20397 27034 7193 30805 31855 13448 11106 31110 16865 8876
2161 22070 25167 25843 22711 6095 10817 5717 9853 19143 6383 21851 9519 21802 20241 5994 487 11732
24677 4874 31768 28795 25225 23480 17061 2205 22237 3153 20699 29211 18993 7108 18523 18742 18233 14284
607 10024 30335 16948 22044 1665 2377 19485 20122 11464 19019 11122 19859 21290 28895 1820 21989 3119
4699 29907 31422 8578 19843 1449 11966 26050 3256 23676 28534 14034 31173 11005 2341 11389 114 12455
28340 12013 31484 6190 25087 29146 25846 20253 26685 3991 12430 13237 18145 16619 6543 13560 1083 27717
4981 16638 10554 2607 11488 7627 15981 6453 1530 2007 16921 7859 13465 13178 4603 28513 13036 3051
1433 15374 13450 19800 13498 8062 32072 21577 9782 10076 5810 16391 25290 5666 32676 17120 10369 22809
12862 15537 14861 28319 7111 31738 1688 14467 25439 16567 9654 30447 6697 24048 25492 26405 12937 5406
22955 17150 22821 2114 20256 7224 3125 24061 24093 20549 3337 29593 6349 4167 2091 14867 11008 14660
3885 6351 13253 30878 16688 29287 21402 30960 15741 10396 10821 4821 15442 14696 16844 15954 27155 21309
8418 16438 24715 31452 489 20467 23201 8137 27227 12650 32315 15112 7678 32598 22561 21449 10981 8633
26290 1644 2380 11409 19974 27253 3010 8906 4979 28982 7124 22965 31227 7323 32427 30748 24118 9870
7677 20055 11100 30687 4450 579 18380 2161 25537 19227 4760 1616 20782 14977 20516 24275 30869 19730
8363 1495 15965 16098 23891 6010 23170 24926 30452 12235 20404 27802 13213 5407 17904 2239 26167 4175
1547 3175 31846 3918 4361 10939 32376 28167 4044 3547 24092 396 5936 6561 11892 16740 31800 21160
9092 11048 13440 9612 29406 15455 32558 2647 29516 7799 20890 16453 5679 24979 17585 7604 6003 24716
32394 12416 32742 11331 21497 10830 21775 6280 7887 21874 5196 18312 913 3562 21341 20284 9385 31341
9139 21933 31845 546 5024 16025 23701 14893 27168 18463 19803 18400 30850 12588 18668 29326 7843 18063
3838 25248 23933 29119 3359 18362 4909 9877 5822 25689 15979 19113 27014 14395 25474 29504 14984 18605
28461 5486 18105 16321 13606 1129 9326 24712 25334 23090 20734 2861 1754 9822 13833 19854 974 32561
9203 15333 4103 20793 31686 3505 6698 2164 1521 15160 12310 28828 12488 5807 17520 26363 13215 7715
28189 15095 21011 373 32344 22652 15188 6282 2161 6427 16960 17869 14469 22226 26854 224 5092 7621
32002 1443 -1 6019 16535 25487 11147 3362 23131 26844 13764 6960 2834 9870 12308 29742 25217 2148
22026 19741 28908 15594 5972 20554 12547 27162 20497 12963 9669 27144 19382 18122 26782 3065 28025 10974
9241 5502 7125 27742 13955 32759 18859 15886 30913 11851 14846 7316 26082 5895 22940 31985 7736 7801
19319 24930 866 7453 758 28807 26677 20112 2159 27312 4322 9297 17395 6531 32602 14646 27365 5570
18549 24734 27294 32641 27765 3707 28351 1179 28798 4881 23666 20744 13322 26485 24809 17882 16051 1450
28079 4747 517 2488 16129 3067 19431 5764 18696 24135 25855 15102 9908 29882 5987 21418 26409 13193
6605 9306 21859 24758 6793 9797 5649 22097 26407 17940
