28797 21176 27849 4817 27639 22430 5706 21987 20324 421 15361 8875 10495 24887 22083 21198 10094 26309
23234 24609 9250 24665 357 28193 23000 30317 2960 2496 868 9645 26921 15326 24182 28816 22662 18696
20199 17728 23604 15543 7797 21525 8941 6593 5173 20937 15915 19868 24731 25205 17064 16818 6628 10312
12062 9973 17499 13072 13740 22498 9004 19322 17130 27758 19804 22244 24524 23674 17163 20323 18684 19541
32523 3070 22954 24529 16471 21742 9071 12032 2098 198 20717 14876 2195 5400 12000 30353 32321 10178
30479 21306 13303 31916 14798 20016 10488 6919 352 31117 6340 22481 3099 2479 24059 3987 14411 18994
28330 3406 32391 5389 27625 22779 5796 10233 604 27239 8753 29673 5727 31958 31180 17186 31000 32244
30779 20751 8500 22053 24692 12497 9255 1050 14601 7640 27632 18705 14995 4737 25698 25018 11237 16817
7536 1614 18616 19884 7536 12308 3728 23042 24407 24156 2999 21299 14771 22550 3252 2295 10627 9596
17364 30368 15750 15883 18225 21899 7586 9928 159 22051 27318 31940 27652 6888 29313 10222 16431 20927
29719 12727 23923 1979 28659 31917 7905 4809 16656 22471 27041 11753 31181 10809 5784 9094 16642 13131
4648 8708 11198 6857 20062 5794 20184 19788 25455 10914 1246 24856 31224 16031 9343 32525 23626 15
8912 3058 18731 30069 24152 3519 26001 7144 3495 2459 26528 29692 3813 21923 22851 6163 4882 7001
3016 14685 25100 1509 6772 7908 12843 22780 5901 713 20692 27613 15508 27169 5827 17515 17596 21159
25806 20151 15080 21220 9433 27866 27130 2169 2891 23248 16400 28866 5202 8893 17630 2015 31111 7518
32181 18832 7225 15085 23641 28833 8049 4047 5051 4277 11892 25151 28504 26075 11156 13156 2080 30416
17189 301 29820 25951 7834 15478 19979 2312 13353 12059 10634 12184 28282 20075 23963 8371 10417 13820
13031 16070 14952 18087 23389 25312 4264 9666 19220 20092 3591 6257 20414 20384 12338 30683 579 29511
13525 14442 28316 25026 15190 17073 3524 16895 7721 6090 28302 15928 326 32127 10146 1929 20498 12308
28861 29574 10231 21262 32224 4097 27449 7866 30776 18782 30651 1532 12841 32400 15973 20547 28986 8218
13963 25554 27037 13456 27072 15384 18712 24608 5052 18588 27527 18812 4747 12239 5501 31150 9023 12915
20907 4605 9858 10963 19439 29687 27003 25828 18256 14277 12135 18891 2406 3282 30348 7316 22759 24779
13961 16939 27055 26723 4544 21130 21386 26380 14364 28051 28417 20546 30003 4115 13416 8146 9993 25997
31097 862 6467 20916 10367 13128 23 11960 20124 5391 4114 31530 7087 1054 28061 29870 12490 23799
28949 23193 22702 9898 31487 21786 1743 30288 21619 15427 14392 26861 22535 15244 4928 20366 24223 3524
24777 27052 11437 19650 15434 18860 23491 4584 5605 16366 31820 25170 25309 26567 27508 9208 6107 13023
6483 5653 19011 3775 15307 2844 4850 227 10420 23955 4032 21643 21856 24101 7964 14160 13661 13725
12785 24510 30316 30452 20376 6626 21453 24037 10335 22247 32386 30146 21023 6688 21877 9289 2793 24725
27111 21733 7830 24345 3161 16478 18788 12870 23861 3121 13947 23737 7791 16137 29442 12281 16566 17551
29858 31560 26949 32274 3538 7216 27658 6992 27729 20185 30076 14171 32328 22196 24964 30165 22796 24333
31243 7301 32439 11429 6607 25877 7643 32350 28685 696 9978 14252 24417 6378 21767 12701 13836 7549
935 19888 14769 25556 28557 10109 17334 19213 15803 42 26984 20016 25696 16435 27937 28404 21034 11194
29448 14850 28715 9394 13936 24167 22860 6048 15139 5697 25804 28260 14148 23309 24144 9570 12634 8819
2229 24222 3665 7960 18120 4064 3127 16930 1656 9737 25808 30797 18995 15218 5240 24624 27752 15413
462 29630 31091 5333 166 25290 15313 18209 28196 6482 22092 290 24717 11896 2242 4771 10122 14141
31464 23764 6322 14803 10599 6145 25650 15666 20799 3011 28141 12512 30100 5456 26214 10377 23277 6222
8384 10439 5664 13625 24556 32542 2080 25335 6418 25360 25788 17921 26002 23319 8076 25079 8583 8589
23313 403 29343 1662 13803 28839 13053 2362 4745 25739 31856 9855 13599 12013 20480 5713 21407 5668
5585 30485 29743 28902 28852 8074 13705 24388 8864 5759 24113 15957 32123 27019 19820 12860 6985 24779
10882 25113 23419 19085 28253 17003 24602 23366 9112 2491 1875 24017 30822 11112 7437 12272 32490 29916
16639 18188 14371 10436 15617 14618 17498 13524 18237 1538 22152 23920 28001 7398 17811 31760 8982 23043
22528 11078 12715 30883 9669 32166 830 13656 11332 6766 1744 7280 28905 23767 10196 16579 19850 20760
5837 22189 17245 11379 23958 28461 28740 6830 31780 20350 421 32385 2445 8415 17006 32672 5454 29772
7975 936 17571 22323 15182 27837 26720 29511 30345 15035 1756 30713 31412 27298 5725 18152 12522 12318
25378 8499 14496 25964 24258 20808 15606 19812 21144 3132 17555 1009 13121 2043 22289 14536 4121 374
5490 4034 23266 12092 8274 17556 978 23518 26786 27615 9666 9588 17987 28371 16061 7267 29075 7439
12414 16125 14916 28851 1521 3443 6519 24769 14263 12649 31018 24043 28263 30344 20139 21741 31655 3821
25266 21588 2157 24494 25628 12118 13139 21027 8435 15258 6897 25825 260 1317 4243 31073 8160 5225
28473 6569 8188 8820 21237 12868 5338 22524 11340 31884 7927 29126 27600 5415 5675 26619 16993 31391
24165 29548 12614 28828 17016 3427 26269 762 28942 17703 8739 9504 30787 2167 7742 10779 23346 14731
14620 4177 7572 12323 23147 23991 25147 32713 20643 2198 30504 8550 9069 10215 27725 23208 5576 26790
4161 32523 21606 728 28566 26748 3193 10996 12796 16593 26304 15370 29180 31370 8844 5430 27349 4915
19850 26699 6269 31841 21317 29698 9772 18107 24889 26302 18116 27514 23316 26097 21465 20409 23302 29856
20115 24224 31440 14218 8033 21870 24666 20641 12131 7637 19277 20173 14338 21046 7776 28282 26032 18692
8459 9735 10149 16846 30110 14953 19151 4174 32611 22572 14995 25157 13633 27828 1021 31525 7252 15294
30480 633 26327 27932 606 16353 29625 3747 9402 25092 10667 18039 4565 11047 27415 12658 25618 8345
7727 10767 31071 6069 1258 29463 22039 15784 25029 814 10706 30055 9268 27683 21348 10146 6640 6840
32192 24882 24573 27277 13399 23477 4120 19071 2267 19555 26286 27904 10231 5418 23745 16618 30584 13330
29170 11882 7076 3293 9025 21593 32258 26859 18889 16778 13019 18690 23898 26281 22724 26178 22588 15428
20046 31798 13916 22734 23233 14848 19709 29532 9127 30048 30448 3640 3605 31721 20624 17884 25832 7916
123 82 25232 21773 18470 30857 30700 3727 22734 25121 28191 6017 10469 8548 15919 9354 17716 21398
15221 26007 23362 9024 27576 15160 30343 9523 10766 27059 12065 14644 28474 26309 17457 11124 23931 7539
24216 4600 26923 17470 30717 8811 15604 8565 8674 31697 13155 22940 10598 8469 752 9376 21168 8053
30893 1210 10556 7437 23665 23516 8133 19471 23599 31562 32015 32227 6291 2407 20568 21130 12510 23045
27304 16535 26677 5238 6066 28955 16739 17501 5024 11132 11573 12411 30868 20116 9952 5067 8395 4348
23100 5351 14525 1589 12562 6028 32179 9158 25080 17553 25748 17135 23982 25590 9345 23059 14015 25887
25191 27390 24479 12759 30856 24833 23099 9902 5639 23401 14028 20095 13017 8259 31842 15180 5190 13140
22410 6785 23837 19836 11161 24127 26273 12264 25078 6609 23871 4087 5054 27610 24136 5966 27042 4865
4339 13290 19948 2242 30796 13484 19719 16035 31031 28175 16346 22921 20621 25404 7413 1809 30152 12076
2924 18940 9588 10781 5159 22466 4260 1916 3579 25879 27526 26534 7890 31928 22919 6751 28748 15375
28834 3324 29155 4688 20877 8601 17820 24043 4048 27015 13008 1090 26222 248 15186 24390 29840 1624
11995 7597 32345 27102 22649 29027 28256 4572 8881 10273 4873 3747 19792 2605 21576 23359 4595 7031
23958 26143 21149 6957 30786 24061 11918 23829 4583 32566 6494 22924 11010 23873 20585 3973 10776 25685
19000 5408 20226 3976 31944 29204 16923 3818 5356 8291 31834 23046 32166 20489 773 27349 20438 18319
13354 7251 2485 100 7896 27164 10119 22584 9236 2971 31577 30041 23465 10266 24113 14558 31149 7799
6226 23434 12177 7528 6942 4202 17953 2089 26993 18943 27549 25333 19010 32180 29102 17470 8621 319
30710 1477 2996 24280 16114 12823 5655 15107 7876 27240 13141 10494 24221 16466 17666 2436 26635 16471
22493 20376 4841 10304 28105 18271 1308 1462 29400 15333 25354 14720 14328 5790 19456 6789 4099 21722
24275 13687 27437 28794 17165 25709 3230 5634 29174 15067 13902 17656 15435 507 26402 14164 18373 16657
1842 10765 292 3657 7832 25808 16006 9161 29204 7015 3508 29849 8774 1473 27391 15984 10513 18912
23621 21354 20734 5210 11274 6102 917 31453 16665 28793 2273 1333 19971 7513 5664 30738 21884 15346
18025 16068 15930 28360 22881 3751 29620 25636 21630 8434 20126 14774 25119 7934 16924 30856 2941 7310
2310 9429 10325 15420 20233 7701 8456 23202 4820 19398 24315 23399 15319 20985 1865 29769 8326 19009
23410 4938 30919 15704 23715 14844 30958 22532 3311 27630 4198 6432 27402 2820 2337 29627 1029 15847
753 8442 14237 15639 1914 7958 2657 8678 12779 5992 8758 5082 10104 10744 18865 28746 23467 22667
5295 18497 23841 3583 1006 20624 9916 32331 17044 8248 12425 23071 23095 22776 15741 4996 30884 5652
8476 11765 9367 15781 31094 22415 31785 4056 6506 17811 22942 4250 7958 4568 31388 10053 29324 5246
1428 4336 10475 30027 2342 186 1921 29143 21048 2643 9061 5069 13311 13056 22784 21305 7739 17562
6176 25014 7694 16096 16513 6347 9379 842 2472 18831 12387 5762 13376 26667 13398 5365 32406 20311
22951 13533 6737 6272 30614 29438 7529 17403 23987 17766 11343 11650 19399 28842 22465 2297 13549 23379
27400 25432 10309 31537 9789 25563 31737 14697 8583 18888 5807 26784 21388 24990 29462 10544 30996 28641
14796 22498 22578 19041 3499 25260 7260 8077 26005 8166 17922 9382 4533 936 27405 10476 17915 20310
17263 18684 18264 5994 15762 15867 5905 15331 6007 1403 14446 11814 14341 23979 27748 8703 17534 20791
32748 1104 11838 20498 2094 21559 13440 4074 10581 14938 5900 12621 17202 31407 29715 25884 8308 7194
3996 3450 1024 25270 32267 6144 12455 30766 28539 2977 18101 24149 5925 1713 5209 2005 27459 10699
13315 13204 14612 10748 5319 26090 18680 2113 18796 7217 3790 10367 14667 5843 8940 17669 4084 21788
32514 31351 1707 8157 15230 26457 25647 15820 18593 7438 20233 11948 24737 23386 19883 2037 11644 22037
4385 20669 24369 32098 26145 30434 11855 1880 26576 15125 1711 13667 20819 12037 22063 4613 2431 8589
15474 8897 17529 5500 5594 19066 22499 7745 8075 22448 7539 16227 12114 31617 32571 10590 15331 9321
2753 29103 12645 31201 9710 8294 19979 29504 17062 12396 810 18425 11292 23994 5751 13166 19155 24106
32629 18721 31453 24608 15675 21829 20457 27575 8284 1361 25626 577 17745 21797 3269 6032 15037 31816
4544 16946 4194 22351 17000 15672 18869 2435 1394 6373 29132 21277 16103 13561 18979 22371 10230 25008
21225 20208 30082 17157 9805 25305 26796 20952 26021 11073 9666 6017 12552 3803 27950 32742 26802 32324
4861 23936 12676 18392 20610 31620 31407 32653 19467 23230 32467 14160 29471 29812 32194 882 689 8001
10997 1866 23027 29335 2832 1648 29447 17526 16137 13752 7696 7450 30302 18667 23266 15650 1622 30768
27705 4621 24909 31347 463 13467 27105 12090 5209 19937 24329 30061 20475 32342 23522 27102 10465 8973
10205 2667 30217 5478 21368 31021 11915 16680 23706 23527 9376 11301 22496 5060 23449 19706 23001 18821
21409 19300 7238 2379 26515 1917 7167 27551 6605 566 10995 1480 27250 1418 12874 7928 5239 9558
8447 25962 19589 30608 17028 8198 24232 7801 31199 6105 17831 188 7328 13931 6387 19505 27305 5048
27847 7824 24015 28866 155 28923 19910 23109 22427 8368 9344 28613 6029 13096 7789 2735 18937 12241
21376 16870 23401 11289 1035 1425 30009 26065 26046 20221 3379 2003 28099 8394 18416 29902 20911 21398
2295 13437 15895 27272 19810 24281 31910 27776 11492 8678 1640 32026 7382 15706 16035 12887 20823 4348
20997 25138 22871 6330 30096 25823 20470 29540 590 1711 16647 20363 10472 9920 6957 23231 14775 15825
19621 3730 15638 18669 26099 30860 22444 21741 24340 22448 14131 9716 23302 11553 930 14054 1280 6612
4138 3538 25768 10179 18673 8081 17406 22610 6297 16657 984 5561 16967 24408 31335 25144 27640 31940
14367 25070 21744 11902 20174 6717 29791 5521 30422 1132 31884 4352 12071 19893 32221 9075 12979 25086
9846 18876 24792 7311 23047 15671 29555 15198 7548 24134 8107 28779 4983 17348 31981 11562 1262 10728
19891 1146 12646 15839 1850 16112 25726 416 12992 31949 2765 17319 1446 757 17310 26480 19331 3502
10859 31192 32343 17848 21779 19932 10591 13183 16882 7566 29151 19769 12888 27486 25103 31223 11635 8074
21185 10373 10029 7682 3785 21381 1865 20483 3303 4028 3347 24262 23531 322 19207 6601 7440 21160
14037 17745 10364 2568 2432 19945 14414 22759 27641 6950 13736 16895 11227 32609 979 12625 29786 32615
26163 25196 18288 28239 23539 12593 13189 6672 3610 12473 253 933 11287 9265 21599 24550 20986 13925
88 23704 21977 2914 1135 25978 5756 2101 29629 26120 10477 27940 16303 17148 3 7632 9100 2122
27207 13404 11189 1918 524 14723 5540 25152 27602 8258 880 15564 32473 24350 16581 5434 13268 17283
4750 31376 30339 23545 20563 8251 13443 5125 16634 2553 18210 24181 30669 19344 4951 2613 11876 6471
31684 7457 22015 9280 219 20698 24026 32574 11266 3739 26854 1939 8164 1097 28913 3742 27587 12480
4322 16045 32014 482 29658 31140 19097 24706 9333 10741 5779 18353 14397 17826 25355 16637 4990 31826
29579 25601 16676 20068 31341 13143 6924 1907 19266 29872 15971 22986 12336 24098 2199 5684 15625 14000
6168 15139 15693 17568 3491 22817 6031 9664 2549 1744 17409 28327 9018 24925 12404 11160 20272 21908
12057 8170 32099 11364 19352 24487 23966 6256 8624 8055 3757 16223 4843 22154 12641 31676 30271 3889
7085 21205 7603 358 10323 23278 20105 21385 24184 3566 2024 7579 28069 17387 13075 2727 14890 21044
6734 13363 30028 2731 16971 5176 32337 5882 297 10556 1909 27812 28773 10426 15033 21705 5209 23437
23557 17494 22189 273 8805 200 11904 21515 17985 19630 4915 3605 32661 6316 5340 1335 28710 29889
14310 16357 14050 15808 28233 6876 9731 17175 19143 23975 23305 24732 19228 22844 12739 18724 21597 27847
20556 31906 15552 3285 18114 10011 120 10406 32718 25463 31931 2505 31996 7907 19630 2559 7010 6240
9383 15187 23752 14394 18481 24196 28875 15409 30064 17251 31310 29604 25497 28711 19780 2104 12026 10745
8396 3660 20452 15583 28968 23089 30560 7373 3687 21844 28246 15865 4915 20376 21195 16039 16265 2394
20417 16293 29760 28938 10958 1796 19022 21002 17473 18580 684 28218 26033 12663 18980 16799 31329 4398
3524 26809 3663 15672 23335 26685 12036 2880 2419 20511 2882 31931 9710 30628 27771 31145 24989 19762
26275 13564 31380 30345 23158 6042 23966 15728 9568 19753 31874 1073 7421 20467 5097 16058 12012 3600
24075 11227 17557 1367 28015 19110 17499 29074 11180 18510 19766 26869 14614 25105 2152 621 10163 30554
11766 25235 20313 18566 5781 19237 13707 7496 30880 2002 17862 20460 10946 22075 21938 30836 2330 9133
12872 13293 22703 15660 12422 17564 17654 19972 32480 1402 21402 18462 12923 28346 27360 4895 19741 9770
17821 7512 14114 22554 29247 11051 27026 21512 14136 206 17625 10794 31354 16840 20296 17589 1710 9083
22580 14787 19121 19788 15169 20773 28609 829 16303 31455 24898 30370 20528 12581 8996 22980 1759 980
4828 4236 18838 18108 28112 7332 29238 8509 15028 7951 16283 31139 28860 3194 2666 30958 31069 28481
31338 8924 26675 21638 14321 15859 1236 16030 21918 2107 881 14920 28279 29633 1894 29258 13294 26578
19461 23738 26755 16869 4027 24309 652 4976 7533 1038 29402 22377 4110 8294 19600 7228 11399 283
18430 24129 28098 114 24262 3592 7955 7408 31670 32525 8408 28388 31466 15095 13125 6162 30334 29801
25478 2335 6961 5858 30502 14920 335 11857 29079 12594 17901 8965 4120 29181 24719 1534 22515 13740
28874 26966 4729 941 53 250 21558 2302 29880 2016 26904 18846 11996 9449 17425 2268 4326 19627
19560 785 26978 23288 9470 22046 32440 24830 19060 13307 13926 25423 9049 15297 5372 1224 24110 5252
4564 22699 14944 9937 31632 23108 5857 4182 26716 17325 25433 11692 28371 16771 20395 22137 8945 16014
21806 10130 4905 17359 30485 30766 16943 10374 21495 21542 22639 3881 26280 6485 2615 26987 4186 4861
28063 476 18975 12091 15784 17639 5967 11012 17445 17949 5990 20544 27026 15943 20795 8707 9086 32041
5466 4980 16569 3038 4546 9296 19581 31533 29759 54 1801 6759 14129 31732 11585 4727 29772 3388
3448 8407 23024 6232 9269 28476 7678 12436 15623 17250 3071 9742 21473 736 2267 32484 12937 18282
10414 13751 1615 32649 13189 23298 27167 22245 13243 29729 8333 25519 27374 13639 31381 21414 18730 28983
9761 5506 16904 23388 24854 15114 7312 30738 19613 3709 6389 22372 23688 6535 2230 30181 7961 5889
13552 24512 22800 3592 12034 29189 12733 4426 26485 22124 27556 23951 9988 5389 25884 21958 17909 22669
23915 5760 15828 16514 14810 7675 28974 24044 18277 17503 17873 13894 13343 52 27902 26723 15793 13090
30205 20506 20246 31487 1875 17301 2916 17115 22877 18246 114 4272 20526 21545 32188 19202 20166 3028
19417 29410 8454 30569 16314 3626 6141 11323 26257 15852 13323 29424 17833 15702 31133 19677 27325 17533
19441 29632 18573 2995 27211 12132 6981 27378 27456 7713 20938 20926 21077 19089 14038 4831 7136 11492
22117 16652 23331 29018 23462 5857 18100 8518 25268 10216 20190 2730 31502 21889 6885 463 21983 17473
1970 22758 23773 19789 1428 10842 11589 10219 28555 20786 13044 18396 14660 11107 24582 11115 3923 779
15505 5575 17747 14711 19080 29190 11963 4134 31257 22987 15765 11480 10763 31972 923 13119 28800 25712
29101 4334 10225 20164 29005 22551 31872 8032 13478 17337 30044 8022 22635 17118 13972 2398 13424 9575
30442 7913 30256 18344 26153 16664 24953 22470 32691 18876 21482 4570 1341 8473 26106 3531 7532 19324
18082 31690 21418 27467 11642 27385 29483 29473 32372 30262 31461 1109 31884 29476 9599 13776 9761 32688
16768 16131 6163 2448 21950 17145 4774 11324 20074 14341 31977 212 11658 10074 647 15550 31907 16709
10041 14854 31254 232 27998 18051 16059 23903 27151 21641 22543 16882 25506 27314 4660 19293 22225 27956
28369 1248 32180 7646 822 8673 13582 28184 15355 28561 23507 32623 16318 31484 2396 28157 28394 9977
13606 16718 15188 12095 11640 8099 21580 21126 30614 7985 25265 8656 30522 20890 20886 12200 30505 26150
24281 7022 28868 32154 28776 13656 11672 3156 26905 13861 8023 26538 31305 18318 2496 22532 11744 22700
23327 20080 9192 31429 20210 6043 16649 16932 14014 10710 18640 26512 1265 26796 8348 9577 30363 31513
13980 3548 30430 4065 18664 21631 6323 11294 2299 18632 17192 24624 22418 31844 27568 32461 5281 20962
31432 12907 16227 28680 14019 3275 25379 21686 20715 27857 2963 1150 28926 22220 15948 4701 23166 6801
13174 31694 2257 25678 19379 5352 23881 4914 32179 250 15233 29379 14386 29463 12277 12825 29738 13113
31960 13678 29532 9065 10560 7703 26410 16737 28270 9362 31525 24595 8066 8434 239 5570 26426 23846
14122 6729 30760 3726 26992 4433 2848 4178 25669 32161 18300 15640 31094 22364 29293 713 4151 990
32701 3052 32343 10455 24908 7255 9460 6202 12493 31553 3475 20500 3927 1970 1038 19173 22467 21438
26615 7190 32499 24938 12963 5292 15968 24048 28035 27707 25857 30654 5227 10827 27247 10698 8329 19349
8238 6705 14160 24573 7536 26147 14746 7285 16559 30938 12084 7463 25610 18477 19104 21508 8053 5110
264 24452 13700 782 29318 17816 1540 15190 7830 20198 9020 20276 8417 32340 25981 7674 29197 24744
6224 529 26924 12459 7858 27040 31022 2858 10484 13672 26233 12218 22830 31232 28945 2376 29161 32490
11965 31498 27359 6276 4501 11749 2107 14230 22177 22976 20393 19392 22748 18279 30838 21370 1168 1636
12510 14077 26317 4916 22124 18650 5329 27148 31867 2420 26773 16707 23688 2048 19558 26723 3360 32314
5126 1931 6977 625 7398 15010 24905 27504 13153 17777 14545 17120 30723 23368 25253 25040 16573 14205
16522 5119 13024 423 15857 23631 4392 15016 600 14514 31151 11612 19018 32634 4268 8186 619 13112
21260 16802 175 26874 3459 4087 30809 7320 13243 12594 891 3894 5054 32314 24380 3137 8678 14672
13801 12439 22698 11447 5207 3982 26834 11676 25535 21301 13876 16253 1927 12643 23604 21386 30821 21610
14035 24648 31237 4423 11230 19896 18143 2062 12428 29067 20039 2859 18180 6049 24829 26667 28848 21134
26486 28451 20494 4324 32492 21616 30556 12875 6306 18537 8101 6401 30433 24996 17169 29578 9425 13626
22709 15025 17484 14679 11217 8153 19959 20018 2950 26478 8075 2318 20235 27516 29864 7606 27013 17134
9584 524 2806 18585 18370 10181 2187 32456 3747 26803 2548 2798 946 265 13934 17852 30513 13327
24140 6973 16892 30400 23710 14168 13841 15681 11617 15028 22768 17887 29584 29547 17568 32527 27533 22186
19149 25319 1570 13723 13849 25983 10039 27593 17824 20786 17729 158 16145 11546 25783 31221 12936 2659
11146 23090 19718 21162 2430 1897 21822 30223 12360 5670 11770 4730 22515 13454 31682 29014 2978 12835
18357 30733 31381 24377 15776 26125 2445 16656 24406 32138 8136 22067 19305 29308 28024 26271 28914 15177
9481 7394 20113 8386 26119 25282 5908 10035 21203 16047 22671 11901 4158 11556 510 25669 10180 12919
25220 25640 2881 8390 32651 8798 13360 20007 23721 31881 7060 14177 4665 3374 1481 19010 19928 7269
24288 21756 6462 19506 8959 21802 822 22995 3900 9044 1890 4648 5756 14025 20343 21498 22206 32119
11022 15453 2742 1064 23110 23052 13099 27443 1378 544 30053 25295 25 9085 26905 11398 12805 13439
21269 23604 16813 5862 1984 21869 24163 3523 29294 16744 17213 8678 31827 30937 20841 4261 20494 7782
23575 8313 13691 25788 732 30767 429 15798 13894 21616 22278 27948 17108 14092 12753 15380 32240 27936
32024 18460 29040 1770 11103 11123 8444 7811 4110 30889 17938 2086 29915 18163 7739 18769 10149 19134
10011 29039 31789 13884 25935 12750 32438 24214 4396 20177 20974 24825 17909 18397 30329 17436 3842 20910
29949 21043 28553 32305 10816 9886 16507 12270 11772 11324 148 12782 4852 2040 29337 5030 31443 11166
9771 8700 14948 3208 18064 6837 2611 15131 19374 30402 32504 22077 27021 26088 18172 5873 23037 22909
26387 28782 23602 14542 29699 75 1827 7145 1167 19233 18899 10480 22318 248 13793 28539 26720 18087
28782 24015 30011 16050 25877 11567 9719 20244 6045 24498 23846 24267 12085 11475 26301 2005 6286 30663
962 31103 23012 11423 3519 1757 30033 8004 12045 7585 30056 18623 27347 8372 45 32514 29141 25601
3104 667 32416 17276 4997 32509 14111 4862 25140 22694 19851 25214 22816 26085 24036 20981 17598 28071
17321 29202 8549 2176 25624 27835 27037 16449 10244 29307 19298 2376 8870 10040 24270 29324 8233 3078
15340 10167 6325 8396 2539 8567 17325 14899 25929 8210 18206 18413 14269 19549 16281 1848 24218 6837
7180 23945 15258 19574 2588 22420 2926 11163 28275 2181 7963 23673 9676 17799 21292 25050 2431 31082
24929 12215 30024 3240 26777 26444 18491 7591 18124 6723 7865 1337 8572 12243 16557 25408 14409 18400
32600 12228 24034 14579 32765 3122 13036 961 11964 20654 32696 22887 21853 4621 18312 4068 4777 7047
29305 8324 11732 6478 10723 3286 590 28334 16995 17865 32684 29982 20635 28910 31204 7883 17427 10315
17897 14948 9284 4077 24112 21037 19476 24141 3050 25578 16199 12919 20481 27804 30314 21696 2246 1308
15623 15755 3972 2669 32213 32406 19129 3640 6542 27164 28687 3157 9111 5269 29441 8037 8487 3201
23411 13006 9918 25743 236 27702 28578 27612 25990 18830 19412 12505 11680 12126 26 10715 28576 25365
29779 8239 22426 11778 19485 14817 23555 9248 17880 15564 32235 19304 31610 26844 20908 7992 25130 1032
19477 11319 9128 29847 3952 16419 11854 1510 13637 27192 5920 13105 20409 18275 10818 5273 8175 22419
17728 19127 15358 21991 22607 995 8551 21147 10560 30873 28693 2079 13508 30926 18710 10515 18992 26905
3586 8713 15674 18660 31809 3024 18967 7951 24883 18978 2083 27070 24975 4630 1517 27400 4647 21853
27772 28913 23599 19770 17513 29448 27103 8788 14605 8915 6070 27672 30266 18920 9572 1273 31736 4770
9088 28289 1278 5879 22823 16876 23151 20894 7714 26848 13077 19809 25807 6716 30685 11967 28918 22405
2808 29619 30288 26226 28025 1538 7074 619 24261 31591 7634 17065 21057 8257 3981 28783 22458 10331
28903 18824 20898 8754 7012 27404 5555 2099 15900 24623 21446 3160 26238 4529 24286 31259 20633 4419
13455 19050 31898 32074 24257 17955 17298 30938 2893 21146 26934 29666 30267 17566 25997 16329 567 21860
25340 11251 6868 5628 11338 9985 15831 31934 1901 8184 17933 27044 14330 9084 21689 15344 9811 29177
29995 22144 26310 2376 22195 11984 7450 24329 14484 16727 30822 18213 25746 2356 17076 17062 21324 21776
16794 12908 22386 5867 25226 10891 27273 2534 28577 25041 30820 19086 18556 31121 17664 15630 23484 6538
18404 23975 23586 7187 6836 22508 28321 18079 21818 32678 19526 19084 29749 2075 5177 2580 9758 5564
19086 23960 6717 1592 16066 21757 11810 2622 22232 12658 5424 28177 31392 5010 22116 11321 6862 6465
15496 9700 4480 26809 5285 7839 21850 25259 22131 21864 15975 31170 4941 22594 22060 26991 18222 28190
28837 18862 26726 13065 2348 15040 20654 16977 8092 9432 23946 2924 4621 18639 25104 11416 11831 7215
18247 28708 30656 11861 30465 18314 24155 4387 27746 24944 24601 572 1869 13593 21620 20659 32150 8394
23301 15012 1661 30230 11007 16191 7417 4163 15970 8426 29517 20897 5615 5083 30118 8752 4374 21719
30417 19705 5693 9214 25333 22585 1811 24629 5275 12937 15726 16052 10284 21391 3145 23145 27044 10697
256 6256 14358 29627 24744 7114 31782 24177 7658 18013 3104 1697 17189 323 6889 14376 3163 18934
3174 1941 11724 16281 19706 8713 703 11364 1717 28477 8346 18258 20731 25095 2498 10787 13897 4807
32129 14268 11414 114 8051 28278 23374 4999 29611 25304 19518 16270 27359 24273 25147 24198 31488 24733
12919 8947 32697 30336 7065 15323 24505 12918 14211 1836 12708 12817 797 28227 23991 30435 22681 18719
30628 2763 6031 25298 19519 11491 6074 32154 24588 587 16890 28653 22879 1906 27403 14536 4996 15821
19804 9564 21830 20776 15421 26059 26801 12793 28170 11124 3580 24451 30766 11773 1984 24102 22883 12937
15048 5770 11885 28884 7699 6158 27889 29418 30645 31846 16544 19207 8533 26356 26218 15297 20754 23693
8735 11837 9015 28553 10887 4842 24327 31682 10055 2172 13585 28485 7486 25746 28885 23291 25907 31657
23337 18391 2246 16970 18597 2957 8502 9494 4192 6836 5423 13035 26330 4591 20504 29968 22881 29819
20485 4589 25997 23015 9687 5644 26800 2256 17315 32494 25647 14762 13611 25750 20880 32094 7897 23833
751 1337 7880 30345 19423 17836 27713 25323 28217 12939 20773 12985 1927 3736 23038 14682 31315 3118
22494 30766 4071 14729 4350 11144 20106 30068 15144 22034 16242 26725 7315 26198 8525 15785 28481 21193
17182 6344 25090 18348 757 883 21576 17316 11708 20344 10224 15897 14833 10436 17739 13404 7156 21533
11723 14442 11693 21968 14371 24208 26399 31900 21387 9455 25210 3316 27814 12609 26941 2198 20731 296
1249 19976 11377 26710 20574 3305 32072 31033 1353 18925 6702 13316 507 28492 9862 6013 17203 9699
4385 28816 3758 29111 31014 985 18721 20330 5361 28025 13700 19923 30600 21339 6032 24426 20630 17723
30583 24737 388 26548 253 3524 9812 17581 15173 26071 27556 24261 5374 13537 20261 25220 110 17255
9959 4628 7170 25934 2563 18156 8985 25930 30798 9784 8906 2275 23466 25309 12142 10314 16420 10860
5565 5804 24024 6084 17663 22116 20886 18480 27814 22048 7957 28395 2697 12671 23098 643 26081 12987
4593 24839 12606 4001 22931 1449 21054 8088 3237 11688 2125 1460 10379 1648 28745 2745 22700 17089
8298 9137 4313 12746 22488 24743 20978 13373 32588 16297 29860 11340 30042 8181 5795 17222 25404 20884
1531 8646 5556 31948 18077 30222 5742 24198 3663 25765 367 5180 21181 16160 21172 29818 17903 7522
10349 12240 23722 13536 13538 13721 15251 2624 23868 6472 9752 22818 16428 29667 19423 20092 8399 32185
4184 28829 29187 23673 10445 21012 32202 24921 11282 27233 25891 13182 28988 12573 29708 8907 22591 22374
1406 7945 22664 15197 29756 3796 29251 29200 21339 824 24005 946 27483 915 5389 13747 14138 27984
4990 32678 24079 9293 26770 1502 25832 3929 30551 14045 5218 7381 419 26167 20311 19369 22756 662
21772 29905 20759 16788 11258 20567 21020 23917 12538 29581 9076 16850 1606 17080 19958 16983 24338 4965
12359 14130 25389 31457 8338 7315 10048 1314 14802 4047 29876 20294 11844 18183 24161 17275 15520 24352
23892 28666 9054 7082 29051 14054 11923 30093 888 21094 15265 4900 370 26808 20243 1994 30023 11457
6523 29760 3672 18132 1485 26270 23491 391 11787 4989 13052 30474 21188 17939 32376 15036 12309 8788
28815 15070 19853 5403 22276 22047 9182 3842 2541 25241 13571 25870 13397 8123 29335 29671 28493 20799
3693 24870 28336 32281 4522 5887 14737 4032 21870 22021 10932 19856 15014 31080 13807 28819 15149 18743
11510 19348 12865 30439 332 17193 30208 8334 15770 4728 8251 30067 13296 6038 8397 23021 7120 9430
30379 9357 7385 4554 10939 21098 340 2291 27002 19683 3389 19790 22154 7722 13754 29812 30264 12256
13369 20668 18952 28592 12881 1972 31482 30432 2538 4365 11724 3907 21826 6487 24171 13082 19334 1379
23692 25261 9578 4533 18232 27840 1619 19025 8828 1164 9587 22154 25392 17080 13145 21880 3365 27635
14253 17961 16187 6678 25342 14567 19065 9155 4429 17249 11910 23954 30818 30407 6364 4679 15947 20625
16941 19675 29904 25794 17939 20683 13399 15231 20667 23696 21387 8080 16161 4825 30429 22688 3460 9516
29928 3648 12226 7645 18984 20156 12364 25349 6658 30252 12708 20685 30502 29249 11494 1377 28793 7653
3135 15196 7854 12570 31294 20042 11609 314 1071 17854 7465 3504 27202 511 14656 5228 14987 26621
32266 10985 4456 9803 27459 6074 7379 29061 32563 26483 15830 21016 21762 31466 25591 24770 9367 2295
32572 3318 7603 20675 9236 18992 23483 30768 15871 16040 28122 21146 27626 20644 12039 3055 25387 11912
27348 29632 29809 11283 2451 25826 3953 4875 16928 1298 24635 16730 2651 22761 25368 12654 17700 26707
2776 18857 26583 28359 21787 3316 5229 21495 26822 2642 25494 26962 6930 9872 23386 9838 30320 7123
19884 25407 8248 19518 7061 18814 14319 16803 6196 31392 3428 30908 2164 9779 18573 20887 31407 3104
24614 17140 29350 10201 31250 11119 9675 32462 4744 23900 17312 20479 1217 16463 1695 8022 21138 9613
2317 22918 17950 10796 6741 3033 18816 17364 4186 27771 4360 21367 20863 12053 29569 23192 4682 24921
3314 11900 991 19487 1837 17900 28253 5274 9580 31986 29591 6615 27917 27384 30280 19021 2496 10080
24810 28229 18171 6056 18831 8577 15445 9400 11639 31303 1972 29144 16664 6076 12836 29172 4114 5387
6743 30530 27193 7320 600 6457 22497 5987 6687 3216 4850 13589 9660 18858 16432 18320 6461 7480
25808 12138 18008 32488 21462 21616 31023 19132 4246 26154 7851 14406 24720 24889 20894 11342 2551 5128
27008 16548 31411 8400 26662 7736 21201 14108 24862 1440 4206 392 14279 8572 22212 1155 20251 32622
3541 26697 2155 19238 22207 27650 11170 10230 3994 31853 5716 17414 25695 11070 19678 664 10022 712
18861 22509 28061 29053 9948 13222 11743 18912 32278 5479 22579 4846 6813 10165 10414 9364 23015 32033
11544 19531 21984 19303 15215 30270 13829 16743 21517 5737 17009 21158 11422 19986 5425 5535 24317 2435
1498 4132 30903 4674 11154 3589 26066 20716 4295 23893 30086 15354 30226 3731 29043 11875 15968 4394
1585 8863 25130 19301 30660 3536 1065 2082 24122 22346 1313 22355 26303 10361 12588 15300 21763 4212
25522 17437 16469 14523 15754 27055 18864 9527 18789 20862 17807 15736 10801 19370 5689 6430 12338 11510
12862 19851 28682 24242 4922 14149 14333 16635 2207 31604 32694 15051 11049 15913 11774 5331 27772 18568
20723 31310 32332 6932 9300 15340 3848 10423 576 12635 5532 13689 6568 21780 10807 5623 2034 30130
9911 19109 12344 6796 3116 13245 27765 30147 26469 22810 30186 272 13052 650 7917 8319 28850 7211
15208 26529 30625 9052 21354 23743 12974 6002 31717 22193 19039 11052 29180 20630 30770 12850 21559 20485
32074 1688 5725 14638 31193 25354 2796 11746 8309 27914 8054 20979 485 27478 10006 4805 27945 25763
20169 19530 8083 8888 6267 26840 16741 21882 30721 22243 27289 21141 28312 28996 11151 11550 16501 13688
22210 8600 8309 25630 1472 4654 28290 26633 5981 3882 25546 8001 8502 10184 18758 25201 4752 32521
5336 26213 558 24842 2057 21520 25928 21652 11707 12915 10969 25771 20894 32535 30306 7823 19964 4290
30596 62 19460 8232 6669 21111 20981 4859 2459 11258 15333 26031 17878 6157 31333 20087 17199 7708
13316 30607 21367 9439 9243 27493 21200 28243 21729 3731 21731 10157 3834 17630 20107 18779 7161 7132
30580 17398 13863 6172 24570 13432 17292 128 30626 7581 14027 17368 32595 24797 12790 21726 9292 29739
18488 6172 16148 3947 31039 16461 29311 20102 17158 13658 10108 978 26210 24722 8345 13907 14521 31852
8726 2158 8516 16724 27166 838 6993 3493 30013 409 23502 25446 19222 14151 29817 22641 20330 4385
4493 21730 21371 26876 11637 15149 25356 18903 22311 22489 2765 16452 26187 12795 4524 29479 14842 6821
25495 251 23936 5824 10155 23672 12167 32443 16116 9922 26475 28832 10143 16555 5345 28819 32758 4271
30149 21335 9725 14746 15939 20242 12071 15497 12093 20140 13415 17361 5805 25315 11840 4657 5839 28204
23885 20907 20242 26170 31541 16244 17267 18540 12119 28466 7714 7182 1078 9056 10101 7874 22792 30042
4032 30651 2836 18908 26627 3216 21515 19886 25688 21666 6202 30405 17591 18143 8416 17812 115 15724
32516 16914 3858 27618 4702 29217 27744 17312 28816 17105 12781 25200 10478 9050 25473 26439 8086 19176
18705 18827 32327 26578 29662 3642 29656 12907 18612 30665 16688 8234 11662 3005 19867 13131 13515 2795
16457 8818 25209 14300 22804 21681 26823 1886 1599 28090 30074 5955 29198 26225 28413 1949 1240 28068
14921 4664 5968 3299 26668 31722 20677 19927 25725 15522 28212 23512 765 31113 27879 23930 1909 11581
22020 670 860 6779 9696 683 9679 25866 2958 1841 23073 27844 32126 15939 20622 18189 23754 4564
19628 29253 9864 16059 22292 8106 27656 18548 11306 12216 4083 1128 1600 15400 925 14967 7463 19646
92 5273 30782 4645 31096 23509 28426 17149 16852 15582 29599 30514 8837 4345 946 7614 23842 26402
23394 26684 22089 18901 18140 18798 25885 31880 11750 24859 534 11737 13738 29475 21154 22920 5353 17415
19683 22301 30231 30756 28598 20679 1166 20756 19157 7686 32406 25924 21292 16173 27475 11736 16438 29866
19832 1670 27679 12045 28995 31886 30108 21136 12379 1698 7495 3004 18336 1075 6947 12219 7128 7751
26828 25896 2095 26431 15292 4302 4839 21490 11155 17187 9443 27620 16643 8653 7800 19246 26794 2333
26475 21257 1670 25161 21686 9279 9477 27005 126 16393 32086 24707 28860 27485 21203 26938 10117 12320
24468 1256 31266 6310 19690 29493 18965 490 29668 28124 31848 7989 25223 31737 19260 3308 24799 23224
19998 3279 29344 13559 21364 18709 4283 10234 26930 14687 6002 20529 12180 1572 9362 23067 20920 1641
25077 21410 16578 13142 30749 14711 3470 11949 9571 31968 31681 14019 13577 32167 11305 9584 21182 13402
30829 21713 30354 2304 24007 1587 25716 4424 4429 10201 31974 13341 6928 5154 22887 27820 4875 10159
28892 10620 23693 18798 16630 1284 31732 16629 14116 20655 25148 30468 22081 12799 19319 31902 21516 19004
2779 29678 11144 10175 25000 14251 24286 31416 15288 23762 26102 19049 28361 27240 1374 9891 22493 25481
2303 4499 29367 32763 8038 7601 18384 11919 20897 31737 19572 15882 21098 30312 4355 18543 8798 4808
22928 15374 17543 22916 32030 8048 32374 32034 9731 27371 24793 23948 20956 5364 5401 9175 11024 11354
10792 29261 6240 7433 24008 25736 8030 31384 7892 23619 29843 28090 17098 21904 22049 8067 11334 16467
3267 16102 23913 6432 11944 31937 12938 16121 270 6551 16681 16634 5118 25231 6000 8237 29546 14160
22345 16893 3135 30614 27265 3703 7704 29122 19044 30556 22578 12418 6203 25273 31756 16983 437 13947
8893 22347 11668 32687 19 20871 11472 29241 16498 8953 11166 15643 23650 5759 24330 28263 32514 24224
27328 25556 23043 1672 15095 868 1211 8581 3749 14497 16515 21630 11779 29079 16427 5682 2384 6226
19747 16542 15298 17630 26461 21015 11987 8931 15034 30600 22936 18472 1945 15650 22715 30455 22749 503
23095 2279 9412 2291 6580 32170 13215 17547 26891 27256 26865 14519 219 17831 19166 3815 5561 18946
25538 14452 27975 28434 23038 15177 28621 12628 23051 1171 29105 9901 12049 24077 12763 6913 9543 24904
18349 12676 4813 1373 32136 17799 8967 8811 21372 2147 16286 2121 9847 5868 13453 637 14150 889
26999 26312 3636 4155 20036 2667 30410 5532 21777 14536 3994 20750 5929 2329 10945 6118 32665 11741
31271 10968 6242 6857 17512 9539 22019 7380 7590 17634 31944 16543 24828 1484 31956 8973 26053 20234
24638 2085 11606 10888 10082 21527 1328 17953 12134 17089 22821 14501 32604 31000 12710 18104 5887 19777
6857 9448 7268 24687 28437 28907 855 26463 17056 24512 2937 15620 27380 23548 12289 6971 24171 4128
26219 5624 26707 6544 18192 13501 27930 24386 31650 17928 15051 18770 4303 18766 8687 21544 1348 2834
21073 15482 13115 20279 14434 16155 28879 9627 22175 10565 361 17692 22364 13618 14009 2142 21174 28295
23300 27013 1214 7085 16871 6041 28733 26335 7121 606 10500 17323 26388 30904 17222 19628 7033 13458
8848 5512 27733 29164 9603 11566 15496 27464 26975 19538 8371 22851 8723 27705 3129 20373 17006 16755
924 5311 28856 22440 29193 20486 831 18476 31833 10592 384 19127 28401 14329 25931 6327 8591 23221
6220 25050 27967 22326 27042 19547 4318 23214 30763 15851 8117 14693 19535 26756 22073 2180 7924 22471
29009 28068 2019 31327 25475 16623 4307 25556 1206 24023 26841 17011 6131 15657 13228 17799 17318 13910
12648 28659 22439 628 15025 4811 32359 23911 19612 27753 13112 25049 8617 10126 7091 31407 4628 14088
7944 1909 14576 18774 22428 3753 6516 20585 15084 6683 16478 23154 4993 6696 7656 13782 10640 27302
4942 7706 13651 22050 29070 27866 30738 13219 25490 2847 5924 31406 293 7884 5488 26851 1414 12347
1726 5855 26454 17490 23028 5776 19245 9947 21758 30768 4168 24762 7944 20804 28616 5887 30046 8702
27987 19876 26170 13571 4965 19156 11670 21772 14382 5757 4375 29976 18020 20973 21769 9971 18070 25580
10389 31617 9402 13530 9196 10710 28114 30552 13451 6180 478 14536 5025 9078 30256 13947 8999 16590
9186 13005 19737 21828 7809 18107 16531 24631 3870 27533 10590 21353 12176 14563 15927 13789 25028 4809
16487 27782 8122 17510 19085 17764 16200 17056 2279 8460 18007 4874 14422 22016 19374 4917 1932 10971
8015 7231 13884 532 14216 15963 3792 5301 7797 4350 5719 22190 23298 21199 3672 25039 4923 22172
9623 738 24997 30646 29248 17696 7167 4878 4923 6046 1429 16481 4844 26927 10697 18394 26791 22203
23385 3996 13402 18259 4978 32218 4201 4818 11572 2859 5556 3877 14716 182 28160 7846 26301 8017
4265 7758 14692 10825 1367 19609 4157 4733 18734 2002 12594 15919 12866 32279 23099 10345 27878 11170
4807 21849 28638 17244 14604 22031 616 24054 2011 22898 12379 2724 4183 1212 18697 7918 25798 4194
17425 24545 28270 26051 10334 25143 11438 14328 20865 15411 22519 22042 12143 26159 9404 12559 23620 25911
9033 20920 9344 7097 30540 15224 23824 23765 25621 30454 9330 7561 26696 16681 26883 24713 26319 6751
21079 14279 6033 12773 26842 30963 15412 27096 5865 32630 21856 28357 24832 6481 21648 8282 28647 31216
1375 17803 18611 20262 11200 18801 20420 21653 4654 31812 29048 365 1072 5283 3382 11274 28907 27851
32457 16468 12969 14543 25172 25561 13582 12340 28057 9403 31142 26664 31891 3602 13068 23132 11163 16273
29948 21323 7182 25220 13480 17767 16134 6538 5433 15510 17096 18026 15429 27971 32208 16973 11040 7242
29855 25584 22510 23306 21898 28756 833 21363 1664 20891 1442 8356 8788 12312 4503 28593 32290 18898
9739 25691 5905 9183 11415 32422 280 29284 121 31758 13393 21220 22849 29045 21705 13343 22083 6398
20520 2346 9771 4194 28096 8694 1613 810 11600 18107 5942 32234 3873 28923 16484 25807 8999 16227
8465 19187 31276 32638 18668 9708 21737 27133 13504 6547 11724 27868 19518 22485 30979 8217 23294 20761
13860 16554 16978 12442 12552 19798 24468 24885 3045 8811 25098 5750 28854 12031 3427 5553 1005 8490
9425 15250 30181 9111 31089 31201 20135 2712 23073 18748 20373 2602 24183 19425 1981 21274 19177 7065
30188 12797 2164 183 21886 3229 27941 3341 28987 22993 20532 22311 6223 28362 10073 20918 4555 16313
9989 31603 10812 28132 9233 25333 14168 16482 12638 15111 11886 25292 13628 31497 10360 1676 29593 18362
28884 16922 18421 8270 31244 19115 3177 2945 21835 25581 26571 16652 1821 8782 266 2979 22420 23336
21078 24243 30650 24479 6235 23725 6722 23872 6798 18804 22835 278 18067 9584 1761 14668 23737 27635
17629 12440 10368 13046 31975 24574 336 9807 6226 21322 3942 7081 4502 31478 4374 14894 15429 10481
7232 29446 24370 5080 6176 17852 31861 31616 27444 3337 25767 19630 6551 20387 28423 24197 20293 20936
29971 9869 4908 25153 27608 32423 7628 8362 14141 22916 4249 14101 5219 313 2468 17495 13591 15394
20242 29312 27347 29652 3903 30152 31503 15020 28880 28465 31214 19313 28540 28694 18363 24306 16525 6534
3114 29797 15328 5097 19363 26511 1306 23340 29572 29071 29014 6863 30727 28559 25775 5755 24770 3068
9292 23262 24333 9676 22686 12867 19238 4687 15313 6722 8950 5297 12467 13536 26571 10350 15711 29352
30105 31084 9921 28710 12599 9910 10233 17584 10239 11145 547 15472 32429 2531 24620 15242 18884 5251
19247 17564 11299 29218 11016 24676 22692 14153 3789 24855 20774 12998 14857 15871 42 18329 12756 967
2260 29162 18029 5147 26840 20897 21681 13070 18711 22443 15504 6894 6133 29016 18123 5594 19029 19924
30655 22206 24252 6716 2574 3794 32438 20338 3472 31567 23121 28314 26246 26532 6636 18413 10563 24430
678 10035 3471 3347 10368 804 30512 98 19120 2728 19882 23003 14130 11368 8404 5516 20294 29921
21970 29377 2810 24122 22471 13237 5871 28383 2322 12697 26603 16845 28966 196 24934 21971 25073 8480
26930 15956 4550 30473 1784 4846 26091 2106 26687 14537 26864 14584 26661 25298 10534 1452 29790 25414
31796 29811 27905 11476 24995 15195 23135 7292 780 22108 5362 27364 2828 2564 15331 24383 20996 3615
5552 8380 6634 23745 14060 16905 22187 24904 2901 25447 16222 1084 7525 1669 8877 20143 14244 28928
15507 8841 15526 14589 1902 17016 20819 22507 17951 9855 13533 24517 16818 22769 25564 11874 30648 22300
24759 15110 13547 12969 16100 23087 22438 28471 19587 5085 14053 22467 30115 26588 27110 18684 15937 7209
27428 11058 28280 29260 21588 6448 19648 24053 11872 28306 631 6787 4537 15114 1784 15032 4690 21873
11446 3740 13602 2896 11304 31582 26776 10449 18959 8671 15871 21576 29351 28457 24279 31467 26727 29598
31489 18662 24539 7093 10758 27213 9850 10098 32244 4143 12118 31766 16792 30118 8901 11302 7980 24901
19174 20706 11134 24337 31696 4959 4357 11852 20825 32460 22373 8121 24342 31048 824 24636 11960 32516
2597 27483 10430 31682 22221 8815 17211 24142 22900 17313 4865 16960 24821 15812 6927 19576 14159 7098
30189 5392 16178 1187 13773 15389 3413 3050 5755 1205 14930 19974 24013 4571 26760 5368 1635 8677
14949 336 4110 25613 13481 29585 4990 17521 18856 12682 29505 18961 1979 1032 18260 25404 10429 18695
24429 15375 32120 13745 30341 31611 29051 17661 30124 573 8946 3659 24650 2124 19187 170 18262 13437
29172 15797 24096 2597 11405 4434 3520 18859 23673 16708 8962 7786 12758 12612 29109 14227 26756 5957
2864 9980 32229 15292 25255 8712 23302 678 31605 352 11962 14380 32393 6753 29675 24130 20696 20172
24778 30141 2378 28467 14686 140 24551 19231 17085 14077 29729 2996 21284 11981 1150 13491 14534 27927
30012 26436 30343 8487 16613 17344 4053 909 12051 1247 24948 5485 28079 12780 16806 15276 26659 681
26102 29455 30995 20935 18354 6124 21044 14685 1578 32415 13913 13849 32608 22464 25073 27619 7969 7436
15740 27078 7335 650 13950 1761 9493 10083 23187 14075 11857 960 4308 28672 28176 20008 3422 32464
12539 21988 23372 25989 3624 3293 6334 8358 13032 15965 16694 28151 17071 11688 8773 29169 1879 6353
22065 22384 28065 23674 24971 17771 2552 12964 19921 18230 8555 19195 24533 692 29350 13944 17145 22828
15357 25545 18354 19921 14478 10175 3981 20306 4801 3593 17449 16069 1557 28190 13243 20846 11740 206
28777 10431 15331 28956 19857 15425 5032 9919 22371 29179 1281 17267 8370 312 9288 4512 792 31527
31138 24202 11626 5636 1313 32117 7203 5791 21268 28222 22649 29648 7282 25758 6482 4193 12141 11247
8863 9994 7314 8887 32527 17692 25669 19083 28641 28349 8142 10370 12018 18936 25402 29064 24366 27645
21400 16184 18231 9239 11435 18621 12789 24992 13328 23598 4619 4046 21374 5065 17238 929 22499 1022
1477 22654 4281 23926 4094 22151 19263 16066 21300 16351 26282 13161 19841 7991 31662 6781 1609 30096
21743 29058 4513 25034 13189 16293 13535 7808 7052 7513 2623 29174 9541 5122 16002 27815 3686 20969
17559 4556 1872 28276 7144 17974 31000 15071 1176 8590 16205 23155 15971 32128 4654 8210 11505 24401
7527 27462 32633 6132 32427 359 13783 13827 10360 8155 8243 9753 26032 16811 13575 7504 30931 22038
22771 10913 5062 25262 30005 2365 9224 20077 30841 4718 11917 20579 7525 26907 14490 16205 5096 15249
30773 15520 26758 14250 18741 30891 17885 3363 8895 2653 27860 6699 2135 6040 32328 7785 13295 18815
29607 4083 29613 18804 24967 28356 30812 16889 24694 12846 4022 8156 14373 11504 1853 4030 10440 760
13120 29655 28286 3676 21962 19921 23422 19765 25261 22861 9191 14111 23229 21006 14434 5081 15348 8939
19054 12559 16826 30887 22412 4487 29053 30017 22069 29533 12075 32622 24862 18416 22057 27240 32006 31298
4885 29102 21620 8070 30884 17785 1494 28208 3441 9002 24555 5846 20104 13820 10305 23458 24825 15388
18483 521 28839 11188 31733 31348 30457 21632 24566 23148 26070 14780 30817 1335 29384 8102 3883 7694
32438 2617 1020 8483 21828 10087 27321 16107 16689 25057 5096 21797 12346 6156 23527 8900 25574 13155
23422 4503 27167 7085 22477 12929 23009 17142 2968 18373 4393 17788 9997 31157 28094 22996 8790 4452
16236 3472 15669 22012 28058 2502 19046 26588 3517 23610 8187 13983 26109 133 19106 27725 6043 9612
24354 27669 28176 27483 1442 15962 3684 5352 7111 1924 649 27277 2266 25711 23838 18525 8175 18950
29043 5358 11439 17011 23485 7251 1552 9361 21922 2905 17278 8710 4816 1776 28765 18220 8722 7189
22882 18817 3773 929 20636 16490 15797 30344 898 9146 17301 3719 16216 11538 11907 28299 16314 30526
105 12319 25475 30626 21878 20501 25594 11828 29404 6281 27131 10154 14755 17007 7655 11662 14945 19290
3349 16730 25592 15371 578 15535 3088 23228 11226 13574 19079 1512 11380 31948 26134 13123 29150 24252
19554 20198 28164 28773 21247 30489 3719 5526 15499 20367 3616 4902 15750 27084 31914 19289 32272 32074
6423 226 21435 27589 23028 15343 12086 20006 16349 11623 31444 1397 20111 11486 25824 3103 18333 11259
21111 839 1119 15593 30306 14520 2311 1687 18533 8372 11994 17247 22721 125 32769 9663 15313 17477
8753 16298 2618 16005 27395 18372 12530 19079 31503 22790 3548 4056 31434 2157 5245 25039 22023 28040
30460 30497 4492 30820 3914 30173 5901 12884 1199 4048 4847 17583 27024 11018 16615 25158 19791 21054
17086 28217 32419 27156 23771 32255 31213 26198 13678 4422 16449 31601 29173 7058 4613 2045 20161 15644
19036 13013 3269 17726 22179 31127 20931 23368 1581 10944 22183 27047 11825 2179 26 10054 24087 4060
15716 23313 8172 8147 18825 13815 259 31972 10922 24288 24372 27767 2949 3363 13772 25961 19321 19736
26447 4076 24731 19180 16089 4631 26595 16346 9881 25752 -1 23902 19863 11187 18985 21239 14955 20648
11550 18918 1513 22226 13960 29555 14908 10713 14033 1264 4569 24412 29355 16079 4952 10524 1891 22803
17631 29656 23822 29386 29755 28073 17272 24326 20301 28979 5276 27849 18489 4300 31241 1185 605 15883
12310 14640 17126 18791 25513 9473 8905 13908 1471 13146 31631 8030 12798 12105 19802 9911 681 13417
6357 12018 28530 24231 27002 22547 4662 21343 3083 31899 28261 427 11590 11056 5582 13363 23775 22596
18669 20947 12482 17422 27714 26555 1188 20694 28796 23275 4508 17754 2336 23233 23060 14258 19670 29361
9805 7194 7300 21948 3218 13390 27654 16471 16909 23316 18982 3167 12250 26554 16829 21450 2053 9798
29090 15588 22354 8136 30420 19834 20180 11921 1269 24510 16822 6928 18617 5552 5132 15605 28869 26338
5276 23569 30970 9269 32766 20036 5019 3509 10132 3299 19701 22378 30913 16050 17736 14298 24661 29298
7413 23678 17971 1277 28311 24919 7549 28762 29682 9759 17636 32354 12460 7642 12984 7233 16198 29867
10791 18856 7318 10269 29650 24849 3470 27967 22333 13059 31433 385 20560 13067 24277 16729 15606 12144
8838 8601 32551 21172 942 26221 20230 26660 24993 13699 14791 8406 3269 23889 2002 21981 29593 28562
2089 366 19079 2468 31654 27917 2439 26328 7179 20409 23673 6542 31830 22681 24892 1619 15420 24944
20645 32013 19649 17863 27919 3271 16493 6704 21377 28021 25663 16295 2852 7201 7309 3908 28373 1314
16948 6754 19709 22742 31807 15048 22986 26270 20880 28448 20266 6567 28324 16301 22527 29822 23600 10037
8303 9923 8542 15483 10593 6330 3724 6053 14736 2472 11381 12204 2408 7197 2860 11476 1203 27774
28062 27254 16064 3571 3539 9680 29900 2404 29714 5282 15008 15155 8088 24599 11599 10832 31569 16392
18549 13943 23055 12963 14721 14396 30647 3070 19795 28445 15017 23050 21525 23216 12520 22757 5979 22777
1626 29527 16026 10153 28188 2968 15743 9127 15695 2066 10506 25225 12581 24818 3745 566 7673 10591
10574 19378 528 20841 4469 668 14577 7113 17042 145 19161 1115 5022 30013 5221 4728 32010 27227
17062 21433 18839 25680 24405 31479 3373 15916 26974 24443 32241 7018 13687 22673 2941 3088 4912 12567
20667 16149 29268 12222 15286 24295 1045 28427 1893 29755 5397 476 25743 27510 6986 8263 27621 6060
13326 22644 14122 20580 3779 32723 15425 1413 32702 24797 18038 25952 14035 24657 10819 28916 22251 6060
3822 6841 26981 7977 27338 19295 27089 1094 3492 26866 26065 10354 21851 15398 28059 1093 26748 20498
20516 2638 5033 10254 24592 9978 9415 26500 15524 6214 24806 18617 23285 6477 28580 32016 19318 7926
22943 21537 30624 8295 29907 17596 21474 10104 23283 13370 16949 9748 18054 6217 8217 19206 29189 20078
15777 21457 21730 18045 14443 5674 23470 23240 30396 15936 30063 29392 16130 31906 5113 19452 10182 8444
31356 1239 23366 23700 30105 18046 27687 10669 23253 10214 13680 4661 26967 10281 948 21471 26942 23114
476 6988 9607 8123 9828 21597 7082 3324 7361 19060 32209 21608 26498 5304 25370 21317 13750 2806
16993 7483 10645 16050 4840 8677 2770 13358 12179 18595 8567 22519 22601 7890 13485 27845 28020 29689
27172 27971 16875 151 390 7823 7949 29397 10258 20056 22318 32243 24793 31210 557 18180 15549 22783
16418 19778 24327 2317 7883 10097 2584 21704 31875 13326 12439 21471 1632 6122 17983 24246 11134 9843
19931 4925 9111 4306 24217 25747 25394 30413 7794 29817 6654 13896 27614 12313 6152 5364 13494 27913
13524 8172 13542 789 5228 24069 6474 7626 26443 12311 17129 17030 14 31672 9874 18085 23452 31673
1147 12821 30611 21465 29754 18963 4800 16778 281 16346 13333 2038 21149 16496 5046 29092 7440 24461
16995 1193 22161 7111 11052 17680 27747 30269 19179 8505 29788 23312 15082 25891 5823 21938 26835 20242
11232 19902 6515 9020 19160 18434 4522 22844 17274 26473 364 16390 16836 10992 3318 13305 5127 8963
4344 17176 21203 7081 31651 23551 25592 30380 22911 25195 5808 12803 28515 18014 21270 22234 32541 31183
6928 19486 4710 24509 22029 19001 26592 4744 9786 27107 24231 7118 16770 3268 31659 31433 2682 6276
26018 5380 26151 17332 29536 27921 2436 28129 10172 15323 15294 16522 14487 18362 18470 5153 31631 5762
7420 21770 21791 21686 20928 25918 1495 4157 4777 13878 29249 8353 11153 5763 16493 22835 12159 28755
26745 25225 30836 29656 4696 21839 31580 27144 24304 29588 11348 11151 30410 7267 28404 30733 31501 22001
20341 10647 13571 2386 32578 165 8090 19705 21073 860 10106 22926 14554 11991 15554 1114 28868 29381
5034 23767 27593 13981 12074 18338 9654 25144 4480 13419 26319 10130 12208 18870 11934 2001 678 8914
17127 20763 21197 31846 7917 4300 6704 27404 16094 13672 6198 30720 921 23903 29762 16474 10926 3427
2586 29312 5781 19418 15650 17818 25385 23503 27890 18307 620 5239 26929 7376 23920 4344 32466 3933
13732 13447 31766 1692 16969 15952 18136 18135 17972 27203 24682 4564 6598 22952 29917 1690 25897 16416
20267 23256 1744 4324 20707 19139 25112 10314 18210 23364 4752 11637 14983 19005 16050 10297 5289 18756
1999 1971 14465 24163 20952 5184 26824 1854 24268 2727 6213 31346 31664 23235 279 9000 14457 18202
7518 13067 26860 24601 24316 26153 27123 6062 16630 21910 26160 27068 3926 29688 6192 21456 333 4132
17301 6671 444 31375 25465 4992 16756 10360 18513 31618 28763 29048 8896 691 14453 17320 13837 7306
22311 26973 12113 17657 28947 15845 23673 15019 31629 27564 16412 26855 22826 4500 15573 32331 951 27076
21883 27525 24887 20244 15688 17933 7786 15576 13430 19404 11268 9261 27830 604 14880 13569 29290 11917
19915 29576 21951 8390 19677 14681 4171 4387 7163 31771 25268 2001 11084 30413 9870 3541 3249 4320
20703 8742 28867 8211 8275 11966 9761 24605 13336 31291 30315 15615 1776 20864 32305 19211 2604 26050
23201 2555 23935 6857 18892 19781 24174 16717 6366 26534 3196 31173 31932 29759 32061 15223 12507 23112
23826 15275 30891 26322 14196 12523 24156 6460 1174 12079 19741 31974 13826 5985 24686 11899 16484 22517
1683 26227 23877 31075 20708 9791 223 12920 3670 25519 16544 444 3134 20060 9544 1730 6570 3033
9730 5927 10393 1461 18222 19643 10637 9602 6524 1868 32168 7143 5557 7946 6728 3395 4192 17126
15334 16553 16777 16172 17016 11681 7484 10436 5186 853 30687 10319 8981 1730 13056 24982 28549 25206
28245 13149 9893 17762 30917 19271 13776 27435 32298 18988 28890 27371 11534 29816 9803 26819 20509 11034
15904 1163 6477 10286 15983 9259 6000 15495 21205 29378 5531 2309 12683 13160 24008 28766 31522 16644
7202 15618 28771 22846 24205 14224 6739 3375 27752 10474 16539 29829 29279 1394 19010 32507 16128 15282
25656 32698 2755 25493 2804 20365 2321 18979 20790 8315 15694 5353 541 24790 20412 31291 30930 18195
24441 18788 19089 25947 3002 16099 8010 24055 12812 24948 21457 5961 7328 25363 17186 2337 7288 16838
20831 120 19610 9643 5370 30147 30846 13882 14988 20816 25575 25783 32399 14776 28086 26094 22937 18660
19512 22804 15038 17157 23763 22116 27588 11278 17484 25089 31896 22325 23404 32581 20496 19715 9067 24643
10072 8985 16196 28044 18250 8937 11462 8719 5402 23043 14834 30562 17273 29011 29481 24143 28545 26023
1138 32619 18207 32674 19547 16437 5669 9493 6710 18497 21766 24753 21687 693 5788 15502 1312 22540
28537 18972 649 7179 13303 29979 14597 27643 10260 31778 18851 31022 32253 11231 32404 31675 16096 14485
20209 18796 31022 20879 28571 19708 21041 19195 11195 22966 21867 31233 500 5886 7676 8046 16759 98
13950 31699 9073 13810 19284 27321 7431 6278 2756 8091 25860 28307 20444 24907 27209 3415 29461 24508
13898 16832 23947 32575 30652 30216 14901 14214 12660 20375 25030 24384 18883 16591 23619 815 30237 19322
5438 8859 15979 28395 7742 28377 5478 32564 6957 26721 16546 24495 13704 30329 3347 24212 12561 21781
3038 11337 32621 29947 21299 11012 28128 10775 32685 4895 18608 17426 29096 9936 4566 27965 796 29501
9438 27530 12682 22724 26051 8232 30760 22605 21981 24779 22164 24553 10920 2017 16231 5449 17307 22131
27407 22159 6440 1132 19297 28898 846 7063 6869 17945 28940 30743 17472 24601 28439 2997 7944 10894
6273 16162 15131 21161 19852 3507 14741 1493 19547 14129 28026 3510 2318 9154 16554 865 24236 22198
6428 6098 30583 2722 14926 11178 1730 21666 24352 13372 12657 26939 1962 10186 16523 24529 14254 28323
31250 4124 8394 5269 15404 26208 30061 13881 13929 18689 24533 26306 23900 28001 22815 2489 29887 13874
23773 23991 19211 30809 13552 12904 1117 16940 22829 1946 3768 157 8215 4079 7408 7945 15070 21613
17405 31971 14957 29614 5643 22039 6188 14796 22592 30960 32655 3158 11920 26422 21297 26212 23003 15534
10978 24914 25694 30828 17748 1345 22529 1039 10904 24130 23442 5487 31380 4481 20938 18016 9114 28344
22131 32515 32112 14821 13878 3552 1200 10581 15461 2739 12803 21490 29480 24351 10793 2983 12759 4605
16831 24574 5473 12431 4454 17759 16266 29229 5801 7191 30614 29228 7239 5134 2585 7094 26470 10268
578 9375 25779 11882 6581 12693 21005 14495 31469 277 8204 16428 12608 14560 2078 23297 25556 12458
4793 29929 13858 22630 2525 18539 27470 5056 5036 5226 10109 10299 29112 18866 27473 6563 8170 11614
9729 4309 20487 10909 31002 10281 32181 20861 2856 15089 5717 15746 1101 4805 28869 24752 4326 3838
4815 28341 1775 8848 31998 25728 2313 17521 31778 26613 17528 11632 14936 31712 9397 358 3235 17459
6563 15779 14450 22138 19451 2622 11743 21181 23507 18780 29120 16461 1380 223 13381 27404 18535 31261
20327 15622 27960 13391 10837 20481 1168 1144 15456 13213 15688 85 11421 9084 11409 3877 18786 10705
25651 15565 21664 27120 29522 10993 24559 3995 11523 15625 13548 7633 20915 23024 1583 6851 30354 24563
25624 21276 18086 10036 12855 12887 31555 11922 6309 27339 9679 19988 11729 27176 10309 3177 21587 22085
30648 29171 2425 3651 1327 30349 8078 27439 26857 25960 8321 15979 11126 21288 21785 18051 18861 536
11282 6595 19980 20750 32136 16452 7510 4088 26334 31305 20643 22318 14999 28421 14855 15572 16550 16356
28524 1085 17107 15202 30674 9221 8609 11433 30325 15862 27935 862 28805 26012 15899 20392 2343 20661
19431 20009 20269 20010 31188 206 31186 7951 22837 3937 12092 3608 23459 27740 12599 24875 12678 31376
3195 310 4298 11834 9712 29782 24514 26364 16977 1593 148 32156 25597 14989 14477 17069 6961 26169
28657 26773 9277 2568 17878 5749 28746 19516 13468 8018 29692 11324 16970 6400 22746 19572 31003 20444
27758 28239 9430 21114 27117 31842 4026 4478 31254 16302 15401 20514 1390 6559 22103 24645 13420 25082
23107 26539 14886 16803 10734 10369 17736 10375 4062 2789 13040 14685 27106 25169 24670 18372 30724 11036
13903 17580 2996 15600 19177 13529 4968 11411 13773 3534 15948 23199 29382 5354 13352 27157 28102 7381
7602 7073 5766 15586 30973 18557 5302 24377 30295 31277 31820 16565 22793 23079 6778 16240 6342 30119
14823 4887 16149 4694 30818 19517 15638 3652 3024 13530 13627 2301 4154 28736 30258 20581 15651 29780
8297 19964 7178 14733 13742 28754 7821 15651 2977 19641 11619 12585 24370 30055 3694 30579 988 16287
15626 16987 27593 30206 4079 30644 832 13206 19041 12899 7564 25240 29337 32204 27850 7069 2807 10220
17188 24921 2482 17650 6024 29720 10758 16978 2851 14819 29746 8924 27277 30366 6083 16813 26548 20616
29632 14200 2021 23821 26940 15790 528 12755 21608 11343 2273 13702 18305 28055 15835 11785 25648 1064
18539 17797 28489 32625 19661 1234 31354 31298 16314 32148 16526 32682 21011 8343 3989 29209 28927 31941
23998 20654 5621 25055 25608 30421 25417 9247 23434 12874 18727 31509 14465 19129 11780 14897 69 22755
22633 23542 5338 1691 5164 7846 4949 5577 20496 11489 8176 18840 12326 3517 15586 3529 20327 23162
1783 30802 12021 29532 29973 306 3115 12613 29956 3228 7176 20300 966 9027 26160 2299 6853 29938
15523 10291 4128 389 2804 18 17751 997 31486 3918 16280 31603 10403 18262 1705 28595 25183 13217
26135 18947 12863 32062 27749 25033 10818 1554 17647 5863 12921 6547 18327 5671 20932 27732 23257 9289
12263 26872 1075 2803 19307 1182 17123 1074 8163 6171 4243 16381 14446 31024 9349 24606 27242 20394
21745 1609 13401 25543 12963 20571 32085 24446 15077 24391 12379 16704 15218 17299 28711 31281 17651 27850
24339 29929 18356 30330 14174 158 13870 28710 12223 23574 19031 31489 26626 23920 18728 23023 23039 29067
24537 20486 2816 28788 30757 26942 31004 324 7676 2284 239 2703 21570 23379 14257 27516 29462 1218
30036 30847 27880 11046 2841 30896 5508 13854 25146 7964 18305 24784 32508 15534 918 31352 9152 9782
26315 28920 4277 2683 4700 435 7024 13497 25160 11400 6902 30594 3553 17789 25581 15239 3662 16362
20774 28452 26653 4338 5202 20851 12939 17117 19191 22116 30911 6172 5061 7804 21067 22415 8166 16198
19607 8042 31979 22391 984 23147 4767 11307 1319 13090 4459 18794 22470 8583 19622 25519 18424 28403
15736 30012 20627 19478 10692 21461 15964 21867 11077 15087 27151 8671 4968 1448 9377 14217 26253 5486
12572 749 27745 8371 27079 11307 4094 26074 27352 26323 3155 32387 24352 6031 8432 20253 19518 27744
19198 20042 30547 17109 16001 8528 16824 30956 7154 18436 5723 911 7580 21845 18093 26632 14850 28762
28897 29463 30189 6287 19679 19161 25317 27631 31624 13912 1509 26571 13271 14272 8800 25334 27311 21733
9642 15163 20638 10655 11824 29816 16870 8422 27455 16906 1298 28590 20776 14925 29515 11880 23911 11597
26489 11408 26377 23568 3873 23195 14215 3096 31230 26158 26550 13054 867 25593 15620 13985 29243 9485
745 32085 27425 4370 7344 18971 4256 9177 19355 8660 28165 26739 25756 13241 2047 3816 29568 810
12266 30720 1308 19612 29973 21401 5800 25524 20573 11436 25775 1298 26129 16 5844 22710 31224 14732
838 8270 29155 12943 1794 19976 518 4040 11727 32670 24569 6362 9988 6503 6120 26096 16871 32297
24483 10 28412 7755 1195 20303 250 23644 20361 29631 10902 240 31362 25531 29719 15184 5465 28082
9497 27201 29773 30436 24385 10401 1257 5479 25672 23330 9457 24528 17675 14696 22557 3934 29774 4087
30502 20599 31250 13851 13882 23781 17161 29734 7326 15651 18526 22008 19306 19267 2977 9649 11716 21560
8981 2704 28714 29574 21004 2162 22825 1318 27090 23317 24811 18874 28269 27119 8927 6283 15410 20505
1397 15525 10443 13466 13395 22345 23907 28390 18573 25916 25680 13161 15219 16942 10125 17692 32575 17950
23289 25996 23126 22894 3945 999 24723 6874 26900 24934 9922 29707 14214 11274 3290 14304 26786 18558
14742 10126 5203 18638 9559 31149 7385 19177 20036 16213 7905 15330 29616 17466 11738 15055 29345 17427
6396 6293 8567 4849 13295 12192 17867 4976 24667 4008 32695 6037 21300 14868 18519 1910 21084 27246
24087 27223 26345 10036 15178 11795 16193 5814 29418 18631 15706 21566 4068 4245 28108 16866 21058 26058
25279 4554 26356 2853 12007 1194 30107 18624 32068 6027 8335 13425 207 7820 21346 15699 14428 1944
31584 21742 17134 16728 1637 21193 16432 573 17433 28270 31010 27762 1344 27503 19760 18732 5431 21447
8009 22722 27136 23640 16271 29459 9799 20489 3286 29647 18864 7330 19138 12097 11140 24141 26655 27489
7057 1326 12573 6375 17733 28949 10794 18705 12522 8157 3840 6886 32643 18837 12749 7601 15456 1865
14023 25333 24925 24478 26533 15601 26982 22065 7148 25957 3248 22720 28939 2215 997 9966 20175 28815
27987 4097 29714 19559 12220 8966 2028 20542 30928 11576 27318 10541 12326 8860 17313 357 32253 19637
1661 4265 16141 23538 28047 30024 992 13999 9191 20679 29945 8964 7173 25947 14914 9895 20004 12092
16472 14559 23462 13947 30741 8984 21018 5360 27856 11065 2786 27794 19391 25810 25230 18878 15117 17383
17745 11804 6672 20117 19187 16276 2082 2154 24418 22407 19984 29834 13185 28207 1278 18790 29164 7867
6247 13208 29787 16053 32217 16930 30004 18114 16119 22850 31003 1752 12785 18424 27901 25372 31787 23262
13417 5302 15082 2580 9166 11051 28319 7434 9089 18970 1068 24721 30311 24130 6300 19274 24977 18470
21164 11338 12110 13858 28529 16317 19279 10929 23586 17977 29252 27507 31536 31262 12918 21478 28340 32503
14304 18639 1545 10165 8516 18330 10370 11863 22764 20030 23474 15019 11771 5897 16090 21168 10745 25836
6449 4487 24166 23558 22043 16522 9958 8806 3097 11952 6996 17632 26903 25118 11860 7261 8743 32763
13310 12155 16456 1718 19741 19440 26782 13850 29137 21767 31176 16966 6617 341 7211 11306 15282 1425
8288 23785 8338 26415 18394 24347 18746 29519 21356 21095 24024 5677 29940 30043 26375 3678 32283 24984
19117 14487 27240 22049 18781 28648 7914 11262 30647 15774 31831 20770 28712 22014 8025 25934 14589 7416
27495 21972 6758 12037 15177 4816 24883 10873 21629 15169 18804 13574 30814 23299 3419 31068 12301 5939
21693 6491 11725 25831 63 20475 25008 9690 3399 16396 7052 18358 3551 11018 22466 16731 28936 2981
4621 2661 5904 20859 15014 26933 28296 14372 10653 13028 5349 30596 11366 22983 14392 18195 2524 26078
13358 29342 6188 13271 10277 31361 16748 5655 259 31886 4577 13349 13156 24812 11587 17413 8769 1878
17771 31385 28024 28820 28724 19767 9477 8253 30328 25169 7165 13013 31365 19433 22587 25535 4046 26766
23042 6 8545 1643 14349 210 17080 9367 19372 19100 17995 28345 26967 19540 14033 20224 24973 31450
3756 12792 17767 25798 18766 22868 11344 23129 11090 22518 29987 26025 23662 5493 16414 3916 12283 29331
7356 10990 14140 27960 10257 10328 31411 23921 5937 9386 29907 10702 27117 14286 11127 3368 16851 14921
972 19261 6481 32572 11188 28436 22425 16003 13877 28676 31639 11033 17831 22717 23751 29242 24689 19588
15057 7656 19437 1831 6766 6285 2370 12924 10710 19492 20768 11955 10721 6685 10493 10371 5983 10075
28450 6695 4161 14472 30957 4536 12729 6696 7895 23208 27102 20939 21316 25837 31270 4872 8051 1747
9680 13371 8769 29826 18559 8331 28158 2684 20856 351 24506 17840 24220 7276 19734 1575 29689 8681
9388 30726 3004 26392 23558 15971 31176 18689 18608 15606 24647 13153 16047 7009 12291 2028 4528 24433
28967 25030 21669 14503 20522 29003 29447 23343 11056 27654 262 1045 7018 19686 23888 1112 14026 24759
439 28132 1589 23279 7602 16130 27502 28341 22306 10210 29645 10185 19855 18068 21247 125 15235 29960
453 28449 20976 1388 15722 26629 10858 2261 25404 4020 27372 31800 25649 6599 30805 30509 19676 3830
21303 14751 7632 30900 31313 13123 28654 11293 28643 24969 8502 12660 15621 8104 1522 1035 3921 17657
22898 9721 19636 11648 27717 17560 14687 2335 18715 26845 3179 3109 20345 28698 3664 24365 32160 18712
7585 26733 26366 12561 13963 19388 4888 28010 22459 15486 16489 15694 25152 32314 18333 32695 20318 12033
6944 18872 22709 14455 7868 26837 28251 718 21445 3543 6088 17980 5402 7077 6817 5735 24529 22253
894 1190 25550 28935 28167 29569 22766 11294 9630 31145 21507 4858 32244 28221 6290 340 31962 31681
8795 30794 12960 21798 25459 31500 23739 26936 29309 28686 11931 12335 9498 16863 23770 28592 21147 15628
18023 4258 15148 26029 22632 25539 20207 16752 2021 28740 20815 20899 32205 10374 5420 14852 20929 8463
19511 20288 28195 9877 10235 2552 31543 19636 17801 6682 27749 21605 8878 5678 2906 991 5866 835
7576 19717 3210 12508 141 24068 30243 9439 22410 30728 15437 5311 10282 10402 8157 9597 214 16596
19394 28985 1502 9960 5075 3032 72 24118 6968 1329 19279 24883 24542 8713 15394 10725 25881 19144
24453 1131 31634 26944 10760 2039 24851 13083 30297 20918 13309 7445 28150 24171 30752 29029 14343 7625
9911 18282 2643 7328 1926 22195 30930 24721 19883 25409 7948 21206 13512 15662 56 21641 6802 4328
14620 22970 20660 1010 24750 9817 8819 22846 12893 2513 19255 6753 24358 13411 22777 221 8344 781
14026 7030 27200 24053 23586 27671 21821 1097 23515 31141 8739 25408 20417 4667 27892 21178 23631 14830
28620 21629 18647 283 28436 12664 26451 16327 11447 4483 18743 28807 31991 26882 31783 10315 23066 22859
19184 26063 4535 24261 16009 13787 26820 27020 23506 26454 20850 15488 22863 19396 4108 11799 18675 16384
26894 10213 29337 31044 13855 59 23112 21143 32129 2562 12029 5574 26333 30373 7635 32152 11106 26303
17664 27554 23400 17515 17278 3702 5766 17533 8378 29718 4608 10530 2180 17670 2374 9097 5969 8884
29955 28555 12995 26437 9243 1379 10844 16571 4869 32223 7278 25792 7506 1196 23426 22690 26046 29924
20354 2499 4135 31795 4058 12751 10737 24461 12596 17264 23711 16081 948 23483 18094 29277 15744 29387
5837 24244 19857 18888 17659 23296 21139 20564 1627 1275 29243 32405 22310 8155 3217 24459 13915 22799
2028 18294 28806 3927 12478 29330 5161 30795 27097 2054 27822 16292 10521 15715 8067 32118 31687 5565
18246 7686 4083 31147 10662 6192 32110 9013 25375 3653 19314 6647 9492 13450 28194 15321 25123 6784
14542 3454 1238 12899 41 20321 3189 12904 26716 4930 11313 11531 7234 19781 18510 31423 26693 7684
28152 21184 30038 20542 8473 11549 8377 18266 7222 19479 11189 22956 24379 1780 16197 21373 10153 13193
177 7544 12183 18839 12785 17572 20193 7413 6703 23843 23192 18792 13117 32383 24175 11542 22050 21334
3218 3412 25937 31168 32748 16688 11743 12215 11355 32436 32175 1995 6515 9792 10701 8724 17224 10285
153 9659 15729 24751 25811 30202 29863 1475 3220 24668 10730 972 8205 15945 1281 25611 13779 18317
22523 6493 26073 4250 29148 20408 29150 29072 7009 6398 15764 20693 6462 5406 4881 3771 20986 28585
28529 3223 28881 20450 21499 3287 9072 5959 22354 26312 19926 2570 29431 19162 20577 15884 18627 4898
15449 27623 23928 23573 4661 32312 605 24954 26327 31600 27656 23523 2652 9568 12575 22950 3499 27568
11589 20779 16874 3049 1055 26252 3729 31831 16740 8691 14644 31923 20472 4599 31797 26952 17986 5760
1815 11380 16969 20433 17826 27139 21050 28015 2201 16716 9504 23015 28058 16664 32771 32394 8308 27204
12981 6996 21149 23544 2557 28405 1622 1733 30889 11211 1513 472 30193 29727 9941 24079 19355 23408
13019 5098 20589 10120 4770 26348 19143 19976 5940 23618 30719 27186 32201 7887 29527 9926 2458 28115
31064 22577 20425 29126 17408 17247 4587 5005 31294 19481 17059 12695 28804 2077 4173 20472 13618 29301
4719 7584 9510 15061 29897 27904 1277 27991 15633 31223 23077 28323 1742 6887 56 2022 20851 14119
14154 32654 15540 8271 9439 31161 20265 10635 1856 7581 9014 6475 4959 14955 5632 20743 15243 26858
21742 18244 23207 25910 25914 12345 32609 7333 463 28715 21363 11304 27493 13399 23450 19141 1743 19995
2965 23578 26021 11337 27140 10129 5421 3785 16805 28571 20299 20591 6441 25874 27152 25375 28878 13048
8501 23056 32576 7811 5637 7842 27528 30558 8582 10973 15938 21503 21658 26354 2049 22158 17136 1111
30487 30153 29594 29549 23237 1609 5184 20327 19763 8 19108 23671 759 15323 16387 29682 31228 9723
17149 31539 1366 8095 7117 16424 28801 3542 28316 22731 14299 20553 18437 24619 4266 7145 12265 11823
15724 30375 24288 25969 27394 20074 28966 29512 4353 26926 13465 24164 5090 10427 27677 32476 8571 24351
9794 32190 1922 12028 327 13718 32000 13421 31178 21047 7395 29107 8103 18949 3155 15597 19740 3569
2431 10513 15386 2974 24230 10238 5599 23997 29959 24710 22744 18075 1226 29737 12491 20741 7296 12858
7445 13144 32007 29258 338 20737 1540 4833 31818 30180 11838 22867 8432 10325 17472 11431 28134 11598
29570 27055 7904 6802 18871 19193 13492 4960 14334 8429 20334 2943 19638 22105 13950 11282 8633 32010
11145 14083 14931 24360 25407 1230 19915 20486 16470 30770 14901 14804 11527 1124 7023 9065 11928 8519
16943 10731 3884 18988 1952 11181 14873 25229 14679 7647 9713 7572 6350 19441 26980 17050 11252 31292
22026 28084 22990 10567 13642 9472 3783 30053 1012 24791 26130 20044 18407 25185 4754 787 23458 29665
1184 24209 19652 28638 1945 20390 10236 10721 21467 23084 20469 5718 20782 19406 14885 19348 1258 29021
11695 14875 26901 18448 24876 13988 10008 26554 4570 12893 29478 8210 29107 15778 919 2008 1899 12470
24764 30307 23810 5918 2255 9984 6173 14498 9264 32691 22762 23897 17892 14441 31639 9994 29783 24201
5917 7598 30288 28848 22367 18858 8225 3774 3245 30775 7489 31160 3599 1696 29179 24774 18822 20246
12611 13723 7879 5136 9012 1408 24570 1545 22389 4786 5352 16207 24530 10627 23633 21017 12133 28334
1916 17603 22978 8367 19492 6332 11878 2666 10382 14114 27771 8594 22004 24529 2801 3373 25842 30462
20598 4356 24758 19605 14408 6246 5031 14946 24253 24000 19241 13219 29210 27326 13590 9245 25656 27563
13188 14359 22428 5174 17149 27534 1421 3953 20183 31543 6023 14600 4018 5090 12837 6649 20639 23548
11038 26041 13758 13207 10285 29690 25132 18026 8739 29220 5938 19502 1978 18800 10828 4936 32195 29998
27968 12664 30270 17692 25750 30549 7378 18504 26609 315 21125 23564 2335 807 14013 6900 23859 10888
30604 10452 964 12894 26396 5650 2238 1394 4224 22433 31720 2865 18802 4010 23395 31322 31751 8547
11185 19993 9356 20021 23185 14722 16324 22248 18366 13601 9659 23629 4090 687 3064 32031 30340 17267
11484 27591 2238 31844 20170 30761 22506 9453 10102 18911 25930 7064 22507 18139 7338 7550 31821 25101
30889 6968 3109 20059 11752 2259 1779 20970 30724 886 10416 13701 25802 27037 8988 3202 14876 16754
5833 20614 20896 2393 18559 3584 1793 20172 20288 7245 5094 10110 13805 7923 30495 26822 19920 18970
16677 14650 11518 10241 25413 22603 5350 23230 23826 14568 15753 5487 25561 18724 16576 19083 24751 1400
8520 18998 24663 12605 11043 19587 20952 21005 10011 9263 12010 18617 7957 5584 27354 9556 11946 3822
17357 4311 7127 14724 20956 26930 13289 10175 28917 27625 10441 5101 24695 2630 27278 28889 13682 17554
14569 17946 31512 10005 27014 5351 7429 17766 7698 16711 30868 20500 26279 15056 12149 8280 3247 25250
6559 22148 478 26810 28760 26159 12100 7789 4202 11436 8436 30718 28213 28195 18871 15317 6132 21675
23282 6258 25194 19812 27920 8226 7082 24677 29616 25559 24662 24161 15030 10916 28364 216 26408 404
5377 22650 14413 8107 5133 9653 1355 23035 5796 30598 13003 9314 5402 11443 7445 23024 17433 13095
12862 18996 27053 8527 14454 17994 13388 1628 32030 10851 28643 3102 26500 8073 13795 18245 11304 4456
29403 21060 7209 5364 24227 3605 19789 14977 17085 9514 5529 2202 10990 11532 6096 6947 23591 463
23473 8797 11605 14306 12068 16019 8023 16457 19121 29633 19965 6913 30479 12655 6213 13171 11893 11053
6718 17240 30362 31977 21906 22546 28239 22446 9234 21948 19465 12961 20578 5334 18478 15431 29046 30278
12278 2031 25506 2399 7250 13182 31820 8229 2350 345 21436 28187 18634 8921 16735 3263 4052 11864
26101 851 5332 32361 24635 11141 279 29824 2037 4431 11402 23618 19098 10504 25305 27426 1839 30543
11313 6137 941 1837 22212 18190 22722 19238 15347 1579 28684 17353 32284 21893 28770 2283 15100 14334
13476 4333 27974 2134 10317 21059 31647 20104 9920 7102 12032 4335 14497 15889 3589 24174 19264 25746
22537 3086 16081 14255 7298 25450 26155 9709 10972 15658 21858 28377 22124 17299 6688 19546 19129 23023
15075 22182 27632 25400 6103 32183 32650 26119 2623 13721 6529 18450 24038 12477 2363 7725 342 17575
17231 19630 1988 21670 802 29661 22848 24322 8415 25725 11687 2168 22444 6411 11583 16760 30812 28355
21489 25222 17363 6950 29330 23015 27206 6666 27292 18509 27268 3877 32740 9988 19723 22623 23745 21867
30778 19596 9373 10106 6147 25068 12338 21360 22114 14665 20667 22946 24467 18716 13540 16785 28422 9480
19474 19192 24640 7597 17486 27522 39 13467 32204 14261 6769 8335 4391 4512 32587 24025 17380 14871
32168 1805 1739 8210 3329 29307 23275 2591 9284 20132 14520 30302 30800 15452 21828 19642 7938 8232
25087 16125 21082 10341 8844 29620 20522 17284 29931 22228 4527 609 10129 11501 22386 9004 14948 17543
17878 16451 25922 25059 3393 24465 354 16469 23306 24023 12423 18211 3656 29345 24225 19257 27990 18474
31177 31753 22274 25459 31740 22143 11382 22787 9239 14828 28446 2406 30682 31626 20236 25192 27944 5100
9513 24593 21722 17162 5701 19014 25704 17962 22993 27250 31030 31879 24905 13730 29370 5523 23466 9877
15970 9744 20720 17501 29171 16132 21107 4363 4169 25443 31453 23713 21533 30523 15027 14437 7457 1496
11580 1605 23382 31206 29011 24758 5304 9096 17023 22145 24837 10588 20180 14112 30723 16121 1104 27450
11662 15937 21266 5438 30863 32413 8065 30379 24475 1723 24747 21685 26651 29766 10058 23203 25562 13863
2178 12971 14356 29853 10522 21638 31771 17498 25915 17229 2266 32446 20423 14406 22388 23942 1724 30029
18868 13232 5929 15386 14615 24944 28092 9547 26587 23996 3989 21522 12349 29410 5918 16794 3646 2121
12648 7534 24416 6007 6049 32098 29939 9946 16538 23099 21522 26323 18234 5215 16555 19728 16404 31952
28180 19007 31899 7780 29259 30168 30012 17218 22312 19503 22741 29353 26170 23294 31635 25320 2669 30644
8869 7042 25647 23735 26619 17370 27625 18457 12833 22964 15980 31026 31872 19573 28673 10289 27645 14373
340 21477 27557 15595 21249 495 19805 12041 13056 19761 11209 6812 24736 24081 1821 22510 8851 10720
23317 11209 19313 4956 10555 12414 18415 19095 12956 712 5203 1592 24227 28354 13063 29555 2514 6605
571 30776 14461 25604 2948 9059 27224 32361 10601 26505 2482 28892 8205 31677 13122 3265 765 32399
21073 2031 1574 14269 19613 15208 5252 4944 15189 17028 18774 13312 27435 30362 10074 14047 8679 729
10917 1540 25446 3053 4188 21747 13063 10356 28830 9158 3460 9617 1846 25527 5874 21355 17940 6916
14544 22071 3596 8815 11428 14231 10789 22756 11981 13336 26828 27115 21844 170 28557 409 18225 1246
9432 2943 20485 17677 19517 22384 2903 30958 12417 16552 9478 2539 30892 13030 26970 30408 617 10874
8548 22077 24449 2492 30720 30448 20749 24896 25203 22201 23837 1666 18948 28422 23160 5104 28989 4313
3802 12362 20919 19824 15195 14198 28196 9927 13006 8701 21614 1253 22277 18057 19528 10936 5997 20983
28137 10206 20124 4366 7423 577 6724 26957 9213 5135 2185 7007 27515 23044 14456 11186 2563 11751
18487 3612 10265 10576 11703 28327 29768 11335 21887 13711 9217 17702 9135 8443 15310 29594 13283 4368
7352 1134 29177 25213 4447 422 27288 29351 22376 29375 27910 11062 24922 26900 23438 11916 19597 5237
17943 851 18251 23708 11018 23151 25420 14802 31366 19014 4334 19162 14171 7502 15701 25233 21325 3664
21076 2470 8217 3800 4549 12642 29825 29749 2302 4507 24022 9903 6447 28606 32005 11921 20310 18846
26972 15418 2279 8424 13745 1376 8301 25175 29585 5601 7807 9651 20751 28023 11061 16810 11405 2277
15176 28674 15078 12353 13877 32314 7050 10378 4054 17959 30570 8910 4857 27407 1493 1472 22410 5797
4920 28080 8591 12995 26340 32406 9221 23352 8797 25700 25626 872 30580 7619 14505 3306 20496 27846
8724 18863 17684 2585 30237 10001 32349 30327 7219 31899 23019 1576 21984 15175 29986 701 20365 30956
29652 32624 30084 5195 8726 15230 18747 27822 19492 11875 12962 27207 26661 6955 2549 21173 28420 17747
21970 9634 32434 9237 31056 32256 8986 12361 20135 13035 24914 10224 27027 13682 24805 25730 32468 26150
20311 8003 10986 24353 23078 16321 5604 28256 23296 4360 12030 15348 4550 30761 31909 22808 2420 2591
15516 13040 730 6963 20633 9711 468 9417 13042 11538 22638 7589 28575 27127 19677 8226 23886 139
13562 31472 4914 856 9373 1983 22135 27697 2518 25755 31811 23724 21395 27391 31787 9006 32425 450
11879 16500 9353 9409 29382 26775 26898 16092 15228 15620 25047 12963 14499 14989 21535 11458 7988 6012
25850 7371 18814 3604 6052 28820 10866 20351 13851 27955 21061 6767 32747 17171 32462 12984 15233 14152
29786 13469 1321 32 6744 130 30991 12102 6417 15094 4846 17982 29367 7420 24575 20914 21850 4200
24496 9753 8424 21727 11744 6983 23844 10337 21554 25088 7316 12537 23700 20449 1748 8684 833 15713
2003 22945 8624 21071 24295 29542 12542 23636 2667 2559 32185 3023 19277 9705 27225 13079 15698 5125
23549 25493 16129 8397 11489 1418 9828 29553 16872 17907 32129 1348 7617 30374 17314 29074 3719 15473
28240 6577 20908 10256 9979 22755 18958 5320 128 17722 9282 27029 8562 14371 1364 6307 7687 6998
8063 30896 32487 13894 18769 21787 12171 30538 29478 20441 20865 30116 5796 29201 12176 10101 31887 1625
19750 1994 29961 6631 20023 10527 24009 16256 13056 28790 4851 28904 9361 29642 9588 10851 19694 14773
29907 7329 30771 21689 1514 4344 31021 5903 13553 23450 3795 23160 7435 30770 17845 6364 21144 11452
4510 20558 19313 20185 7091 28715 4523 1755 159 18904 7245 11661 31530 16890 27242 8214 13995 15952
15499 9740 18015 2780 2158 17819 31838 13421 666 8829 7494 4711 23212 17086 11250 32121 1450 21903
18751 28285 12961 22768 25761 300 17768 14660 14411 5980 29694 18166 20010 6346 24951 7905 2240 2688
21528 24679 27733 31504 24750 20043 9370 32412 10571 13650 609 14184 2269 13716 27993 9912 19119 18851
1701 16777 18008 10343 30480 1538 32648 23729 9692 3289 9006 12181 21517 21278 32446 16542 22269 14370
20170 26769 28797 27566 32340 16910 32310 18642 13747 29933 32209 22521 21202 8057 8446 30377 10384 31228
28202 24091 7971 4294 10533 1844 5133 12313 7 9698 5025 24235 14475 14647 18536 564 22923 27625
15842 2646 3239 16459 20582 15768 13393 17802 26647 1239 29141 20529 22894 20727 6236 29683 2212 30368
18187 14488 10948 7251 10331 18435 16762 5885 4411 4152 11494 20549 31883 5485 28619 5020 7901 28860
411 23924 3703 13974 19289 2097 15214 16901 10891 29788 13399 8130 5644 1471 29401 5559 16782 5207
11473 705 23395 10765 25925 4793 16368 11156 14895 646 16420 18293 10790 28851 21929 18062 19986 30298
24993 7196 17393 949 20811 20220 17619 15778 17738 6561 9173 22347 5910 23552 12556 9050 22603 15456
15571 23164 10443 4441 14134 20827 32477 29499 10127 6932 15666 3807 30942 21524 13274 5884 21923 4350
26415 28664 4230 11766 14444 29090 21790 31241 19885 23403 7383 31492 21284 22112 9272 17728 29468 8792
23629 9251 8158 18546 5250 3708 3198 28739 22678 8948 28436 13124 16047 10668 27034 2615 8756 21726
13667 12645 1544 16053 27617 7776 7139 24306 2796 25736 11155 29889 3617 9112 22057 8499 15164 23703
29207 11670 31776 18648 31457 14908 25649 3950 20840 20829 14893 29871 18557 6793 9760 24638 14762 10744
23583 21755 7650 10320 25239 14166 26402 20121 19841 32276 5533 29335 3269 10510 17825 7983 10401 6779
12679 29961 2093 11768 25581 20448 7740 10865 5683 27460 6272 27081 30544 1184 27883 21295 22178 13418
24868 832 28467 31919 26794 16061 20296 18098 29848 2925 6208 19960 4696 2863 4672 12988 29700 30026
20609 12508 16203 19024 25095 14150 16043 7504 18996 23356 20651 4327 15795 25722 12676 24764 24536 27796
31508 5777 31728 20369 30368 17703 30517 26818 7627 25828 30367 22117 25771 12308 30025 17425 10970 5962
18097 29359 28296 11891 16782 32442 7652 10791 3821 7592 8881 19524 22867 20490 1053 23174 22578 17315
15060 31622 29615 25105 4978 5549 31893 18271 15136 3202 13459 7481 21082 30844 8906 5592 8722 13466
28805 934 20242 24290 18935 18739 10153 9792 32759 7375 26453 921 25838 23790 3361 14406 8945 28866
8128 12135 1463 28886 31820 7480 29856 5129 2877 30902 6454 7372 30510 11079 28256 17104 17054 4889
12956 21596 22376 13134 31717 3215 27710 11957 26305 22985 23954 26798 7740 3971 21296 26630 14283 16881
20794 22688 8066 17468 3841 18161 4263 2047 12263 29139 22106 22752 15118 20131 20615 12351 27838 7108
31062 7456 15936 7405 26215 31814 16403 24140 696 32019 8769 6552 31863 11768 1760 6470 9104 3465
31515 13894 13246 23414 12852 19419 18334 9882 24280 15787 28535 21045 18130 27681 10378 4103 27857 13083
12448 2758 27810 20112 29079 15395 25933 16894 393 11307 3618 7561 29436 5005 20754 15756 28989 8076
2045 24762 25964 20664 14444 12291 7957 13151 26764 5337 15799 27441 27524 31290 22039 20334 16180 21224
4132 4981 22779 833 14513 14250 31762 2017 1009 15924 30265 30671 31716 24661 24397 15360 22270 16350
13894 6565 13108 20756 30949 27270 28945 30776 4508 8020 11157 6268 14272 26873 1929 3506 7602 9044
22435 20420 2453 24295 20665 14614 13363 9225 19049 11817 2602 19744 18307 8410 10978 4773 17259 11349
17098 9589 32463 17632 6861 29515 18892 14360 31300 29188 1285 31123 14297 3123 22541 30626 5029 3293
22405 29682 14434 9496 6012 7475 32340 26489 26182 25708 19634 22241 11135 19099 13629 25129 10036 8930
9824 27443 3428 1167 20151 13217 14803 27110 4077 19404 30650 13934 6973 24689 6786 8823 5190 516
25047 17836 22003 17059 26214 16166 13873 18018 2856 13543 25420 8498 11884 10204 14304 8176 5939 22554
8444 22311 23326 13664 29295 5152 14439 6038 17765 3068 8193 15463 15689 26062 27703 17345 20214 31245
32557 10718 26069 25853 17968 30865 973 18142 23729 11684 14035 20097 19408 4321 300 27202 8739 30339
4054 15140 24504 10776 23286 9731 29218 32121 3306 8030 15683 14271 19272 3365 27597 24898 15903 23259
1080 9932 29109 7106 32310 20969 28302 22488 21506 4387 9010 24133 19488 3148 31894 15039 30567 340
18692 10482 7968 25949 16567 8633 8144 17877 20724 24435 27513 26126 1398 29656 12544 21694 11296 19534
25420 30302 3761 16626 7309 16156 24306 2223 6735 6472 12592 12563 19764 13405 8315 29512 14660 14296
31238 970 8828 5695 2525 14422 16754 31986 26207 8162 31822 7094 21987 26901 24596 16596 10902 12999
22046 1270 12419 8950 20967 1087 2563 24564 29400 24210 5719 18308 22200 31893 15973 159 6157 21798
17419 17241 13542 11952 28486 29459 22965 6370 13827 26216 19656 6862 14786 31310 30059 20724 14280 19100
15381 30706 18345 11624 15879 7944 898 19467 4547 32596 30526 30489 5957 13006 29045 4094 4388 18432
4797 9550 283 28036 14210 7372 1431 12859 6075 2175 13097 5464 14533 276 9756 25356 3711 9043
18561 6416 25871 2920 2181 20430 29209 27173 31435 25446 10244 4519 9535 22927 10025 4742 28175 16075
26952 18621 27340 30895 969 29251 3103 18506 7030 11213 24864 30788 26375 28620 28650 29655 23506 29698
23866 16818 24671 241 24918 8004 8642 8157 17549 14374 26367 15030 24674 13792 32339 2731 24742 9210
8592 28839 16628 25603 27585 5202 17014 11868 15805 25792 22035 23187 11480 22630 13856 27844 22406 1605
11685 8831 15515 30204 17978 31851 28836 16857 23493 11 19873 26375 20294 11716 30856 24750 22116 26298
22942 26625 9042 16387 25382 30749 24726 31887 16674 28409 15743 11450 20751 26916 1642 11596 31370 13212
1415 790 18118 28650 10221 20115 21025 18036 8937 21443 29707 17205 5424 21177 14636 14431 24791 11255
2965 17380 14682 3312 9626 21050 8584 8497 10870 15487 22112 1022 397 23594 24986 27895 20400 12523
20634 22162 10964 30020 19407 6081 25524 15671 2561 11824 553 31477 23641 13541 20377 1539 19944 17119
2869 167 5221 11798 9519 14198 19526 28344 7068 22293 15807 7859 22001 5293 9600 20816 6815 9205
15919 16224 31446 6062 1437 841 20668 2343 31459 24989 11176 8318 20488 22962 18174 23725 19533 31486
26287 13507 23242 14785 13981 28649 287 16643 2041 20312 14944 31750 2195 26350 29233 21614 20747 16309
7358 24639 25796 8298 9697 31925 67 6480 13686 4250 20958 11475 897 29590 30834 13199 14509 13626
25775 22024 5888 16541 30782 14535 26314 6131 32667 14026 25635 9363 25015 17923 10258 22365 8762 25155
19052 5370 4559 6755 14318 10951 18637 7041 30781 18345 18409 22200 24728 13684 23445 7408 28293 20026
7475 19715 18079 27184 11942 28660 5176 16777 3145 24507 17491 32456 4387 21542 22988 32041 2255 29105
21785 28544 27838 14136 27826 27384 9872 25930 4446 4766 30070 15397 31481 24226 20828 11232 14748 15385
26828 21203 1692 273 5219 26081 21049 28863 23913 24452 18730 19433 29115 4422 20160 10723 8881 29292
10010 5409 18916 18982 19869 10479 12322 3863 13200 10877 21286 6546 25436 23248 9444 1011 17300 31961
8527 21818 30326 19314 22280 20955 4544 23549 15630 3833 10902 10553 29609 9100 29105 16892 19281 5199
23571 22708 11705 21815 4994 11895 17687 32225 11179 6047 32223 3012 22355 4768 16036 20204 6615 12581
29189 23722 12498 19497 16186 9427 12862 16575 3213 1331 6826 12568 10338 30405 18311 1509 13342 12801
6656 11116 11675 25819 15924 18341 13026 22213 21001 25627 23502 6115 26887 18444 17998 5469 10131 32523
12468 12509 29582 18339 15961 13737 29755 26209 17010 18547 24198 6394 11569 11519 19023 9712 30506 32340
2747 17456 9919 13663 18433 22270 19521 6410 21680 14934 4049 30054 31542 7008 11770 13554 16445 6428
32262 14223 21659 10588 24349 1112 13315 32279 10013 12696 11156 26331 28753 7808 17647 27246 24706 23585
20836 5384 18291 24412 4503 13903 11937 23134 13559 3061 14202 22304 11762 5234 25741 28988 5646 1499
10183 18802 7832 9584 21443 3883 18714 31425 19281 15668 25736 7069 2831 25445 2678 3062 26849 7145
6264 28197 9861 1437 25100 32633 12741 24908 5730 7362 12021 11588 5832 19342 10722 23210 14585 841
2319 31068 12813 12921 7910 30305 9543 15591 30059 18380 4963 28009 12295 9110 9735 6137 8109 7327
5045 26754 25915 16763 5970 6497 15886 6680 14581 3647 22246 7935 25062 4042 16642 1943 31144 8868
25959 2567 1757 14232 4754 27037 4189 12084 92 28506 15102 28210 26094 10461 24339 32265 32339 2470
4720 30062 5881 18967 25304 9618 1129 8545 15385 18217 6550 13641 14120 9232 32075 23599 19710 30937
31094 3448 10664 2810 8538 7206 7199 11999 26964 6111 23919 14991 3486 28608 11657 8244 25236 13267
32413 11587 27573 4323 11832 10676 21698 25083 1472 21352 10525 29879 32617 29161 25863 23480 2939 32385
15973 27403 20993 7238 15817 15132 11281 23776 1905 19898 21050 3284 28137 12743 31387 1295 10856 16480
25377 15256 22659 20743 1193 4448 3859 32684 27087 6146 13401 24824 26136 19335 26382 16614 10618 31915
6980 18404 27668 26544 17514 8603 11857 12967 10717 610 18648 20642 16868 9951 18771 1273 11967 10756
22299 704 14848 19702 7164 25681 27193 3455 28071 30620 3785 9919 13104 6716 24026 22508 17094 8632
230 3404 13171 3275 11130 18442 24505 30673 6069 24402 5058 4656 1418 30808 9292 4139 6199 20625
27021 21527 11716 13798 23143 19635 3323 18819 17398 17188 1352 26740 22857 5562 23913 22220 5986 6787
11186 2392 14688 9766 30009 10419 14598 29540 11976 11137 6016 26226 31778 8832 27205 26762 18927 4786
26754 22615 7470 31294 29803 18857 13769 23310 23786 4716 24148 26660 21460 24317 1906 12459 21519 19336
2044 26103 29655 15577 8299 5878 24545 30248 7233 32425 31206 9957 11671 16442 22599 27727 24282 11728
8523 1036 14104 30015 32467 10868 27713 20273 9872 24962 16325 3215 12780 7053 24937 7711 17134 1705
29823 29234 12448 29757 4888 17680 14369 6237 27593 16135 28129 7763 21873 32062 27463 19563 30044 24672
29767 13469 21403 15848 4396 11579 31132 20335 22854 3578 30472 31765 26896 27947 26870 22696 16646 22813
24338 31153 2220 18973 15223 29606 29066 18459 26737 9603 14135 275 120 10760 30322 19350 17625 2663
22908 20824 32224 4030 21579 24203 8767 20184 27882 4244 24497 18907 19520 25042 25246 17527 4909 19842
30623 9817 12155 1888 25402 1931 11695 1078 3192 17307 17039 19992 21608 11903 2359 24899 14758 18431
12599 3330 8344 2388 6455 5380 24269 10545 4503 3803 25678 29018 17269 14237 7984 958 30698 15842
30072 10318 15222 15378 28973 667 6627 24278 31437 18491 28165 29679 15824 22188 572 23796 4987 17069
31917 8896 4141 15918 21557 9481 3721 28777 18740 8631 21798 7246 7957 4417 12913 12507 4419 4822
10935 8298 16791 25757 5246 6536 6570 9405 16211 32312 23950 22068 105 13741 27137 26141 16856 13390
23370 11527 28618 21888 6192 10503 24703 25703 32038 27470 4518 28173 9178 30390 22764 15013 746 2572
25068 2155 25047 4827 5934 25866 23926 17519 20695 16723 30714 3871 26029 6906 29222 29582 31374 22701
26640 28347 11303 13476 28255 31158 28335 20727 11223 23034 16349 21169 11020 15847 1956 7897 24658 24961
16997 5556 8216 14198 21047 26790 313 21040 4517 26030 26602 2413 1346 21971 13446 6185 18209 18782
21246 11823 2261 28281 9740 13006 18295 19969 2882 13031 3574 2753 29382 14331 25070 32436 18357 730
13830 21147 9352 26449 32725 27634 4059 17216 19039 19696 15708 20067 25699 17187 3881 15990 941 32648
21287 31593 31666 30224 30916 24501 24955 7717 15079 16725 15015 29280 31368 15974 4549 18970 17560 2797
3628 26925 16673 14793 26744 25114 1599 16051 23251 9818 2863 9284 26288 24894 14300 12808 3212 30802
19630 32547 21170 20206 7810 11490 13721 10061 25285 17888 24295 15922 2080 32051 16011 31959 22281 18876
25051 23844 22245 6744 9613 23445 13110 7499 7505 5234 7398 22765 19957 26187 25686 4048 5607 14122
18239 11739 24513 14305 11943 14570 31454 16839 23002 565 14077 10874 12497 5085 7451 10746 15132 5757
25453 12072 30602 11085 30467 15910 3837 30265 14330 13678 8416 21652 17358 5312 8914 31609 27148 8859
4202 31553 10030 3042 26751 25180 16762 22909 12685 31950 25762 22717 644 27746 22383 20903 19518 5101
10033 10072 24285 5172 26215 16162 26534 21497 22711 18854 25324 20727 10619 18939 15912 13485 2363 30569
9928 27071 19446 21854 16538 11624 26370 7511 16594 22841 26764 22403 10661 24834 17797 15618 8506 16666
6507 16644 8649 22747 13597 23518 32092 28026 5910 29810 29254 20688 10899 862 19313 26785 26739 19850
18704 4681 13974 20414 19910 7735 8650 14641 3066 24613 19780 4104 11981 3851 13526 23670 15473 29159
7546 30069 11219 5194 20408 19561 27365 32609 30878 21185 20774 13118 19659 21903 14909 23587 18919 27620
17723 170 12824 21280 29554 8984 7669 21884 9299 5205 16552 5865 10484 29138 14924 25659 27655 3226
5216 24681 27199 13362 17616 11389 30366 8653 21267 25806 1874 32721 31581 4543 1717 18858 27740 26074
25656 32682 31506 26171 25212 27445 26850 23005 23660 28506 6152 6713 32686 8615 18964 8951 13961 9958
17594 31626 16044 4218 31032 22227 10123 13804 2430 1368 13794 18069 18348 5566 26255 3959 3093 16216
3583 12746 32127 29379 20525 17711 10036 11618 27783 8865 31161 27256 6652 21301 4546 20202 28639 24458
24899 27401 5662 31541 5823 11934 15044 18560 24283 27510 1714 12355 23682 447 4001 2660 29284 4894
347 4630 15400 22449 31791 25289 20549 29031 25316 30940 10576 22926 5380 29492 20762 17643 21057 4191
10644 6529 16587 9381 28942 21321 21716 954 23470 29284 5123 6931 24490 20579 28996 14530 3956 30508
15486 14669 7870 22066 25422 7063 27912 29295 31964 13225 12971 27628 24368 31275 11384 30221 14286 13382
24885 7606 25902 28580 23856 31286 3057 3673 293 9237 9477 24548 15753 3511 32564 367 23078 7018
29073 803 8772 5256 14866 3372 5126 19346 17429 336 28129 6166 21369 21677 13845 32572 20475 7594
6264 9800 11295 4657 14041 27528 9707 29230 18153 16698 23010 6743 6994 10101 26597 15134 29296 24266
9063 28637 10016 13129 3139 12932 8267 30647 2978 26363 6869 4188 12628 31636 10500 10112 27981 22745
1205 26721 298 7793 4081 23536 9823 26449 8044 17600 9348 4955 27419 5181 21402 20505 16852 22157
18134 24181 23082 12491 7142 20593 24171 19847 10673 15122 3649 21212 3108 6311 4812 16371 18393 22339
24896 19343 588 20357 18250 8674 2442 8070 32207 7106 10554 9719 24127 19675 1809 6636 5623 887
1023 31289 29628 5953 23821 20961 11157 8536 2391 2998 11520 31693 3950 21378 26427 8748 20337 15936
6103 20790 32073 14168 32724 98 18221 28099 6727 4502 25655 15764 12837 21381 1952 20900 29138 12759
29628 31141 18593 12258 10668 28748 17239 2411 28922 3526 12874 5562 13204 8871 14890 18761 27131 30357
10928 28932 5143 10161 14306 1109 31087 26156 28989 10506 11916 18382 5024 17919 6652 12322 4291 16238
30177 2209 27069 14873 2478 17626 14071 30 6206 28670 31546 25747 15821 15573 7151 16570 15036 22511
7440 26749 26113 29798 31153 12261 17533 21003 14359 24569 32747 14125 4998 13555 14994 6870 22573 17281
31446 31604 19900 24438 11080 7518 19413 24944 27382 11752 21781 26219 10680 1717 21439 25982 19727 3335
21991 14376 22811 27005 25141 28768 22991 5207 17482 6532 2201 28991 27301 16137 27043 30795 13070 21916
24184 9768 16685 25212 26560 12691 15214 32016 5088 16459 2550 1777 21976 6329 29802 13750 16443 2929
14576 19367 24566 4440 31385 6666 13459 23057 8488 10803 32592 17938 1887 10393 26487 2433 5134 28169
11850 29559 6271 17310 28644 5345 4527 15398 11188 17465 10150 16521 4462 14601 1861 10805 20093 15368
29131 1896 22346 10108 8060 26205 26894 13167 20259 16974 16350 19106 8583 28345 15571 25430 6610 7447
30851 6321 24764 22705 32178 65 9749 5295 10387 30590 15392 10381 26026 26118 18847 22193 19823 12216
11727 14618 22557 21310 29420 12496 9622 28874 27274 13033 5526 13538 20688 4202 11353 25582 4419 5115
32539 387 2624 4624
