	学号		语文	数学	英语	物理	化学	总分
	00000001	77	76	80	71	76	380
	00000002	76	75	79	78	72	380
	00000003	69	77	83	79	77	385
	00000004	81	76	73	75	81	386
	00000005	73	71	81	78	76	379
	00000006	77	68	76	77	79	377
	00000007	76	76	70	77	78	377
	00000008	74	77	74	74	75	374
	00000009	80	74	81	83	79	397
	00000010	76	75	69	81	84	385
	00000011	80	71	74	72	79	376
	00000012	79	75	72	82	76	384
	00000013	77	77	74	71	75	374
	00000014	77	87	76	76	75	391
	00000015	80	74	74	75	73	376
	00000016	76	71	75	75	76	373
	00000017	78	79	75	69	80	381
	00000018	84	79	83	77	71	394
	00000019	73	82	81	76	81	393
	00000020	73	73	59	71	76	352
	00000021	81	73	78	72	84	388
	00000022	76	78	76	87	72	389
	00000023	76	80	75	83	78	392
	00000024	78	79	77	81	78	393
	00000025	72	79	76	72	75	374
	00000026	85	75	81	76	81	398
	00000027	75	76	75	81	81	388
	00000028	76	73	70	78	78	375
	00000029	73	76	73	78	74	374
	00000030	77	74	76	76	68	371
	00000031	75	75	80	73	74	377
	00000032	75	73	79	75	82	384
	00000033	77	78	76	82	81	394
	00000034	75	77	75	75	74	376
	00000035	73	81	76	77	75	382
	00000036	85	76	81	76	80	398
	00000037	80	78	76	72	79	385
	00000038	76	80	74	81	77	388
	00000039	80	73	79	78	76	386
	00000040	74	73	75	79	84	385
	00000041	75	77	74	77	81	384
	00000042	68	68	77	76	78	367
	00000043	88	73	74	78	82	395
	00000044	79	79	78	78	80	394
	00000045	64	80	69	76	77	366
	00000046	77	78	83	79	78	395
	00000047	73	83	79	86	74	395
	00000048	76	80	77	76	80	389
	00000049	76	77	76	74	74	377
	00000050	75	77	75	86	73	386
	00000051	75	75	75	80	78	383
	00000052	78	80	84	73	70	385
	00000053	75	79	77	84	71	386
	00000054	78	75	76	74	77	380
	00000055	72	81	89	77	78	397
	00000056	81	88	78	73	81	401
	00000057	76	74	66	75	83	374
	00000058	76	77	80	78	78	389
	00000059	74	77	79	81	83	394
	00000060	78	81	83	73	70	385
	00000061	81	77	80	75	78	391
	00000062	79	69	75	72	75	370
	00000063	78	76	73	77	80	384
	00000064	77	78	78	77	72	382
	00000065	82	74	75	76	74	381
	00000066	78	78	71	78	76	381
	00000067	76	74	76	77	77	380
	00000068	75	77	77	74	78	381
	00000069	71	74	80	77	74	376
	00000070	80	75	75	82	75	387
	00000071	78	78	74	75	76	381
	00000072	86	79	78	72	68	383
	00000073	80	73	77	75	79	384
	00000074	86	82	77	78	75	398
	00000075	81	76	77	75	83	392
	00000076	74	78	80	73	79	384
	00000077	75	88	76	77	78	394
	00000078	74	75	76	88	71	384
	00000079	71	77	69	77	78	372
	00000080	77	77	79	75	77	385
	00000081	81	73	77	74	80	385
	00000082	72	81	74	73	81	381
	00000083	76	69	74	80	84	383
	00000084	73	79	75	76	69	372
	00000085	80	73	73	74	77	377
	00000086	75	70	83	75	78	381
	00000087	85	79	79	78	82	403
	00000088	79	76	77	77	79	388
	00000089	75	76	77	72	77	377
	00000090	74	76	74	74	80	378
	00000091	77	66	72	71	83	369
	00000092	77	68	80	76	74	375
	00000093	78	83	79	73	83	396
	00000094	72	70	76	79	76	373
	00000095	75	78	85	79	77	394
	00000096	76	80	76	77	85	394
	00000097	72	78	81	78	74	383
	00000098	79	78	74	72	80	383
	00000099	75	78	70	73	80	376
	00000100	73	80	80	79	81	393
	00000101	77	85	74	73	79	388
	00000102	69	69	80	74	76	368
	00000103	71	79	77	74	74	375
	00000104	76	74	75	84	81	390
	00000105	77	80	77	76	77	387
	00000106	79	77	70	72	79	377
	00000107	76	75	73	73	71	368
	00000108	78	85	77	75	76	391
	00000109	77	68	77	74	74	370
	00000110	73	74	77	76	77	377
	00000111	81	75	79	77	78	390
	00000112	75	78	75	84	75	387
	00000113	72	75	76	81	80	384
	00000114	81	77	76	75	76	385
	00000115	68	77	72	78	80	375
	00000116	83	74	75	81	74	387
	00000117	71	74	76	81	75	377
	00000118	85	83	70	85	82	405
	00000119	80	77	86	74	73	390
	00000120	75	83	76	73	76	383
	00000121	72	74	75	73	77	371
	00000122	74	82	80	80	75	391
	00000123	80	77	78	78	70	383
	00000124	76	79	77	76	82	390
	00000125	79	75	81	81	71	387
	00000126	74	76	69	79	77	375
	00000127	71	77	89	79	79	395
	00000128	78	74	79	73	74	378
	00000129	75	80	93	76	73	397
	00000130	76	73	78	81	77	385
	00000131	76	76	77	74	79	382
	00000132	79	77	76	76	78	386
	00000133	77	76	76	79	79	387
	00000134	79	72	77	78	71	377
	00000135	77	77	77	76	82	389
	00000136	77	78	80	75	82	392
	00000137	80	81	75	74	76	386
	00000138	74	79	78	77	75	383
	00000139	73	75	82	75	77	382
	00000140	84	78	73	75	76	386
	00000141	73	77	72	79	77	378
	00000142	78	80	81	76	76	391
	00000143	81	79	85	68	75	388
	00000144	75	77	78	75	71	376
	00000145	76	70	79	77	82	384
	00000146	76	74	66	76	78	370
	00000147	83	80	77	73	78	391
	00000148	85	75	74	71	74	379
	00000149	74	64	78	74	76	366
	00000150	78	79	77	75	79	388
	00000151	76	79	74	74	85	388
	00000152	75	76	76	77	73	377
	00000153	76	77	81	75	75	384
	00000154	77	73	78	79	72	379
	00000155	74	80	70	78	80	382
	00000156	70	76	83	76	71	376
	00000157	71	83	74	75	82	385
	00000158	72	81	74	72	75	374
	00000159	78	78	77	78	75	386
	00000160	75	75	75	77	81	383
	00000161	81	75	77	76	74	383
	00000162	75	77	77	72	77	378
	00000163	80	74	72	78	70	374
	00000164	70	73	81	81	82	387
	00000165	76	77	76	75	79	383
	00000166	67	75	79	77	78	376
	00000167	81	75	75	77	82	390
	00000168	75	82	75	72	73	377
	00000169	74	75	76	80	79	384
	00000170	78	75	84	74	75	386
	00000171	77	80	73	81	76	387
	00000172	79	66	79	69	76	369
	00000173	72	80	81	71	78	382
	00000174	71	83	77	74	74	379
	00000175	68	76	74	70	77	365
	00000176	77	81	84	74	72	388
	00000177	70	76	74	81	75	376
	00000178	75	78	76	84	71	384
	00000179	88	79	80	71	87	405
	00000180	73	75	74	88	76	386
	00000181	75	90	77	72	75	389
	00000182	80	73	84	76	80	393
	00000183	73	76	66	76	79	370
	00000184	77	75	80	77	76	385
	00000185	68	77	76	75	77	373
	00000186	75	75	74	83	78	385
	00000187	76	84	83	74	78	395
	00000188	68	72	78	79	81	378
	00000189	73	84	79	81	64	381
	00000190	76	75	76	73	75	375
	00000191	76	72	81	72	75	376
	00000192	80	79	78	80	76	393
	00000193	75	69	75	74	77	370
	00000194	81	76	77	77	74	385
	00000195	77	78	77	76	86	394
	00000196	85	83	76	74	76	394
	00000197	75	77	77	68	72	369
	00000198	75	72	77	85	74	383
	00000199	73	80	81	76	76	386
	00000200	75	76	82	73	75	381
	00000201	75	91	79	73	85	403
	00000202	71	75	70	76	74	366
	00000203	81	78	83	79	82	403
	00000204	80	76	77	80	81	394
	00000205	80	77	78	73	78	386
	00000206	83	77	87	75	75	397
	00000207	71	73	71	77	81	373
	00000208	74	77	74	76	76	377
	00000209	76	77	80	74	73	380
	00000210	73	71	80	75	85	384
	00000211	77	76	72	75	75	375
	00000212	74	77	72	76	76	375
	00000213	73	73	73	73	68	360
	00000214	77	74	76	78	75	380
	00000215	83	75	75	74	79	386
	00000216	78	86	80	74	75	393
	00000217	75	77	74	70	71	367
	00000218	77	78	77	75	77	384
	00000219	77	72	73	74	75	371
	00000220	76	79	74	76	72	377
	00000221	78	83	72	74	80	387
	00000222	78	76	80	75	66	375
	00000223	74	82	83	76	81	396
	00000224	85	79	72	76	78	390
	00000225	80	82	80	81	86	409
	00000226	74	74	75	69	72	364
	00000227	63	75	81	73	69	361
	00000228	65	74	71	75	71	356
	00000229	71	77	80	73	78	379
	00000230	70	76	80	74	78	378
	00000231	74	83	78	73	70	378
	00000232	76	80	78	74	70	378
	00000233	76	81	77	68	68	370
	00000234	72	81	70	76	75	374
	00000235	80	74	75	68	75	372
	00000236	73	78	83	72	76	382
	00000237	73	78	76	73	73	373
	00000238	77	74	82	79	77	389
	00000239	77	77	89	70	78	391
	00000240	72	77	78	76	77	380
	00000241	77	78	80	78	77	390
	00000242	80	76	69	77	69	371
	00000243	83	76	76	74	73	382
	00000244	78	84	70	73	75	380
	00000245	74	69	75	73	78	369
	00000246	79	74	85	79	84	401
	00000247	81	78	76	77	80	392
	00000248	76	76	77	76	74	379
	00000249	81	77	77	77	70	382
	00000250	79	77	74	78	80	388
	00000251	74	75	78	77	77	381
	00000252	71	78	76	72	68	365
	00000253	75	76	86	74	72	383
	00000254	76	68	75	77	78	374
	00000255	76	73	77	72	77	375
	00000256	76	73	79	81	72	381
	00000257	77	75	83	82	74	391
	00000258	74	76	80	77	76	383
	00000259	71	79	77	71	79	377
	00000260	74	77	76	66	75	368
	00000261	79	75	76	83	76	389
	00000262	78	81	79	73	71	382
	00000263	81	81	75	77	77	391
	00000264	73	74	76	73	78	374
	00000265	77	77	82	78	85	399
	00000266	74	79	75	73	81	382
	00000267	79	78	68	81	72	378
	00000268	77	74	87	75	78	391
	00000269	80	82	73	77	75	387
	00000270	77	70	81	76	72	376
	00000271	77	77	80	79	76	389
	00000272	82	75	78	80	70	385
	00000273	70	81	79	71	80	381
	00000274	78	83	75	79	80	395
	00000275	71	71	83	79	72	376
	00000276	80	77	77	74	81	389
	00000277	79	71	76	74	77	377
	00000278	69	76	79	79	83	386
	00000279	80	77	77	75	80	389
	00000280	74	76	71	77	73	371
	00000281	72	64	71	76	79	362
	00000282	80	78	73	80	71	382
	00000283	70	75	79	66	78	368
	00000284	73	81	75	82	83	394
	00000285	80	72	82	73	73	380
	00000286	81	79	79	77	73	389
	00000287	69	76	77	78	79	379
	00000288	76	75	74	76	79	380
	00000289	81	84	74	78	74	391
	00000290	73	77	81	69	77	377
	00000291	76	74	74	82	81	387
	00000292	70	74	73	75	82	374
	00000293	81	77	77	78	73	386
	00000294	79	75	76	77	81	388
	00000295	76	75	72	75	75	373
	00000296	71	86	76	76	84	393
	00000297	79	76	79	79	79	392
	00000298	78	70	75	76	81	380
	00000299	73	81	79	74	73	380
	00000300	75	75	74	79	78	381
	00000301	77	82	74	78	72	383
	00000302	82	82	75	78	73	390
	00000303	76	76	72	76	75	375
	00000304	81	77	77	81	86	402
	00000305	86	79	74	78	74	391
	00000306	85	74	75	77	76	387
	00000307	72	77	73	79	69	370
	00000308	75	79	81	78	78	391
	00000309	83	77	79	75	74	388
	00000310	74	75	83	80	79	391
	00000311	74	79	67	77	78	375
	00000312	75	69	76	77	76	373
	00000313	82	85	76	82	77	402
	00000314	76	74	76	78	76	380
	00000315	75	78	74	76	76	379
	00000316	76	74	79	77	80	386
	00000317	82	61	74	76	73	366
	00000318	77	78	79	73	78	385
	00000319	74	79	76	77	69	375
	00000320	73	76	77	76	79	381
	00000321	76	73	78	74	82	383
	00000322	76	74	77	76	81	384
	00000323	87	75	78	74	76	390
	00000324	78	66	79	79	70	372
	00000325	71	81	80	74	82	388
	00000326	76	81	72	79	79	387
	00000327	76	80	74	78	76	384
	00000328	72	75	77	81	70	375
	00000329	74	78	76	69	78	375
	00000330	76	81	70	74	78	379
	00000331	78	77	74	82	72	383
	00000332	79	75	75	79	77	385
	00000333	79	80	72	78	79	388
	00000334	69	80	80	75	75	379
	00000335	74	76	72	84	75	381
	00000336	80	82	76	77	74	389
	00000337	72	76	73	80	72	373
	00000338	76	71	77	75	75	374
	00000339	78	72	72	78	75	375
	00000340	83	79	78	77	83	400
	00000341	72	70	80	77	77	376
	00000342	78	84	73	76	74	385
	00000343	74	77	79	78	80	388
	00000344	77	78	76	76	85	392
	00000345	79	69	82	79	76	385
	00000346	69	76	72	78	76	371
	00000347	79	79	79	77	80	394
	00000348	77	75	83	73	79	387
	00000349	75	69	67	74	74	359
	00000350	79	75	74	86	73	387
	00000351	74	86	73	77	74	384
	00000352	83	74	79	76	81	393
	00000353	73	74	78	78	83	386
	00000354	75	79	75	85	74	388
	00000355	86	78	77	76	76	393
	00000356	80	77	78	75	77	387
	00000357	78	78	75	71	75	377
	00000358	77	75	70	81	77	380
	00000359	78	75	76	76	80	385
	00000360	76	78	77	72	78	381
	00000361	67	77	75	76	77	372
	00000362	76	76	79	80	81	392
	00000363	80	73	75	80	83	391
	00000364	75	78	76	74	72	375
	00000365	79	75	83	73	80	390
	00000366	81	75	79	70	81	386
	00000367	83	77	79	80	80	399
	00000368	82	70	78	81	71	382
	00000369	79	78	72	88	85	402
	00000370	77	75	81	79	75	387
	00000371	78	83	80	75	71	387
	00000372	78	80	75	78	76	387
	00000373	76	76	66	81	74	373
	00000374	79	78	70	75	82	384
	00000375	75	74	73	82	76	380
	00000376	80	76	69	79	84	388
	00000377	71	77	78	72	79	377
	00000378	78	78	75	77	81	389
	00000379	76	81	76	75	79	387
	00000380	81	76	79	74	73	383
	00000381	75	81	80	76	81	393
	00000382	77	81	74	76	79	387
	00000383	76	68	72	72	76	364
	00000384	76	76	80	78	78	388
	00000385	72	72	80	82	70	376
	00000386	76	76	75	73	78	378
	00000387	74	83	81	76	72	386
	00000388	78	70	77	79	73	377
	00000389	82	78	73	74	72	379
	00000390	77	76	81	76	65	375
	00000391	77	66	76	79	80	378
	00000392	77	78	78	77	74	384
	00000393	79	69	71	82	73	374
	00000394	82	77	77	73	74	383
	00000395	75	79	80	76	77	387
	00000396	75	82	76	75	77	385
	00000397	80	81	76	75	78	390
	00000398	76	77	68	84	71	376
	00000399	84	77	86	77	73	397
	00000400	78	77	75	80	77	387
	00000401	78	73	84	75	73	383
	00000402	85	77	76	75	77	390
	00000403	79	73	77	74	74	377
	00000404	79	78	71	77	74	379
	00000405	79	80	78	66	83	386
	00000406	81	76	75	75	75	382
	00000407	75	83	79	78	82	397
	00000408	75	80	75	82	77	389
	00000409	70	75	72	73	76	366
	00000410	77	75	74	73	79	378
	00000411	78	76	68	74	80	376
	00000412	75	74	75	81	78	383
	00000413	80	75	72	77	83	387
	00000414	71	75	67	75	85	373
	00000415	77	71	75	75	82	380
	00000416	77	77	81	76	83	394
	00000417	80	79	74	70	81	384
	00000418	78	77	71	70	75	371
	00000419	81	72	82	68	80	383
	00000420	72	81	78	73	76	380
	00000421	78	78	80	83	75	394
	00000422	74	77	80	81	74	386
	00000423	78	76	76	77	78	385
	00000424	75	74	81	78	78	386
	00000425	59	74	75	76	82	366
	00000426	74	78	77	85	78	392
	00000427	80	82	79	77	81	399
	00000428	70	74	75	76	71	366
	00000429	78	74	80	82	72	386
	00000430	73	82	75	73	75	378
	00000431	74	80	71	75	78	378
	00000432	76	81	80	71	73	381
	00000433	80	71	74	73	75	373
	00000434	74	77	74	73	75	373
	00000435	73	74	70	68	82	367
	00000436	74	75	81	76	70	376
	00000437	75	79	71	85	76	386
	00000438	83	77	83	83	71	397
	00000439	78	75	77	76	75	381
	00000440	73	72	85	77	74	381
	00000441	77	70	76	84	72	379
	00000442	72	76	74	76	71	369
	00000443	76	74	78	74	74	376
	00000444	82	76	74	85	77	394
	00000445	76	80	80	78	78	392
	00000446	76	76	79	82	79	392
	00000447	77	73	81	76	80	387
	00000448	69	74	74	71	77	365
	00000449	69	74	76	76	67	362
	00000450	75	78	82	76	88	399
	00000451	78	76	76	74	78	382
	00000452	78	75	76	77	79	385
	00000453	78	83	71	82	75	389
	00000454	77	78	72	72	75	374
	00000455	74	72	83	76	79	384
	00000456	79	73	74	77	78	381
	00000457	79	81	73	77	76	386
	00000458	78	77	81	71	70	377
	00000459	75	72	71	74	75	367
	00000460	75	78	79	79	79	390
	00000461	68	77	79	80	74	378
	00000462	74	78	76	72	74	374
	00000463	74	79	80	72	79	384
	00000464	78	73	80	78	73	382
	00000465	76	75	78	78	74	381
	00000466	76	80	82	77	83	398
	00000467	73	79	70	76	70	368
	00000468	73	76	68	72	78	367
	00000469	76	71	81	70	69	367
	00000470	75	76	81	82	77	391
	00000471	73	77	72	77	84	383
	00000472	72	77	76	83	79	387
	00000473	67	75	72	75	71	360
	00000474	79	76	74	80	75	384
	00000475	73	76	71	74	74	368
	00000476	76	72	74	73	67	362
	00000477	75	71	70	72	73	361
	00000478	73	74	75	76	84	382
	00000479	80	71	72	78	76	377
	00000480	77	69	80	78	80	384
	00000481	71	80	77	72	76	376
	00000482	83	77	72	77	78	387
	00000483	75	71	73	77	72	368
	00000484	74	85	67	78	86	390
	00000485	76	87	76	72	75	386
	00000486	75	75	73	77	80	380
	00000487	82	64	79	74	80	379
	00000488	73	73	80	69	85	380
	00000489	77	73	82	77	75	384
	00000490	75	80	77	77	68	377
	00000491	73	73	74	84	79	383
	00000492	80	76	77	78	75	386
	00000493	78	78	78	80	71	385
	00000494	78	76	84	77	77	392
	00000495	73	73	70	73	84	373
	00000496	73	74	77	77	78	379
	00000497	78	78	77	74	75	382
	00000498	79	76	78	74	67	374
	00000499	78	77	81	71	82	389
	00000500	80	81	66	83	69	379
	00000501	81	74	72	76	80	383
	00000502	75	79	83	78	86	401
	00000503	78	70	70	73	72	363
	00000504	78	66	71	75	67	357
	00000505	76	75	84	75	75	385
	00000506	75	78	77	81	92	403
	00000507	77	83	82	78	76	396
	00000508	83	88	79	79	79	408
	00000509	81	76	80	77	84	398
	00000510	68	76	73	82	78	377
	00000511	68	76	76	79	75	374
	00000512	78	76	80	76	77	387
	00000513	76	84	82	74	78	394
	00000514	83	76	71	72	78	380
	00000515	74	78	77	78	76	383
	00000516	76	74	77	74	78	379
	00000517	80	77	77	77	76	387
	00000518	72	78	74	78	76	378
	00000519	79	72	82	82	71	386
	00000520	75	76	78	77	81	387
	00000521	85	82	75	80	78	400
	00000522	75	76	69	73	80	373
	00000523	73	81	72	80	89	395
	00000524	74	78	72	72	76	372
	00000525	67	89	80	75	74	385
	00000526	74	85	78	83	79	399
	00000527	73	72	71	68	78	362
	00000528	75	68	67	80	78	368
	00000529	81	70	74	81	76	382
	00000530	76	74	87	79	71	387
	00000531	79	72	77	75	79	382
	00000532	75	76	75	76	74	376
	00000533	68	75	79	85	79	386
	00000534	82	82	76	76	79	395
	00000535	81	76	84	80	74	395
	00000536	73	76	80	74	80	383
	00000537	76	76	79	74	80	385
	00000538	76	79	71	76	85	387
	00000539	73	77	75	79	79	383
	00000540	72	80	80	76	76	384
	00000541	71	81	77	77	77	383
	00000542	87	76	74	85	77	399
	00000543	74	69	72	76	80	371
	00000544	75	77	78	80	78	388
	00000545	73	80	76	70	76	375
	00000546	75	79	73	74	76	377
	00000547	82	81	85	71	74	393
	00000548	78	75	78	78	74	383
	00000549	76	73	73	81	77	380
	00000550	83	74	86	77	79	399
	00000551	70	72	71	67	70	350
	00000552	82	77	79	80	79	397
	00000553	79	80	81	77	75	392
	00000554	79	80	76	87	74	396
	00000555	73	69	63	77	84	366
	00000556	76	78	78	71	80	383
	00000557	78	77	77	75	71	378
	00000558	79	79	69	84	68	379
	00000559	80	72	77	73	77	379
	00000560	63	75	75	78	72	363
	00000561	77	74	77	79	75	382
	00000562	79	76	76	81	76	388
	00000563	76	78	77	70	79	380
	00000564	75	77	80	82	74	388
	00000565	75	78	80	77	80	390
	00000566	80	81	80	70	78	389
	00000567	72	71	62	86	77	368
	00000568	79	76	76	81	72	384
	00000569	82	84	69	82	71	388
	00000570	80	78	78	75	78	389
	00000571	80	79	77	73	80	389
	00000572	72	76	84	76	81	389
	00000573	76	75	75	73	74	373
	00000574	69	79	67	75	79	369
	00000575	78	73	74	80	78	383
	00000576	75	76	74	65	79	369
	00000577	75	79	76	83	77	390
	00000578	76	72	80	76	75	379
	00000579	86	82	74	70	72	384
	00000580	70	82	77	70	69	368
	00000581	76	72	77	77	81	383
	00000582	75	77	77	81	76	386
	00000583	73	78	74	75	80	380
	00000584	73	74	77	75	68	367
	00000585	71	80	79	67	74	371
	00000586	76	79	71	69	81	376
	00000587	78	76	73	69	75	371
	00000588	71	76	75	79	79	380
	00000589	80	75	78	76	74	383
	00000590	76	74	75	73	78	376
	00000591	76	74	81	78	80	389
	00000592	79	80	74	78	71	382
	00000593	76	78	79	79	71	383
	00000594	78	75	85	82	75	395
	00000595	72	67	84	72	68	363
	00000596	80	71	75	80	79	385
	00000597	77	76	79	74	69	375
	00000598	70	74	77	70	74	365
	00000599	80	68	75	76	68	367
	00000600	76	77	77	77	72	379
	00000601	68	74	74	77	76	369
	00000602	78	83	76	79	79	395
	00000603	78	78	79	84	79	398
	00000604	73	76	75	70	81	375
	00000605	82	79	76	75	73	385
	00000606	74	76	73	78	70	371
	00000607	85	83	76	75	78	397
	00000608	78	80	70	78	75	381
	00000609	75	76	81	80	77	389
	00000610	74	78	77	70	83	382
	00000611	74	80	69	78	71	372
	00000612	81	74	77	77	76	385
	00000613	72	75	83	76	77	383
	00000614	78	78	75	78	76	385
	00000615	83	86	74	75	78	396
	00000616	76	80	78	76	78	388
	00000617	80	80	81	90	80	411
	00000618	80	81	74	73	82	390
	00000619	77	74	76	76	77	380
	00000620	84	68	79	78	75	384
	00000621	80	76	75	83	76	390
	00000622	85	79	77	77	79	397
	00000623	78	76	91	77	78	400
	00000624	73	84	78	76	81	392
	00000625	75	77	73	82	78	385
	00000626	77	78	71	78	79	383
	00000627	69	75	70	74	67	355
	00000628	86	76	79	76	83	400
	00000629	82	69	77	73	76	377
	00000630	76	75	78	78	76	383
	00000631	77	78	80	76	69	380
	00000632	86	79	76	76	80	397
	00000633	74	71	80	78	77	380
	00000634	77	72	73	79	73	374
	00000635	79	78	79	78	76	390
	00000636	79	79	77	82	79	396
	00000637	68	79	83	78	83	391
	00000638	77	78	74	76	78	383
	00000639	77	72	79	72	76	376
	00000640	73	83	81	80	81	398
	00000641	75	71	76	79	68	369
	00000642	74	81	77	76	75	383
	00000643	73	76	74	85	73	381
	00000644	82	77	76	75	75	385
	00000645	75	75	81	77	78	386
	00000646	76	78	74	81	78	387
	00000647	76	80	79	75	74	384
	00000648	79	75	82	74	74	384
	00000649	77	75	78	79	71	380
	00000650	76	73	80	72	71	372
	00000651	76	73	73	74	79	375
	00000652	75	75	76	75	76	377
	00000653	72	73	82	81	77	385
	00000654	83	78	79	82	78	400
	00000655	77	71	77	74	72	371
	00000656	77	67	79	79	73	375
	00000657	72	74	79	70	76	371
	00000658	76	79	78	74	80	387
	00000659	76	80	82	73	78	389
	00000660	79	77	76	85	79	396
	00000661	79	70	77	73	77	376
	00000662	67	79	83	80	79	388
	00000663	80	76	76	75	89	396
	00000664	79	74	75	74	71	373
	00000665	77	76	77	77	78	385
	00000666	73	80	77	74	82	386
	00000667	79	77	76	81	69	382
	00000668	77	76	81	69	72	375
	00000669	78	78	70	77	75	378
	00000670	79	81	79	78	73	390
	00000671	77	77	73	74	72	373
	00000672	75	76	76	72	75	374
	00000673	83	75	75	80	75	388
	00000674	76	75	86	70	86	393
	00000675	76	84	75	82	75	392
	00000676	76	70	75	79	77	377
	00000677	78	87	74	71	77	387
	00000678	77	75	71	80	69	372
	00000679	74	75	74	80	80	383
	00000680	77	79	80	81	75	392
	00000681	65	73	86	74	77	375
	00000682	77	77	76	76	72	378
	00000683	68	76	77	77	78	376
	00000684	74	84	80	84	75	397
	00000685	78	74	75	76	75	378
	00000686	69	76	77	73	82	377
	00000687	77	76	80	76	78	387
	00000688	73	80	68	74	74	369
	00000689	77	68	78	67	72	362
	00000690	78	76	74	81	73	382
	00000691	75	78	73	77	70	373
	00000692	82	76	73	76	77	384
	00000693	75	75	77	75	79	381
	00000694	79	76	76	75	74	380
	00000695	76	76	77	77	74	380
	00000696	78	76	76	77	76	383
	00000697	80	78	73	73	79	383
	00000698	72	73	73	74	74	366
	00000699	66	77	78	81	76	378
	00000700	83	81	79	80	75	398
	00000701	76	75	80	79	74	384
	00000702	73	70	75	77	84	379
	00000703	69	78	70	78	72	367
	00000704	77	75	75	79	80	386
	00000705	78	76	72	79	75	380
	00000706	70	79	72	75	77	373
	00000707	78	77	76	77	72	380
	00000708	71	77	74	81	74	377
	00000709	77	76	78	76	78	385
	00000710	82	73	75	73	86	389
	00000711	75	77	81	77	72	382
	00000712	75	79	77	81	79	391
	00000713	88	78	75	73	78	392
	00000714	74	75	77	74	74	374
	00000715	66	77	72	78	76	369
	00000716	76	78	79	87	79	399
	00000717	73	79	70	77	72	371
	00000718	79	82	77	83	77	398
	00000719	71	70	75	72	74	362
	00000720	80	66	77	74	80	377
	00000721	71	78	79	79	78	385
	00000722	78	75	74	76	74	377
	00000723	77	81	76	77	76	387
	00000724	73	75	83	80	79	390
	00000725	77	72	82	74	74	379
	00000726	84	73	80	76	80	393
	00000727	74	77	79	80	77	387
	00000728	70	81	77	76	74	378
	00000729	74	74	76	82	73	379
	00000730	76	77	79	70	77	379
	00000731	74	74	79	71	80	378
	00000732	70	71	77	60	75	353
	00000733	74	73	70	76	75	368
	00000734	84	77	78	76	77	392
	00000735	77	71	80	80	71	379
	00000736	71	75	75	77	77	375
	00000737	85	78	83	76	76	398
	00000738	77	73	74	76	83	383
	00000739	86	81	76	75	75	393
	00000740	66	75	76	75	76	368
	00000741	78	74	70	83	78	383
	00000742	78	76	81	82	78	395
	00000743	77	69	72	69	80	367
	00000744	86	79	70	77	77	389
	00000745	77	81	77	75	82	392
	00000746	73	78	73	78	74	376
	00000747	74	81	80	83	80	398
	00000748	73	82	68	79	76	378
	00000749	77	77	74	78	75	381
	00000750	76	75	76	75	76	378
	00000751	75	73	73	79	77	377
	00000752	76	77	77	80	76	386
	00000753	71	73	77	76	83	380
	00000754	76	70	77	82	81	386
	00000755	73	79	77	76	96	401
	00000756	77	74	79	78	76	384
	00000757	78	77	77	79	74	385
	00000758	80	72	79	78	78	387
	00000759	84	75	73	79	80	391
	00000760	73	75	71	74	61	354
	00000761	77	79	75	78	79	388
	00000762	77	79	78	78	78	390
	00000763	80	74	75	77	80	386
	00000764	70	77	77	76	80	380
	00000765	72	70	81	68	76	367
	00000766	78	76	79	77	78	388
	00000767	70	72	86	76	76	380
	00000768	75	74	67	74	76	366
	00000769	78	71	79	80	76	384
	00000770	80	76	74	77	84	391
	00000771	72	77	76	79	75	379
	00000772	77	73	74	77	73	374
	00000773	78	74	79	72	76	379
	00000774	76	84	75	79	77	391
	00000775	78	73	72	77	77	377
	00000776	81	80	76	84	72	393
	00000777	79	66	78	82	80	385
	00000778	76	86	78	78	84	402
	00000779	70	73	75	78	73	369
	00000780	76	77	81	76	80	390
	00000781	76	69	81	77	77	380
	00000782	70	87	71	75	70	373
	00000783	75	79	75	80	78	387
	00000784	79	76	78	77	83	393
	00000785	75	76	75	81	75	382
	00000786	77	82	82	78	74	393
	00000787	84	78	79	78	74	393
	00000788	76	78	75	74	66	369
	00000789	83	70	75	78	80	386
	00000790	75	78	73	81	81	388
	00000791	77	77	78	74	83	389
	00000792	80	76	74	76	74	380
	00000793	76	78	70	80	77	381
	00000794	74	77	84	69	80	384
	00000795	71	81	84	78	77	391
	00000796	73	83	79	77	71	383
	00000797	79	77	74	74	77	381
	00000798	77	71	74	72	76	370
	00000799	83	77	78	75	77	390
	00000800	74	79	80	75	67	375
	00000801	74	70	69	77	76	366
	00000802	78	79	76	78	74	385
	00000803	72	80	79	75	80	386
	00000804	77	73	78	83	74	385
	00000805	78	72	82	77	64	373
	00000806	77	77	85	79	63	381
	00000807	76	71	76	79	77	379
	00000808	70	77	83	74	70	374
	00000809	77	76	71	96	73	393
	00000810	78	76	74	75	78	381
	00000811	80	72	78	76	76	382
	00000812	81	73	82	76	78	390
	00000813	81	78	77	76	72	384
	00000814	81	77	70	84	77	389
	00000815	76	77	84	78	79	394
	00000816	75	75	78	77	77	382
	00000817	69	72	75	79	78	373
	00000818	74	78	77	76	84	389
	00000819	82	76	74	72	78	382
	00000820	83	76	73	76	77	385
	00000821	77	84	76	73	77	387
	00000822	77	84	76	75	77	389
	00000823	82	75	77	70	80	384
	00000824	83	76	74	74	69	376
	00000825	76	74	75	67	79	371
	00000826	72	79	77	73	80	381
	00000827	75	75	81	76	79	386
	00000828	84	84	75	77	72	392
	00000829	68	78	76	77	74	373
	00000830	75	68	77	69	77	366
	00000831	74	80	79	80	76	389
	00000832	75	69	91	76	78	389
	00000833	78	79	87	76	80	400
	00000834	74	73	75	78	78	378
	00000835	80	77	79	77	77	390
	00000836	76	81	73	77	76	383
	00000837	71	73	78	76	78	376
	00000838	80	74	82	74	78	388
	00000839	73	73	79	79	62	366
	00000840	76	79	80	78	83	396
	00000841	79	75	81	78	82	395
	00000842	77	83	78	80	80	398
	00000843	74	77	81	70	77	379
	00000844	75	59	79	75	75	363
	00000845	76	73	77	74	78	378
	00000846	78	79	79	75	79	390
	00000847	82	72	75	73	65	367
	00000848	73	78	76	73	78	378
	00000849	92	75	86	74	75	402
	00000850	71	76	80	71	84	382
	00000851	78	79	75	74	74	380
	00000852	78	77	77	73	82	387
	00000853	72	78	79	77	74	380
	00000854	80	79	74	78	75	386
	00000855	78	81	76	78	74	387
	00000856	76	78	68	81	80	383
	00000857	73	62	86	76	77	374
	00000858	71	74	87	78	75	385
	00000859	84	71	77	81	75	388
	00000860	79	77	61	77	71	365
	00000861	74	79	81	79	72	385
	00000862	75	75	73	76	74	373
	00000863	79	72	74	73	74	372
	00000864	74	66	82	85	76	383
	00000865	73	75	76	79	76	379
	00000866	73	76	80	78	75	382
	00000867	75	76	77	81	74	383
	00000868	80	73	71	77	72	373
	00000869	77	78	73	71	79	378
	00000870	80	78	76	75	78	387
	00000871	75	78	79	76	75	383
	00000872	77	75	75	76	75	378
	00000873	80	79	78	71	86	394
	00000874	77	71	71	79	77	375
	00000875	74	81	77	76	78	386
	00000876	78	68	79	72	75	372
	00000877	77	73	86	85	80	401
	00000878	77	73	75	77	76	378
	00000879	77	72	75	75	81	380
	00000880	80	76	74	78	79	387
	00000881	74	76	71	78	78	377
	00000882	79	76	77	75	79	386
	00000883	64	76	76	78	77	371
	00000884	76	72	70	78	74	370
	00000885	75	77	76	77	84	389
	00000886	75	78	76	77	76	382
	00000887	74	75	77	74	81	381
	00000888	70	76	76	82	73	377
	00000889	79	82	72	80	69	382
	00000890	72	73	78	79	74	376
	00000891	74	77	81	78	78	388
	00000892	79	80	87	76	72	394
	00000893	70	79	75	77	71	372
	00000894	75	73	71	74	80	373
	00000895	78	70	76	76	82	382
	00000896	80	82	75	73	77	387
	00000897	73	75	72	80	76	376
	00000898	75	67	79	77	73	371
	00000899	77	80	79	74	78	388
	00000900	76	75	79	69	74	373
	00000901	75	77	75	74	76	377
	00000902	80	78	79	74	71	382
	00000903	71	73	76	76	78	374
	00000904	77	78	77	81	73	386
	00000905	79	76	75	73	79	382
	00000906	87	70	76	81	77	391
	00000907	76	75	79	75	69	374
	00000908	69	68	69	76	75	357
	00000909	75	74	76	73	84	382
	00000910	77	77	84	80	76	394
	00000911	76	84	79	78	84	401
	00000912	72	79	75	81	76	383
	00000913	83	77	72	75	86	393
	00000914	72	78	83	80	80	393
	00000915	82	83	80	79	76	400
	00000916	79	75	70	72	78	374
	00000917	73	71	78	74	76	372
	00000918	77	81	80	79	77	394
	00000919	67	78	75	78	70	368
	00000920	75	67	73	69	74	358
	00000921	74	76	76	76	76	378
	00000922	76	76	77	73	77	379
	00000923	71	75	72	74	66	358
	00000924	72	74	86	77	77	386
	00000925	78	76	75	75	73	377
	00000926	86	78	77	81	79	401
	00000927	77	84	77	77	69	384
	00000928	84	77	73	81	87	402
	00000929	75	78	80	73	79	385
	00000930	75	76	76	81	73	381
	00000931	79	77	77	73	76	382
	00000932	72	80	75	73	76	376
	00000933	74	80	76	82	77	389
	00000934	76	78	69	84	75	382
	00000935	80	75	74	82	71	382
	00000936	77	77	80	80	79	393
	00000937	76	76	79	76	78	385
	00000938	75	74	78	76	76	379
	00000939	73	83	78	75	76	385
	00000940	78	79	72	77	78	384
	00000941	73	76	79	76	77	381
	00000942	78	74	75	76	73	376
	00000943	82	78	77	75	79	391
	00000944	75	75	80	83	77	390
	00000945	77	80	76	72	77	382
	00000946	83	75	77	79	76	390
	00000947	68	62	76	77	76	359
	00000948	78	77	76	78	79	388
	00000949	86	73	76	77	79	391
	00000950	74	78	72	72	71	367
	00000951	78	79	74	80	72	383
	00000952	86	81	77	80	83	407
	00000953	75	76	74	71	76	372
	00000954	77	76	79	72	73	377
	00000955	76	76	80	77	76	385
	00000956	76	74	74	76	74	374
	00000957	76	74	82	79	74	385
	00000958	75	72	80	83	77	387
	00000959	74	71	72	80	76	373
	00000960	81	76	76	78	76	387
	00000961	80	74	80	75	73	382
	00000962	74	73	80	81	79	387
	00000963	76	75	79	79	75	384
	00000964	78	78	75	75	77	383
	00000965	74	74	63	77	76	364
	00000966	73	77	76	77	77	380
	00000967	77	73	80	72	76	378
	00000968	82	75	66	81	77	381
	00000969	78	71	76	75	78	378
	00000970	74	72	77	72	66	361
	00000971	69	70	75	69	76	359
	00000972	74	72	80	77	75	378
	00000973	78	73	76	72	75	374
	00000974	77	76	72	77	77	379
	00000975	71	79	77	71	76	374
	00000976	74	76	80	80	74	384
	00000977	75	75	71	70	74	365
	00000978	73	86	73	78	71	381
	00000979	74	84	82	66	77	383
	00000980	79	74	74	76	75	378
	00000981	76	73	79	75	77	380
	00000982	75	78	76	68	75	372
	00000983	80	75	76	71	73	375
	00000984	71	78	81	77	79	386
	00000985	72	75	69	77	80	373
	00000986	76	77	78	80	78	389
	00000987	79	74	75	79	73	380
	00000988	79	70	80	79	80	388
	00000989	84	77	76	80	78	395
	00000990	81	77	84	80	73	395
	00000991	81	77	78	80	77	393
	00000992	76	76	79	77	79	387
	00000993	77	77	77	76	81	388
	00000994	76	79	79	77	76	387
	00000995	73	75	77	75	80	380
	00000996	80	82	80	75	75	392
	00000997	75	79	79	72	76	381
	00000998	82	60	84	77	76	379
	00000999	79	81	78	80	74	392
	00001000	77	73	87	84	72	393
	00001001	74	76	79	80	76	385
	00001002	78	78	81	80	71	388
	00001003	72	79	74	85	77	387
	00001004	75	77	81	76	70	379
	00001005	68	73	74	77	76	368
	00001006	71	79	82	74	78	384
	00001007	83	80	74	77	78	392
	00001008	77	65	76	75	69	362
	00001009	76	81	74	70	75	376
	00001010	81	77	78	78	73	387
	00001011	81	68	74	78	82	383
	00001012	79	76	78	77	68	378
	00001013	79	75	74	73	68	369
	00001014	86	80	75	77	76	394
	00001015	71	83	80	76	79	389
	00001016	85	79	73	73	71	381
	00001017	75	77	80	86	69	387
	00001018	77	75	76	87	81	396
	00001019	76	73	79	76	75	379
	00001020	70	77	78	77	81	383
	00001021	74	74	72	79	77	376
	00001022	72	77	78	76	74	377
	00001023	79	79	78	75	81	392
	00001024	67	71	75	77	74	364
	00001025	76	74	82	67	81	380
	00001026	78	77	77	74	78	384
	00001027	75	76	87	77	67	382
	00001028	78	78	80	78	74	388
	00001029	73	83	76	77	76	385
	00001030	77	76	84	82	75	394
	00001031	77	79	73	77	76	382
	00001032	75	75	77	73	77	377
	00001033	77	77	74	77	78	383
	00001034	77	78	73	78	75	381
	00001035	82	70	76	75	77	380
	00001036	78	72	74	74	73	371
	00001037	74	81	77	75	81	388
	00001038	76	79	77	76	76	384
	00001039	71	81	81	83	73	389
	00001040	78	74	82	78	77	389
	00001041	72	76	76	74	82	380
	00001042	75	76	77	82	80	390
	00001043	74	83	81	75	79	392
	00001044	83	75	80	77	79	394
	00001045	79	75	79	81	79	393
	00001046	81	79	69	76	75	380
	00001047	76	75	81	79	74	385
	00001048	80	79	76	84	75	394
	00001049	75	76	74	81	69	375
	00001050	73	83	77	75	83	391
	00001051	72	89	76	72	77	386
	00001052	65	82	73	74	77	371
	00001053	82	61	78	77	77	375
	00001054	76	70	75	75	83	379
	00001055	76	75	76	79	75	381
	00001056	78	74	80	80	78	390
	00001057	80	78	70	74	76	378
	00001058	87	70	79	75	78	389
	00001059	75	76	72	74	72	369
	00001060	75	79	73	67	75	369
	00001061	76	73	76	79	78	382
	00001062	79	75	88	81	81	404
	00001063	80	78	74	77	78	387
	00001064	76	81	81	79	78	395
	00001065	79	77	83	76	76	391
	00001066	77	82	72	75	77	383
	00001067	83	72	76	77	74	382
	00001068	71	74	81	68	67	361
	00001069	81	82	68	76	78	385
	00001070	83	79	73	75	78	388
	00001071	83	74	75	84	77	393
	00001072	71	73	77	77	81	379
	00001073	75	76	79	73	75	378
	00001074	74	77	74	77	75	377
	00001075	71	77	84	80	69	381
	00001076	81	71	80	79	80	391
	00001077	74	74	78	74	73	373
	00001078	85	83	74	79	79	400
	00001079	75	79	73	75	79	381
	00001080	74	73	80	78	83	388
	00001081	75	69	74	83	79	380
	00001082	84	78	85	78	77	402
	00001083	78	79	83	78	70	388
	00001084	87	76	77	75	71	386
	00001085	70	79	73	79	72	373
	00001086	76	79	85	75	69	384
	00001087	78	77	82	73	80	390
	00001088	82	77	78	80	71	388
	00001089	79	74	80	75	76	384
	00001090	79	89	79	78	76	401
	00001091	78	69	76	73	82	378
	00001092	77	80	71	71	78	377
	00001093	85	74	79	74	76	388
	00001094	75	63	71	73	82	364
	00001095	79	73	79	80	77	388
	00001096	74	75	76	75	80	380
	00001097	77	75	72	77	79	380
	00001098	81	72	74	74	80	381
	00001099	83	73	79	75	83	393
	00001100	71	79	72	73	76	371
	00001101	74	76	80	82	76	388
	00001102	78	74	69	77	79	377
	00001103	80	79	80	77	69	385
	00001104	75	77	89	75	74	390
	00001105	73	76	77	77	91	394
	00001106	79	75	77	77	76	384
	00001107	72	76	76	74	82	380
	00001108	83	76	73	78	75	385
	00001109	70	76	73	73	73	365
	00001110	82	76	80	79	73	390
	00001111	71	75	73	85	81	385
	00001112	77	78	81	81	69	386
	00001113	78	80	76	72	83	389
	00001114	75	77	74	78	77	381
	00001115	72	82	82	77	75	388
	00001116	72	73	81	66	79	371
	00001117	67	74	82	72	77	372
	00001118	77	75	75	75	72	374
	00001119	74	75	70	80	72	371
	00001120	78	77	77	76	75	383
	00001121	74	78	71	76	77	376
	00001122	76	77	69	77	82	381
	00001123	75	81	74	81	84	395
	00001124	76	78	75	77	75	381
	00001125	70	85	74	72	76	377
	00001126	80	79	71	77	82	389
	00001127	73	71	74	77	75	370
	00001128	79	77	74	72	73	375
	00001129	69	80	75	76	73	373
	00001130	73	67	78	80	79	377
	00001131	63	78	72	71	79	363
	00001132	71	79	77	70	81	378
	00001133	72	78	80	83	75	388
	00001134	77	85	79	76	73	390
	00001135	74	76	85	74	76	385
	00001136	75	75	78	75	76	379
	00001137	73	75	72	75	76	371
	00001138	77	80	77	74	77	385
	00001139	79	80	71	76	77	383
	00001140	82	83	77	71	71	384
	00001141	71	81	71	80	71	374
	00001142	80	76	80	76	78	390
	00001143	78	76	77	76	77	384
	00001144	71	77	76	78	76	378
	00001145	83	74	73	74	76	380
	00001146	76	75	80	72	79	382
	00001147	75	77	78	74	72	376
	00001148	75	77	75	73	73	373
	00001149	79	79	80	74	76	388
	00001150	71	77	79	78	79	384
	00001151	67	74	76	84	77	378
	00001152	73	74	75	75	80	377
	00001153	77	78	75	77	75	382
	00001154	71	77	76	84	66	374
	00001155	73	75	75	76	85	384
	00001156	81	76	71	76	75	379
	00001157	63	75	73	76	75	362
	00001158	72	76	80	76	74	378
	00001159	76	75	72	73	82	378
	00001160	79	80	85	76	75	395
	00001161	72	78	76	81	76	383
	00001162	77	76	64	76	74	367
	00001163	80	78	76	74	78	386
	00001164	75	77	77	82	76	387
	00001165	73	75	68	77	74	367
	00001166	79	83	79	78	62	381
	00001167	70	76	77	77	76	376
	00001168	75	74	84	75	77	385
	00001169	77	78	76	82	76	389
	00001170	80	74	78	70	72	374
	00001171	74	77	69	79	80	379
	00001172	78	62	75	89	72	376
	00001173	75	75	80	83	83	396
	00001174	79	77	73	80	80	389
	00001175	74	74	88	79	74	389
	00001176	81	78	75	80	72	386
	00001177	75	82	77	76	78	388
	00001178	78	69	77	78	74	376
	00001179	73	75	72	79	78	377
	00001180	83	75	71	76	75	380
	00001181	71	77	80	75	73	376
	00001182	67	79	74	80	77	377
	00001183	87	78	77	79	73	394
	00001184	76	77	76	79	77	385
	00001185	72	74	75	80	78	379
	00001186	84	82	77	78	82	403
	00001187	65	81	77	80	74	377
	00001188	78	79	78	80	77	392
	00001189	74	75	78	75	76	378
	00001190	79	74	76	76	78	383
	00001191	89	73	76	78	80	396
	00001192	79	74	72	75	77	377
	00001193	80	76	77	76	83	392
	00001194	76	80	75	73	69	373
	00001195	75	76	82	76	77	386
	00001196	85	84	72	72	77	390
	00001197	77	73	72	79	79	380
	00001198	82	76	77	77	67	379
	00001199	78	75	79	86	75	393
	00001200	81	74	74	76	75	380
	00001201	75	88	73	78	79	393
	00001202	72	86	74	74	74	380
	00001203	75	83	82	76	69	385
	00001204	73	79	75	80	73	380
	00001205	75	80	78	77	75	385
	00001206	77	72	79	76	71	375
	00001207	76	79	71	78	73	377
	00001208	77	75	70	76	74	372
	00001209	82	76	71	75	77	381
	00001210	85	77	72	76	73	383
	00001211	83	84	77	80	72	396
	00001212	82	74	73	70	76	375
	00001213	76	82	86	77	77	398
	00001214	77	76	72	76	78	379
	00001215	74	77	74	72	77	374
	00001216	78	80	79	82	76	395
	00001217	76	82	77	77	75	387
	00001218	82	73	73	74	80	382
	00001219	73	78	75	73	76	375
	00001220	76	74	76	77	76	379
	00001221	76	78	82	76	86	398
	00001222	77	78	74	78	77	384
	00001223	76	72	76	73	78	375
	00001224	76	73	75	84	81	389
	00001225	74	74	74	88	83	393
	00001226	77	79	84	77	75	392
	00001227	80	77	70	85	76	388
	00001228	78	81	64	70	76	369
	00001229	75	70	77	76	71	369
	00001230	65	79	71	71	70	356
	00001231	76	73	77	84	78	388
	00001232	78	75	74	75	75	377
	00001233	74	80	81	76	78	389
	00001234	71	78	73	74	79	375
	00001235	72	70	76	82	80	380
	00001236	77	76	77	81	76	387
	00001237	74	75	79	73	80	381
	00001238	77	80	74	81	70	382
	00001239	77	76	84	77	71	385
	00001240	73	75	76	79	76	379
	00001241	68	78	72	80	70	368
	00001242	76	83	76	73	72	380
	00001243	74	78	78	79	78	387
	00001244	93	72	75	71	74	385
	00001245	78	72	80	75	76	381
	00001246	77	76	72	77	74	376
	00001247	81	75	73	78	83	390
	00001248	81	75	75	72	82	385
	00001249	75	78	76	78	75	382
	00001250	79	77	78	81	74	389
	00001251	74	80	76	74	77	381
	00001252	72	79	80	74	77	382
	00001253	79	71	79	79	81	389
	00001254	81	81	75	70	75	382
	00001255	80	75	66	75	77	373
	00001256	75	79	74	74	71	373
	00001257	75	74	82	81	81	393
	00001258	65	77	78	77	75	372
	00001259	73	76	73	70	79	371
	00001260	75	76	72	76	78	377
	00001261	73	86	76	87	82	404
	00001262	78	77	78	76	75	384
	00001263	82	73	79	72	77	383
	00001264	76	74	84	72	77	383
	00001265	71	81	84	76	77	389
	00001266	81	75	76	81	81	394
	00001267	75	79	76	73	76	379
	00001268	77	77	74	76	79	383
	00001269	76	76	77	75	77	381
	00001270	76	78	74	76	75	379
	00001271	77	79	77	80	71	384
	00001272	79	83	75	70	76	383
	00001273	72	76	71	75	81	375
	00001274	77	74	76	77	74	378
	00001275	72	70	75	75	71	363
	00001276	73	78	79	79	72	381
	00001277	82	74	75	70	75	376
	00001278	82	82	84	75	75	398
	00001279	77	76	82	71	81	387
	00001280	74	82	75	78	75	384
	00001281	82	67	80	80	75	384
	00001282	77	77	79	77	76	386
	00001283	78	75	75	77	73	378
	00001284	71	79	79	73	73	375
	00001285	75	69	75	79	74	372
	00001286	77	78	75	77	67	374
	00001287	80	74	83	78	78	393
	00001288	77	81	76	84	74	392
	00001289	70	81	78	80	80	389
	00001290	81	82	78	73	81	395
	00001291	77	82	78	76	82	395
	00001292	73	81	72	73	72	371
	00001293	77	79	75	81	78	390
	00001294	78	75	79	84	77	393
	00001295	74	71	81	77	73	376
	00001296	83	77	72	80	75	387
	00001297	76	71	74	79	79	379
	00001298	74	78	77	71	72	372
	00001299	70	74	75	77	79	375
	00001300	72	77	79	76	78	382
	00001301	74	73	72	72	82	373
	00001302	73	83	77	79	79	391
	00001303	74	79	80	76	73	382
	00001304	79	78	80	83	77	397
	00001305	75	76	76	72	76	375
	00001306	79	75	82	79	77	392
	00001307	77	78	74	76	77	382
	00001308	73	75	76	76	74	374
	00001309	78	68	81	76	71	374
	00001310	70	77	71	75	80	373
	00001311	72	80	77	75	75	379
	00001312	70	81	76	77	80	384
	00001313	75	70	78	77	74	374
	00001314	74	71	79	80	85	389
	00001315	75	73	73	75	79	375
	00001316	78	64	75	76	70	363
	00001317	77	78	77	81	76	389
	00001318	94	74	77	77	80	402
	00001319	75	76	81	76	77	385
	00001320	75	76	68	78	79	376
	00001321	78	78	79	71	72	378
	00001322	81	74	79	78	79	391
	00001323	80	74	89	77	82	402
	00001324	74	79	82	71	76	382
	00001325	74	82	72	73	83	384
	00001326	76	79	76	77	76	384
	00001327	74	66	74	76	75	365
	00001328	84	77	74	83	81	399
	00001329	70	78	72	75	79	374
	00001330	70	79	73	74	77	373
	00001331	78	73	82	75	69	377
	00001332	74	75	78	75	77	379
	00001333	75	73	73	69	78	368
	00001334	75	81	76	75	78	385
	00001335	80	71	80	72	81	384
	00001336	83	81	73	73	77	387
	00001337	75	83	78	80	75	391
	00001338	80	76	72	74	81	383
	00001339	74	77	77	78	73	379
	00001340	78	73	78	77	77	383
	00001341	75	83	78	75	77	388
	00001342	80	86	71	80	79	396
	00001343	79	71	69	72	75	366
	00001344	82	75	84	78	78	397
	00001345	76	70	85	80	81	392
	00001346	85	78	69	72	76	380
	00001347	71	81	79	72	81	384
	00001348	77	79	76	65	76	373
	00001349	77	72	70	75	68	362
	00001350	76	80	71	86	76	389
	00001351	79	84	72	77	75	387
	00001352	74	68	72	85	84	383
	00001353	75	80	80	85	78	398
	00001354	77	75	81	77	77	387
	00001355	79	79	80	73	75	386
	00001356	75	79	77	76	68	375
	00001357	77	80	78	75	74	384
	00001358	78	82	79	78	81	398
	00001359	75	81	76	78	83	393
	00001360	83	73	72	74	76	378
	00001361	87	79	77	78	76	397
	00001362	74	79	75	71	89	388
	00001363	74	73	78	89	74	388
	00001364	71	73	75	77	76	372
	00001365	78	77	75	76	74	380
	00001366	74	76	76	72	89	387
	00001367	79	73	75	73	79	379
	00001368	81	82	82	77	79	401
	00001369	77	77	72	77	76	379
	00001370	76	70	75	76	73	370
	00001371	71	72	76	75	78	372
	00001372	74	74	73	73	79	373
	00001373	74	72	78	79	72	375
	00001374	78	74	80	69	74	375
	00001375	78	86	77	77	77	395
	00001376	75	80	69	82	75	381
	00001377	80	78	77	76	76	387
	00001378	77	72	82	75	74	380
	00001379	78	65	74	72	76	365
	00001380	77	74	87	76	78	392
	00001381	78	73	79	77	75	382
	00001382	74	75	75	75	75	374
	00001383	77	74	74	84	76	385
	00001384	76	74	77	79	77	383
	00001385	82	80	74	77	81	394
	00001386	73	73	80	73	71	370
	00001387	73	81	77	77	80	388
	00001388	82	78	79	72	77	388
	00001389	80	76	75	75	73	379
	00001390	76	75	83	73	79	386
	00001391	78	80	77	77	77	389
	00001392	74	79	82	75	78	388
	00001393	76	77	75	67	76	371
	00001394	68	77	70	70	76	361
	00001395	72	80	78	75	79	384
	00001396	81	70	78	74	76	379
	00001397	70	74	73	73	90	380
	00001398	75	75	81	82	79	392
	00001399	79	77	78	77	78	389
	00001400	78	74	72	74	81	379
	00001401	78	77	81	75	71	382
	00001402	80	77	87	77	84	405
	00001403	86	83	77	79	75	400
	00001404	72	81	77	76	71	377
	00001405	74	67	75	68	74	358
	00001406	78	71	72	79	76	376
	00001407	85	83	75	76	83	402
	00001408	73	72	84	76	76	381
	00001409	69	76	71	74	81	371
	00001410	73	76	82	75	69	375
	00001411	71	80	72	81	77	381
	00001412	76	80	77	78	74	385
	00001413	81	68	66	72	77	364
	00001414	81	82	80	82	78	403
	00001415	75	75	75	75	71	371
	00001416	78	77	61	74	72	362
	00001417	85	81	79	69	77	391
	00001418	79	77	75	77	71	379
	00001419	78	77	76	78	78	387
	00001420	74	78	76	76	77	381
	00001421	79	79	69	79	79	385
	00001422	84	75	75	73	80	387
	00001423	63	71	76	75	74	359
	00001424	72	67	72	74	79	364
	00001425	79	77	78	75	74	383
	00001426	76	69	80	88	76	389
	00001427	76	77	78	71	72	374
	00001428	79	77	81	69	76	382
	00001429	78	75	70	74	75	372
	00001430	75	76	80	68	73	372
	00001431	71	74	77	76	75	373
	00001432	78	75	75	71	77	376
	00001433	77	79	85	77	83	401
	00001434	74	75	76	67	75	367
	00001435	78	77	81	72	73	381
	00001436	80	76	77	72	84	389
	00001437	75	73	76	82	75	381
	00001438	76	77	82	82	75	392
	00001439	76	76	79	74	78	383
	00001440	73	75	72	75	79	374
	00001441	73	82	71	75	75	376
	00001442	77	76	79	78	80	390
	00001443	77	78	77	71	71	374
	00001444	75	79	78	73	74	379
	00001445	84	79	76	71	77	387
	00001446	72	82	72	83	72	381
	00001447	76	74	76	82	80	388
	00001448	76	75	78	79	84	392
	00001449	73	81	72	74	74	374
	00001450	77	77	81	78	74	387
	00001451	79	79	75	76	73	382
	00001452	73	77	83	76	74	383
	00001453	74	76	82	76	75	383
	00001454	77	74	73	64	75	363
	00001455	75	82	85	77	78	397
	00001456	74	75	70	76	77	372
	00001457	84	70	80	75	74	383
	00001458	79	75	82	87	77	400
	00001459	76	88	75	69	76	384
	00001460	77	76	76	72	76	377
	00001461	74	67	73	72	79	365
	00001462	70	70	72	80	76	368
	00001463	79	76	76	76	76	383
	00001464	69	74	73	73	80	369
	00001465	72	76	80	80	71	379
	00001466	80	80	77	79	77	393
	00001467	80	76	79	75	71	381
	00001468	78	75	73	77	79	382
	00001469	75	78	82	75	77	387
	00001470	72	72	72	73	77	366
	00001471	80	75	63	81	76	375
	00001472	77	70	79	79	84	389
	00001473	77	78	80	76	78	389
	00001474	76	70	72	77	78	373
	00001475	72	76	80	81	79	388
	00001476	78	79	75	76	82	390
	00001477	79	79	74	78	78	388
	00001478	81	77	78	85	82	403
	00001479	78	82	73	81	79	393
	00001480	63	72	76	72	82	365
	00001481	69	76	75	68	75	363
	00001482	77	76	74	77	77	381
	00001483	77	63	71	80	78	369
	00001484	77	75	82	79	80	393
	00001485	85	78	80	77	77	397
	00001486	80	74	80	77	75	386
	00001487	69	75	79	80	73	376
	00001488	76	79	74	74	79	382
	00001489	70	77	78	73	73	371
	00001490	65	74	76	74	77	366
	00001491	75	83	71	76	84	389
	00001492	81	83	75	79	78	396
	00001493	70	77	76	71	79	373
	00001494	76	75	81	78	78	388
	00001495	74	79	77	78	68	376
	00001496	73	78	76	75	76	378
	00001497	76	78	77	75	75	381
	00001498	81	73	80	77	85	396
	00001499	81	77	75	82	73	388
	00001500	81	75	64	80	75	375
	00001501	80	76	71	79	74	380
	00001502	72	69	73	69	79	362
	00001503	77	79	81	77	71	385
	00001504	84	75	72	74	77	382
	00001505	77	80	76	78	72	383
	00001506	77	79	77	71	79	383
	00001507	76	77	76	81	74	384
	00001508	69	76	76	77	79	377
	00001509	83	78	76	78	69	384
	00001510	75	77	70	76	82	380
	00001511	77	77	74	75	79	382
	00001512	77	71	77	76	76	377
	00001513	73	73	76	76	67	365
	00001514	76	82	72	76	75	381
	00001515	80	72	76	86	75	389
	00001516	81	79	83	74	71	388
	00001517	72	83	84	71	72	382
	00001518	73	65	79	63	76	356
	00001519	79	78	73	81	79	390
	00001520	75	74	70	77	78	374
	00001521	76	75	76	70	77	374
	00001522	75	69	77	75	69	365
	00001523	78	77	77	74	77	383
	00001524	69	80	67	75	76	367
	00001525	84	81	77	70	78	390
	00001526	79	82	76	71	87	395
	00001527	72	78	77	77	75	379
	00001528	75	78	77	74	79	383
	00001529	73	78	75	77	76	379
	00001530	72	77	77	76	77	379
	00001531	74	69	69	76	75	363
	00001532	73	77	78	80	78	386
	00001533	76	77	76	76	77	382
	00001534	76	66	76	80	75	373
	00001535	78	78	82	79	77	394
	00001536	76	78	65	87	77	383
	00001537	77	78	77	74	77	383
	00001538	78	77	71	79	74	379
	00001539	78	78	74	78	79	387
	00001540	72	75	77	78	79	381
	00001541	77	72	80	79	85	393
	00001542	78	76	75	72	81	382
	00001543	79	68	75	84	77	383
	00001544	79	76	77	71	85	388
	00001545	73	82	77	79	76	387
	00001546	79	79	72	76	74	380
	00001547	74	76	70	79	75	374
	00001548	69	77	77	77	79	379
	00001549	77	78	73	76	76	380
	00001550	77	79	71	72	74	373
	00001551	77	80	79	77	76	389
	00001552	78	68	72	73	73	364
	00001553	80	77	73	75	75	380
	00001554	82	77	80	73	76	388
	00001555	77	73	76	76	76	378
	00001556	76	70	78	79	86	389
	00001557	78	79	77	74	80	388
	00001558	83	70	79	76	80	388
	00001559	76	81	71	78	78	384
	00001560	80	77	80	81	75	393
	00001561	82	81	75	77	89	404
	00001562	76	77	77	74	78	382
	00001563	88	77	76	77	78	396
	00001564	69	78	84	75	77	383
	00001565	81	73	74	76	74	378
	00001566	80	77	77	73	75	382
	00001567	72	81	73	83	77	386
	00001568	76	80	74	76	81	387
	00001569	73	77	77	73	76	376
	00001570	76	74	74	77	77	378
	00001571	77	75	76	78	75	381
	00001572	76	75	76	75	77	379
	00001573	77	88	72	75	77	389
	00001574	71	77	73	86	78	385
	00001575	77	80	80	78	75	390
	00001576	80	78	83	79	81	401
	00001577	72	72	80	77	78	379
	00001578	80	76	81	76	71	384
	00001579	77	76	71	76	79	379
	00001580	82	78	72	79	75	386
	00001581	76	75	76	81	71	379
	00001582	75	77	80	74	74	380
	00001583	72	73	76	75	69	365
	00001584	75	71	83	76	75	380
	00001585	71	75	72	76	75	369
	00001586	79	76	84	75	83	397
	00001587	78	84	77	82	73	394
	00001588	71	75	75	78	82	381
	00001589	78	82	78	73	80	391
	00001590	71	84	80	71	82	388
	00001591	70	77	74	76	85	382
	00001592	85	81	78	69	86	399
	00001593	75	77	76	82	76	386
	00001594	77	76	76	75	78	382
	00001595	75	75	77	82	73	382
	00001596	78	76	79	86	71	390
	00001597	77	82	80	76	74	389
	00001598	68	76	73	74	76	367
	00001599	74	75	78	79	81	387
	00001600	77	71	75	77	77	377
	00001601	73	76	73	77	77	376
	00001602	83	78	71	75	80	387
	00001603	77	76	66	83	81	383
	00001604	69	73	80	80	76	378
	00001605	77	78	75	75	72	377
	00001606	70	82	81	77	78	388
	00001607	71	75	79	84	81	390
	00001608	79	75	78	71	73	376
	00001609	77	80	86	74	79	396
	00001610	75	75	83	68	76	377
	00001611	77	77	74	71	71	370
	00001612	80	77	75	75	78	385
	00001613	79	75	80	79	78	391
	00001614	81	69	75	77	86	388
	00001615	74	76	73	78	76	377
	00001616	78	79	81	91	77	406
	00001617	74	76	73	74	75	372
	00001618	74	71	75	80	69	369
	00001619	71	78	77	77	84	387
	00001620	80	67	75	83	78	383
	00001621	79	76	79	76	81	391
	00001622	77	77	76	76	82	388
	00001623	77	85	73	78	76	389
	00001624	71	77	73	80	80	381
	00001625	74	75	73	78	77	377
	00001626	79	75	77	77	76	384
	00001627	76	76	79	78	74	383
	00001628	71	68	75	76	76	366
	00001629	76	71	74	70	74	365
	00001630	76	77	78	69	78	378
	00001631	80	68	71	80	74	373
	00001632	69	77	73	76	72	367
	00001633	75	74	73	78	81	381
	00001634	69	80	78	79	78	384
	00001635	80	76	76	80	72	384
	00001636	76	78	68	86	76	384
	00001637	76	74	75	72	79	376
	00001638	77	75	82	75	78	387
	00001639	78	74	73	83	75	383
	00001640	76	77	75	81	76	385
	00001641	78	82	73	77	75	385
	00001642	67	76	77	75	74	369
	00001643	79	73	68	71	77	368
	00001644	85	78	71	79	73	386
	00001645	76	81	77	82	78	394
	00001646	83	71	79	85	76	394
	00001647	76	74	78	72	76	376
	00001648	78	82	70	77	70	377
	00001649	80	81	78	75	77	391
	00001650	78	75	75	76	77	381
	00001651	76	83	74	79	82	394
	00001652	70	80	73	78	75	376
	00001653	78	78	80	79	74	389
	00001654	75	73	79	75	79	381
	00001655	80	79	74	77	77	387
	00001656	75	80	76	75	78	384
	00001657	76	78	78	78	75	385
	00001658	71	80	87	76	77	391
	00001659	74	80	74	79	73	380
	00001660	77	73	74	78	76	378
	00001661	79	76	75	69	76	375
	00001662	74	76	74	75	76	375
	00001663	69	71	71	80	72	363
	00001664	79	79	78	79	87	402
	00001665	76	74	73	73	77	373
	00001666	80	75	73	74	78	380
	00001667	78	75	71	82	76	382
	00001668	80	76	79	76	78	389
	00001669	68	84	87	67	76	382
	00001670	67	76	73	75	72	363
	00001671	75	79	78	74	80	386
	00001672	84	77	74	83	79	397
	00001673	85	76	76	77	74	388
	00001674	77	81	76	83	84	401
	00001675	75	72	71	83	76	377
	00001676	85	78	83	81	75	402
	00001677	70	80	71	74	67	362
	00001678	78	79	75	77	75	384
	00001679	66	80	80	76	85	387
	00001680	78	77	75	74	74	378
	00001681	75	72	74	79	82	382
	00001682	74	71	79	77	81	382
	00001683	77	70	75	80	75	377
	00001684	78	77	76	79	89	399
	00001685	77	80	79	78	75	389
	00001686	79	73	79	75	83	389
	00001687	76	81	76	70	73	376
	00001688	64	77	62	68	81	352
	00001689	75	79	80	77	76	387
	00001690	78	73	74	72	76	373
	00001691	86	77	77	75	86	401
	00001692	77	71	72	81	78	379
	00001693	68	77	76	70	80	371
	00001694	73	76	79	75	80	383
	00001695	76	69	82	77	73	377
	00001696	77	73	77	85	68	380
	00001697	78	75	75	74	75	377
	00001698	71	71	80	77	76	375
	00001699	70	82	74	83	77	386
	00001700	86	80	74	78	84	402
	00001701	73	73	74	75	78	373
	00001702	78	82	70	76	76	382
	00001703	83	79	75	82	82	401
	00001704	77	76	80	79	78	390
	00001705	77	76	81	79	75	388
	00001706	77	68	80	72	80	377
	00001707	79	80	75	74	75	383
	00001708	77	78	76	81	76	388
	00001709	79	77	70	74	78	378
	00001710	78	67	76	77	76	374
	00001711	75	77	73	80	72	377
	00001712	76	68	75	72	76	367
	00001713	77	77	76	88	75	393
	00001714	70	74	76	78	78	376
	00001715	74	73	72	79	71	369
	00001716	78	77	77	79	80	391
	00001717	78	78	76	81	78	391
	00001718	78	75	79	76	77	385
	00001719	75	81	73	73	79	381
	00001720	83	78	75	75	79	390
	00001721	81	79	74	77	81	392
	00001722	76	79	79	73	78	385
	00001723	79	80	81	77	82	399
	00001724	77	84	78	79	75	393
	00001725	83	71	78	75	78	385
	00001726	73	79	79	77	78	386
	00001727	81	74	75	75	71	376
	00001728	77	76	77	74	75	379
	00001729	74	75	63	67	77	356
	00001730	82	75	78	77	75	387
	00001731	81	74	72	76	80	383
	00001732	78	80	79	74	75	386
	00001733	77	76	78	71	79	381
	00001734	77	85	79	78	82	401
	00001735	78	83	78	74	76	389
	00001736	75	78	74	76	61	364
	00001737	75	87	77	72	77	388
	00001738	77	80	76	74	80	387
	00001739	77	74	76	74	73	374
	00001740	80	77	77	65	76	375
	00001741	77	74	79	77	77	384
	00001742	77	74	77	73	77	378
	00001743	78	75	76	81	80	390
	00001744	79	74	74	73	88	388
	00001745	78	80	72	80	72	382
	00001746	86	78	74	78	80	396
	00001747	78	77	76	76	75	382
	00001748	77	80	81	77	80	395
	00001749	76	79	76	78	73	382
	00001750	74	77	77	67	75	370
	00001751	76	79	80	80	73	388
	00001752	75	74	77	73	75	374
	00001753	84	77	79	76	75	391
	00001754	83	72	75	79	74	383
	00001755	82	75	77	71	75	380
	00001756	69	84	78	82	74	387
	00001757	69	75	77	76	80	377
	00001758	79	81	74	73	77	384
	00001759	79	76	81	76	73	385
	00001760	73	78	77	74	72	374
	00001761	72	80	78	76	77	383
	00001762	84	69	81	74	77	385
	00001763	72	76	75	71	78	372
	00001764	71	76	72	74	75	368
	00001765	77	81	77	80	77	392
	00001766	67	91	78	82	74	392
	00001767	77	74	74	77	77	379
	00001768	93	79	81	75	80	408
	00001769	66	77	74	70	74	361
	00001770	80	82	86	75	76	399
	00001771	74	84	78	77	79	392
	00001772	73	78	68	80	72	371
	00001773	79	72	76	78	77	382
	00001774	79	82	81	74	71	387
	00001775	77	72	78	80	76	383
	00001776	72	71	76	78	76	373
	00001777	74	77	80	78	88	397
	00001778	75	87	76	77	71	386
	00001779	79	75	75	76	73	378
	00001780	80	76	78	71	76	381
	00001781	69	77	74	76	80	376
	00001782	78	74	77	80	75	384
	00001783	83	77	77	74	75	386
	00001784	74	78	79	77	79	387
	00001785	82	78	77	71	66	374
	00001786	83	75	92	79	77	406
	00001787	77	75	73	76	84	385
	00001788	72	79	81	79	79	390
	00001789	77	79	75	76	70	377
	00001790	66	78	79	71	71	365
	00001791	69	74	71	77	73	364
	00001792	74	88	80	78	78	398
	00001793	79	72	79	75	75	380
	00001794	74	78	72	82	80	386
	00001795	65	77	82	81	77	382
	00001796	81	70	86	77	79	393
	00001797	71	76	71	68	78	364
	00001798	86	79	74	84	71	394
	00001799	83	79	82	84	77	405
	00001800	83	77	73	68	68	369
	00001801	83	75	77	76	68	379
	00001802	78	80	79	79	72	388
	00001803	84	77	82	77	74	394
	00001804	74	78	81	71	77	381
	00001805	71	77	76	78	74	376
	00001806	76	75	74	74	76	375
	00001807	78	78	77	79	78	390
	00001808	75	81	73	77	78	384
	00001809	71	70	78	80	77	376
	00001810	86	78	75	72	67	378
	00001811	84	80	77	78	75	394
	00001812	77	83	80	72	75	387
	00001813	79	83	72	75	81	390
	00001814	72	81	76	75	85	389
	00001815	69	79	76	76	77	377
	00001816	75	82	83	75	74	389
	00001817	69	77	75	74	72	367
	00001818	72	77	77	75	75	376
	00001819	81	70	77	79	78	385
	00001820	71	75	75	78	74	373
	00001821	78	79	76	75	77	385
	00001822	76	74	73	78	78	379
	00001823	73	75	77	75	74	374
	00001824	74	77	77	82	79	389
	00001825	74	84	79	75	77	389
	00001826	70	75	80	73	78	376
	00001827	81	69	71	76	78	375
	00001828	79	79	76	76	75	385
	00001829	83	73	68	73	75	372
	00001830	69	78	82	73	76	378
	00001831	80	78	75	74	75	382
	00001832	70	66	76	78	74	364
	00001833	78	67	75	74	83	377
	00001834	74	74	75	77	75	375
	00001835	77	67	78	77	71	370
	00001836	80	77	77	79	71	384
	00001837	82	72	75	76	79	384
	00001838	78	72	74	73	77	374
	00001839	73	75	80	74	71	373
	00001840	77	77	79	80	76	389
	00001841	74	72	81	73	76	376
	00001842	77	77	76	76	81	387
	00001843	72	78	85	78	72	385
	00001844	73	80	83	71	80	387
	00001845	74	81	74	72	77	378
	00001846	79	77	80	79	76	391
	00001847	76	85	76	74	77	388
	00001848	73	80	78	89	78	398
	00001849	78	78	72	73	77	378
	00001850	78	73	72	79	76	378
	00001851	73	74	77	79	77	380
	00001852	82	78	76	80	81	397
	00001853	78	78	71	75	78	380
	00001854	77	73	75	82	80	387
	00001855	73	76	72	70	71	362
	00001856	78	79	78	73	72	380
	00001857	76	78	79	78	74	385
	00001858	71	80	80	76	80	387
	00001859	82	74	71	83	75	385
	00001860	76	85	73	81	70	385
	00001861	85	76	78	80	83	402
	00001862	78	73	81	87	75	394
	00001863	81	76	76	77	76	386
	00001864	82	78	71	75	74	380
	00001865	70	71	78	76	75	370
	00001866	79	73	76	75	77	380
	00001867	79	74	72	81	77	383
	00001868	76	78	82	72	77	385
	00001869	70	72	72	61	76	351
	00001870	73	81	75	74	82	385
	00001871	77	73	75	77	89	391
	00001872	75	81	73	83	83	395
	00001873	79	76	79	80	77	391
	00001874	76	75	79	74	78	382
	00001875	79	78	80	85	77	399
	00001876	78	75	75	69	70	367
	00001877	73	79	75	69	75	371
	00001878	67	78	78	77	72	372
	00001879	74	76	74	78	80	382
	00001880	74	80	76	76	71	377
	00001881	65	80	72	77	72	366
	00001882	77	67	74	76	73	367
	00001883	84	88	74	80	73	399
	00001884	84	82	78	74	78	396
	00001885	72	73	74	76	77	372
	00001886	78	79	67	74	79	377
	00001887	73	77	76	76	78	380
	00001888	78	76	75	81	82	392
	00001889	78	80	86	75	72	391
	00001890	74	81	76	72	77	380
	00001891	79	74	78	84	72	387
	00001892	80	76	79	84	75	394
	00001893	77	76	76	73	75	377
	00001894	73	81	72	76	68	370
	00001895	78	73	77	74	81	383
	00001896	74	72	72	71	78	367
	00001897	73	76	75	79	76	379
	00001898	82	73	72	79	78	384
	00001899	84	77	76	74	78	389
	00001900	77	89	77	74	77	394
	00001901	74	75	78	79	72	378
	00001902	76	71	78	72	76	373
	00001903	80	83	76	80	78	397
	00001904	83	74	74	75	70	376
	00001905	70	76	81	81	79	387
	00001906	73	67	74	71	80	365
	00001907	77	74	83	82	78	394
	00001908	78	76	80	75	80	389
	00001909	85	77	77	75	72	386
	00001910	80	80	81	83	75	399
	00001911	82	77	82	79	87	407
	00001912	76	73	74	77	69	369
	00001913	81	82	74	80	71	388
	00001914	74	77	81	80	78	390
	00001915	78	80	80	82	79	399
	00001916	76	77	69	75	77	374
	00001917	78	77	88	76	72	391
	00001918	69	76	74	82	76	377
	00001919	82	68	87	76	74	387
	00001920	78	75	70	76	78	377
	00001921	74	73	74	75	74	370
	00001922	77	80	80	78	76	391
	00001923	85	72	70	77	76	380
	00001924	78	69	75	81	71	374
	00001925	77	77	72	80	74	380
	00001926	82	87	83	76	75	403
	00001927	80	73	78	78	76	385
	00001928	78	77	81	79	74	389
	00001929	83	80	75	72	76	386
	00001930	80	78	79	78	71	386
	00001931	73	70	78	82	76	379
	00001932	78	77	76	75	75	381
	00001933	72	81	83	72	73	381
	00001934	81	80	74	78	76	389
	00001935	82	77	76	66	76	377
	00001936	71	77	76	78	81	383
	00001937	77	76	79	66	79	377
	00001938	85	70	78	78	80	391
	00001939	74	74	85	74	79	386
	00001940	73	74	80	84	77	388
	00001941	79	70	77	76	77	379
	00001942	76	81	82	77	79	395
	00001943	73	66	74	71	75	359
	00001944	79	77	81	74	71	382
	00001945	71	75	78	77	79	380
	00001946	77	75	73	76	76	377
	00001947	72	80	73	80	79	384
	00001948	82	83	80	81	68	394
	00001949	88	73	75	77	75	388
	00001950	76	78	76	75	75	380
	00001951	75	73	77	68	74	367
	00001952	78	83	78	76	74	389
	00001953	80	73	75	75	79	382
	00001954	66	68	78	70	80	362
	00001955	77	77	77	76	73	380
	00001956	83	73	74	79	72	381
	00001957	77	78	67	76	70	368
	00001958	79	72	75	74	74	374
	00001959	79	78	75	82	74	388
	00001960	82	71	70	76	82	381
	00001961	70	79	72	79	75	375
	00001962	68	72	77	83	78	378
	00001963	73	74	71	81	78	377
	00001964	67	77	75	77	80	376
	00001965	77	77	78	82	76	390
	00001966	82	79	79	79	79	398
	00001967	78	81	78	81	72	390
	00001968	79	77	79	78	75	388
	00001969	77	76	72	85	80	390
	00001970	76	70	75	77	72	370
	00001971	74	77	79	78	78	386
	00001972	77	71	79	78	71	376
	00001973	76	72	78	76	77	379
	00001974	83	76	74	79	76	388
	00001975	77	89	74	72	78	390
	00001976	71	72	83	75	77	378
	00001977	72	70	75	75	78	370
	00001978	73	77	77	78	76	381
	00001979	77	72	75	76	83	383
	00001980	76	75	75	73	76	375
	00001981	77	77	77	76	77	384
	00001982	79	83	77	73	81	393
	00001983	75	77	77	77	77	383
	00001984	73	77	83	83	81	397
	00001985	73	76	78	75	76	378
	00001986	77	81	75	77	73	383
	00001987	76	75	77	76	76	380
	00001988	78	77	75	76	74	380
	00001989	70	76	76	81	75	378
	00001990	72	72	76	69	79	368
	00001991	77	67	69	83	76	372
	00001992	76	77	86	76	83	398
	00001993	80	80	75	76	75	386
	00001994	86	81	76	76	75	394
	00001995	82	79	74	76	79	390
	00001996	73	83	77	81	75	389
	00001997	78	80	81	76	79	394
	00001998	78	82	76	75	66	377
	00001999	78	74	77	75	75	379
	00002000	76	79	76	76	77	384
	00002001	78	82	74	74	77	385
	00002002	72	80	76	75	77	380
	00002003	77	80	74	75	77	383
	00002004	78	83	72	77	77	387
	00002005	80	76	83	73	86	398
	00002006	83	71	75	80	75	384
	00002007	78	71	82	77	71	379
	00002008	74	79	80	70	76	379
	00002009	76	75	76	69	73	369
	00002010	74	74	82	67	77	374
	00002011	77	78	72	74	71	372
	00002012	81	71	77	78	71	378
	00002013	70	76	84	77	78	385
	00002014	73	74	75	78	77	377
	00002015	77	78	82	83	82	402
	00002016	72	75	81	81	71	380
	00002017	83	76	77	78	75	389
	00002018	73	73	75	82	76	379
	00002019	78	75	80	71	79	383
	00002020	80	72	78	77	76	383
	00002021	76	77	78	77	74	382
	00002022	70	75	70	73	74	362
	00002023	80	70	84	82	69	385
	00002024	78	79	75	78	80	390
	00002025	77	80	76	81	73	387
	00002026	83	78	76	74	84	395
	00002027	81	72	77	83	74	387
	00002028	74	66	79	75	73	367
	00002029	76	76	74	73	80	379
	00002030	77	78	85	73	80	393
	00002031	77	65	79	83	64	368
	00002032	75	79	77	76	75	382
	00002033	68	79	81	76	79	383
	00002034	70	84	80	77	81	392
	00002035	81	72	87	78	78	396
	00002036	79	74	79	78	84	394
	00002037	74	74	79	77	74	378
	00002038	76	76	83	76	78	389
	00002039	77	76	77	80	72	382
	00002040	71	76	78	78	76	379
	00002041	70	76	76	74	77	373
	00002042	79	86	75	73	77	390
	00002043	78	77	78	73	76	382
	00002044	80	79	81	77	75	392
	00002045	76	79	80	77	72	384
	00002046	78	78	78	74	71	379
	00002047	72	83	82	76	72	385
	00002048	81	81	70	77	76	385
