-2209 -2214 -2217 -2218 -2226 -2232 -2239 -2243 -2251 -2258 -2263 -2269 -2277 -2283 -2284 -2290 -2291 -2293
-2298 -2303 -2307 -2314 -2319 -2324 -2333 -2336 -2343 -2345 -2349 -2358 -2367 -2371 -2381 -2384 -2386 -2396
-2403 -2404 -2409 -2417 -2426 -2434 -2443 -2453 -2460 -2470 -2479 -2484 -2490 -2497 -2504 -2509 -2516 -2520
-2528 -2535 -2544 -2554 -2555 -2556 -2563 -2568 -2578 -2584 -2586 -2593 -2599 -2604 -2609 -2613 -2623 -2629
-2632 -2636 -2642 -2643 -2651 -2658 -2659 -2666 -2675 -2676 -2679 -2680 -2684 -2690 -2695 -2701 -2706 -2715
-2717 -2723 -2732 -2733 -2739 -2741 -2747 -2750 -2755 -2756 -2761 -2766 -2772 -2774 -2779 -2784 -2788 -2796
-2802 -2803 -2808 -2818 -2827 -2828 -2838 -2841 -2846 -2851 -2853 -2860 -2861 -2862 -2864 -2871 -2872 -2873
-2878 -2885 -2886 -2894 -2896 -2898 -2902 -2905 -2912 -2915 -2925 -2933 -2936 -2945 -2951 -2955 -2956 -2961
-2964 -2969 -2973 -2979 -2981 -2982 -2987 -2995 -3003 -3011 -3014 -3024 -3033 -3035 -3044 -3045 -3055 -3057
-3065 -3067 -3072 -3079 -3085 -3086 -3087 -3089 -3093 -3102 -3111 -3113 -3115 -3117 -3119 -3128 -3130 -3131
-3133 -3139 -3148 -3155 -3161 -3162 -3164 -3166 -3170 -3173 -3182 -3190 -3200 -3204 -3205 -3209 -3212 -3220
-3229 -3231 -3240 -3241 -3247 -3248 -3256 -3264 -3271 -3272 -3273 -3282 -3287 -3297 -3301 -3309 -3314 -3315
-3320 -3321 -3327 -3333 -3335 -3344 -3353 -3361 -3367 -3370 -3379 -3387 -3389 -3391 -3398 -3399 -3406 -3410
-3417 -3419 -3425 -3428 -3436 -3445 -3455 -3456 -3461 -3462 -3468 -3477 -3484 -3492 -3496 -3504 -3507 -3513
-3519 -3521 -3525 -3531 -3532 -3533 -3535 -3539 -3540 -3543 -3552 -3557 -3564 -3566 -3576 -3578 -3579 -3587
-3591 -3593 -3603 -3612 -3618 -3624 -3626 -3632 -3642 -3648 -3658 -3666 -3668 -3674 -3677 -3683 -3688 -3693
-3697 -3700 -3702 -3704 -3707 -3714 -3719 -3728 -3732 -3739 -3742 -3747 -3749 -3758 -3767 -3774 -3782 -3787
-3788 -3790 -3791 -3801 -3803 -3807 -3816 -3824 -3827 -3829 -3836 -3843 -3849 -3858 -3861 -3869 -3871 -3874
-3879 -3881 -3890 -3898 -3899 -3906 -3908 -3917 -3927 -3932 -3941 -3951 -3958 -3965 -3970 -3977 -3978 -3984
-3985 -3987 -3994 -3995 -4001 -4006 -4012 -4013 -4014 -4016 -4017 -4023 -4026 -4034 -4042 -4048 -4053 -4054
-4057 -4058 -4067 -4075 -4083 -4085 -4091 -4096 -4106 -4111 -4113 -4118 -4121 -4131 -4140 -4146 -4147 -4153
-4158 -4163 -4172 -4176 -4186 -4194 -4198 -4201 -4210 -4219 -4228 -4237 -4238 -4241 -4242 -4252 -4256 -4264
-4269 -4275 -4277 -4280 -4287 -4289 -4294 -4297 -4298 -4304 -4309 -4318 -4319 -4321 -4327 -4331 -4335 -4343
-4350 -4360 -4368 -4372 -4381 -4389 -4394 -4395 -4397 -4400 -4406 -4407 -4410 -4413 -4421 -4426 -4430 -4438
-4439 -4442 -4450 -4451 -4456 -4459 -4462 -4463 -4467 -4472 -4475 -4476 -4486 -4489 -4498 -4505 -4515 -4524
-4525 -4532 -4534 -4542 -4549 -4555 -4562 -4570 -4578 -4588 -4596 -4600 -4604 -4613 -4621 -4628 -4629 -4639
-4647 -4655 -4665 -4672 -4680 -4689 -4696 -4704 -4710 -4717 -4725 -4726 -4733 -4741 -4746 -4753 -4758 -4763
-4771 -4775 -4778 -4784 -4792 -4796 -4806 -4813 -4814 -4818 -4819 -4823 -4827 -4832 -4839 -4840 -4842 -4847
-4856 -4861 -4865 -4871 -4872 -4877 -4883 -4893 -4900 -4901 -4906 -4910 -4919 -4922 -4930 -4939 -4942 -4946
-4953 -4956 -4965 -4973 -4977 -4978 -4982 -4990 -4995 -5002 -5006 -5011 -5017 -5026 -5029 -5035 -5044 -5051
-5053 -5063 -5064 -5070 -5080 -5081 -5086 -5094 -5101 -5108 -5117 -5122 -5127 -5137 -5143 -5146 -5151 -5155
-5160 -5169 -5177 -5183 -5189 -5191 -5194 -5203 -5213 -5217 -5227 -5231 -5232 -5235 -5239 -5244 -5247 -5257
-5264 -5274 -5283 -5287 -5297 -5298 -5305 -5312 -5314 -5319 -5327 -5330 -5337 -5343 -5347 -5351 -5357 -5366
-5371 -5381 -5384 -5389 -5397 -5407 -5416 -5426 -5434 -5441 -5447 -5455 -5463 -5467 -5471 -5472 -5480 -5485
-5486 -5487 -5497 -5506 -5509 -5514 -5517 -5526 -5532 -5538 -5543 -5545 -5548 -5558 -5561 -5568 -5576 -5586
-5589 -5599 -5606 -5609 -5611 -5612 -5621 -5626 -5634 -5642 -5652 -5655 -5661 -5666 -5675 -5679 -5685 -5688
-5697 -5698 -5703 -5712 -5715 -5718 -5722 -5726 -5730 -5739 -5749 -5755 -5762 -5769 -5777 -5783 -5784 -5789
-5792 -5800 -5807 -5808 -5809 -5816 -5823 -5826 -5830 -5840 -5845 -5854 -5859 -5864 -5871 -5875 -5885 -5895
-5898 -5908 -5914 -5920 -5925 -5933 -5935 -5939 -5948 -5952 -5961 -5969 -5974 -5979 -5986 -5988 -5991 -5992
-5995 -6005 -6010 -6011 -6018 -6019 -6025 -6030 -6040 -6041 -6047 -6057 -6063 -6067 -6073 -6074 -6076 -6080
-6083 -6084 -6085 -6087 -6088 -6096 -6099 -6100 -6104 -6114 -6123 -6130 -6140 -6142 -6144 -6147 -6155 -6160
-6165 -6173 -6183 -6185 -6186 -6192 -6193 -6200 -6204 -6211 -6216 -6218 -6226 -6229 -6231 -6235 -6242 -6252
-6262 -6270 -6280 -6287 -6290 -6294 -6301 -6305 -6310 -6312 -6315 -6323 -6327 -6330 -6332 -6335 -6339 -6349
-6354 -6359 -6369 -6373 -6381 -6389 -6395 -6403 -6404 -6413 -6417 -6426 -6430 -6437 -6440 -6450 -6460 -6470
-6473 -6480 -6486 -6487 -6488 -6497 -6501 -6507 -6509 -6510 -6520 -6522 -6525 -6526 -6533 -6536 -6540 -6548
-6554 -6563 -6567 -6577 -6586 -6591 -6595 -6596 -6602 -6607 -6614 -6624 -6629 -6633 -6640 -6644 -6654 -6656
-6661 -6670 -6679 -6684 -6691 -6698 -6699 -6701 -6703 -6708 -6715 -6723 -6733 -6735 -6741 -6748 -6751 -6760
-6768 -6769 -6774 -6783 -6785 -6793 -6797 -6798 -6807 -6817 -6820 -6829 -6837 -6847 -6853 -6859 -6865 -6872
-6879 -6883 -6891 -6899 -6905 -6913 -6916 -6922 -6929 -6936 -6944 -6946 -6950 -6952 -6956 -6959 -6969 -6979
-6984 -6985 -6992 -7002 -7008 -7013 -7019 -7025 -7031 -7032 -7042 -7050 -7059 -7063 -7068 -7071 -7072 -7078
-7086 -7090 -7098 -7102 -7112 -7115 -7119 -7125 -7135 -7142 -7147 -7155 -7165 -7171 -7180 -7190 -7191 -7197
-7203 -7206 -7214 -7217 -7224 -7225 -7227 -7233 -7242 -7247 -7250 -7253 -7257 -7261 -7268 -7273 -7274 -7284
-7292 -7300 -7308 -7318 -7326 -7330 -7332 -7334 -7343 -7351 -7354 -7359 -7362 -7367 -7370 -7380 -7382 -7389
-7398 -7403 -7411 -7420 -7423 -7433 -7440 -7450 -7451 -7461 -7468 -7475 -7483 -7493 -7497 -7504 -7506 -7510
-7511 -7519 -7522 -7524 -7533 -7540 -7541 -7545 -7553 -7562 -7563 -7570 -7572 -7582 -7589 -7597 -7601 -7607
-7612 -7621 -7628 -7636 -7642 -7651 -7658 -7665 -7671 -7674 -7677 -7680 -7684 -7691 -7698 -7704 -7707 -7717
-7727 -7736 -7741 -7751 -7756 -7758 -7759 -7763 -7772 -7779 -7780 -7790 -7791 -7792 -7800 -7804 -7809 -7813
-7820 -7823 -7829 -7831 -7832 -7839 -7848 -7853 -7858 -7863 -7866 -7872 -7875 -7885 -7892 -7898 -7901 -7905
-7906 -7915 -7918 -7923 -7925 -7930 -7936 -7941 -7943 -7952 -7960 -7963 -7971 -7976 -7980 -7984 -7987 -7988
-7991 -7998 -7999 -8002 -8009 -8017 -8022 -8025 -8026 -8027 -8037 -8044 -8053 -8055 -8059 -8061 -8066 -8073
-8082 -8084 -8094 -8097 -8104 -8114 -8121 -8124 -8132 -8140 -8145 -8150 -8153 -8157 -8167 -8174 -8177 -8182
-8190 -8197 -8207 -8217 -8218 -8223 -8226 -8233 -8239 -8245 -8246 -8255 -8256 -8260 -8270 -8273 -8274 -8282
-8290 -8297 -8304 -8311 -8320 -8322 -8330 -8333 -8338 -8339 -8345 -8348 -8351 -8352 -8356 -8362 -8364 -8367
-8372 -8378 -8380 -8384 -8394 -8398 -8406 -8415 -8424 -8432 -8434 -8439 -8440 -8448 -8450 -8459 -8463 -8467
-8472 -8481 -8491 -8499 -8503 -8508 -8511 -8519 -8521 -8528 -8533 -8542 -8549 -8558 -8559 -8568 -8570 -8579
-8585 -8588 -8589 -8595 -8605 -8613 -8616 -8626 -8636 -8639 -8640 -8650 -8652 -8654 -8659 -8660 -8661 -8669
-8672 -8681 -8690 -8696 -8705 -8706 -8709 -8715 -8718 -8723 -8727 -8737 -8738 -8739 -8746 -8750 -8751 -8754
-8755 -8762 -8766 -8773 -8779 -8781 -8789 -8794 -8796 -8801 -8811 -8818 -8820 -8824 -8829 -8839 -8846 -8847
-8857 -8858 -8864 -8866 -8875 -8876 -8877 -8878 -8886 -8889 -8896 -8903 -8910 -8913 -8923 -8926 -8930 -8935
-8944 -8954 -8957 -8965 -8973 -8977 -8984 -8990 -9000 -9006 -9012 -9020 -9027 -9029 -9031 -9032 -9035 -9037
-9038 -9044 -9048 -9049 -9050 -9055 -9057 -9059 -9061 -9063 -9071 -9073 -9077 -9081 -9083 -9091 -9093 -9099
-9104 -9111 -9120 -9130 -9137 -9141 -9146 -9149 -9159 -9160 -9169 -9174 -9180 -9188 -9197 -9198 -9202 -9205
-9206 -9213 -9217 -9226 -9233 -9242 -9251 -9253 -9262 -9263 -9272 -9278 -9285 -9291 -9295 -9297 -9307 -9311
-9320 -9328 -9333 -9340 -9345 -9351 -9361 -9367 -9372 -9380 -9386 -9396 -9397 -9402 -9409 -9415 -9424 -9433
-9437 -9442 -9445 -9448 -9456 -9465 -9469 -9472 -9474 -9482 -9489 -9495 -9501 -9510 -9515 -9524 -9525 -9535
-9541 -9543 -9546 -9547 -9549 -9550 -9558 -9561 -9568 -9577 -9585 -9588 -9598 -9602 -9609 -9616 -9624 -9626
-9628 -9632 -9635 -9644 -9646 -9647 -9649 -9650 -9654 -9655 -9660 -9668 -9676 -9686 -9695 -9701 -9708 -9715
-9718 -9725 -9735 -9744 -9752 -9761 -9770 -9777 -9785 -9787 -9791 -9800 -9802 -9804 -9806 -9808 -9814 -9816
-9824 -9830 -9836 -9838 -9846 -9854 -9864 -9871 -9880 -9885 -9891 -9897 -9904 -9912 -9920 -9930 -9933 -9934
-9944 -9949 -9950 -9952 -9961 -9971 -9973 -9976 -9977 -9984 -9992 -10000 -10001 -10008 -10009 -10016 -10018 -10021
-10024 -10029 -10031 -10039 -10042 -10049 -10058 -10066 -10076 -10082 -10091 -10096 -10106 -10114 -10124 -10133 -10138 -10139
-10149 -10155 -10161 -10163 -10166 -10169 -10174 -10177 -10179 -10181 -10182 -10187 -10195 -10205 -10215 -10216 -10224 -10229
-10235 -10245 -10250 -10260 -10263 -10265 -10275 -10283 -10289 -10293 -10299 -10304 -10305 -10308 -10315 -10318 -10321 -10324
-10333 -10337 -10339 -10340 -10347 -10354 -10359 -10364 -10373 -10381 -10383 -10392 -10400 -10405 -10408 -10409 -10413 -10423
-10429 -10434 -10435 -10442 -10447 -10452 -10453 -10459 -10469 -10479 -10487 -10491 -10497 -10499 -10500 -10505 -10509 -10518
-10527 -10533 -10537 -10540 -10545 -10548 -10556 -10562 -10568 -10576 -10583 -10584 -10594 -10598 -10604 -10613 -10620 -10625
-10633 -10636 -10642 -10645 -10648 -10654 -10661 -10663 -10666 -10670 -10678 -10683 -10689 -10699 -10705 -10715 -10720 -10723
-10725 -10734 -10744 -10750 -10756 -10766 -10769 -10772 -10779 -10783 -10792 -10801 -10809 -10813 -10823 -10829 -10834 -10835
-10840 -10846 -10851 -10852 -10862 -10872 -10873 -10879 -10882 -10889 -10899 -10909 -10912 -10922 -10926 -10929 -10934 -10935
-10938 -10948 -10950 -10953 -10962 -10969 -10973 -10977 -10981 -10987 -10995 -11001 -11005 -11009 -11014 -11017 -11021 -11024
-11028 -11036 -11037 -11045 -11055 -11057 -11064 -11072 -11074 -11081 -11084 -11086 -11089 -11095 -11098 -11105 -11110 -11117
-11119 -11129 -11136 -11142 -11149 -11151 -11153 -11156 -11161 -11167 -11171 -11176 -11177 -11181 -11186 -11195 -11204 -11209
-11214 -11221 -11222 -11232 -11233 -11238 -11241 -11245 -11254 -11260 -11265 -11266 -11271 -11281 -11289 -11295 -11302 -11312
-11315 -11322 -11326 -11329 -11335 -11337 -11338 -11339 -11341 -11348 -11350 -11356 -11357 -11363 -11366 -11374 -11376 -11382
-11390 -11397 -11399 -11404 -11405 -11414 -11418 -11428 -11437 -11440 -11443 -11446 -11451 -11452 -11460 -11463 -11473 -11481
-11483 -11488 -11491 -11499 -11505 -11510 -11514 -11515 -11517 -11524 -11526 -11533 -11539 -11548 -11557 -11562 -11566 -11567
-11569 -11579 -11583 -11586 -11592 -11595 -11598 -11608 -11615 -11616 -11622 -11628 -11636 -11641 -11649 -11651 -11660 -11666
-11669 -11674 -11684 -11691 -11700 -11706 -11709 -11715 -11721 -11728 -11731 -11740 -11742 -11744 -11753 -11763 -11766 -11770
-11774 -11776 -11785 -11786 -11794 -11799 -11809 -11816 -11819 -11822 -11832 -11839 -11844 -11852 -11857 -11858 -11865 -11868
-11870 -11872 -11878 -11886 -11887 -11895 -11899 -11901 -11905 -11910 -11914 -11923 -11928 -11935 -11943 -11946 -11951 -11953
-11957 -11961 -11967 -11969 -11970 -11973 -11980 -11986 -11992 -11993 -11999 -12007 -12015 -12016 -12018 -12020 -12025 -12029
-12038 -12039 -12049 -12052 -12055 -12062 -12072 -12078 -12086 -12094 -12101 -12108 -12116 -12124 -12126 -12136 -12146 -12147
-12152 -12153 -12162 -12169 -12174 -12179 -12187 -12191 -12193 -12194 -12195 -12199 -12207 -12212 -12221 -12228 -12237 -12247
-12251 -12261 -12266 -12274 -12280 -12284 -12286 -12294 -12301 -12308 -12314 -12317 -12326 -12332 -12341 -12346 -12350 -12354
-12361 -12364 -12366 -12369 -12372 -12374 -12375 -12385 -12389 -12396 -12401 -12405 -12415 -12417 -12426 -12436 -12440 -12443
-12446 -12456 -12466 -12467 -12476 -12479 -12484 -12492 -12500 -12504 -12511 -12513 -12521 -12526 -12531 -12537 -12547 -12549
-12553 -12558 -12566 -12571 -12574 -12580 -12589 -12593 -12600 -12602 -12612 -12621 -12626 -12636 -12642 -12644 -12646 -12650
-12657 -12663 -12667 -12677 -12681 -12689 -12697 -12698 -12706 -12712 -12713 -12719 -12725 -12734 -12740 -12747 -12757 -12758
-12759 -12766 -12771 -12777 -12778 -12780 -12790 -12794 -12801 -12803 -12806 -12816 -12817 -12820 -12825 -12834 -12836 -12838
-12848 -12856 -12859 -12862 -12864 -12867 -12871 -12873 -12878 -12886 -12896 -12901 -12907 -12915 -12925 -12926 -12928 -12932
-12934 -12937 -12939 -12945 -12952 -12959 -12963 -12971 -12978 -12985 -12989 -12992 -13002 -13007 -13011 -13015 -13019 -13020
-13021 -13027 -13031 -13037 -13046 -13055 -13056 -13057 -13059 -13067 -13072 -13077 -13081 -13085 -13094 -13096 -13104 -13109
-13111 -13112 -13117 -13122 -13123 -13131 -13133 -13137 -13145 -13148 -13156 -13166 -13171 -13174 -13183 -13186 -13194 -13199
-13202 -13211 -13213 -13218 -13221 -13227 -13230 -13239 -13241 -13243 -13244 -13249 -13258 -13261 -13268 -13275 -13281 -13290
-13292 -13294 -13298 -13302 -13303 -13309 -13314 -13317 -13324 -13331 -13332 -13334 -13344 -13352 -13362 -13367 -13375 -13383
-13385 -13392 -13399 -13404 -13413 -13420 -13421 -13427 -13428 -13436 -13446 -13450 -13453 -13459 -13468 -13473 -13483 -13488
-13497 -13502 -13511 -13520 -13526 -13532 -13539 -13548 -13557 -13564 -13566 -13571 -13574 -13581 -13582 -13583 -13587 -13594
-13601 -13605 -13607 -13611 -13613 -13618 -13628 -13629 -13637 -13644 -13651 -13659 -13660 -13670 -13677 -13680 -13685 -13693
-13700 -13707 -13708 -13713 -13721 -13728 -13730 -13739 -13745 -13749 -13759 -13769 -13775 -13778 -13785 -13794 -13795 -13805
-13811 -13813 -13816 -13818 -13824 -13833 -13836 -13844 -13853 -13861 -13862 -13868 -13872 -13875 -13882 -13886 -13893 -13902
-13908 -13912 -13916 -13923 -13932 -13936 -13939 -13945 -13950 -13953 -13955 -13959 -13963 -13964 -13969 -13972 -13982 -13986
-13991 -13993 -13997 -14004 -14013 -14021 -14027 -14034 -14035 -14043 -14050 -14060 -14067 -14068 -14070 -14071 -14080 -14084
-14086 -14092 -14094 -14104 -14106 -14109 -14110 -14115 -14125 -14126 -14136 -14143 -14148 -14154 -14158 -14162 -14165 -14170
-14173 -14182 -14185 -14190 -14197 -14201 -14203 -14212 -14214 -14223 -14231 -14238 -14239 -14242 -14248 -14258 -14264 -14268
-14277 -14282 -14289 -14298 -14303 -14306 -14309 -14311 -14316 -14326 -14334 -14340 -14343 -14349 -14357 -14359 -14367 -14373
-14379 -14387 -14390 -14398 -14402 -14408 -14413 -14423 -14426 -14428 -14432 -14440 -14449 -14451 -14454 -14459 -14469 -14474
-14475 -14481 -14488 -14491 -14492 -14493 -14498 -14506 -14514 -14519 -14521 -14527 -14535 -14541 -14542 -14543 -14546 -14548
-14558 -14566 -14569 -14578 -14584 -14587 -14596 -14605 -14610 -14615 -14622 -14629 -14632 -14635 -14640 -14650 -14658 -14659
-14668 -14671 -14680 -14690 -14691 -14697 -14707 -14709 -14714 -14716 -14722 -14729 -14739 -14748 -14754 -14755 -14761 -14766
-14767 -14773 -14775 -14783 -14790 -14800 -14802 -14811 -14819 -14822 -14832 -14842 -14847 -14852 -14862 -14865 -14871 -14873
-14882 -14883 -14889 -14890 -14900 -14910 -14920 -14930 -14933 -14943 -14944 -14947 -14956 -14966 -14973 -14983 -14986 -14996
-15001 -15006 -15007 -15016 -15017 -15020 -15023 -15031 -15037 -15038 -15044 -15051 -15053 -15060 -15065 -15070 -15078 -15083
-15088 -15098 -15099 -15107 -15108 -15114 -15117 -15122 -15129 -15134 -15140 -15149 -15159 -15169 -15177 -15187 -15194 -15202
-15210 -15214 -15217 -15218 -15219 -15228 -15236 -15242 -15244 -15246 -15250 -15253 -15259 -15263 -15272 -15274 -15282 -15285
-15288 -15290 -15292 -15300 -15309 -15316 -15325 -15326 -15331 -15333 -15338 -15342 -15347 -15354 -15363 -15367 -15373 -15375
-15378 -15387 -15393 -15398 -15408 -15411 -15420 -15421 -15423 -15426 -15433 -15438 -15442 -15445 -15447 -15453 -15458 -15464
-15472 -15474 -15478 -15487 -15490 -15498 -15504 -15511 -15518 -15520 -15530 -15537 -15538 -15539 -15540 -15549 -15554 -15556
-15562 -15572 -15575 -15580 -15589 -15591 -15601 -15607 -15608 -15618 -15625 -15627 -15637 -15638 -15646 -15647 -15650 -15655
-15656 -15659 -15665 -15674 -15684 -15685 -15692 -15702 -15709 -15711 -15716 -15717 -15725 -15729 -15737 -15740 -15744 -15752
-15759 -15762 -15769 -15772 -15774 -15777 -15778 -15787 -15795 -15802 -15805 -15809 -15815 -15817 -15819 -15829 -15830 -15838
-15841 -15851 -15861 -15870 -15873 -15883 -15893 -15896 -15902 -15904 -15910 -15919 -15924 -15930 -15937 -15946 -15954 -15958
-15965 -15972 -15979 -15989 -15994 -15995 -16004 -16008 -16009 -16013 -16018 -16026 -16034 -16039 -16046 -16054 -16060 -16069
-16077 -16082 -16088 -16096 -16098 -16103 -16107 -16115 -16118 -16119 -16120 -16124 -16134 -16141 -16151 -16159 -16167 -16174
-16182 -16187 -16192 -16196 -16206 -16207 -16217 -16218 -16219 -16222 -16225 -16230 -16237 -16245 -16246 -16249 -16258 -16263
-16266 -16275 -16281 -16283 -16284 -16287 -16291 -16292 -16301 -16303 -16307 -16311 -16317 -16318 -16319 -16324 -16330 -16340
-16343 -16349 -16350 -16359 -16363 -16365 -16367 -16368 -16372 -16376 -16381 -16383 -16384 -16390 -16400 -16402 -16408 -16416
-16424 -16425 -16427 -16431 -16436 -16437 -16444 -16448 -16450 -16459 -16461 -16469 -16472 -16473 -16479 -16484 -16485 -16489
-16496 -16498 -16507 -16514 -16520 -16522 -16527 -16534 -16542 -16543 -16544 -16545 -16549 -16554 -16561 -16563 -16572 -16579
-16588 -16594 -16597 -16599 -16604 -16609 -16616 -16623 -16626 -16627 -16630 -16631 -16633 -16637 -16639 -16648 -16652 -16662
-16663 -16665 -16675 -16682 -16692 -16697 -16698 -16701 -16706 -16709 -16718 -16724 -16731 -16736 -16744 -16745 -16749 -16757
-16763 -16769 -16771 -16779 -16789 -16794 -16797 -16805 -16814 -16823 -16826 -16834 -16844 -16852 -16857 -16866 -16876 -16882
-16889 -16897 -16906 -16908 -16909 -16919 -16924 -16933 -16936 -16946 -16951 -16953 -16963 -16972 -16982 -16991 -16993 -16998
-17004 -17012 -17014 -17016 -17021 -17029 -17035 -17044 -17049 -17051 -17052 -17059 -17067 -17073 -17076 -17078 -17084 -17091
-17094 -17099 -17109 -17118 -17119 -17121 -17124 -17127 -17131 -17136 -17140 -17144 -17151 -17154 -17158 -17164 -17166 -17170
-17177 -17185 -17195 -17205 -17208 -17216 -17218 -17226 -17231 -17240 -17241 -17251 -17252 -17257 -17265 -17267 -17271 -17274
-17276 -17278 -17280 -17290 -17298 -17302 -17311 -17319 -17323 -17331 -17337 -17345 -17346 -17348 -17358 -17360 -17363 -17367
-17374 -17383 -17391 -17396 -17398 -17400 -17409 -17415 -17420 -17430 -17434 -17441 -17443 -17446 -17449 -17457 -17459 -17466
-17473 -17478 -17483 -17490 -17495 -17501 -17502 -17507 -17516 -17517 -17522 -17532 -17537 -17544 -17546 -17554 -17560 -17566
-17576 -17577 -17585 -17589 -17590 -17599 -17604 -17606 -17609 -17618 -17626 -17628 -17634 -17639 -17648 -17654 -17661 -17663
-17670 -17671 -17673 -17674 -17676 -17685 -17688 -17691 -17701 -17709 -17717 -17722 -17728 -17729 -17735 -17743 -17750 -17755
-17764 -17769 -17773 -17779 -17785 -17789 -17798 -17805 -17815 -17818 -17821 -17831 -17833 -17837 -17847 -17857 -17867 -17870
-17874 -17882 -17892 -17897 -17905 -17911 -17914 -17921 -17931 -17940 -17949 -17955 -17959 -17964 -17966 -17972 -17975 -17981
-17983 -17986 -17996 -17998 -18001 -18009 -18016 -18021 -18028 -18037 -18039 -18041 -18051 -18061 -18071 -18076 -18085 -18092
-18101 -18105 -18115 -18116 -18120 -18124 -18129 -18136 -18137 -18144 -18151 -18160 -18169 -18175 -18183 -18189 -18196 -18197
-18207 -18217 -18222 -18223 -18230 -18234 -18236 -18237 -18242 -18248 -18256 -18266 -18269 -18275 -18280 -18284 -18293 -18303
-18309 -18319 -18320 -18324 -18331 -18340 -18345 -18352 -18354 -18360 -18367 -18371 -18380 -18384 -18392 -18401 -18411 -18420
-18421 -18424 -18430 -18435 -18437 -18445 -18455 -18462 -18463 -18467 -18475 -18477 -18482 -18488 -18498 -18500 -18501 -18505
-18513 -18514 -18517 -18521 -18530 -18540 -18543 -18546 -18547 -18554 -18558 -18568 -18572 -18573 -18583 -18590 -18597 -18601
-18606 -18616 -18626 -18630 -18638 -18640 -18647 -18651 -18655 -18660 -18669 -18678 -18687 -18696 -18705 -18707 -18713 -18717
-18719 -18724 -18729 -18737 -18738 -18748 -18758 -18760 -18764 -18773 -18783 -18788 -18795 -18798 -18807 -18816 -18826 -18834
-18843 -18845 -18847 -18853 -18861 -18867 -18872 -18879 -18887 -18897 -18899 -18903 -18904 -18906 -18909 -18912 -18922 -18932
-18936 -18941 -18948 -18957 -18967 -18977 -18979 -18985 -18986 -18988 -18991 -18993 -19001 -19009 -19016 -19019 -19027 -19029
-19036 -19040 -19047 -19049 -19052 -19058 -19068 -19077 -19082 -19091 -19095 -19103 -19110 -19111 -19121 -19131 -19133 -19143
-19152 -19153 -19163 -19173 -19174 -19181 -19185 -19186 -19194 -19198 -19204 -19206 -19216 -19226 -19233 -19242 -19252 -19254
-19263 -19267 -19270 -19274 -19281 -19291 -19297 -19298 -19303 -19313 -19320 -19325 -19327 -19337 -19340 -19342 -19351 -19356
-19365 -19375 -19376 -19381 -19383 -19393 -19398 -19399 -19401 -19405 -19414 -19420 -19426 -19429 -19434 -19440 -19445 -19450
-19455 -19458 -19467 -19476 -19485 -19495 -19496 -19502 -19511 -19512 -19518 -19525 -19534 -19543 -19552 -19561 -19564 -19568
-19575 -19585 -19595 -19600 -19604 -19608 -19616 -19624 -19627 -19630 -19633 -19637 -19645 -19649 -19657 -19659 -19665 -19667
-19671 -19680 -19682 -19687 -19690 -19700 -19708 -19716 -19725 -19735 -19740 -19743 -19752 -19755 -19764 -19773 -19777 -19782
-19785 -19790 -19795 -19798 -19803 -19813 -19817 -19826 -19829 -19837 -19846 -19855 -19863 -19873 -19878 -19882 -19888 -19889
-19891 -19895 -19902 -19909 -19911 -19915 -19921 -19922 -19930 -19935 -19944 -19952 -19953 -19960 -19962 -19966 -19976 -19982
-19988 -19993 -20000 -20008 -20018 -20022 -20029 -20039 -20044 -20054 -20059 -20067 -20069 -20072 -20074 -20083 -20085 -20094
-20098 -20104 -20110 -20114 -20121 -20125 -20127 -20134 -20143 -20149 -20152 -20160 -20162 -20168 -20169 -20172 -20178 -20184
-20190 -20192 -20195 -20200 -20209 -20213 -20221 -20228 -20232 -20233 -20235 -20239 -20248 -20253 -20255 -20262 -20270 -20274
-20280 -20289 -20293 -20299 -20301 -20311 -20320 -20329 -20339 -20344 -20352 -20355 -20362 -20369 -20373 -20381 -20383 -20393
-20399 -20403 -20408 -20416 -20421 -20430 -20435 -20445 -20454 -20459 -20467 -20475 -20479 -20488 -20490 -20493 -20500 -20507
-20514 -20520 -20524 -20533 -20534 -20541 -20544 -20551 -20558 -20567 -20571 -20574 -20577 -20582 -20586 -20594 -20599 -20608
-20616 -20620 -20629 -20638 -20642 -20649 -20650 -20653 -20660 -20661 -20669 -20677 -20685 -20692 -20696 -20701 -20711 -20714
-20716 -20717 -20724 -20726 -20735 -20741 -20742 -20745 -20749 -20753 -20754 -20759 -20760 -20765 -20774 -20784 -20785 -20792
-20801 -20802 -20803 -20813 -20820 -20823 -20826 -20829 -20835 -20837 -20846 -20849 -20852 -20859 -20860 -20866 -20870 -20880
-20883 -20893 -20903 -20911 -20921 -20924 -20927 -20937 -20947 -20950 -20960 -20965 -20968 -20973 -20977 -20985 -20986 -20988
-20996 -21000 -21010 -21017 -21026 -21034 -21038 -21047 -21048 -21057 -21066 -21071 -21075 -21084 -21087 -21094 -21096 -21104
-21107 -21115 -21122 -21127 -21136 -21145 -21149 -21156 -21165 -21171 -21174 -21177 -21179 -21187 -21188 -21196 -21197 -21199
-21207 -21209 -21213 -21223 -21233 -21243 -21245 -21250 -21255 -21257 -21267 -21276 -21282 -21284 -21285 -21290 -21299 -21307
-21312 -21320 -21326 -21327 -21334 -21335 -21342 -21348 -21353 -21360 -21370 -21375 -21382 -21386 -21393 -21395 -21402 -21412
-21413 -21422 -21425 -21427 -21437 -21446 -21452 -21460 -21470 -21477 -21478 -21483 -21492 -21497 -21503 -21506 -21516 -21522
-21532 -21533 -21535 -21536 -21545 -21553 -21563 -21564 -21568 -21570 -21580 -21581 -21588 -21595 -21603 -21611 -21613 -21623
-21624 -21634 -21640 -21648 -21651 -21661 -21671 -21678 -21687 -21692 -21699 -21709 -21714 -21724 -21734 -21738 -21741 -21745
-21751 -21752 -21761 -21766 -21775 -21782 -21783 -21786 -21796 -21805 -21815 -21820 -21824 -21826 -21830 -21837 -21838 -21844
-21853 -21857 -21863 -21873 -21874 -21880 -21881 -21890 -21891 -21900 -21906 -21912 -21918 -21928 -21935 -21937 -21943 -21947
-21949 -21951 -21953 -21955 -21964 -21968 -21972 -21976 -21982 -21991 -21993 -21994 -22000 -22007 -22017 -22023 -22024 -22032
-22039 -22043 -22052 -22059 -22063 -22070 -22076 -22086 -22092 -22101 -22107 -22113 -22116 -22124 -22128 -22134 -22137 -22144
-22150 -22160 -22170 -22175 -22183 -22188 -22195 -22202 -22212 -22214 -22220 -22225 -22227 -22230 -22233 -22241 -22249 -22254
-22262 -22265 -22266 -22273 -22282 -22289 -22292 -22298 -22308 -22313 -22323 -22328 -22332 -22338 -22342 -22345 -22353 -22358
-22364 -22371 -22374 -22379 -22386 -22393 -22394 -22396 -22403 -22413 -22423 -22430 -22437 -22441 -22444 -22450 -22454 -22459
-22468 -22469 -22476 -22480 -22481 -22486 -22489 -22492 -22496 -22506 -22511 -22512 -22522 -22523 -22526 -22534 -22540 -22547
-22557 -22559 -22568 -22574 -22579 -22583 -22585 -22586 -22591 -22596 -22599 -22609 -22611 -22616 -22626 -22632 -22639 -22644
-22646 -22650 -22660 -22667 -22672 -22677 -22683 -22693 -22697 -22702 -22711 -22719 -22723 -22732 -22735 -22745 -22753 -22760
-22769 -22772 -22782 -22792 -22795 -22805 -22807 -22814 -22816 -22824 -22832 -22840 -22843 -22852 -22862 -22869 -22874 -22876
-22877 -22880 -22888 -22894 -22897 -22904 -22909 -22917 -22921 -22923 -22924 -22930 -22940 -22949 -22957 -22959 -22966 -22975
-22983 -22992 -23002 -23005 -23012 -23022 -23032 -23039 -23048 -23055 -23056 -23065 -23072 -23074 -23078 -23079 -23087 -23088
-23095 -23103 -23113 -23114 -23123 -23133 -23135 -23143 -23153 -23162 -23165 -23167 -23174 -23180 -23182 -23191 -23193 -23196
-23204 -23212 -23217 -23225 -23227 -23237 -23245 -23251 -23259 -23267 -23273 -23278 -23283 -23288 -23297 -23303 -23306 -23311
-23318 -23325 -23334 -23339 -23345 -23354 -23363 -23368 -23372 -23375 -23381 -23386 -23394 -23401 -23404 -23406 -23409 -23416
-23425 -23435 -23444 -23448 -23458 -23467 -23476 -23484 -23486 -23491 -23498 -23499 -23500 -23501 -23508 -23514 -23517 -23519
-23529 -23534 -23541 -23547 -23551 -23557 -23558 -23559 -23569 -23574 -23579 -23586 -23591 -23595 -23599 -23603 -23604 -23608
-23610 -23619 -23628 -23636 -23642 -23644 -23652 -23660 -23661 -23669 -23670 -23674 -23682 -23685 -23691 -23697 -23698 -23702
-23707 -23709 -23715 -23723 -23725 -23731 -23733 -23741 -23746 -23755 -23763 -23770 -23774 -23776 -23777 -23784 -23787 -23796
-23797 -23800 -23810 -23819 -23829 -23833 -23840 -23845 -23852 -23853 -23863 -23873 -23883 -23892 -23900 -23906 -23916 -23917
-23925 -23931 -23933 -23940 -23949 -23950 -23955 -23957 -23966 -23972 -23979 -23983 -23989 -23997 -23999 -24009 -24012 -24014
-24015 -24018 -24027 -24032 -24034 -24039 -24047 -24055 -24057 -24061 -24062 -24068 -24070 -24080 -24082 -24084 -24092 -24095
-24098 -24101 -24106 -24113 -24123 -24130 -24132 -24140 -24150 -24153 -24163 -24164 -24174 -24180 -24188 -24190 -24193 -24200
-24202 -24211 -24219 -24227 -24236 -24243 -24253 -24263 -24270 -24278 -24282 -24292 -24295 -24298 -24301 -24304 -24306 -24310
-24318 -24319 -24328 -24335 -24341 -24351 -24357 -24360 -24363 -24364 -24370 -24380 -24387 -24396 -24399 -24401 -24404 -24406
-24410 -24419 -24428 -24430 -24435 -24441 -24444 -24446 -24451 -24452 -24454 -24457 -24458 -24466 -24469 -24475 -24481 -24491
-24497 -24502 -24503 -24510 -24515 -24523 -24527 -24534 -24540 -24547 -24553 -24558 -24568 -24575 -24585 -24594 -24596 -24605
-24608 -24612 -24619 -24628 -24630 -24631 -24641 -24646 -24650 -24654 -24662 -24671 -24681 -24691 -24693 -24702 -24706 -24711
-24720 -24727 -24732 -24740 -24750 -24757 -24763 -24773 -24780 -24789
