914 906 904 899 898 894 893 889 880 876 870 861 860 857 849 845 836 831
822 818 811 807 800 797 787 778 774 773 772 769 767 762 759 758 751 747
745 738 728 726 722 713 712 710 701 691 690 687 681 675 666 658 649 642
640 637 635 626 617 613 609 601 595 585 575 570 561 558 549 548 546 543
540 539 538 530 524 515 513 507 503 502 495 494 487 481 476 466 459 458
450 448 439 437 435 429 424 416 415 411 410 405 398 393 384 374 369 360
359 352 349 342 336 334 327 324 323 317 314 307 300 298 294 291 287 283
281 276 272 262 252 250 242 240 235 229 221 215 206 197 188 183 178 177
171 168 164 161 153 149 144 136 133 124 119 116 107 101 98 91 85 83
79 78 70 62 59 58 52 43 36 32 30 22 21 16 6 -3 -7 -15
-16 -20 -27 -37 -46 -54 -62 -66 -67 -68 -72 -76 -80 -85 -91 -97 -107 -111
-114 -118 -123 -126 -130 -131 -135 -140 -145 -152 -161 -163 -172 -174 -182 -190 -198 -206
-213 -223 -233 -234 -235 -244 -245 -246 -256 -264 -265 -275 -281 -285 -287 -291 -294 -301
-308 -315 -316 -317 -325 -333 -338 -339 -345 -348 -357 -365 -374 -382 -392 -398 -399 -401
-406 -411 -418 -428 -438 -448 -451 -461 -467 -468 -473 -475 -476 -482 -491 -497 -502 -506
-509 -517 -525 -532 -535 -540 -546 -552 -562 -563 -572 -581 -583 -589 -592 -594 -595 -600
-604 -611 -620 -627 -635 -640 -644 -650 -652 -658 -660 -667 -677 -680 -684 -685 -695 -696
-705 -715 -723 -724 -729 -736 -738 -748 -751 -752 -757 -763 -766 -774 -782 -787 -793 -796
-803 -808 -810 -813 -819 -827 -830 -836 -846 -855 -862 -871 -881 -883 -892 -895 -902 -907
-916 -918 -927 -930 -939 -941 -951 -959 -961 -964 -968 -971 -975 -982 -992 -1002 -1006 -1012
-1015 -1023 -1031 -1034 -1037 -1042 -1049 -1051 -1060 -1063 -1066 -1076 -1079 -1082 -1089 -1099 -1106 -1109
-1110 -1119 -1121 -1131 -1140 -1150 -1158 -1159 -1167 -1177 -1178 -1186 -1194 -1196 -1204 -1208 -1213 -1223
-1226 -1236 -1239 -1243 -1246 -1253 -1255 -1265 -1274 -1277 -1287 -1288 -1296 -1306 -1313 -1322 -1327 -1330
-1336 -1341 -1343 -1351 -1354 -1358 -1360 -1365 -1374 -1380 -1381 -1383 -1387 -1388 -1394 -1403 -1405 -1414
-1424 -1429 -1434 -1443 -1452 -1457 -1458 -1466 -1476 -1479 -1481 -1487 -1493 -1502 -1508 -1509 -1515 -1516
-1517 -1521 -1526 -1536 -1546 -1554 -1558 -1562 -1566 -1575 -1580 -1587 -1589 -1593 -1599 -1602 -1611 -1613
-1623 -1624 -1630 -1637 -1642 -1644 -1646 -1647 -1650 -1655 -1659 -1663 -1673 -1678 -1680 -1686 -1687 -1692
-1697 -1698 -1700 -1709 -1714 -1716 -1725 -1733 -1742 -1743 -1745 -1751 -1753 -1754 -1763 -1768 -1771 -1774
-1784 -1790 -1798 -1800 -1807 -1817 -1825 -1830 -1833 -1842 -1845 -1853 -1859 -1864 -1865 -1870 -1879 -1886
-1887 -1894 -1900 -1903 -1906 -1911 -1915 -1919 -1921 -1925 -1932 -1936 -1943 -1948 -1950 -1956 -1965 -1975
-1977 -1986 -1995 -2005 -2013 -2020 -2029 -2035 -2045 -2048 -2050 -2056 -2058 -2059 -2068 -2073 -2075 -2079
-2081 -2086 -2096 -2099 -2103 -2109 -2117 -2124 -2131 -2134 -2137 -2142 -2143 -2150 -2158 -2161 -2170 -2174
-2179 -2181 -2184 -2189 -2195 -2199 -2202 -2208 -2213 -2223 -2229 -2231 -2233 -2237 -2245 -2254 -2263 -2273
-2282 -2291 -2297 -2306 -2309 -2316 -2321 -2325 -2330 -2339 -2347 -2348 -2357 -2364 -2370 -2376 -2383 -2386
-2395 -2400 -2405 -2410 -2412 -2420 -2424 -2430 -2434 -2435 -2438 -2445 -2455 -2463 -2471 -2479 -2482 -2492
-2496 -2497 -2507 -2516 -2524 -2534 -2540 -2544 -2546 -2552 -2554 -2558 -2567 -2574 -2579 -2588 -2590 -2599
-2603 -2606 -2614 -2621 -2629 -2631 -2634 -2644 -2649 -2654 -2659 -2660 -2666 -2675 -2680 -2689 -2698 -2707
-2711 -2721 -2722 -2732 -2738 -2743 -2750 -2756 -2763 -2773 -2779 -2784 -2793 -2803 -2804 -2805 -2810 -2815
-2816 -2826 -2832 -2837 -2839 -2846 -2856 -2863 -2871 -2878 -2886 -2894 -2900 -2903 -2905 -2908 -2911 -2917
-2921 -2922 -2931 -2934 -2937 -2945 -2950 -2951 -2955 -2956 -2961 -2963 -2968 -2971 -2974 -2981 -2984 -2986
-2996 -3001 -3006 -3010 -3014 -3023 -3026 -3028 -3029 -3031 -3038 -3043 -3053 -3054 -3056 -3060 -3067 -3077
-3080 -3083 -3085 -3091 -3095 -3097 -3098 -3101 -3102 -3104 -3114 -3116 -3117 -3127 -3128 -3131 -3141 -3147
-3155 -3159 -3160 -3162 -3171 -3176 -3177 -3180 -3189 -3193 -3196 -3203 -3212 -3213 -3216 -3217 -3224 -3228
-3230 -3238 -3242 -3250 -3260 -3262 -3265 -3274 -3277 -3286 -3291 -3297 -3300 -3303 -3308 -3316 -3323 -3333
-3334 -3335 -3338 -3343 -3345 -3353 -3363 -3371 -3374 -3375 -3376 -3382 -3392 -3395 -3399 -3407 -3414 -3416
-3424 -3428 -3438 -3441 -3444 -3449 -3453 -3454 -3458 -3461 -3466 -3472 -3480 -3485 -3490 -3493 -3499 -3502
-3509 -3519 -3528 -3531 -3537 -3541 -3548 -3557 -3561 -3569 -3578 -3586 -3592 -3601 -3610 -3612 -3614 -3622
-3632 -3642 -3649 -3658 -3663 -3666 -3676 -3678 -3681 -3686 -3687 -3697 -3699 -3704 -3707 -3714 -3721 -3727
-3737 -3746 -3747 -3752 -3758 -3760 -3766 -3776 -3779 -3780 -3786 -3796 -3805 -3808 -3818 -3828 -3837 -3840
-3850 -3857 -3864 -3873 -3875 -3876 -3883 -3888 -3893 -3902 -3904 -3913 -3922 -3927 -3929 -3939 -3942 -3946
-3948 -3955 -3956 -3957 -3961 -3962 -3968 -3974 -3975 -3978 -3981 -3986 -3994 -4000 -4008 -4015 -4019 -4020
-4023 -4026 -4036 -4040 -4048 -4055 -4061 -4062 -4071 -4081 -4083 -4093 -4098 -4107 -4117 -4122 -4123 -4129
-4136 -4146 -4154 -4162 -4171 -4178 -4179 -4182 -4184 -4191 -4199 -4201 -4208 -4217 -4220 -4226 -4231 -4237
-4241 -4246 -4256 -4262 -4266 -4273 -4275 -4277 -4279 -4281 -4289 -4298 -4301 -4310 -4317 -4323 -4327 -4331
-4336 -4342 -4347 -4352 -4359 -4367 -4370 -4378 -4382 -4386 -4391 -4395 -4404 -4410 -4420 -4421 -4422 -4429
-4432 -4435 -4442 -4447 -4448 -4449 -4450 -4459 -4460 -4465 -4473 -4482 -4484 -4493 -4499 -4505 -4508 -4511
-4521 -4525 -4526 -4532 -4534 -4537 -4547 -4553 -4554 -4559 -4561 -4569 -4576 -4586 -4596 -4602 -4607 -4613
-4616 -4626 -4633 -4635 -4643 -4645 -4653 -4663 -4673 -4674 -4684 -4690 -4693 -4694 -4696 -4702 -4712 -4717
-4727 -4736 -4740 -4744 -4751 -4753 -4761 -4763 -4767 -4776 -4777 -4781 -4783 -4791 -4797 -4800 -4806 -4813
-4817 -4825 -4832 -4833 -4840 -4848 -4851 -4853 -4863 -4866 -4876 -4885 -4886 -4893 -4897 -4903 -4912 -4918
-4921 -4927 -4937 -4945 -4953 -4963 -4970 -4971 -4980 -4987 -4989 -4997 -5004 -5005 -5015 -5020 -5022 -5025
-5034 -5036 -5046 -5048 -5055 -5064 -5067 -5069 -5070 -5075 -5081 -5082 -5087 -5093 -5096 -5104 -5110 -5111
-5118 -5125 -5132 -5139 -5148 -5150 -5156 -5164 -5169 -5170 -5177 -5182 -5187 -5196 -5206 -5212 -5217 -5224
-5228 -5233 -5243 -5247 -5252 -5259 -5269 -5271 -5279 -5281 -5288 -5290 -5294 -5302 -5311 -5318 -5324 -5334
-5339 -5348 -5349 -5352 -5354 -5356 -5359 -5367 -5369 -5371 -5374 -5379 -5387 -5393 -5395 -5400 -5402 -5408
-5413 -5423 -5424 -5427 -5431 -5433 -5443 -5450 -5454 -5464 -5466 -5468 -5477 -5487 -5493 -5501 -5510 -5514
-5520 -5529 -5538 -5540 -5544 -5551 -5557 -5559 -5564 -5570 -5580 -5586 -5592 -5600 -5601 -5611 -5615 -5622
-5628 -5636 -5637 -5642 -5646 -5651 -5653 -5660 -5670 -5674 -5681 -5691 -5692 -5696 -5702 -5709 -5712 -5717
-5719 -5726 -5734 -5738 -5745 -5749 -5759 -5762 -5765 -5768 -5769 -5776 -5785 -5794 -5801 -5806 -5811 -5814
-5822 -5826 -5829 -5836 -5845 -5855 -5864 -5866 -5876 -5877 -5883 -5887 -5889 -5893 -5899 -5902 -5906 -5909
-5916 -5926 -5934 -5936 -5941 -5950 -5953 -5958 -5968 -5977 -5979 -5984 -5988 -5993 -6000 -6006 -6015 -6016
-6019 -6026 -6033 -6036 -6040 -6047 -6049 -6056 -6059 -6064 -6070 -6075 -6083 -6089 -6092 -6094 -6101 -6111
-6113 -6114 -6115 -6121 -6126 -6135 -6144 -6146 -6148 -6151 -6157 -6158 -6159 -6161 -6162 -6164 -6166 -6170
-6178 -6180 -6186 -6189 -6198 -6204 -6205 -6207 -6208 -6215 -6222 -6224 -6234 -6235 -6238 -6245 -6250 -6254
-6257 -6267 -6270 -6274 -6284 -6291 -6301 -6309 -6317 -6320 -6321 -6324 -6334 -6339 -6346 -6356 -6365 -6368
-6376 -6381 -6388 -6394 -6404 -6414 -6416 -6421 -6431 -6440 -6442 -6447 -6452 -6459 -6467 -6477 -6483 -6484
-6491 -6501 -6504 -6513 -6515 -6524 -6526 -6528 -6531 -6538 -6543 -6551 -6553 -6557 -6567 -6575 -6585 -6586
-6590 -6595 -6603 -6604 -6606 -6610 -6619 -6620 -6629 -6631 -6641 -6649 -6656 -6657 -6659 -6669 -6674 -6680
-6681 -6691 -6696 -6705 -6712 -6715 -6720 -6726 -6733 -6740 -6742 -6743 -6751 -6757 -6764 -6770 -6775 -6783
-6793 -6799 -6806 -6812 -6814 -6823 -6833 -6835 -6840 -6848 -6851 -6860 -6865 -6870 -6876 -6883 -6887 -6895
-6900 -6906 -6915 -6921 -6927 -6936 -6945 -6949 -6957 -6963 -6972 -6977 -6979 -6987 -6989 -6993 -7001 -7011
-7018 -7026 -7028 -7036 -7038 -7044 -7046 -7047 -7055 -7056 -7065 -7067 -7069 -7075 -7077 -7084 -7090 -7096
-7097 -7101 -7111 -7113 -7118 -7125 -7128 -7132 -7137 -7143 -7150 -7158 -7164 -7165 -7170 -7171 -7176 -7177
-7184 -7192 -7201 -7206 -7215 -7219 -7229 -7231 -7232 -7239 -7245 -7246 -7255 -7263 -7266 -7273 -7280 -7287
-7288 -7289 -7295 -7301 -7309 -7315 -7319 -7320 -7330 -7332 -7336 -7340 -7346 -7354 -7360 -7370 -7372 -7380
-7388 -7389 -7398 -7403 -7413 -7421 -7430 -7437 -7447 -7449 -7455 -7458 -7465 -7467 -7477 -7480 -7483 -7484
-7494 -7495 -7496 -7504 -7511 -7518 -7528 -7529 -7535 -7544 -7546 -7547 -7552 -7555 -7562 -7568 -7569 -7570
-7572 -7575 -7584 -7590 -7600 -7606 -7610 -7615 -7618 -7619 -7625 -7630 -7636 -7638 -7644 -7647 -7650 -7651
-7658 -7665 -7675 -7685 -7692 -7700 -7708 -7710 -7718 -7723 -7727 -7737 -7742 -7752 -7761 -7770 -7774 -7779
-7787 -7789 -7799 -7803 -7806 -7815 -7825 -7833 -7834 -7844 -7849 -7852 -7853 -7855 -7865 -7868 -7871 -7872
-7875 -7883 -7885 -7886 -7896 -7904 -7914 -7923 -7930 -7935 -7943 -7945 -7950 -7956 -7964 -7972 -7977 -7982
-7985 -7990 -7997 -7998 -8002 -8011 -8014 -8024 -8031 -8036 -8038 -8043 -8053 -8055 -8065 -8066 -8071 -8075
-8081 -8083 -8085 -8090 -8095 -8101 -8109 -8116 -8119 -8129 -8133 -8136 -8143 -8148 -8156 -8161 -8166 -8171
-8174 -8183 -8191 -8194 -8202 -8206 -8211 -8214 -8221 -8227 -8228 -8230 -8238 -8242 -8248 -8250 -8251 -8260
-8267 -8274 -8275 -8281 -8285 -8295 -8297 -8304 -8312 -8315 -8322 -8330 -8334 -8341 -8343 -8344 -8354 -8355
-8358 -8366 -8374 -8376 -8380 -8387 -8396 -8402 -8409 -8415 -8419 -8425 -8427 -8433 -8435 -8437 -8440 -8448
-8454 -8459 -8463 -8464 -8467 -8477 -8487 -8495 -8497 -8503 -8507 -8513 -8518 -8527 -8537 -8539 -8549 -8553
-8554 -8555 -8564 -8570 -8579 -8589 -8592 -8597 -8602 -8604 -8612 -8622 -8624 -8627 -8633 -8637 -8641 -8651
-8659 -8663 -8671 -8678 -8680 -8687 -8697 -8705 -8709 -8713 -8721 -8729 -8732 -8734 -8742 -8744 -8753 -8756
-8764 -8767 -8770 -8774 -8780 -8784 -8789 -8795 -8802 -8806 -8808 -8814 -8816 -8825 -8832 -8840 -8842 -8844
-8846 -8854 -8861 -8863 -8868 -8872 -8874 -8881 -8888 -8891 -8896 -8906 -8916 -8917 -8924 -8929 -8939 -8943
-8944 -8952 -8961 -8964 -8966 -8973 -8975 -8983 -8987 -8988 -8994 -8997 -9002 -9009 -9015 -9025 -9026 -9032
-9040 -9048 -9058 -9061 -9064 -9074 -9076 -9079 -9081 -9086 -9095 -9103 -9110 -9112 -9116 -9124 -9128 -9134
-9139 -9141 -9148 -9156 -9164 -9172 -9174 -9182 -9191 -9193 -9194 -9204 -9211 -9221 -9224 -9226 -9234 -9244
-9247 -9255 -9264 -9269 -9278 -9287 -9297 -9307 -9315 -9316 -9318 -9320 -9327 -9336 -9339 -9340 -9343 -9352
-9357 -9358 -9368 -9378 -9382 -9385 -9388 -9397 -9402 -9410 -9417 -9427 -9436 -9438 -9445 -9453 -9463 -9470
-9478 -9486 -9495 -9496 -9501 -9509 -9511 -9519 -9528 -9538 -9545 -9547 -9548 -9556 -9566 -9569 -9575 -9577
-9579 -9585 -9586 -9596 -9604 -9612 -9615 -9616 -9626 -9635 -9643 -9644 -9650 -9655 -9660 -9666 -9667 -9676
-9683 -9692 -9698 -9702 -9711 -9715 -9720 -9722 -9723 -9727 -9737 -9743 -9751 -9756 -9757 -9765 -9766 -9768
-9769 -9779 -9782 -9790 -9798 -9808 -9818 -9828 -9834 -9837 -9845 -9855 -9859 -9864 -9868 -9869 -9873 -9877
-9880 -9889 -9890 -9892 -9895 -9900 -9901 -9910 -9912 -9913 -9914 -9921 -9930 -9936 -9944 -9954 -9959 -9966
-9975 -9980 -9982 -9987 -9990 -9999 -10004 -10007 -10017 -10022 -10027 -10028 -10036 -10044 -10049 -10057 -10065 -10069
-10073 -10074 -10084 -10094 -10101 -10110 -10115 -10123 -10127 -10128 -10130 -10131 -10134 -10142 -10147 -10154 -10156 -10157
-10158 -10161 -10162 -10166 -10169 -10173 -10177 -10183 -10186 -10191 -10193 -10195 -10204 -10205
