7307 7300 7297 7291 7281 7279 7274 7269 7264 7256 7247 7241 7237 7232 7231 7230 7224 7222
7217 7211 7207 7200 7192 7182 7172 7162 7156 7152 7148 7143 7142 7137 7127 7121 7111 7102
7101 7093 7088 7078 7068 7063 7055 7048 7041 7040 7032 7027 7018 7014 7007 7004 6999 6989
6985 6981 6977 6976 6967 6964 6963 6961 6958 6955 6954 6951 6944 6937 6931 6926 6925 6921
6919 6918 6915 6907 6897 6892 6882 6873 6868 6863 6854 6852 6844 6843 6838 6836 6826 6821
6813 6811 6801 6797 6788 6781 6775 6769 6766 6765 6763 6756 6749 6741 6734 6726 6718 6708
6707 6703 6698 6690 6680 6675 6672 6665 6663 6660 6658 6654 6646 6638 6631 6629 6619 6616
6610 6602 6597 6589 6579 6575 6573 6571 6563 6560 6555 6545 6538 6528 6527 6522 6520 6512
6505 6496 6490 6483 6475 6470 6469 6466 6464 6458 6454 6445 6444 6434 6430 6422 6414 6413
6409 6400 6394 6392 6382 6376 6369 6364 6363 6356 6355 6349 6346 6341 6336 6328 6321 6319
6317 6316 6308 6301 6295 6292 6284 6282 6280 6275 6270 6263 6262 6258 6252 6251 6245 6238
6233 6229 6228 6220 6217 6207 6206 6200 6192 6182 6180 6174 6166 6159 6152 6142 6140 6133
6131 6129 6119 6113 6108 6103 6102 6099 6095 6089 6083 6079 6070 6068 6058 6050 6049 6041
6031 6021 6013 6004 6000 5991 5984 5983 5974 5969 5963 5953 5952 5947 5938 5935 5931 5921
5914 5911 5902 5896 5893 5890 5886 5877 5867 5866 5856 5850 5849 5842 5840 5831 5825 5821
5814 5811 5810 5807 5797 5791 5782 5779 5778 5775 5771 5770 5764 5759 5754 5747 5741 5738
5730 5727 5717 5712 5703 5694 5688 5679 5677 5673 5668 5664 5656 5647 5645 5642 5634 5624
5614 5605 5597 5590 5585 5584 5580 5572 5562 5556 5555 5548 5546 5537 5536 5533 5526 5523
5522 5515 5509 5502 5499 5494 5487 5482 5481 5480 5475 5467 5462 5459 5456 5452 5442 5440
5431 5429 5422 5413 5405 5397 5387 5386 5377 5375 5374 5373 5369 5367 5366 5356 5346 5340
5339 5337 5329 5321 5314 5309 5303 5302 5299 5296 5289 5287 5277 5271 5270 5266 5257 5247
5238 5237 5230 5227 5218 5215 5210 5208 5205 5198 5191 5188 5182 5177 5167 5162 5156 5146
5145 5144 5136 5133 5131 5121 5114 5107 5098 5095 5091 5082 5077 5074 5070 5066 5062 5057
5048 5038 5032 5028 5020 5019 5015 5007 4997 4990 4980 4970 4963 4955 4950 4946 4945 4936
4926 4923 4920 4912 4903 4898 4892 4889 4887 4886 4881 4872 4862 4859 4857 4854 4850 4846
4837 4833 4832 4824 4823 4813 4807 4799 4793 4789 4779 4771 4761 4756 4750 4744 4738 4730
4722 4712 4708 4707 4702 4700 4698 4690 4686 4682 4676 4673 4671 4663 4656 4651 4641 4635
4630 4626 4623 4614 4606 4602 4595 4591 4586 4576 4569 4564 4560 4555 4553 4552 4546 4544
4540 4535 4527 4525 4523 4519 4514 4511 4505 4501 4491 4485 4476 4468 4466 4460 4452 4446
4443 4436 4433 4425 4421 4420 4418 4416 4411 4401 4397 4391 4385 4376 4367 4364 4361 4355
4351 4344 4339 4336 4333 4325 4321 4320 4317 4314 4304 4298 4297 4293 4288 4279 4277 4276
4272 4265 4261 4255 4251 4246 4238 4231 4222 4213 4203 4197 4188 4178 4171 4162 4161 4151
4149 4144 4134 4131 4126 4119 4115 4108 4100 4091 4088 4079 4073 4067 4062 4059 4054 4049
4046 4041 4039 4037 4032 4028 4019 4017 4016 4012 4006 4000 3999 3995 3986 3985 3980 3977
3973 3963 3953 3947 3942 3935 3930 3924 3915 3909 3900 3894 3889 3887 3880 3872 3868 3861
3855 3851 3841 3840 3833 3824 3814 3812 3809 3808 3799 3794 3787 3778 3775 3766 3756 3750
3740 3732 3725 3716 3713 3707 3698 3691 3690 3687 3685 3680 3671 3666 3665 3663 3656 3649
3645 3636 3634 3631 3621 3615 3605 3595 3587 3584 3580 3578 3577 3573 3564 3560 3554 3547
3545 3543 3542 3533 3523 3514 3504 3499 3498 3497 3488 3478 3474 3472 3466 3457 3453 3448
3445 3439 3432 3428 3423 3419 3414 3410 3404 3397 3394 3389 3383 3376 3375 3370 3361 3353
3349 3339 3331 3324 3316 3311 3305 3300 3291 3287 3284 3276 3268 3259 3251 3247 3246 3243
3239 3231 3226 3221 3220 3218 3213 3208 3199 3195 3186 3183 3173 3170 3164 3160 3152 3146
3144 3140 3132 3124 3117 3107 3097 3090 3089 3084 3079 3076 3074 3065 3060 3050 3041 3037
3035 3030 3022 3021 3011 3005 3002 2995 2985 2983 2980 2971 2964 2955 2949 2941 2932 2928
2927 2923 2920 2913 2903 2898 2888 2879 2878 2876 2866 2865 2856 2853 2849 2840 2836 2829
2826 2824 2815 2814 2812 2811 2810 2803 2800 2797 2788 2787 2784 2782 2772 2770 2764 2759
2752 2749 2744 2736 2727 2719 2711 2701 2695 2693 2686 2685 2683 2678 2675 2674 2671 2663
2657 2648 2641 2636 2628 2618 2608 2603 2602 2595 2593 2591 2589 2579 2572 2567 2563 2558
2556 2549 2547 2543 2534 2525 2524 2514 2508 2505 2499 2497 2487 2480 2474 2471 2467 2466
2465 2460 2451 2443 2433 2431 2429 2421 2420 2412 2407 2402 2401 2393 2391 2381 2377 2371
2369 2361 2352 2343 2336 2335 2331 2325 2318 2316 2315 2310 2302 2300 2290 2281 2277 2275
2273 2270 2268 2262 2259 2253 2252 2247 2245 2239 2233 2224 2220 2213 2209 2201 2198 2189
2179 2174 2166 2160 2153 2147 2140 2130 2129 2127 2118 2115 2105 2096 2093 2090 2084 2074
2069 2061 2051 2047 2046 2042 2038 2028 2022 2013 2011 2005 2000 1997 1988 1979 1969 1960
1957 1950 1949 1947 1941 1937 1931 1921 1919 1909 1901 1898 1896 1886 1880 1871 1869 1867
1863 1860 1854 1845 1836 1835 1825 1817 1815 1811 1810 1802 1794 1790 1789 1781 1778 1768
1760 1750 1742 1733 1723 1720 1713 1709 1700 1693 1683 1680 1678 1674 1668 1662 1654 1644
1643 1642 1632 1623 1613 1606 1604 1594 1589 1586 1585 1582 1581 1579 1569 1560 1554 1547
1544 1542 1534 1527 1520 1511 1508 1498 1495 1491 1489 1480 1471 1464 1454 1453 1450 1443
1434 1432 1427 1423 1419 1414 1410 1401 1391 1390 1381 1380 1374 1370 1362 1359 1357 1348
1338 1329 1322 1312 1305 1298 1288 1283 1274 1270 1265 1261 1253 1247 1241 1239 1236 1231
1224 1222 1213 1212 1210 1202 1199 1196 1190 1187 1178 1176 1173 1170 1169 1167 1163 1155
1150 1145 1141 1133 1132 1130 1129 1128 1118 1112 1110 1104 1094 1085 1077 1071 1063 1055
1048 1042 1038 1037 1031 1027 1026 1019 1018 1017 1012 1008 1006 996 986 983 980 971
969 964 960 958 952 951 944 939 936 930 925 923 916 915 913 905 904 896
891 881 880 874 865 863 853 852 849 845 837 834 829 827 824 818 812 807
805 799 792 786 781 774 766 763 754 752 745 737 728 722 720 715 708 698
692 682 673 667 665 663 659 651 647 645 635 629 627 624 614 607 599 595
587 586 582 581 573 569 565 564 558 554 547 543 535 533 530 527 525 522
514 509 504 500 499 495 492 485 475 467 458 455 452 450 443 435 425 418
412 411 409 407 404 399 397 391 386 380 377 367 357 348 346 344 335 331
329 327 319 310 300 297 295 290 280 270 265 258 250 241 240 231 229 221
220 212 207 204 194 187 182 174 164 158 148 144 139 135 130 123 118 116
112 105 104 103 98 91 81 73 67 57 55 48 44 41 31 29 22 14
11 6 4 -1 -7 -16 -22 -32 -37 -43 -44 -45 -53 -61 -70 -79 -80 -87
-88 -90 -96 -105 -113 -119 -125 -129 -131 -132 -135 -136 -146 -151 -160 -164 -171 -174
-177 -181 -186 -196 -206 -216 -224 -227 -229 -233 -243 -253 -260 -265 -273 -283 -289 -299
-304 -308 -318 -321 -327 -331 -337 -343 -349 -358 -365 -373 -376 -377 -387 -388 -398 -404
-413 -419 -422 -427 -433 -437 -446 -453 -458 -461 -462 -464 -469 -470 -478 -479 -489 -494
-500 -502 -506 -507 -511 -513 -517 -522 -532 -533 -537 -545 -547 -556 -558 -567 -569 -573
-576 -584 -590 -597 -599 -606 -614 -615 -621 -629 -638 -640 -642 -646 -653 -661 -669 -671
-681 -684 -691 -695 -701 -709 -714 -722 -732 -741 -742 -744 -751 -752 -755 -759 -762 -770
-777 -786 -793 -799 -808 -811 -815 -819 -826 -832 -834 -836 -840 -849 -850 -857 -867 -872
-873 -881 -882 -885 -892 -895 -896 -901 -904 -911 -921 -923 -926 -927 -937 -943 -948 -954
-957 -964 -965 -974 -976 -986 -989 -990 -995 -1003 -1008 -1016 -1017 -1024 -1030 -1031 -1032 -1040
-1042 -1046 -1056 -1059 -1067 -1070 -1077 -1083 -1093 -1095 -1097 -1101 -1111 -1119 -1120 -1130 -1135 -1143
-1146 -1148 -1150 -1153 -1155 -1156 -1158 -1168 -1169 -1176 -1186 -1195 -1205 -1212 -1222 -1227 -1235 -1243
-1249 -1250 -1253 -1263 -1267 -1274 -1275 -1278 -1279 -1289 -1298 -1305 -1311 -1316 -1317 -1323 -1325 -1333
-1338 -1348 -1353 -1359 -1366 -1371 -1380 -1386 -1392 -1395 -1405 -1410 -1413 -1423 -1429 -1435 -1436 -1442
-1444 -1447 -1457 -1458 -1464 -1473 -1479 -1486 -1492 -1502 -1503 -1513 -1514 -1519 -1528 -1537 -1547 -1557
-1560 -1561 -1562 -1571 -1577 -1585 -1591 -1599 -1605 -1606 -1607 -1617 -1627 -1635 -1640 -1645 -1647 -1651
-1656 -1666 -1670 -1674 -1682 -1684 -1693 -1695 -1704 -1713 -1716 -1720 -1726 -1735 -1737 -1746 -1754 -1759
-1760 -1768 -1778 -1785 -1794 -1801 -1811 -1819 -1827 -1834 -1843 -1846 -1847 -1849 -1856 -1860 -1870 -1880
-1885 -1887 -1889 -1891 -1892 -1896 -1901 -1903 -1908 -1912 -1915 -1920 -1921 -1922 -1925 -1929 -1935 -1941
-1946 -1948 -1956 -1962 -1965 -1974 -1980 -1985 -1995 -1998 -2000 -2010 -2015 -2019 -2028 -2033 -2038 -2040
-2044 -2054 -2064 -2073 -2076 -2082 -2088 -2090 -2096 -2097 -2098 -2107 -2114 -2124 -2133 -2140 -2146 -2155
-2165 -2166 -2169 -2171 -2176 -2186 -2196 -2203 -2208 -2215 -2223 -2225 -2227 -2236 -2239 -2247 -2249 -2258
-2259 -2269 -2274 -2284 -2293 -2303 -2313 -2322 -2329 -2338 -2344 -2352 -2359 -2363 -2365 -2367 -2371 -2381
-2390 -2395 -2405 -2413 -2423 -2428 -2437 -2442 -2448 -2457 -2467 -2475 -2485 -2495 -2496 -2503 -2506 -2511
-2512 -2517 -2523 -2526 -2534 -2536 -2546 -2552 -2556 -2557 -2562 -2564 -2569 -2573 -2574 -2579 -2582 -2583
-2590 -2593 -2603 -2613 -2616 -2624 -2629 -2638 -2645 -2653 -2663 -2671 -2676 -2686 -2695 -2696 -2697 -2702
-2709 -2711 -2712 -2718 -2720 -2724 -2726 -2727 -2729 -2732 -2741 -2746 -2749 -2758 -2761 -2766 -2771 -2775
-2781 -2789 -2799 -2803 -2808 -2813 -2817 -2819 -2827 -2832 -2833 -2842 -2846 -2847 -2854 -2858 -2867 -2875
-2876 -2880 -2886 -2890 -2898 -2908 -2918 -2919 -2927 -2934 -2937 -2940 -2942 -2951 -2955 -2956 -2961 -2969
-2972 -2973 -2980 -2985 -2994 -2999 -3008 -3011 -3013 -3020 -3022 -3031 -3041 -3049 -3058 -3059 -3068 -3071
-3081 -3089 -3094 -3101 -3111 -3119 -3125 -3130 -3138 -3142 -3147 -3152 -3156 -3158 -3159 -3168 -3174 -3180
-3182 -3189 -3195 -3199 -3203 -3212 -3222 -3225 -3233 -3237 -3245 -3251 -3256 -3261 -3269 -3279 -3285 -3295
-3296 -3299 -3301 -3306 -3312 -3318 -3326 -3334 -3339 -3346 -3356 -3359 -3368 -3376 -3379 -3384 -3392 -3394
-3395 -3396 -3398 -3399 -3406 -3412 -3415 -3423 -3424 -3432 -3438 -3439 -3443 -3448 -3454 -3457 -3458 -3459
-3466 -3469 -3470 -3480 -3484 -3490 -3495 -3496 -3498 -3504 -3513 -3521 -3522 -3528 -3531 -3532 -3542 -3552
-3555 -3558 -3565 -3567 -3573 -3578 -3580 -3589 -3595 -3599 -3601 -3610 -3616 -3619 -3629 -3630 -3631 -3640
-3641 -3650 -3656 -3665 -3670 -3677 -3686 -3692 -3699 -3709 -3711 -3718 -3724 -3725 -3733 -3736 -3746 -3753
-3758 -3768 -3769 -3774 -3776 -3780 -3787 -3795 -3803 -3809 -3817 -3822 -3823 -3833 -3836 -3839 -3845 -3850
-3851 -3853 -3855 -3857 -3862 -3865 -3868 -3873 -3879 -3888 -3893 -3896 -3900 -3906 -3913 -3914 -3919 -3926
-3927 -3930 -3931 -3941 -3943 -3949 -3953 -3960 -3966 -3971 -3978 -3983 -3987 -3988 -3997 -4005 -4013 -4021
-4029 -4037 -4038 -4048 -4057 -4062 -4063 -4070 -4077 -4085 -4091 -4099 -4109 -4116 -4125 -4134 -4142 -4152
-4156 -4158 -4163 -4171 -4173 -4175 -4177 -4181 -4191 -4192 -4201 -4207 -4208 -4216 -4220 -4221 -4227 -4231
-4241 -4243 -4244 -4246 -4248 -4252 -4258 -4268 -4271 -4279 -4286 -4288 -4291 -4299 -4309 -4316 -4324 -4325
-4334 -4339 -4349 -4354 -4359 -4364 -4365 -4367 -4370 -4378 -4385 -4387 -4390 -4399 -4408 -4417 -4418 -4422
-4431 -4441 -4449 -4450 -4455 -4462 -4470 -4474 -4484 -4490 -4496 -4499 -4502 -4504 -4507 -4511 -4516 -4519
-4527 -4529 -4530 -4539 -4545 -4553 -4560 -4568 -4575 -4578 -4580 -4587 -4588 -4592 -4594 -4597 -4600 -4610
-4614 -4616 -4626 -4635 -4636 -4645 -4647 -4651 -4657 -4662 -4666 -4667 -4677 -4680 -4685 -4691 -4699 -4704
-4712 -4716 -4725 -4732 -4738 -4740 -4747 -4751 -4753 -4755 -4765 -4775 -4778 -4788 -4798 -4803 -4813 -4816
-4820 -4830 -4838 -4843 -4849 -4853 -4861 -4865 -4867 -4874 -4879 -4887 -4890 -4894 -4896 -4898 -4899 -4901
-4902 -4909 -4912 -4917 -4918 -4927 -4928 -4934 -4943 -4944 -4954 -4963 -4973 -4983 -4984 -4987 -4990 -4993
-5002 -5009 -5019 -5029 -5035 -5045 -5051 -5058 -5064 -5069 -5070 -5079 -5088 -5096 -5101 -5104 -5111 -5120
-5125 -5126 -5136 -5140 -5144 -5151 -5159 -5169 -5176 -5179 -5180 -5189 -5193 -5201 -5208 -5217 -5226 -5227
-5232 -5238 -5245 -5248 -5253 -5258 -5268 -5269 -5273 -5281 -5287 -5295 -5296 -5297 -5301 -5308 -5315 -5324
-5330 -5340 -5344 -5351 -5357 -5363 -5368 -5374 -5384 -5393 -5400 -5410 -5416 -5423 -5429 -5433 -5434 -5436
-5440 -5444 -5451 -5455 -5456 -5463 -5468 -5471 -5472 -5478 -5488 -5495 -5505 -5509 -5519 -5529 -5533 -5542
-5552 -5557 -5559 -5566 -5569 -5579 -5589 -5596 -5605 -5607 -5615 -5625 -5631 -5638 -5639 -5648 -5653 -5657
-5659 -5663 -5673 -5679 -5688 -5695 -5700 -5705 -5711 -5720 -5723 -5728 -5731 -5732 -5741 -5749 -5757 -5759
-5763 -5764 -5768 -5778 -5780 -5786 -5788 -5789 -5795 -5798 -5805 -5809 -5819 -5820 -5823 -5825 -5827 -5836
-5841 -5850 -5859 -5868 -5876 -5879 -5882 -5883 -5885 -5891 -5892 -5897 -5906 -5910 -5919 -5927 -5928 -5935
-5943 -5946 -5955 -5961 -5969 -5973 -5978 -5982 -5988 -5993 -5999 -6009 -6015 -6017 -6023 -6033 -6037 -6040
-6042 -6043 -6044 -6049 -6050 -6057 -6062 -6072 -6082 -6084 -6087 -6088 -6097 -6098 -6108 -6111 -6114 -6117
-6123 -6124 -6129 -6136 -6143 -6151 -6159 -6165 -6167 -6172 -6177 -6182 -6187 -6195 -6204 -6208 -6214 -6217
-6221 -6228 -6230 -6239 -6244 -6247 -6252 -6256 -6258 -6259 -6262 -6272 -6278 -6281 -6291 -6293 -6294 -6304
-6308 -6310 -6320 -6329 -6336 -6338 -6342 -6352 -6361 -6370 -6378 -6385 -6387 -6392 -6401 -6405 -6412 -6415
-6417 -6427 -6436 -6445 -6452 -6453 -6458 -6460 -6468 -6474 -6480 -6485 -6489 -6499 -6502 -6508 -6509 -6515
-6518 -6520 -6521 -6530 -6537 -6543 -6553 -6562 -6571 -6572 -6575 -6578 -6584 -6594 -6600 -6609 -6619 -6623
-6624 -6625 -6626 -6634 -6638 -6641 -6642 -6648 -6654 -6662 -6666 -6676 -6680 -6690 -6693 -6696 -6697 -6700
-6709 -6713 -6718 -6723 -6727 -6732 -6740 -6748 -6750 -6756 -6759 -6762 -6768 -6774 -6782 -6792 -6796 -6798
-6806 -6814 -6824 -6833 -6834 -6837 -6843 -6850 -6859 -6861 -6869 -6875 -6877 -6884 -6892 -6897 -6901 -6903
-6905 -6906 -6910 -6913 -6917 -6919 -6929 -6931 -6941 -6948 -6954 -6958 -6968 -6974 -6976 -6978 -6987 -6991
-6993 -6996 -7000 -7004 -7008 -7009 -7012 -7018 -7028 -7031 -7036 -7043 -7052 -7061 -7069 -7072 -7080 -7087
-7097 -7104 -7111 -7120 -7123 -7128 -7132 -7138 -7148 -7152 -7161 -7167 -7175 -7184 -7187 -7188 -7194 -7199
-7202 -7206 -7210 -7215 -7219 -7226 -7232 -7238 -7248 -7254 -7264 -7274 -7283 -7290 -7298 -7302 -7306 -7310
-7313 -7317 -7323 -7330 -7338 -7346 -7350 -7351 -7360 -7365 -7372 -7380 -7383 -7393 -7403 -7412 -7417 -7426
-7434 -7438 -7441 -7445 -7455 -7461 -7462 -7468 -7477 -7484 -7485 -7489 -7497 -7503 -7512 -7518 -7522 -7526
-7534 -7538 -7543 -7549 -7558 -7568 -7576 -7581 -7587 -7593 -7595 -7598 -7606 -7612 -7617 -7623 -7628 -7635
-7636 -7638 -7642 -7650 -7654 -7655 -7665 -7670 -7673 -7675 -7681 -7690 -7693 -7699 -7708 -7716 -7726 -7733
-7735 -7736 -7738 -7747 -7756 -7760 -7766 -7776 -7785 -7789 -7798 -7804 -7805 -7811 -7816 -7817 -7820 -7825
-7828 -7834 -7837 -7846 -7849 -7853 -7857 -7866 -7871 -7881 -7886 -7895 -7905 -7910 -7914 -7917 -7919 -7920
-7925 -7933 -7934 -7939 -7943 -7947 -7949 -7955 -7960 -7967 -7975 -7979 -7982 -7989 -7999 -8009 -8010 -8013
-8016 -8019 -8025 -8030 -8034 -8035 -8041 -8048 -8055 -8058 -8062 -8065 -8071 -8075 -8085 -8088 -8091 -8093
-8103 -8111 -8120 -8128 -8138 -8139 -8144 -8154 -8156 -8160 -8163 -8171 -8176 -8181 -8182 -8191 -8200 -8207
-8210 -8217 -8219 -8221 -8230 -8238 -8239 -8245 -8251 -8260 -8261 -8270 -8272 -8275 -8283 -8284 -8290 -8300
-8309 -8310 -8319 -8323 -8332 -8342 -8346 -8353 -8355 -8363 -8364 -8367 -8376 -8385 -8395 -8404 -8406 -8416
-8426 -8428 -8431 -8437 -8446 -8453 -8458 -8468 -8473 -8475 -8484 -8489 -8494 -8504 -8512 -8521 -8527 -8533
-8543 -8546 -8554 -8556 -8566 -8573 -8583 -8586 -8596 -8597 -8601 -8603 -8612 -8613 -8620 -8623 -8627 -8629
-8631 -8635 -8645 -8655 -8658 -8664 -8673 -8682 -8683 -8690 -8696 -8699 -8703 -8710 -8716 -8718 -8722 -8730
-8737 -8747 -8750 -8756 -8761 -8770 -8777 -8784 -8792 -8797 -8802 -8811 -8818 -8823 -8824 -8829 -8838 -8841
-8844 -8853 -8857 -8858 -8860 -8866 -8870 -8877 -8883 -8888 -8890 -8891 -8899 -8903 -8913 -8914 -8924 -8933
-8934 -8935 -8942 -8949 -8956 -8964 -8970 -8976 -8978 -8981 -8983 -8992 -9001 -9008 -9017 -9020 -9027 -9029
-9039 -9047 -9055 -9058 -9066 -9070 -9074 -9084 -9092 -9099 -9105 -9106 -9111 -9112 -9119 -9124 -9131 -9132
-9138 -9146 -9148 -9157 -9162 -9163 -9166 -9167 -9171 -9180 -9183 -9189 -9190 -9200 -9202 -9205 -9210 -9218
-9220 -9225 -9234 -9237 -9245 -9250 -9254 -9258 -9266 -9269 -9277 -9284 -9291 -9301 -9303 -9312 -9317 -9321
-9325 -9330 -9340 -9348 -9358 -9367 -9370 -9375 -9380 -9382 -9388 -9394 -9400 -9404 -9411 -9420 -9424 -9432
-9441 -9448 -9452 -9457 -9462 -9463 -9471 -9474 -9481 -9482 -9492 -9494 -9502 -9508 -9518 -9525 -9527 -9530
-9537 -9547 -9550 -9555 -9558 -9566 -9571 -9573 -9576 -9583 -9590 -9598 -9608 -9617 -9624 -9627 -9630 -9634
-9640 -9646 -9649 -9653 -9663 -9666 -9674 -9675 -9680 -9683 -9693 -9698 -9704 -9705 -9706 -9709 -9710 -9713
-9716 -9723 -9733 -9735 -9745 -9752 -9760 -9762 -9769 -9779 -9787 -9792 -9800 -9808 -9815 -9819 -9827 -9831
-9838 -9842 -9845 -9855 -9863 -9866 -9872 -9873 -9883 -9886 -9890 -9894 -9895 -9903 -9908 -9915 -9919 -9926
-9928 -9932 -9935 -9945 -9948 -9955 -9960 -9964 -9965 -9974 -9975 -9978 -9982 -9991 -9993 -9998 -10002 -10009
-10019 -10020 -10030 -10032 -10036 -10042 -10048 -10057 -10067 -10069 -10078 -10084 -10091 -10100 -10104 -10108 -10112 -10122
-10129 -10133 -10134 -10137 -10141 -10146 -10147 -10151 -10160 -10167 -10174 -10181 -10184 -10186 -10196 -10198 -10206 -10216
-10222 -10226 -10229 -10235 -10238 -10245 -10250 -10254 -10260 -10265 -10270 -10277 -10282 -10291 -10299 -10303 -10305 -10315
-10319 -10324 -10326 -10332 -10336 -10342 -10346 -10355 -10356 -10359 -10365 -10367 -10376 -10378 -10381 -10383 -10386 -10391
-10393 -10399 -10408 -10415 -10423 -10426 -10436 -10439 -10442 -10444 -10446 -10451 -10453 -10458 -10468 -10477 -10485 -10493
-10499 -10507 -10514 -10520 -10529 -10533 -10541 -10542 -10545 -10546 -10556 -10559 -10567 -10572 -10581 -10588 -10591 -10594
-10597 -10599 -10606 -10612 -10615 -10621 -10627 -10635 -10637 -10638 -10643 -10649 -10653 -10662 -10669 -10674 -10681 -10691
-10696 -10702 -10711 -10717 -10719 -10720 -10721 -10725 -10731 -10741 -10744 -10745 -10746 -10748 -10757 -10767 -10769 -10779
-10788 -10792 -10799 -10809 -10811 -10819 -10822 -10828 -10838 -10841 -10850 -10860 -10861 -10863 -10870 -10875 -10880 -10883
-10892 -10902 -10912 -10916 -10923 -10924 -10930 -10937 -10945 -10946 -10951 -10961 -10963 -10965 -10968 -10969 -10970 -10971
-10975 -10984 -10994 -11000 -11004 -11010 -11017 -11024 -11027 -11029 -11039 -11046 -11056 -11061 -11062 -11066 -11073 -11078
-11088 -11096 -11106 -11116 -11121 -11129 -11138 -11147 -11157 -11161 -11169 -11175 -11176 -11185 -11191 -11196 -11206 -11214
-11223 -11228 -11229 -11235 -11240 -11249 -11255 -11257 -11261 -11262 -11268 -11271 -11281 -11287 -11295 -11301 -11309 -11310
-11317 -11326 -11329 -11338 -11340 -11350 -11358 -11363 -11369 -11374 -11375 -11382 -11383 -11387 -11392 -11402 -11403 -11406
-11411 -11412 -11415 -11421 -11427 -11429 -11435 -11437 -11439 -11446 -11448 -11451 -11459 -11460 -11464 -11466 -11470 -11473
-11482 -11490 -11497 -11500 -11508 -11513 -11521 -11531 -11534 -11536 -11540 -11546 -11549 -11557 -11561 -11568 -11571 -11574
-11575 -11584 -11592 -11600 -11606 -11613 -11615 -11616 -11624 -11633 -11642 -11649 -11654 -11659 -11669 -11671 -11672 -11678
-11688 -11690 -11691 -11696 -11702 -11706 -11714 -11720 -11722 -11727 -11728 -11730 -11737 -11740 -11741 -11748 -11755 -11756
-11766 -11770 -11776 -11777 -11786 -11791 -11799 -11809 -11816 -11818 -11823 -11824 -11825 -11832 -11837 -11845 -11855 -11864
-11870 -11871 -11879 -11886 -11894 -11898 -11906 -11907 -11910 -11914 -11920 -11923 -11929 -11931 -11939 -11942 -11943 -11948
-11949 -11955 -11964 -11969 -11974 -11980 -11985 -11989 -11994 -12002 -12011 -12019 -12028 -12036 -12039 -12047 -12056 -12060
-12064 -12065 -12070 -12071 -12081 -12089 -12099 -12100 -12106 -12109 -12112 -12121 -12131 -12139 -12140 -12141 -12149 -12151
-12159 -12167 -12172 -12179 -12186 -12189 -12197 -12203 -12210 -12215 -12217 -12218 -12221 -12224 -12233 -12237 -12245 -12249
-12256 -12262 -12266 -12272 -12277 -12287 -12296 -12305 -12306 -12307 -12310 -12313 -12315 -12325 -12328 -12331 -12334 -12341
-12344 -12352 -12355 -12357 -12359 -12363 -12367 -12374 -12376 -12377 -12381 -12389 -12399 -12400 -12403 -12407 -12410 -12417
-12426 -12433 -12437 -12443 -12450 -12456 -12463 -12472 -12477 -12478 -12479 -12489 -12490 -12496 -12503 -12511 -12518 -12520
-12522 -12525 -12535 -12539 -12549 -12555 -12562 -12565 -12566 -12572 -12582 -12586 -12588 -12591 -12596 -12599 -12604 -12606
-12607 -12613 -12617 -12619 -12620 -12627 -12634 -12640 -12644 -12646 -12654 -12663 -12668 -12669 -12673 -12680 -12688 -12694
-12704 -12712 -12718 -12719 -12726 -12734 -12736 -12742 -12744 -12751 -12753 -12755 -12759 -12767 -12768 -12770 -12774 -12781
-12790 -12792 -12793 -12797 -12802 -12811 -12812 -12814 -12819 -12824 -12833 -12838 -12842 -12851 -12858 -12864 -12867 -12871
-12876 -12885 -12895 -12901 -12909 -12913 -12916 -12917 -12923 -12930 -12938 -12945 -12955 -12959 -12967 -12977 -12984 -12994
-13001 -13004 -13007 -13015 -13022 -13025 -13028 -13029 -13030 -13033 -13040 -13049 -13051 -13057 -13061 -13069 -13072 -13080
-13087 -13088 -13090 -13096 -13103 -13109 -13114 -13118 -13124 -13132 -13134 -13137 -13146 -13151 -13152 -13160 -13162 -13163
-13164 -13172 -13182 -13191 -13193 -13200 -13210 -13220 -13221 -13222 -13224 -13234 -13240 -13250 -13258 -13268 -13275 -13281
-13288 -13296 -13300 -13309 -13319 -13322 -13330 -13335 -13343 -13348 -13349 -13352 -13356 -13357 -13363 -13371 -13376 -13380
-13386 -13389 -13397 -13405 -13415 -13424 -13431 -13436 -13437 -13446 -13448 -13458 -13460 -13461 -13464 -13470 -13476 -13477
-13486 -13493 -13495 -13504 -13514 -13516 -13521 -13527 -13533 -13537 -13542 -13551 -13553 -13559 -13560 -13562 -13571 -13580
-13581 -13590 -13598 -13606 -13611 -13616 -13617 -13624 -13627 -13630 -13631 -13634 -13636 -13644 -13647 -13648 -13649 -13655
-13660 -13661 -13665 -13671 -13681 -13683 -13686 -13689 -13694 -13696 -13705 -13710 -13714 -13723 -13725 -13732 -13737 -13740
-13741 -13751 -13752 -13760 -13766 -13770 -13775 -13785 -13789 -13799 -13805 -13813 -13817 -13819 -13821 -13828 -13831 -13841
-13851 -13859 -13862 -13872 -13876 -13881 -13889 -13891 -13897 -13900 -13910 -13918 -13924 -13929 -13930 -13938 -13947 -13954
-13957 -13965 -13967 -13971 -13973 -13982 -13985 -13987 -13992 -14000 -14002 -14009 -14013 -14021 -14028 -14033 -14036 -14040
-14050 -14052 -14056 -14060 -14063 -14068 -14074 -14080 -14083 -14093 -14100 -14101 -14104 -14111 -14121 -14127 -14134 -14135
-14138 -14147 -14153 -14162 -14169 -14173 -14176 -14186 -14196 -14204 -14213 -14215 -14222 -14231 -14233 -14239 -14248 -14258
-14267 -14271 -14274 -14278 -14281 -14288 -14292 -14297 -14302 -14309 -14310 -14320 -14326 -14328 -14330 -14338 -14339 -14343
-14352 -14358 -14365 -14375 -14377 -14380 -14387 -14396 -14399 -14401 -14407 -14415 -14422 -14431 -14436 -14445 -14448 -14449
-14459 -14466 -14469 -14479 -14487 -14494 -14497 -14498 -14505 -14506 -14508 -14516 -14525 -14526 -14530 -14536 -14539 -14545
-14549 -14553 -14562 -14565 -14566 -14575 -14585 -14590 -14592 -14600 -14603 -14607 -14615 -14618 -14628 -14631 -14634 -14638
-14642 -14650 -14655 -14658 -14666 -14674 -14675 -14676 -14686 -14687 -14689 -14694 -14699 -14702 -14707 -14708 -14713 -14718
-14728 -14730 -14738 -14741 -14749 -14756 -14763 -14766 -14775 -14784 -14791 -14795 -14803 -14812 -14815 -14821 -14825 -14832
-14837 -14842 -14843 -14848 -14853 -14863 -14864 -14869 -14876 -14886 -14887 -14892 -14898 -14908 -14913 -14922 -14931 -14936
-14940 -14943 -14951 -14954 -14959 -14962 -14965 -14971 -14975 -14981 -14991 -14999 -15003 -15008 -15011 -15013 -15019 -15022
-15024 -15030 -15040 -15041 -15050 -15058 -15059 -15069 -15071 -15074 -15081 -15085 -15088 -15097 -15102 -15108 -15116 -15122
-15130 -15136 -15143 -15153 -15154 -15163 -15171 -15173 -15176 -15182 -15187 -15193 -15194 -15201 -15206 -15207 -15211 -15220
-15226 -15228 -15236 -15238 -15241 -15251 -15257 -15258 -15264 -15269 -15279 -15289 -15293 -15296 -15303 -15307 -15309 -15319
-15323 -15329 -15332 -15337 -15341 -15345 -15350 -15354 -15360 -15363 -15366 -15367 -15370 -15376 -15383 -15390 -15400 -15403
-15405 -15409 -15419 -15425 -15432 -15438 -15439 -15448 -15456 -15459 -15466 -15474 -15477 -15483 -15486 -15495 -15500 -15504
-15508 -15510 -15515 -15520 -15523 -15528 -15536 -15545 -15555 -15557 -15563 -15567 -15577 -15580 -15590 -15599 -15605 -15609
-15612 -15615 -15623 -15626 -15630 -15632 -15634 -15637 -15645 -15652 -15662 -15672 -15682 -15683 -15689 -15693 -15694 -15699
-15705 -15706 -15707 -15715 -15725 -15732 -15735 -15745 -15746 -15748 -15757 -15764 -15773 -15778 -15784 -15794 -15804 -15812
-15819 -15825 -15832 -15834 -15837 -15839 -15844 -15853 -15855 -15857 -15859 -15868 -15870 -15879 -15885 -15889 -15895 -15902
-15905 -15911 -15917 -15922 -15923 -15925 -15934 -15943 -15950 -15960 -15962 -15971 -15975 -15981 -15982 -15987 -15996 -16004
-16013 -16014 -16015 -16023 -16031 -16033 -16037 -16042 -16043 -16051 -16052 -16061 -16062 -16072 -16080 -16088 -16090 -16096
-16106 -16109 -16115 -16119 -16122 -16132 -16136 -16143 -16150 -16156 -16166 -16167 -16173 -16176 -16178 -16186 -16190 -16200
-16207 -16208 -16210 -16211 -16215 -16222 -16225 -16229 -16234 -16236 -16246 -16249 -16259 -16267 -16269 -16279 -16289 -16292
-16294 -16301 -16311 -16315 -16322 -16326 -16329 -16338 -16343 -16345 -16349 -16359 -16363 -16372 -16373 -16381 -16389 -16391
-16396 -16405 -16415 -16425 -16431 -16439 -16446 -16450 -16452 -16462 -16464 -16473 -16477 -16480 -16488 -16497 -16507 -16510
-16514 -16517 -16519 -16527 -16534 -16541 -16551 -16554 -16557 -16560 -16564 -16574 -16584 -16589 -16591 -16597 -16598 -16601
-16611 -16618 -16625 -16630 -16632 -16637 -16643 -16650 -16653 -16655 -16663 -16671 -16677 -16682 -16684 -16686 -16689 -16697
-16701 -16708 -16711 -16713 -16717 -16725 -16734 -16744 -16752 -16753 -16758 -16763 -16772 -16781 -16790 -16794 -16797 -16807
-16811 -16815 -16821 -16824 -16833 -16839 -16840 -16848 -16857 -16864 -16873 -16876 -16879 -16885 -16889 -16899 -16900 -16907
-16915 -16919 -16925 -16934 -16944 -16946 -16951 -16957 -16964 -16974 -16982 -16991 -17001 -17008 -17014 -17020 -17029 -17036
-17044 -17046 -17049 -17053 -17061 -17063 -17068 -17072 -17073 -17083 -17089 -17098 -17103 -17109 -17112 -17115 -17124 -17128
-17132 -17141 -17146 -17154 -17155 -17157 -17167 -17168 -17175 -17177 -17186 -17193 -17202 -17205 -17209 -17213 -17214 -17222
-17229 -17234 -17240 -17247 -17248 -17258 -17261 -17271 -17273 -17275 -17279 -17288 -17295 -17299 -17308 -17318 -17325 -17326
-17329 -17330 -17331 -17339 -17342 -17349 -17351 -17353 -17362 -17372 -17382 -17387 -17388 -17392 -17398 -17401 -17405 -17407
-17408 -17418 -17426 -17436 -17445 -17451 -17457 -17459 -17465 -17475 -17479 -17484 -17487 -17495 -17501 -17508 -17511 -17512
-17516 -17518 -17525 -17532 -17538 -17545 -17546 -17552 -17558 -17562 -17571 -17575 -17580 -17588 -17596 -17599 -17609 -17612
-17622 -17630 -17637 -17640 -17643 -17645 -17655 -17663 -17665 -17671 -17678 -17685 -17690 -17696 -17702 -17703 -17709 -17715
-17725 -17733 -17736 -17738 -17739 -17745 -17750 -17751 -17757 -17764 -17765 -17770 -17777 -17781 -17783 -17785 -17795 -17801
-17811 -17812 -17819 -17822 -17832 -17840 -17842 -17849 -17850 -17856 -17864 -17873 -17881 -17883 -17891 -17895 -17899 -17901
-17909 -17917 -17919 -17929 -17935 -17942 -17949 -17950 -17955 -17964 -17965 -17968 -17977 -17987 -17996 -18005 -18014 -18018
-18027 -18036 -18040 -18045 -18052 -18062 -18071 -18081 -18088 -18094 -18095 -18096 -18100 -18108 -18118 -18122 -18132 -18135
-18143 -18149 -18154 -18163 -18170 -18175 -18182 -18183 -18184 -18190 -18193 -18203 -18208 -18209 -18213 -18218 -18226 -18227
-18235 -18245 -18246 -18249 -18252 -18253 -18263 -18268 -18274 -18279 -18289 -18291 -18293 -18294 -18304 -18312 -18315 -18317
-18323 -18327 -18330 -18337 -18346 -18352 -18360 -18364 -18368 -18376 -18381 -18382 -18390 -18395 -18397 -18405 -18410 -18417
-18418 -18426 -18431 -18435 -18437 -18442 -18452 -18460 -18463 -18472 -18478 -18487 -18490 -18491 -18501 -18505 -18514 -18524
-18525 -18531 -18539 -18548 -18553 -18556 -18563 -18567 -18576 -18577 -18580 -18581 -18587 -18591 -18592 -18597 -18601 -18605
-18615 -18616 -18624 -18633 -18640 -18645 -18646 -18655 -18656 -18661 -18669 -18676 -18679 -18680 -18688 -18695 -18701 -18709
-18715 -18718 -18724 -18733 -18743 -18746 -18756 -18763 -18765 -18769 -18777 -18786 -18796 -18800 -18805 -18810 -18814 -18823
-18829 -18836 -18844 -18852 -18860 -18861 -18862 -18871 -18881 -18888 -18891 -18899 -18905 -18911 -18916 -18926 -18932 -18940
-18947 -18953 -18963 -18968 -18976 -18978 -18984 -18985 -18993 -18999 -19008 -19014 -19020 -19025 -19032 -19040 -19044 -19052
-19055 -19065 -19068 -19075 -19079 -19084 -19086 -19095 -19103 -19107 -19111 -19115 -19125 -19134 -19143 -19150 -19153 -19161
-19164 -19167 -19174 -19175 -19180 -19185 -19192 -19193 -19195 -19199 -19205 -19215 -19224 -19234 -19244 -19249 -19256 -19257
-19266 -19276 -19283 -19288 -19289 -19293 -19296 -19303 -19309 -19317 -19324 -19332 -19335 -19338 -19345 -19350 -19354 -19359
-19368 -19373 -19379 -19383 -19391 -19401 -19408 -19412 -19418 -19428 -19431 -19433 -19440 -19448 -19456 -19466 -19473 -19475
-19480 -19485 -19487 -19496 -19502 -19503 -19508 -19516 -19518 -19525 -19526 -19533 -19536 -19544 -19554 -19559 -19566 -19574
-19578 -19587 -19591 -19596 -19604 -19610 -19619 -19627 -19631 -19635 -19642 -19648 -19657 -19659 -19660 -19668 -19675 -19677
-19686 -19691 -19698 -19705 -19711 -19718 -19719 -19726 -19734 -19735 -19743 -19748 -19756 -19757 -19763 -19771 -19775 -19779
-19786 -19790 -19796 -19799 -19806 -19814 -19819 -19824 -19832 -19841 -19844 -19852 -19854 -19856 -19864 -19868 -19876 -19879
-19883 -19893 -19903 -19910 -19914 -19924 -19929 -19930 -19935 -19941 -19949 -19958 -19962 -19972 -19981 -19985 -19993 -19998
-20000 -20010 -20018 -20022 -20031 -20038 -20041 -20049 -20050 -20058 -20059 -20068 -20075 -20081 -20086 -20095 -20096 -20099
-20108 -20111 -20114 -20124 -20126 -20129 -20135 -20136 -20146 -20148 -20151 -20157 -20162 -20163 -20167 -20169 -20179 -20189
-20199 -20207 -20215 -20224 -20229 -20239 -20245 -20249 -20250 -20259 -20262 -20272 -20280 -20287 -20290 -20297 -20303 -20304
-20307 -20316 -20322 -20330 -20340 -20345 -20347 -20353 -20363 -20365 -20371 -20378 -20382 -20390 -20391 -20397 -20403 -20405
-20414 -20420 -20429 -20430 -20437 -20441 -20451 -20455 -20457 -20464 -20469 -20473 -20483 -20485 -20491 -20494 -20495 -20500
-20510 -20519 -20527 -20530 -20534 -20536 -20542 -20551 -20553 -20556 -20563 -20571 -20575 -20582 -20584 -20586 -20592 -20602
-20607 -20613 -20617 -20621 -20622 -20632 -20633 -20634 -20643 -20651 -20654 -20656 -20664 -20670 -20675 -20678 -20679 -20686
-20689 -20696 -20698 -20701 -20707 -20717 -20722 -20724 -20734 -20737 -20741 -20751 -20757 -20766 -20775 -20778 -20788 -20797
-20801 -20807 -20813 -20822 -20824 -20831 -20840 -20849 -20856 -20865 -20874 -20879 -20886 -20889 -20896 -20902 -20906 -20907
-20910 -20918 -20921 -20924 -20928 -20935 -20944 -20952 -20958 -20959 -20967 -20977 -20978 -20982 -20984 -20988 -20998 -21001
-21011 -21020 -21023 -21025 -21026 -21028 -21032 -21038 -21044 -21045 -21047 -21052 -21062 -21070 -21080 -21083 -21089 -21095
-21096 -21100 -21106 -21114 -21120 -21129 -21136 -21137 -21146 -21148 -21152 -21155 -21162 -21172 -21178 -21186 -21195 -21199
-21204 -21212 -21213 -21217 -21222 -21224 -21231 -21234 -21240 -21246 -21253 -21263 -21270 -21279 -21282 -21287 -21289 -21295
-21299 -21301 -21303 -21307 -21311 -21317 -21319 -21326 -21332 -21338 -21342 -21344 -21349 -21358 -21365 -21374 -21383 -21386
-21387 -21394 -21397 -21398 -21404 -21413 -21419 -21427 -21431 -21441 -21449 -21450 -21452 -21459 -21465 -21471 -21475 -21478
-21484 -21494 -21504 -21506 -21511 -21515 -21525 -21526 -21532 -21538 -21540 -21544 -21550 -21558 -21564 -21574 -21582 -21590
-21592 -21593 -21594 -21600 -21608 -21618 -21625 -21632 -21638 -21643 -21648 -21654 -21660 -21670 -21672 -21675 -21679 -21687
-21696 -21704 -21713 -21716 -21726 -21735 -21743 -21749 -21751 -21756 -21758 -21762 -21764 -21767 -21773 -21777 -21783 -21792
-21796 -21806 -21814 -21821 -21831 -21832 -21840 -21847 -21851 -21857 -21866 -21875 -21879 -21888 -21898 -21899 -21901 -21905
-21910 -21917 -21925 -21928 -21936 -21943 -21946 -21953 -21960 -21963 -21967 -21968 -21970 -21980 -21986 -21990 -21991 -21995
-22003 -22009 -22016 -22024 -22026 -22029 -22033 -22036 -22040 -22042 -22046 -22049 -22050 -22059 -22067 -22068 -22075 -22076
-22086 -22092 -22102 -22111 -22119 -22124 -22134 -22140 -22144 -22152 -22159 -22164 -22169 -22175 -22181 -22191 -22201 -22205
-22212 -22217 -22224 -22233 -22234 -22235 -22237 -22244 -22247 -22257 -22264 -22270 -22271 -22275 -22279 -22284 -22285 -22294
-22297 -22300 -22308 -22318 -22324 -22329 -22333 -22334 -22338 -22345 -22355 -22362 -22371 -22380 -22390 -22395 -22397 -22406
-22412 -22420 -22422 -22432 -22437 -22441 -22443 -22446 -22449 -22457 -22463 -22467 -22475 -22480 -22486 -22490 -22491 -22498
-22502 -22512 -22517 -22527 -22534 -22536 -22538 -22548 -22552 -22560 -22570 -22575 -22578 -22581 -22591 -22599 -22605 -22611
-22621 -22625 -22633 -22639 -22641 -22644 -22651 -22654 -22658 -22663 -22665 -22673 -22679 -22687 -22689 -22699 -22705 -22707
-22715 -22721 -22729 -22735 -22741 -22742 -22744 -22745 -22751 -22757 -22766 -22775 -22784 -22788 -22796 -22803 -22812 -22814
-22822 -22829 -22831 -22841 -22845 -22846 -22849 -22854 -22864 -22865 -22868 -22870 -22880 -22887 -22892 -22900 -22910 -22917
-22923 -22932 -22936 -22937 -22947 -22949 -22950 -22951 -22955 -22965 -22966 -22972 -22980 -22984 -22992 -22993 -23002 -23005
-23013 -23020 -23028 -23036 -23043 -23053 -23055 -23060 -23070 -23077 -23078 -23083 -23084 -23090 -23098 -23108 -23114 -23116
-23121 -23126 -23133 -23143 -23147 -23148 -23154 -23159 -23162 -23169 -23173 -23182 -23192 -23201 -23207 -23213 -23214 -23220
-23221 -23224 -23233 -23235 -23244 -23252 -23262 -23265 -23269 -23278 -23288 -23295 -23296 -23298 -23299 -23300 -23310 -23319
-23326 -23329 -23337 -23344 -23350 -23352 -23353 -23356 -23357 -23363 -23366 -23368 -23374 -23375 -23376 -23377 -23385 -23393
-23400 -23405 -23406 -23408 -23418 -23422 -23429 -23436 -23442 -23451 -23461 -23468 -23475 -23485 -23488 -23497 -23505 -23514
-23524 -23528 -23532 -23533 -23542 -23549 -23558 -23564 -23568 -23577 -23581 -23585 -23588 -23597 -23605 -23611 -23613 -23619
-23626 -23635 -23638 -23643 -23651 -23653 -23662 -23672 -23680 -23681 -23687 -23697 -23703 -23704 -23711 -23721 -23726 -23735
-23745 -23751 -23761 -23765 -23772 -23775 -23781 -23788 -23791 -23797 -23803 -23811 -23814 -23818 -23819 -23827 -23835 -23841
-23850 -23853 -23862 -23865 -23868 -23871 -23879 -23882 -23887 -23889 -23898 -23901 -23908 -23915 -23921 -23927 -23937 -23946
-23956 -23961 -23965 -23968 -23974 -23981 -23986 -23992 -23999 -24001 -24008 -24017 -24024 -24034 -24037 -24043 -24049 -24052
-24062 -24070 -24078 -24081 -24086 -24090 -24091 -24099 -24103 -24108 -24110 -24111 -24117 -24120 -24129 -24135 -24140 -24146
-24150 -24159 -24166 -24172 -24182 -24190 -24200 -24210 -24212 -24222 -24230 -24231 -24237 -24247 -24252 -24256 -24266 -24273
-24280 -24287 -24289 -24298 -24305 -24311 -24312 -24315 -24322 -24328 -24330 -24335 -24344 -24350 -24352 -24362 -24370 -24376
-24380 -24386 -24391 -24393 -24401 -24409 -24413 -24415 -24418 -24426 -24434 -24435 -24443 -24451 -24457 -24466 -24475 -24482
-24487 -24489 -24494 -24503 -24506 -24510 -24520 -24523 -24528 -24531 -24532 -24537 -24547 -24556 -24562 -24563 -24565 -24572
-24581 -24583 -24586 -24595 -24603 -24613 -24616 -24625 -24631 -24633 -24639 -24642 -24648 -24651 -24654 -24662 -24672 -24681
-24689 -24691 -24694 -24703 -24709 -24712 -24715 -24722 -24723 -24725 -24733 -24734 -24741 -24749 -24750 -24753 -24761 -24765
-24770 -24772 -24780 -24789 -24792 -24800 -24802 -24811 -24814 -24822 -24829 -24834 -24837 -24843 -24851 -24857 -24858 -24868
-24872 -24875 -24881 -24883 -24890 -24895 -24901 -24908 -24910 -24920 -24925 -24933 -24937 -24947 -24953 -24962 -24971 -24979
-24984 -24985 -24989 -24991 -24997 -24998 -25005 -25010 -25014 -25016 -25022 -25025 -25026 -25035 -25037 -25041 -25048 -25051
-25059 -25066 -25073 -25074 -25083 -25092 -25093 -25096 -25102 -25109 -25113 -25117 -25126 -25134 -25140 -25148 -25157 -25166
-25171 -25180 -25187 -25191 -25194 -25200 -25202 -25208 -25216 -25224 -25231 -25235 -25243 -25251 -25253 -25261 -25265 -25269
-25275 -25280 -25281 -25285 -25295 -25300 -25310 -25320 -25323 -25329 -25330 -25340 -25342 -25348 -25355 -25356 -25357 -25365
-25367 -25371 -25381 -25382 -25383 -25389 -25392 -25398 -25405 -25415 -25425 -25427 -25432 -25435 -25438 -25445 -25455 -25465
-25470 -25480 -25482 -25492 -25502 -25506 -25509 -25517 -25526 -25536 -25540 -25543 -25552 -25557 -25567 -25569 -25572 -25580
-25581 -25583 -25592 -25602 -25606 -25609 -25614 -25619 -25627 -25636 -25646 -25650 -25657 -25658 -25663 -25673 -25683 -25684
-25690 -25692 -25700 -25707 -25708 -25714 -25724 -25734 -25742 -25748 -25758 -25760 -25768 -25771 -25772 -25775 -25784 -25792
-25800 -25810 -25819 -25820 -25825 -25834 -25835 -25839 -25847 -25851 -25859 -25864 -25865 -25873 -25881 -25883 -25885 -25890
-25897 -25898 -25907 -25916 -25921 -25930 -25932 -25938 -25947 -25949 -25951 -25957 -25966 -25976 -25977 -25987 -25992 -26000
-26006 -26012 -26019 -26025 -26032 -26039 -26047 -26056 -26063 -26068 -26078 -26080 -26088 -26097 -26098 -26100 -26104 -26113
-26120 -26130 -26140 -26147 -26152 -26156 -26161 -26167 -26172 -26178 -26181 -26187 -26197 -26203 -26210 -26213 -26220 -26230
-26236 -26242 -26244 -26254 -26260 -26263 -26265 -26271 -26275 -26276 -26282 -26283 -26285 -26292 -26294 -26295 -26297 -26303
-26305 -26307 -26310 -26320 -26322 -26331 -26333 -26340 -26350 -26356 -26364 -26372 -26376 -26378 -26385 -26393 -26403 -26404
-26414 -26421 -26425 -26429 -26433 -26442 -26449 -26458 -26468 -26470 -26473 -26481 -26486 -26491 -26498 -26504 -26506 -26515
-26525 -26530 -26536 -26537 -26539 -26547 -26553 -26561 -26563 -26573 -26582 -26588 -26596 -26606 -26614 -26618 -26621 -26624
-26632 -26634 -26642 -26650 -26659 -26666 -26668 -26669 -26678 -26679 -26680 -26681 -26691 -26701 -26704 -26713 -26723 -26728
-26732 -26741 -26747 -26751 -26756 -26762 -26763 -26769 -26770 -26774 -26775 -26784 -26785 -26790 -26799 -26804 -26809 -26813
-26821 -26830 -26831 -26837 -26847 -26849 -26853 -26858 -26863 -26866 -26874 -26882 -26891 -26898 -26907 -26911 -26912 -26921
-26931 -26935 -26938 -26944 -26952 -26956 -26965 -26974 -26978 -26984 -26990 -27000 -27009 -27012 -27016 -27017 -27027 -27030
-27037 -27043 -27048 -27058 -27064 -27073 -27075 -27079 -27085 -27088 -27092 -27099 -27106 -27112 -27118 -27121 -27130 -27135
-27136 -27142 -27148 -27149 -27158 -27162 -27169 -27172 -27181 -27182 -27192 -27199 -27209 -27217 -27226 -27235 -27236 -27242
-27247 -27248 -27257 -27264 -27267 -27271 -27274 -27276 -27280 -27282 -27287 -27290 -27293 -27300 -27307 -27309 -27311 -27314
-27321 -27330 -27338 -27347 -27349 -27359 -27364 -27372 -27381 -27383 -27387 -27392 -27394 -27403 -27409 -27411 -27413 -27416
-27426 -27427 -27428 -27432 -27433 -27439 -27441 -27450 -27460 -27465 -27466 -27475 -27485 -27489 -27493 -27500 -27509 -27511
-27512 -27514 -27521 -27526 -27533 -27534 -27536 -27539 -27542 -27543 -27545 -27552 -27560 -27566 -27570 -27571 -27580 -27588
-27595 -27604 -27610 -27620 -27621 -27629 -27634 -27638 -27640 -27644 -27654 -27662 -27667 -27668 -27678 -27683 -27685 -27694
-27697 -27707 -27709 -27712 -27717 -27720 -27724 -27725 -27732 -27739 -27746 -27755 -27758 -27762 -27769 -27773 -27781 -27785
-27792 -27797 -27801 -27808 -27818 -27821 -27831 -27832 -27841 -27846 -27847 -27855 -27864 -27873 -27877 -27887 -27893 -27901
-27911 -27920 -27928 -27937 -27941 -27950 -27951 -27954 -27957 -27958 -27963 -27966 -27968 -27973 -27978 -27987 -27997 -28002
-28009 -28019 -28021 -28030 -28036 -28041 -28048 -28049 -28053 -28055 -28063 -28070 -28074 -28083 -28090 -28092 -28102 -28111
-28113 -28121 -28124 -28131 -28135 -28138 -28143 -28148 -28158 -28163 -28173 -28175 -28181 -28189 -28196 -28200 -28202 -28206
-28213 -28221 -28222 -28230 -28237 -28246 -28250 -28259 -28263 -28269 -28275 -28276 -28283 -28289 -28292 -28293 -28300 -28309
-28314 -28324 -28331 -28332 -28341 -28343 -28352 -28355 -28356 -28358 -28361 -28370 -28378 -28381 -28384 -28393 -28402 -28405
-28410 -28414 -28419 -28422 -28431 -28434 -28438 -28448 -28451 -28452 -28455 -28459 -28465 -28471 -28480 -28488 -28491 -28499
-28503 -28510 -28515 -28517 -28518 -28523 -28533 -28534 -28535 -28537 -28540 -28549 -28559 -28565 -28575 -28577 -28584 -28591
-28601 -28607 -28617 -28620 -28626 -28635 -28638 -28641 -28649 -28655 -28660 -28661 -28666 -28671 -28675 -28676 -28683 -28691
-28694 -28701 -28702 -28709 -28711 -28712 -28718 -28719 -28726 -28729 -28736 -28741 -28749 -28751 -28758 -28759 -28769 -28776
-28777 -28786 -28790 -28792 -28797 -28804 -28807 -28816 -28821 -28829 -28832 -28834 -28835 -28844 -28851 -28861 -28863 -28870
-28877 -28883 -28886 -28891 -28901 -28905 -28915 -28920 -28925 -28929 -28935 -28944 -28945 -28954 -28964 -28970 -28979 -28980
-28984 -28985 -28988 -28998 -29001 -29003 -29009 -29012 -29017 -29025 -29031 -29040 -29045 -29053 -29060 -29062 -29066 -29076
-29082 -29086 -29093 -29098 -29103 -29107 -29110 -29111 -29118 -29125 -29130 -29137 -29145 -29154 -29155 -29161 -29163 -29170
-29175 -29176 -29180 -29186 -29188 -29192 -29199 -29207 -29215 -29225 -29226 -29235 -29238 -29246 -29250 -29260 -29269 -29273
-29274 -29284 -29289 -29298 -29307 -29311 -29320 -29321 -29322 -29328 -29329 -29332 -29335 -29343 -29352 -29362 -29365 -29368
-29374 -29384 -29393 -29395 -29400 -29405 -29410 -29414 -29423 -29430 -29436 -29438 -29442 -29452 -29460 -29470 -29474 -29484
-29488 -29498 -29502 -29509 -29511 -29518 -29524 -29532 -29542 -29544 -29549 -29552 -29553 -29555 -29564 -29565 -29575 -29577
-29583 -29586 -29592 -29594 -29598 -29599 -29601 -29610 -29615 -29618 -29620 -29628 -29632 -29634 -29640 -29641 -29644 -29649
-29653 -29658 -29664 -29672 -29680 -29690 -29691 -29700 -29703 -29705 -29711 -29720 -29728 -29732 -29741 -29743 -29745 -29746
-29748 -29756 -29763 -29764 -29768 -29778 -29787 -29790 -29794 -29799 -29809 -29810 -29814 -29820 -29829 -29837 -29839 -29847
-29849 -29853 -29857 -29860 -29870 -29875 -29884 -29889 -29898 -29900 -29906 -29907 -29915 -29923 -29925 -29930 -29936 -29938
-29939 -29942 -29948 -29957 -29958 -29961 -29968 -29976 -29981 -29990 -29997 -30007 -30017 -30024 -30034 -30042 -30047 -30057
-30059 -30067 -30076 -30077 -30080 -30088 -30091 -30098 -30107 -30115 -30125 -30127 -30135 -30141 -30150 -30155 -30159 -30162
-30163 -30165 -30171 -30179 -30184 -30189 -30194 -30195 -30205 -30215 -30216 -30221 -30225 -30230 -30238 -30247 -30253 -30260
-30262 -30268 -30275 -30280 -30283 -30293 -30300 -30307 -30312 -30320 -30330 -30337 -30346 -30356 -30362 -30367 -30368 -30373
-30381 -30382 -30385 -30388 -30395 -30405 -30407 -30411 -30420 -30430 -30431 -30438 -30440 -30450 -30452 -30455 -30460 -30465
-30474 -30483 -30492 -30494 -30500 -30508 -30512 -30520 -30526 -30534 -30544 -30552 -30560 -30568 -30576 -30582 -30584 -30592
-30595 -30597 -30602 -30603 -30612 -30620 -30626 -30634 -30644 -30645 -30646 -30651 -30655 -30663 -30671 -30672 -30676 -30680
-30682 -30683 -30690 -30699 -30705 -30708 -30716 -30718 -30728 -30729 -30737 -30742 -30749 -30757 -30761 -30762 -30767 -30776
-30784 -30793 -30796 -30804 -30810 -30816 -30825 -30826 -30830 -30839 -30847 -30850 -30853 -30863 -30864 -30866 -30874 -30881
-30890 -30897 -30904 -30914 -30922 -30929 -30937 -30943 -30949 -30951 -30952 -30957 -30964 -30972 -30976 -30981 -30983 -30992
-31000 -31009 -31012 -31015 -31016 -31023 -31028 -31029 -31033 -31036 -31046 -31047 -31053 -31062 -31068 -31076 -31078 -31086
-31092 -31099 -31101 -31103 -31111 -31113 -31115 -31122 -31125 -31135 -31136 -31141 -31151 -31154 -31163 -31170 -31180 -31182
-31186 -31195 -31203 -31212 -31219 -31229 -31238 -31240 -31249 -31254 -31264 -31268 -31276 -31282 -31287 -31290 -31297 -31303
-31307 -31309 -31315 -31322 -31325 -31326 -31332 -31340 -31342 -31343 -31349 -31355 -31359 -31361 -31364 -31365 -31369 -31374
-31377 -31378 -31383 -31392 -31397 -31401 -31404 -31411 -31421 -31431 -31435 -31444 -31451 -31452 -31459 -31465 -31472 -31475
-31481 -31486 -31490 -31499 -31508 -31515 -31521 -31528 -31532 -31539 -31545 -31553 -31555 -31560 -31568 -31574 -31577 -31579
-31587 -31593 -31601 -31605 -31614 -31622 -31629 -31634 -31637 -31639 -31646 -31656 -31659 -31661 -31668 -31670 -31675 -31682
-31691 -31693 -31695 -31697 -31698 -31706 -31712 -31714 -31715 -31716 -31726 -31728 -31731 -31738 -31739 -31741 -31747 -31748
-31756 -31759 -31760 -31761 -31769 -31773 -31783 -31787 -31790 -31797 -31798 -31808 -31811 -31819 -31824 -31830 -31837 -31842
-31849 -31858 -31864 -31872 -31877 -31880 -31882 -31885 -31892 -31898 -31905 -31913 -31914 -31922 -31928 -31938 -31943 -31949
-31952 -31954 -31957 -31961 -31970 -31976 -31982 -31984 -31992 -31996 -31997 -32001 -32005 -32010 -32017 -32026 -32030 -32038
-32048 -32055 -32065 -32067 -32069 -32079 -32087 -32089 -32098 -32105 -32114 -32121 -32122 -32132 -32136 -32140 -32147 -32154
-32157 -32166 -32170 -32176 -32183 -32186 -32194 -32202 -32204 -32205 -32206 -32211 -32215 -32216 -32223 -32227 -32228 -32232
-32236 -32245 -32247 -32253 -32254 -32264 -32271 -32276 -32281 -32286 -32295 -32302 -32305 -32306 -32312 -32315 -32318 -32327
-32337 -32341 -32342 -32347 -32357 -32360 -32370 -32375 -32377 -32387 -32394 -32396 -32401 -32411 -32418 -32421 -32422 -32423
-32433 -32442 -32448 -32456 -32462 -32471 -32479 -32486 -32487 -32490 -32491 -32495 -32498 -32506 -32507 -32516 -32524 -32525
-32529 -32536 -32543 -32549 -32553 -32554 -32558 -32564 -32568 -32569 -32578 -32582 -32586 -32591 -32594 -32596 -32601 -32603
-32604 -32614 -32622 -32625 -32630 -32638 -32639 -32646 -32648 -32653 -32656 -32658 -32662 -32667 -32671 -32673 -32675 -32680
-32687 -32693 -32702 -32711 -32720 -32729 -32734 -32744 -32751 -32756 -32761 -32765 -32766 -32769 -32778 -32788 -32796 -32805
-32808 -32812 -32817 -32818 -32826 -32830 -32833 -32836 -32843 -32850 -32860 -32864 -32866 -32875 -32881 -32889 -32898 -32907
-32913 -32916 -32921 -32924 -32932 -32934 -32944 -32951 -32959 -32962 -32963 -32968 -32977 -32987 -32988 -32997 -33005 -33010
-33011 -33013 -33016 -33023 -33031 -33033 -33040 -33046 -33050 -33055 -33056 -33063 -33073 -33083 -33087 -33096 -33104 -33107
-33117 -33123 -33125 -33131 -33141 -33144 -33151 -33152 -33161 -33168 -33173 -33177 -33182 -33188 -33191 -33201 -33210 -33216
-33224 -33232 -33242 -33245 -33251 -33256 -33264 -33270 -33277 -33280 -33281 -33287 -33294 -33296 -33302 -33309 -33315 -33323
-33324 -33327 -33328 -33338 -33339 -33347 -33355 -33365 -33370 -33371 -33375 -33381 -33387 -33392 -33397 -33401 -33405 -33411
-33418 -33422 -33424 -33426 -33435 -33445 -33448 -33450 -33451 -33456 -33464 -33470 -33473 -33476 -33482 -33486 -33494 -33499
-33500 -33506 -33515 -33518 -33523 -33530 -33538 -33547 -33557 -33559 -33563 -33570 -33572 -33582 -33588 -33592 -33597 -33603
-33611 -33619 -33624 -33634 -33638 -33644 -33646 -33648 -33655 -33664 -33674 -33675 -33678 -33682 -33685 -33694 -33703 -33711
-33720 -33730 -33733 -33742 -33747 -33757 -33759 -33763 -33766 -33772 -33779 -33780 -33783 -33786 -33795 -33800 -33801 -33808
-33818 -33823 -33829 -33838 -33839 -33847 -33849 -33851 -33861 -33867 -33873 -33877 -33887 -33888 -33891 -33892 -33900 -33904
-33911 -33917 -33926 -33930 -33940 -33943 -33953 -33954 -33959 -33969 -33977 -33983 -33984 -33990 -33997 -34005 -34013 -34018
-34021 -34025 -34028 -34037 -34045 -34053 -34055 -34064 -34073 -34083 -34090 -34099 -34105 -34107 -34110 -34111 -34115 -34124
-34126 -34127 -34137 -34141 -34142 -34146 -34154 -34159 -34167 -34177 -34186 -34191 -34201 -34210 -34218 -34228 -34230 -34238
-34244 -34247 -34250 -34253 -34257 -34262 -34272 -34281 -34284 -34289 -34291 -34293 -34297 -34299 -34309 -34316 -34320 -34330
-34331 -34341 -34349 -34351 -34360 -34361 -34363 -34373 -34381 -34390 -34395 -34397 -34401 -34410 -34412 -34416 -34419 -34422
-34424 -34434 -34439 -34449 -34456 -34461 -34467 -34471 -34478 -34485 -34491 -34501 -34506 -34515 -34525 -34527 -34535 -34542
-34549 -34557 -34567 -34574 -34578 -34584 -34594 -34604 -34612 -34621 -34628 -34631 -34638 -34640 -34642 -34647 -34655 -34658
-34668 -34676 -34683 -34687 -34691 -34693 -34697 -34702 -34703 -34710 -34712 -34713 -34718 -34720 -34722 -34726 -34727 -34736
-34742 -34747 -34755 -34765 -34774 -34777 -34783 -34790 -34796 -34805 -34809 -34813 -34822 -34831 -34832 -34839 -34840 -34848
-34851 -34852 -34857 -34866 -34876 -34884 -34890 -34892 -34901 -34909 -34913 -34919 -34920 -34922 -34928 -34931 -34939 -34945
-34952 -34961 -34968 -34974 -34980 -34986 -34995 -35005 -35013 -35020 -35024 -35026 -35031 -35036 -35045 -35051 -35052 -35057
-35061 -35070 -35072 -35074 -35081 -35082 -35087 -35090 -35099 -35104 -35107 -35116 -35121 -35129 -35135 -35141 -35149 -35152
-35159 -35165 -35174 -35175 -35181 -35191 -35194 -35195 -35202 -35206 -35209 -35216 -35220 -35230 -35240 -35248 -35250 -35254
-35260 -35264 -35271 -35273 -35279 -35289 -35299 -35306 -35311 -35313 -35321 -35331 -35335 -35339 -35344 -35345 -35354 -35358
-35367 -35369 -35374 -35376 -35383 -35387 -35388 -35392 -35393 -35395 -35399 -35402 -35409 -35416 -35419 -35429 -35432 -35440
-35447 -35453 -35458 -35466 -35468 -35470 -35478 -35483 -35493 -35495 -35504 -35508 -35510 -35516 -35519 -35521 -35530 -35531
-35535 -35541 -35547 -35552 -35554 -35562 -35564 -35570 -35575 -35583 -35587 -35590 -35596 -35604 -35610 -35615 -35617 -35623
-35630 -35636 -35645 -35654 -35657 -35662 -35672 -35675 -35679 -35680 -35687 -35696 -35705 -35715 -35720 -35727 -35735 -35745
-35747 -35751 -35757 -35760 -35763 -35770 -35773 -35782 -35787 -35792 -35795 -35801 -35803 -35808 -35815 -35816 -35821 -35825
-35833 -35843 -35850 -35859 -35865 -35868 -35876 -35880 -35882 -35887 -35897 -35899 -35901 -35903 -35908 -35912 -35919 -35922
-35931 -35938 -35947 -35951 -35958 -35963 -35964 -35973 -35982 -35986 -35988 -35989 -35997 -35998 -36003 -36012 -36021 -36028
-36037 -36046 -36050 -36056 -36059 -36069 -36070 -36074 -36081 -36086 -36093 -36096 -36099 -36104 -36113 -36119 -36122 -36132
-36134 -36141 -36146 -36149 -36152 -36158 -36163 -36166 -36174 -36180 -36184 -36187 -36192 -36193 -36200 -36202 -36205 -36214
-36222 -36229 -36236 -36242 -36247 -36250 -36251 -36253 -36261 -36266 -36276 -36281 -36289 -36293 -36299 -36305 -36307 -36317
-36322 -36328 -36333 -36337 -36341 -36348 -36350 -36354 -36362 -36364 -36365 -36369 -36376 -36386 -36393 -36396 -36404 -36412
-36417 -36419 -36422 -36429 -36437 -36441 -36443 -36445 -36447 -36455 -36458 -36467 -36471 -36480 -36483 -36490 -36498 -36504
-36511 -36513 -36517 -36526 -36531 -36539 -36549 -36553 -36554 -36557 -36566 -36576 -36580 -36589 -36599 -36601 -36610 -36614
-36618 -36628 -36631 -36640 -36646 -36656 -36660 -36669 -36670 -36680 -36687 -36688 -36695 -36704 -36714 -36718 -36724 -36726
-36727 -36729 -36735 -36741 -36749 -36754 -36759 -36761 -36768 -36770 -36772 -36773 -36775 -36785 -36788 -36795 -36805 -36809
-36818 -36828 -36836 -36839 -36844 -36845 -36847 -36857 -36866 -36874 -36880 -36882 -36885 -36888 -36890 -36898 -36905 -36915
-36920 -36928 -36936 -36941 -36949 -36953 -36963 -36964 -36965 -36971 -36977 -36986 -36989 -36999 -37008 -37014 -37023 -37033
-37043 -37047 -37049 -37056 -37064 -37069 -37075 -37082 -37090 -37100 -37106 -37107 -37113 -37117 -37120 -37125 -37134 -37135
-37143 -37153 -37156 -37161 -37164 -37172 -37175 -37183 -37185 -37192 -37202 -37210 -37219 -37225 -37235 -37242 -37250 -37256
-37263 -37270 -37275 -37277 -37282 -37287 -37297 -37307 -37313 -37315 -37319 -37324 -37334 -37344 -37345 -37355 -37358 -37365
-37366 -37373 -37375 -37381 -37385 -37388 -37389 -37395 -37402 -37408 -37418 -37427 -37429 -37431 -37432 -37442 -37448 -37457
-37466 -37467 -37477 -37485 -37487 -37493 -37497 -37498 -37499 -37500 -37509 -37518 -37527 -37532 -37536 -37544 -37554 -37561
-37562 -37572 -37579 -37587 -37594 -37600 -37605 -37614 -37624 -37630 -37640 -37649 -37651 -37661 -37662 -37663 -37667 -37671
-37673 -37683 -37692 -37694 -37701 -37707 -37709 -37718 -37721 -37724 -37725 -37731 -37737 -37741 -37745 -37752 -37753 -37763
-37768 -37770 -37780 -37789 -37794 -37795 -37801 -37811 -37818 -37822 -37825 -37826 -37835 -37843 -37848 -37849 -37858 -37864
-37867 -37871 -37876 -37885 -37889 -37892 -37899 -37903 -37909 -37914 -37915 -37924 -37931 -37935 -37936 -37939 -37942 -37946
-37953 -37961
