602 597 592 587 582 581 575 570 565 559 557 552 551 548 547 543 541 540
534 527 525 517 516 510 507 501 494 486 480 475 473 469 459 451 444 440
436 430 421 411 404 394 392 382 380 372 370 368 367 363 353 344 334 326
324 321 317 311 301 300 293 286 277 273 268 260 259 257 247 242 235 228
226 224 220 218 216 213 208 207 197 189 179 172 170 164 159 151 144 135
125 123 122 112 110 102 95 93 90 82 75 72 65 60 56 48 46 39
36 32 28 27 26 17 16 9 6 -4 -13 -17 -18 -25 -30 -40 -42 -44
-54 -55 -59 -66 -68 -69 -77 -79 -89 -94 -99 -100 -101 -109 -116 -125 -132 -140
-141 -151 -156 -158 -167 -176 -185 -187 -188 -189 -193 -202 -212 -215 -216 -225 -235 -236
-237 -242 -252 -260 -266 -275 -284 -291 -295 -297 -299 -303 -305 -315 -318 -324 -330 -332
-341 -345 -350 -358 -361 -363 -372 -375 -376 -385 -387 -393 -396 -406 -413 -422 -425 -431
-437 -446 -452 -460 -465 -472 -479 -489 -492 -495 -504 -506 -515 -518 -522 -527 -532 -541
-549 -555 -562 -567 -575 -585 -593 -595 -597 -600 -605 -607 -612 -622 -624 -632 -633 -634
-637 -647 -651 -653 -654 -659 -665 -669 -671 -675 -679 -689 -696 -706 -714 -717 -718 -721
-730 -734 -742 -743 -750 -756 -762 -768 -776 -782 -787 -794 -798 -802 -812 -813 -823 -829
-837 -845 -855 -861 -867 -875 -878 -879 -884 -893 -894 -895 -897 -902 -908 -918 -921 -926
-927 -928 -933 -941 -951 -961 -970 -972 -980 -981 -986 -993 -996 -1002 -1011 -1018 -1025 -1031
-1041 -1046 -1054 -1063 -1071 -1079 -1080 -1088 -1089 -1094 -1097 -1106 -1116 -1120 -1129 -1134 -1138 -1141
-1149 -1154 -1155 -1165 -1171 -1176 -1184 -1185 -1195 -1198 -1204 -1205 -1212 -1222 -1227 -1236 -1238 -1242
-1248 -1252 -1262 -1271 -1274 -1282 -1286 -1287 -1289 -1291 -1293 -1299 -1307 -1310 -1311 -1313 -1315 -1319
-1329 -1336 -1340 -1341 -1342 -1349 -1354 -1362 -1366 -1372 -1378 -1381 -1384 -1392 -1398 -1400 -1408 -1409
-1412 -1413 -1418 -1422 -1431 -1436 -1439 -1440 -1443 -1448 -1449 -1452 -1460 -1464 -1474 -1477 -1481 -1485
-1491 -1501 -1504 -1507 -1513 -1519 -1521 -1526 -1528 -1530 -1536 -1539 -1542 -1550 -1555 -1561 -1569 -1578
-1588 -1591 -1597 -1605 -1609 -1611 -1612 -1622 -1626 -1629 -1638 -1639 -1640 -1641 -1645 -1654 -1659 -1662
-1665 -1669 -1673 -1678 -1679 -1688 -1694 -1703 -1706 -1708 -1710 -1718 -1727 -1737 -1746 -1754 -1756 -1763
-1764 -1770 -1775 -1778 -1788 -1792 -1793 -1798 -1808 -1810 -1813 -1823 -1828 -1832 -1838 -1840 -1844 -1853
-1863 -1864 -1870 -1876 -1878 -1888 -1893 -1901 -1909 -1914 -1918 -1926 -1928 -1933 -1941 -1946 -1955 -1960
-1969 -1972 -1973 -1980 -1987 -1990 -1992 -2001 -2008 -2017 -2020 -2021 -2030 -2040 -2045 -2055 -2057 -2063
-2068 -2076 -2083 -2085 -2088 -2096 -2098 -2106 -2108 -2116 -2119 -2129 -2130 -2132 -2139 -2143 -2150 -2151
-2154 -2158 -2165 -2168 -2174 -2176 -2181 -2189 -2195 -2202 -2210 -2212 -2221 -2229 -2239 -2241 -2246 -2253
-2260 -2266 -2268 -2277 -2280 -2281 -2282 -2284 -2291 -2295 -2300 -2306 -2314 -2323 -2333 -2336 -2337 -2346
-2356 -2360 -2363 -2365 -2367 -2371 -2374 -2379 -2389 -2393 -2400 -2405 -2407 -2410 -2420 -2426 -2434 -2442
-2449 -2453 -2457 -2465 -2466 -2472 -2478 -2484 -2488 -2495 -2497 -2503 -2505 -2509 -2519 -2529 -2534 -2535
-2541 -2544 -2546 -2551 -2557 -2561 -2569 -2578 -2579 -2582 -2592 -2600 -2606 -2615 -2617 -2624 -2631 -2639
-2643 -2652 -2655 -2658 -2667 -2676 -2680 -2683 -2687 -2690 -2699 -2705 -2714 -2720 -2729 -2733 -2743 -2751
-2760 -2769 -2776 -2782 -2788 -2790 -2797 -2803 -2804 -2814 -2822 -2825 -2826 -2827 -2837 -2846 -2849 -2857
-2859 -2868 -2871 -2875 -2884 -2893 -2897 -2904 -2912 -2917 -2925 -2931 -2938 -2944 -2952 -2959 -2964 -2969
-2977 -2985 -2990 -2994 -2999 -3005 -3015 -3019 -3025 -3035 -3045 -3047 -3055 -3060 -3065 -3073 -3083 -3084
-3091 -3098 -3100 -3102 -3111 -3119 -3126 -3127 -3134 -3137 -3147 -3156 -3165 -3166 -3171 -3173 -3180 -3181
-3184 -3186 -3188 -3198 -3204 -3209 -3218 -3227 -3232 -3234 -3239 -3244 -3250 -3254 -3263 -3267 -3277 -3278
-3288 -3293 -3296 -3301 -3303 -3308 -3314 -3322 -3329 -3336 -3345 -3354 -3360 -3364 -3369 -3372 -3377 -3386
-3392 -3397 -3406 -3416 -3420 -3426 -3436 -3442 -3449 -3452 -3460 -3463 -3470 -3480 -3482 -3487 -3489 -3498
-3504 -3511 -3514 -3524 -3534 -3538 -3545 -3550 -3554 -3560 -3563 -3566 -3568 -3578 -3585 -3593 -3595 -3600
-3608 -3612 -3615 -3620 -3621 -3627 -3629 -3639 -3646 -3650 -3655 -3658 -3661 -3663 -3672 -3676 -3681 -3689
-3693 -3700 -3710 -3712 -3718 -3720 -3724 -3726 -3727 -3733 -3738 -3745 -3753 -3755 -3762 -3768 -3778 -3783
-3790 -3800 -3806 -3811 -3814 -3820 -3821 -3827 -3835 -3845 -3850 -3852 -3853 -3860 -3865 -3874 -3884 -3893
-3897 -3902 -3911 -3921 -3931 -3934 -3942 -3946 -3949 -3955 -3957 -3962 -3971 -3979 -3984 -3994 -3996 -4004
-4012 -4017 -4025 -4032 -4042 -4049 -4054 -4061 -4070 -4076 -4081 -4084 -4091 -4094 -4102 -4106 -4110 -4113
-4114 -4119 -4128 -4134 -4142 -4148 -4158 -4166 -4176 -4184 -4186 -4191 -4193 -4203 -4208 -4218 -4228 -4235
-4245 -4251 -4253 -4259 -4267 -4276 -4286 -4290 -4292 -4295 -4299 -4307 -4316 -4319 -4321 -4325 -4331 -4339
-4342 -4348 -4349 -4352 -4357 -4358 -4363 -4368 -4374 -4382 -4389 -4394 -4399 -4407 -4413 -4422 -4432 -4437
-4447 -4449 -4453 -4461 -4462 -4472 -4474 -4480 -4487 -4495 -4498 -4505 -4513 -4519 -4521 -4523 -4531 -4534
-4539 -4543 -4544 -4552 -4554 -4562 -4563 -4569 -4572 -4576 -4577 -4579 -4583 -4585 -4587 -4589 -4590 -4599
-4606 -4610 -4614 -4620 -4624 -4626 -4628 -4635 -4639 -4640 -4647 -4651 -4654 -4663 -4666 -4674 -4677 -4686
-4695 -4701 -4711 -4713 -4716 -4721 -4730 -4731 -4735 -4738 -4739 -4749 -4755 -4756 -4766 -4771 -4776 -4786
-4789 -4794 -4804 -4806 -4815 -4819 -4825 -4832 -4837 -4840 -4847 -4852 -4859 -4860 -4867 -4875 -4876 -4880
-4889 -4895 -4902 -4911 -4917 -4922 -4932 -4940 -4943 -4952 -4956 -4966 -4969 -4974 -4983 -4987
