-3325 -3325 -3325 -3325 -3325 -3325 -3325 -3325 -3325 -3325 -3325 -3325 -3325 -3325 -3325 -3325 -3325 -3325
-3325 -3325 -3325 -3325 -3325 -3325 -3325 -3325 -3325 -3325 -3325 -3325 -3325 -3325 -3325 -3325 -3325 -3325
-3325 -3325 -3325 -3325 -3325 -3325 -3325 -3325 -3325 -3325 -3325 -3325 -3325 -3325 -3325 -3325 -3325 -3325
-3325 -3325 -3325 -3325 -3325 -3325 -3325 -3325 -3325 -3325 -3325 -3325 -3325 -3325 -3325 -3325 -3325 -3325
-3325 -3325 -3325 -3325 -3325 -3325 -3325 -3325 -3325 -3325 -3325 -3325 -3325 -3325 -3325 -3325 -3325 -3325
-3325 -3325 -3325 -3325 -3325 -3325 -3325 -3325 -3325 -3325 -3325 -3325 -3325 -3325 -3325 -3325 -3325 -3325
-3325 -3325 -3325 -3325 -3325 -3325 -3325 -3325 -3325 -3325 -3325 -3325 -3325 -3325 -3325 -3325 -3325 -3325
-3325 -3325 -3325 -3325 -3325 -3325 -3325 -3325 -3325 -3325 -3325 -3325 -3325 -3325 -3325 -3325 -3325 -3325
-3325 -3325 -3325 -3325 -3325 -3325 -3325 -3325 -3325 -3325 -3325 -3325 -3325 -3325 -3325 -3325 -3325 -3325
-3325 -3325 -3325 -3325 -3325 -3325 -3325 -3325 -3325 -3325 -3325 -3325 -3325 -3325 -3325 -3325 -3325 -3325
-3325 -3325 -3325 -3325 -3325 -3325 -3325 -3325 -3325 -3325 -3325 -3325 -3325 -3325 -3325 -3325 -3325 -3325
-3325 -3325 -3325 -3325 -3325 -3325 -3325 -3325 -3325 -3325 -3325 -3325 -3325 -3325 -3325 -3325 -3325 -3325
-3325 -3325 -3325 -3325 -3325 -3325 -3325 -3325 -3325 -3325 -3325 -3325 -3325 -3325 -3325 -3325 -3325 -3325
-3325 -3325 -3325 -3325 -3325 -3325 -3325 -3325 -3325 -3325 -3325 -3325 -3325 -3325 -3325 -3325 -3325 -3325
-3325 -3325 -3325 -3325 -3325 -3325 -3325 -3325 -3325 -3325 -3325 -3325 -3325 -3325 -3325 -3325 -3325 -3325
-3325 -3325 -3325 -3325 -3325 -3325 -3325 -3325 -3325 -3325 -3325 -3325 -3325 -3325 -3325 -3325 -3325 -3325
-3325 -3325 -3325 -3325 -3325 -3325 -3325 -3325 -3325 -3325 -3325 -3325 -3325 -3325 -3325 -3325 -3325 -3325
-3325 -3325 -3325 -3325 -3325 -3325 -3325 -3325 -3325 -3325 -3325 -3325 -3325 -3325 -3325 -3325 -3325 -3325
-3325 -3325 -3325 -3325 -3325 -3325 -3325 -3325 -3325 -3325 -3325 -3325 -3325 -3325 -3325 -3325 -3325 -3325
-3325 -3325 -3325 -3325 -3325 -3325 -3325 -3325 -3325 -3325 -3325 -3325 -3325 -3325 -3325 -3325 -3325 -3325
-3325 -3325 -3325 -3325 -3325 -3325 -3325 -3325 -3325 -3325 -3325 -3325 -3325 -3325 -3325 -3325 -3325 -3325
-3325 -3325 -3325 -3325 -3325 -3325 -3325 -3325 -3325 -3325 -3325 -3325 -3325 -3325 -3325 -3325 -3325 -3325
-3325 -3325 -3325 -3325 -3325 -3325 -3325 -3325 -3325 -3325 -3325 -3325 -3325 -3325 -3325 -3325 -3325 -3325
-3325 -3325 -3325 -3325 -3325 -3325 -3325 -3325 -3325 -3325 -3325 -3325 -3325 -3325 -3325 -3325 -3325 -3325
-3325 -3325 -3325 -3325 -3325 -3325 -3325 -3325 -3325 -3325 -3325 -3325 -3325 -3325 -3325 -3325 -3325 -3325
-3325 -3325 -3325 -3325 -3325 -3325 -3325 -3325 -3325 -3325 -3325 -3325 -3325 -3325 -3325 -3325 -3325 -3325
-3325 -3325 -3325 -3325 -3325 -3325 -3325 -3325 -3325 -3325 -3325 -3325 -3325 -3325 -3325 -3325 -3325 -3325
-3325 -3325 -3325 -3325 -3325 -3325 -3325 -3325 -3325 -3325 -3325 -3325 -3325 -3325 -3325 -3325 -3325 -3325
-3325 -3325 -3325 -3325 -3325 -3325 -3325 -3325 -3325 -3325 -3325 -3325 -3325 -3325 -3325 -3325 -3325 -3325
-3325 -3325 -3325 -3325 -3325 -3325 -3325 -3325 -3325 -3325 -3325 -3325 -3325 -3325 -3325 -3325 -3325 -3325
-3325 -3325 -3325 -3325 -3325 -3325 -3325 -3325 -3325 -3325 -3325 -3325 -3325 -3325 -3325 -3325 -3325 -3325
-3325 -3325 -3325 -3325 -3325 -3325 -3325 -3325 -3325 -3325 -3325 -3325 -3325 -3325 -3325 -3325 -3325 -3325
-3325 -3325 -3325 -3325 -3325 -3325 -3325 -3325 -3325 -3325 -3325 -3325 -3325 -3325 -3325 -3325 -3325 -3325
-3325 -3325 -3325 -3325 -3325 -3325 -3325 -3325 -3325 -3325 -3325 -3325 -3325 -3325 -3325 -3325 -3325 -3325
-3325 -3325 -3325 -3325 -3325 -3325 -3325 -3325 -3325 -3325 -3325 -3325 -3325 -3325 -3325 -3325 -3325 -3325
-3325 -3325 -3325 -3325 -3325 -3325 -3325 -3325 -3325 -3325 -3325 -3325 -3325 -3325 -3325 -3325 -3325 -3325
-3325 -3325 -3325 -3325 -3325 -3325 -3325 -3325 -3325 -3325 -3325 -3325 -3325 -3325 -3325 -3325 -3325 -3325
-3325 -3325 -3325 -3325 -3325 -3325 -3325 -3325 -3325 -3325 -3325 -3325 -3325 -3325 -3325 -3325 -3325 -3325
-3325 -3325 -3325 -3325 -3325 -3325 -3325 -3325 -3325 -3325 -3325 -3325 -3325 -3325 -3325 -3325 -3325 -3325
-3325 -3325 -3325 -3325 -3325 -3325 -3325 -3325 -3325 -3325 -3325 -3325 -3325 -3325 -3325 -3325 -3325 -3325
-3325 -3325 -3325 -3325 -3325 -3325 -3325 -3325 -3325 -3325 -3325 -3325 -3325 -3325 -3325 -3325 -3325 -3325
-3325 -3325 -3325 -3325 -3325 -3325 -3325 -3325 -3325 -3325 -3325 -3325 -3325 -3325 -3325 -3325 -3325 -3325
-3325 -3325 -3325 -3325 -3325 -3325 -3325 -3325 -3325 -3325 -3325 -3325 -3325 -3325 -3325 -3325 -3325 -3325
-3325 -3325 -3325 -3325 -3325 -3325 -3325 -3325 -3325 -3325 -3325 -3325 -3325 -3325 -3325 -3325 -3325 -3325
-3325 -3325 -3325 -3325 -3325 -3325 -3325 -3325 -3325 -3325 -3325 -3325 -3325 -3325 -3325 -3325 -3325 -3325
-3325 -3325 -3325 -3325 -3325 -3325 -3325 -3325 -3325 -3325 -3325 -3325 -3325 -3325 -3325 -3325 -3325 -3325
-3325 -3325 -3325 -3325 -3325 -3325 -3325 -3325 -3325 -3325 -3325 -3325 -3325 -3325 -3325 -3325 -3325 -3325
-3325 -3325 -3325 -3325 -3325 -3325 -3325 -3325 -3325 -3325 -3325 -3325 -3325 -3325 -3325 -3325 -3325 -3325
-3325 -3325 -3325 -3325 -3325 -3325 -3325 -3325 -3325 -3325 -3325 -3325 -3325 -3325 -3325 -3325 -3325 -3325
-3325 -3325 -3325 -3325 -3325 -3325 -3325 -3325 -3325 -3325 -3325 -3325 -3325 -3325 -3325 -3325 -3325 -3325
-3325 -3325 -3325 -3325 -3325 -3325 -3325 -3325 -3325 -3325 -3325 -3325 -3325 -3325 -3325 -3325 -3325 -3325
-3325 -3325 -3325 -3325 -3325 -3325 -3325 -3325 -3325 -3325 -3325 -3325 -3325 -3325 -3325 -3325 -3325 -3325
-3325 -3325 -3325 -3325 -3325 -3325 -3325 -3325 -3325 -3325 -3325 -3325 -3325 -3325 -3325 -3325 -3325 -3325
-3325 -3325 -3325 -3325 -3325 -3325 -3325 -3325 -3325 -3325 -3325 -3325 -3325 -3325 -3325 -3325 -3325 -3325
-3325 -3325 -3325 -3325 -3325 -3325 -3325 -3325 -3325 -3325 -3325 -3325 -3325 -3325 -3325 -3325 -3325 -3325
-3325 -3325 -3325 -3325 -3325 -3325 -3325 -3325 -3325 -3325 -3325 -3325 -3325 -3325 -3325 -3325 -3325 -3325
-3325 -3325 -3325 -3325 -3325 -3325 -3325 -3325 -3325 -3325 -3325 -3325 -3325 -3325 -3325 -3325 -3325 -3325
-3325 -3325 -3325 -3325 -3325 -3325 -3325 -3325 -3325 -3325 -3325 -3325 -3325 -3325 -3325 -3325 -3325 -3325
-3325 -3325 -3325 -3325 -3325 -3325 -3325 -3325 -3325 -3325 -3325 -3325 -3325 -3325 -3325 -3325 -3325 -3325
-3325 -3325 -3325 -3325 -3325 -3325 -3325 -3325 -3325 -3325 -3325 -3325 -3325 -3325 -3325 -3325 -3325 -3325
-3325 -3325 -3325 -3325 -3325 -3325 -3325 -3325 -3325 -3325 -3325 -3325 -3325 -3325 -3325 -3325 -3325 -3325
-3325 -3325 -3325 -3325 -3325 -3325 -3325 -3325 -3325 -3325 -3325 -3325 -3325 -3325 -3325 -3325 -3325 -3325
-3325 -3325 -3325 -3325 -3325 -3325 -3325 -3325 -3325 -3325 -3325 -3325 -3325 -3325 -3325 -3325 -3325 -3325
-3325 -3325 -3325 -3325 -3325 -3325 -3325 -3325 -3325 -3325 -3325 -3325 -3325 -3325 -3325 -3325 -3325 -3325
-3325 -3325 -3325 -3325 -3325 -3325 -3325 -3325 -3325 -3325 -3325 -3325 -3325 -3325 -3325 -3325 -3325 -3325
-3325 -3325 -3325 -3325 -3325 -3325 -3325 -3325 -3325 -3325 -3325 -3325 -3325 -3325 -3325 -3325 -3325 -3325
-3325 -3325 -3325 -3325 -3325 -3325 -3325 -3325 -3325 -3325 -3325 -3325 -3325 -3325 -3325 -3325 -3325 -3325
-3325 -3325 -3325 -3325 -3325 -3325 -3325 -3325 -3325 -3325 -3325 -3325 -3325 -3325 -3325 -3325 -3325 -3325
-3325 -3325 -3325 -3325 -3325 -3325 -3325 -3325 -3325 -3325 -3325 -3325 -3325 -3325 -3325 -3325 -3325 -3325
-3325 -3325 -3325 -3325 -3325 -3325 -3325 -3325 -3325 -3325 -3325 -3325 -3325 -3325 -3325 -3325 -3325 -3325
-3325 -3325 -3325 -3325 -3325 -3325 -3325 -3325 -3325 -3325 -3325 -3325 -3325 -3325 -3325 -3325 -3325 -3325
-3325 -3325 -3325 -3325 -3325 -3325 -3325 -3325 -3325 -3325 -3325 -3325 -3325 -3325 -3325 -3325 -3325 -3325
-3325 -3325 -3325 -3325 -3325 -3325 -3325 -3325 -3325 -3325 -3325 -3325 -3325 -3325 -3325 -3325 -3325 -3325
-3325 -3325 -3325 -3325 -3325 -3325 -3325 -3325 -3325 -3325 -3325 -3325 -3325 -3325 -3325 -3325 -3325 -3325
-3325 -3325 -3325 -3325 -3325 -3325 -3325 -3325 -3325 -3325 -3325 -3325 -3325 -3325 -3325 -3325 -3325 -3325
-3325 -3325 -3325 -3325 -3325 -3325 -3325 -3325 -3325 -3325 -3325 -3325 -3325 -3325 -3325 -3325 -3325 -3325
-3325 -3325 -3325 -3325 -3325 -3325 -3325 -3325 -3325 -3325 -3325 -3325 -3325 -3325 -3325 -3325 -3325 -3325
-3325 -3325 -3325 -3325 -3325 -3325 -3325 -3325 -3325 -3325 -3325 -3325 -3325 -3325 -3325 -3325 -3325 -3325
-3325 -3325 -3325 -3325 -3325 -3325 -3325 -3325 -3325 -3325 -3325 -3325 -3325 -3325 -3325 -3325 -3325 -3325
-3325 -3325 -3325 -3325 -3325 -3325 -3325 -3325 -3325 -3325 -3325 -3325 -3325 -3325 -3325 -3325 -3325 -3325
-3325 -3325 -3325 -3325 -3325 -3325 -3325 -3325 -3325 -3325 -3325 -3325 -3325 -3325 -3325 -3325 -3325 -3325
-3325 -3325 -3325 -3325 -3325 -3325 -3325 -3325 -3325 -3325 -3325 -3325 -3325 -3325 -3325 -3325 -3325 -3325
-3325 -3325 -3325 -3325 -3325 -3325 -3325 -3325 -3325 -3325 -3325 -3325 -3325 -3325 -3325 -3325 -3325 -3325
-3325 -3325 -3325 -3325 -3325 -3325 -3325 -3325 -3325 -3325 -3325 -3325 -3325 -3325 -3325 -3325 -3325 -3325
-3325 -3325 -3325 -3325 -3325 -3325 -3325 -3325 -3325 -3325 -3325 -3325 -3325 -3325 -3325 -3325 -3325 -3325
-3325 -3325 -3325 -3325 -3325 -3325 -3325 -3325 -3325 -3325 -3325 -3325 -3325 -3325 -3325 -3325 -3325 -3325
-3325 -3325 -3325 -3325 -3325 -3325 -3325 -3325 -3325 -3325 -3325 -3325 -3325 -3325 -3325 -3325 -3325 -3325
-3325 -3325 -3325 -3325 -3325 -3325 -3325 -3325 -3325 -3325 -3325 -3325 -3325 -3325 -3325 -3325 -3325 -3325
-3325 -3325 -3325 -3325 -3325 -3325 -3325 -3325 -3325 -3325 -3325 -3325 -3325 -3325 -3325 -3325 -3325 -3325
-3325 -3325 -3325 -3325 -3325 -3325 -3325 -3325 -3325 -3325 -3325 -3325 -3325 -3325 -3325 -3325 -3325 -3325
-3325 -3325 -3325 -3325 -3325 -3325 -3325 -3325 -3325 -3325 -3325 -3325 -3325 -3325 -3325 -3325 -3325 -3325
-3325 -3325 -3325 -3325 -3325 -3325 -3325 -3325 -3325 -3325 -3325 -3325 -3325 -3325 -3325 -3325 -3325 -3325
-3325 -3325 -3325 -3325 -3325 -3325 -3325 -3325 -3325 -3325 -3325 -3325 -3325 -3325 -3325 -3325 -3325 -3325
-3325 -3325 -3325 -3325 -3325 -3325 -3325 -3325 -3325 -3325 -3325 -3325 -3325 -3325 -3325 -3325 -3325 -3325
-3325 -3325 -3325 -3325 -3325 -3325 -3325 -3325 -3325 -3325 -3325 -3325 -3325 -3325 -3325 -3325 -3325 -3325
-3325 -3325 -3325 -3325 -3325 -3325 -3325 -3325 -3325 -3325 -3325 -3325 -3325 -3325 -3325 -3325 -3325 -3325
-3325 -3325 -3325 -3325 -3325 -3325 -3325 -3325 -3325 -3325 -3325 -3325 -3325 -3325 -3325 -3325 -3325 -3325
-3325 -3325 -3325 -3325 -3325 -3325 -3325 -3325 -3325 -3325 -3325 -3325 -3325 -3325 -3325 -3325 -3325 -3325
-3325 -3325 -3325 -3325 -3325 -3325 -3325 -3325 -3325 -3325 -3325 -3325 -3325 -3325 -3325 -3325 -3325 -3325
-3325 -3325 -3325 -3325 -3325 -3325 -3325 -3325 -3325 -3325 -3325 -3325 -3325 -3325 -3325 -3325 -3325 -3325
-3325 -3325 -3325 -3325 -3325 -3325 -3325 -3325 -3325 -3325 -3325 -3325 -3325 -3325 -3325 -3325 -3325 -3325
-3325 -3325 -3325 -3325 -3325 -3325 -3325 -3325 -3325 -3325 -3325 -3325 -3325 -3325 -3325 -3325 -3325 -3325
-3325 -3325 -3325 -3325 -3325 -3325 -3325 -3325 -1760 -1760 -1760 -1760 -1760 -1760 -1760 -1760 -1760 -1760
-1760 -1760 -1760 -1760 -1760 -1760 -1760 -1760 -1760 -1760 -1760 -1760 -1760 -1760 -1760 -1760 -1760 -1760
-1760 -1760 -1760 -1760 -1760 -1760 -1760 -1760 -1760 -1760 -1760 -1760 -1760 -1760 -1760 -1760 -1760 -1760
-1760 -1760 -1760 -1760 -1760 -1760 -1760 -1760 -1760 -1760 -1760 -1760 -1760 -1760 -1760 -1760 -1760 -1760
-1760 -1760 -1760 -1760 -1760 -1760 -1760 -1760 -1760 -1760 -1760 -1760 -1760 -1760 -1760 -1760 -1760 -1760
-1760 -1760 -1760 -1760 -1760 -1760 -1760 -1760 -1760 -1760 -1760 -1760 -1760 -1760 -1760 -1760 -1760 -1760
-1760 -1760 -1760 -1760 -1760 -1760 -1760 -1760 -1760 -1760 -1760 -1760 -1760 -1760 -1760 -1760 -1760 -1760
-1760 -1760 -1760 -1760 -1760 -1760 -1760 -1760 -1760 -1760 -1760 -1760 -1760 -1760 -1760 -1760 -1760 -1760
-1760 -1760 -1760 -1760 -1760 -1760 -1760 -1760 -1760 -1760 -1760 -1760 -1760 -1760 -1760 -1760 -1760 -1760
-1760 -1760 -1760 -1760 -1760 -1760 -1760 -1760 -1760 -1760 -1760 -1760 -1760 -1760 -1760 -1760 -1760 -1760
-1760 -1760 -1760 -1760 -1760 -1760 -1760 -1760 -1760 -1760 -1760 -1760 -1760 -1760 -1760 -1760 -1760 -1760
-1760 -1760 -1760 -1760 -1760 -1760 -1760 -1760 -1760 -1760 -1760 -1760 -1760 -1760 -1760 -1760 -1760 -1760
-1760 -1760 -1760 -1760 -1760 -1760 -1760 -1760 -1760 -1760 -1760 -1760 -1760 -1760 -1760 -1760 -1760 -1760
-1760 -1760 -1760 -1760 -1760 -1760 -1760 -1760 -1760 -1760 -1760 -1760 -1760 -1760 -1760 -1760 -1760 -1760
-1760 -1760 -1760 -1760 -1760 -1760 -1760 -1760 -1760 -1760 -1760 -1760 -1760 -1760 -1760 -1760 -1760 -1760
-1760 -1760 -1760 -1760 -1760 -1760 -1760 -1760 -1760 -1760 -1760 -1760 -1760 -1760 -1760 -1760 -1760 -1760
-1760 -1760 -1760 -1760 -1760 -1760 -1760 -1760 -1760 -1760 -1760 -1760 -1760 -1760 -1760 -1760 -1760 -1760
-1760 -1760 -1760 -1760 -1760 -1760 -1760 -1760 -1760 -1760 -1760 -1760 -1760 -1760 -1760 -1760 -1760 -1760
-1760 -1760 -1760 -1760 -1760 -1760 -1760 -1760 -1760 -1760 -1760 -1760 -1760 -1760 -1760 -1760 -1760 -1760
-1760 -1760 -1760 -1760 -1760 -1760 -1760 -1760 -1760 -1760 -1760 -1760 -1760 -1760 -1760 -1760 -1760 -1760
-1760 -1760 -1760 -1760 -1760 -1760 -1760 -1760 -1760 -1760 -1760 -1760 -1760 -1760 -1760 -1760 -1760 -1760
-1760 -1760 -1760 -1760 -1760 -1760 -1760 -1760 -1760 -1760 -1760 -1760 -1760 -1760 -1760 -1760 -1760 -1760
-1760 -1760 -1760 -1760 -1760 -1760 -1760 -1760 -1760 -1760 -1760 -1760 -1760 -1760 -1760 -1760 -1760 -1760
-1760 -1760 -1760 -1760 -1760 -1760 -1760 -1760 -1760 -1760 -1760 -1760 -1760 -1760 -1760 -1760 -1760 -1760
-1760 -1760 -1760 -1760 -1760 -1760 -1760 -1760 -1760 -1760 -1760 -1760 -1760 -1760 -1760 -1760 -1760 -1760
-1760 -1760 -1760 -1760 -1760 -1760 -1760 -1760 -1760 -1760 -1760 -1760 -1760 -1760 -1760 -1760 -1760 -1760
-1760 -1760 -1760 -1760 -1760 -1760 -1760 -1760 -1760 -1760 -1760 -1760 -1760 -1760 -1760 -1760 -1760 -1760
-1760 -1760 -1760 -1760 -1760 -1760 -1760 -1760 -1760 -1760 -1760 -1760 -1760 -1760 -1760 -1760 -1760 -1760
-1760 -1760 -1760 -1760 -1760 -1760 -1760 -1760 -1760 -1760 -1760 -1760 -1760 -1760 -1760 -1760 -1760 -1760
-1760 -1760 -1760 -1760 -1760 -1760 -1760 -1760 -1760 -1760 -1760 -1760 -1760 -1760 -1760 -1760 -1760 -1760
-1760 -1760 -1760 -1760 -1760 -1760 -1760 -1760 -1760 -1760 -1760 -1760 -1760 -1760 -1760 -1760 -1760 -1760
-1760 -1760 -1760 -1760 -1760 -1760 -1760 -1760 -1760 -1760 -1760 -1760 -1760 -1760 -1760 -1760 -1760 -1760
-1760 -1760 -1760 -1760 -1760 -1760 -1760 -1760 -1760 -1760 -1760 -1760 -1760 -1760 -1760 -1760 -1760 -1760
-1760 -1760 -1760 -1760 -1760 -1760 -1760 -1760 -1760 -1760 -1760 -1760 -1760 -1760 -1760 -1760 -1760 -1760
-1760 -1760 -1760 -1760 -1760 -1760 -1760 -1760 -1760 -1760 -1760 -1760 -1760 -1760 -1760 -1760 -1760 -1760
-1760 -1760 -1760 -1760 -1760 -1760 -1760 -1760 -1760 -1760 -1760 -1760 -1760 -1760 -1760 -1760 -1760 -1760
-1760 -1760 -1760 -1760 -1760 -1760 -1760 -1760 -1760 -1760 -1760 -1760 -1760 -1760 -1760 -1760 -1760 -1760
-1760 -1760 -1760 -1760 -1760 -1760 -1760 -1760 -1760 -1760 -1760 -1760 -1760 -1760 -1760 -1760 -1760 -1760
-1760 -1760 -1760 -1760 -1760 -1760 -1760 -1760 -1760 -1760 -1760 -1760 -1760 -1760 -1760 -1760 -1760 -1760
-1760 -1760 -1760 -1760 -1760 -1760 -1760 -1760 -1760 -1760 -1760 -1760 -1760 -1760 -1760 -1760 -1760 -1760
-1760 -1760 -1760 -1760 -1760 -1760 -1760 -1760 -1760 -1760 -1760 -1760 -1760 -1760 -1760 -1760 -1760 -1760
-1760 -1760 -1760 -1760 -1760 -1760 -1760 -1760 -1760 -1760 -1760 -1760 -1760 -1760 -1760 -1760 -1760 -1760
-1760 -1760 -1760 -1760 -1760 -1760 -1760 -1760 -1760 -1760 -1760 -1760 -1760 -1760 -1760 -1760 -1760 -1760
-1760 -1760 -1760 -1760 -1760 -1760 -1760 -1760 -1760 -1760 -1760 -1760 -1760 -1760 -1760 -1760 -1760 -1760
-1760 -1760 -1760 -1760 -1760 -1760 -1760 -1760 -1760 -1760 -1760 -1760 -1760 -1760 -1760 -1760 -1760 -1760
-1760 -1760 -1760 -1760 -1760 -1760 -1760 -1760 -1760 -1760 -1760 -1760 -1760 -1760 -1760 -1760 -1760 -1760
-1760 -1760 -1760 -1760 -1760 -1760 -1760 -1760 -1760 -1760 -1760 -1760 -1760 -1760 -1760 -1760 -1760 -1760
-1760 -1760 -1760 -1760 -1760 -1760 -1760 -1760 -1760 -1760 -1760 -1760 -1760 -1760 -1760 -1760 -1760 -1760
-1760 -1760 -1760 -1760 -1760 -1760 -1760 -1760 -1760 -1760 -1760 -1760 -1760 -1760 -1760 -1760 -1760 -1760
-1760 -1760 -1760 -1760 -1760 -1760 -1760 -1760 -1760 -1760 -1760 -1760 -1760 -1760 -1760 -1760 -1760 -1760
-1760 -1760 -1760 -1760 -1760 -1760 -1760 -1760 -1760 -1760 -1760 -1760 -1760 -1760 -1760 -1760 -1760 -1760
-1760 -1760 -1760 -1760 -1760 -1760 -1760 -1760 -1760 -1760 -1760 -1760 -1760 -1760 -1760 -1760 -1760 -1760
-1760 -1760 -1760 -1760 -1760 -1760 -1760 -1760 -1760 -1760 -1760 -1760 -1760 -1760 -1760 -1760 -1760 -1760
-1760 -1760 -1760 -1760 -1760 -1760 -1760 -1760 -1760 -1760 -1760 -1760 -1760 -1760 -1760 -1760 -1760 -1760
-1760 -1760 -1760 -1760 -1760 -1760 -1760 -1760 -1760 -1760 -1760 -1760 -1760 -1760 -1760 -1760 -1760 -1760
-1760 -1760 -1760 -1760 -1760 -1760 -1760 -1760 -1760 -1760 -1760 -1760 -1760 -1760 -1760 -1760 -1760 -1760
-1760 -1760 -1760 -1760 -1760 -1760 -1760 -1760 -1760 -1760 -1760 -1760 -1760 -1760 -1760 -1760 -1760 -1760
-1760 -1760 -1760 -1760 -1760 -1760 -1760 -1760 -1760 -1760 -1760 -1760 -1760 -1760 -1760 -1760 -1760 -1760
-1760 -1760 -1760 -1760 -1760 -1760 -1760 -1760 -1760 -1760 -1760 -1760 -1760 -1760 -1760 -1760 -1760 -1760
-1760 -1760 -1760 -1760 -1760 -1760 -1760 -1760 -1760 -1760 -1760 -1760 -1760 -1760 -1760 -1760 -1760 -1760
-1760 -1760 -1760 -1760 -1760 -1760 -1760 -1760 -1760 -1760 -1760 -1760 -1760 -1760 -1760 -1760 -1760 -1760
-1760 -1760 -1760 -1760 -1760 -1760 -1760 -1760 -1760 -1760 -1760 -1760 -1760 -1760 -1760 -1760 -1760 -1760
-1760 -1760 -1760 -1760 -1760 -1760 -1760 -1760 -1760 -1760 -1760 -1760 -1760 -1760 -1760 -1760 -1760 -1760
-1760 -1760 -1760 -1760 -1760 -1760 -1760 -1760 -1760 -1760 -1760 -1760 -1760 -1760 -1760 -1760 -1760 -1760
-1760 -1760 -1760 -1760 -1760 -1760 -1760 -1760 -1760 -1760 -1760 -1760 -1760 -1760 -1760 -1760 -1760 -1760
-1760 -1760 -1760 -1760 -1760 -1760 -1760 -1760 -1760 -1760 -1760 -1760 -1760 -1760 -1760 -1760 -1760 -1760
-1760 -1760 -1760 -1760 -1760 -1760 -1760 -1760 -1760 -1760 -1760 -1760 -1760 -1760 -1760 -1760 -1760 -1760
-1760 -1760 -1760 -1760 -1760 -1760 -1760 -1760 -1760 -1760 -1760 -1760 -1760 -1760 -1760 -1760 -1760 -1760
-1760 -1760 -1760 -1760 -1760 -1760 -1760 -1760 -1760 -1760 -1760 -1760 -1760 -1760 -1760 -1760 -1760 -1760
-1760 -1760 -1760 -1760 -1760 -1760 -1760 -1760 -1760 -1760 -1760 -1760 -1760 -1760 -1760 -1760 -1760 -1760
-1760 -1760 -1760 -1760 -1760 -1760 -1760 -1760 -1760 -1760 -1760 -1760 -1760 -1760 -1760 -1760 -1760 -1760
-1760 -1760 -1760 -1760 -1760 -1760 -1760 -1760 -1760 -1760 -1760 -1760 -1760 -1760 -1760 -1760 -1760 -1760
-1760 -1760 -1760 -1760 -1760 -1760 -1760 -1760 -1760 -1760 -1760 -1760 -1760 -1760 -1760 -1760 -1760 -1760
-1760 -1760 -1760 -1760 -1760 -1760 -1760 -1760 -1760 -1760 -1760 -1760 -1760 -1760 -1760 -1760 -1760 -1760
-1760 -1760 -1760 -1760 -1760 -1760 -1760 -1760 -1760 -1760 -1760 -1760 -1760 -1760 -1760 -1760 -1760 -1760
-1760 -1760 -1760 -1760 -1760 -1760 -1760 -1760 -1760 -1760 -1760 -1760 -1760 -1760 -1760 -1760 -1760 -1760
-1760 -1760 -1760 -1760 -1760 -1760 -1760 -1760 -1760 -1760 -1760 -1760 -1760 -1760 -1760 -1760 -1760 -1760
-1760 -1760 -1760 -1760 -1760 -1760 -1760 -1760 -1760 -1760 -1760 -1760 -1760 -1760 -1760 -1760 -1760 -1760
-1760 -1760 -1760 -1760 -1760 -1760 -1760 -1760 -1760 -1760 -1760 -1760 -1760 -1760 -1760 -1760 -1760 -1760
-1760 -1760 -1760 -1760 -1760 -1760 -1760 -1760 -1760 -1760 -1760 -1760 -1760 -1760 -1760 -1760 -1760 -1760
-1760 -1760 -1760 -1760 -1760 -1760 -1760 -1760 -1760 -1760 -1760 -1760 -1760 -1760 -1760 -1760 -1760 -1760
-1760 -1760 -1760 -1760 -1760 -1760 -1760 -1760 -1760 -1760 -1760 -1760 -1760 -1760 -1760 -1760 -1760 -1760
-1760 -1760 -1760 -1760 -1760 -1760 -1760 -1760 -1760 -1760 -1760 -1760 -1760 -1760 -1760 -1760 -1760 -1760
-1760 -1760 -1760 -1760 -1760 -1760 -1760 -1760 -1760 -1760 -1760 -1760 -1760 -1760 -1760 -1760 -1760 -1760
-1760 -1760 -1760 -1760 -1760 -1760 -1760 -1760 -1760 -1760 -1760 -1760 -1760 -1760 -1760 -1760 -1760 -1760
-1760 -1760 -1760 -1760 -1760 -1760 -1760 -1760 -1760 -1760 -1760 -1760 -1760 -1760 -1760 -1760 -1760 -1760
-1760 -1760 -1760 -1760 -1760 -1760 -1760 -1760 -1760 -1760 -1760 -1760 -1760 -1760 -1760 -1760 -1760 -1760
-1760 -1760 -1760 -1760 -1760 -1760 -1760 -1760 -1760 -1760 -1760 -1760 -1760 -1760 -1760 -1760 -1760 -1760
-1760 -1760 -1760 -1760 -1760 -1760 -1760 -1760 -1760 -1760 -1760 -1760 -1760 -1760 -1760 -1760 -1760 -1760
-1760 -1760 -1760 -1760 -1760 -1760 -1760 -1760 -1760 -1760 -1760 -1760 -1760 -1760 -1760 -1760 -1760 -1760
-1760 -1760 -1760 -1760 -1760 -1760 -1760 -1760 -1760 -1760 -1760 -1760 -1760 -1760 -1760 -1760 -1760 -1760
-1760 -1760 -1760 -1760 -1760 -1760 -1760 -1760 -1760 -1760 -1760 -1760 -1760 -1760 -1760 -1760 -1760 -1760
-1760 -1760 -1760 -1760 -1760 -1760 -1760 -1760 -1760 -1760 -1760 -1760 -1760 -1760 -1760 -1760 -1760 -1760
-1760 -1760 -1760 -1760 -1760 -1760 -1760 -1760 -1760 -1760 -1760 -1760 -1760 -1760 -1760 -1760 -1760 -1760
-1760 -1760 -1760 -1760 -1760 -1760 -1760 -1760 -1760 -1760 -1760 -1760 -1760 -1760 -1760 -1760 -1760 -1760
-1760 -1760 -1760 -1760 -1760 -1760 -1760 -1760 -1760 -1760 -1760 -1760 -1760 -1760 -1760 -1760 -1760 -1760
-1760 -1760 -1760 -1760 -1760 -1760 -1760 -1760 -1760 -1760 -1760 -1760 -1760 -1760 -1760 -1760 -1760 -1760
-1760 -1760 -1760 -1760 -1760 -1760 -1760 -1760 -1760 -1760 -1760 -1760 -1760 -1760 -1760 -1760 -1760 -1760
-1760 -1760 -1760 -1760 -1760 -1760 -1760 -1760 -1760 -1760 -1760 -1760 -1760 -1760 -1760 -1760 -1760 -1760
-1760 -1760 -1760 -1760 -1760 -1760 -1760 -1760 -1760 -1760 -1760 -1760 -1760 -1760 -1760 -1760 -1760 -1760
-1760 -1760 -1760 -1760 -1760 -1760 -1760 -1760 -1760 -1760 -1760 -1760 -1760 -1760 -1760 -1760 -1760 -1760
-1760 -1760 -1760 -1760 -1760 -1760 -1760 -1760 -1760 -1760 -1760 -1760 -1760 -1760 -1760 -1760 -1760 -1760
-1760 -1760 -1760 -1760 -1760 -1760 -1760 -1760 -1760 -1760 -1760 -1760 -1760 -1760 -1760 -1760 -1760 -1760
-1760 -1760 -1760 -1760 -1760 -1760 -1760 -1760 -1760 -1760 -1760 -1760 -1760 -1760 -1760 -1760 -1760 -1760
-1760 -1760 -1760 -1760 -1760 -1760 -1760 -1760 -1760 -1760 -1760 -1760 -1760 -1760 -1760 -1760 -1760 -1760
-1760 -1760 -1760 -1760 -1760 -1760 -1760 -1760 -1760 -1760 -1760 -1760 -1760 -1760 -1760 -1760 -1760 -1760
-1760 -1760 -1760 -1760 -1760 -1760 -1760 -1760 -1760 -1760 -1760 -1760 -1760 -1760 -1760 -1760 -1760 -1760
-1760 -1760 -1760 -1760 -1760 -1760 -1760 -1760 -1760 -1760 -1760 -1760 -1760 -1760 -1760 -1760 -1760 -1760
-1760 -1760 -1760 -1760 -1760 -1760 -1760 -1760 -1760 -1760 -1760 -1760 -1760 -1760 -1760 -1760 -1760 -1760
-1760 -1760 -1760 -1760 -1760 -1760 -1760 -1760 -1760 -1760 -1760 -1760 -1760 -1760 -1760 -1760 -1760 -1760
-1760 -1760 -1760 -1760 -1760 -1760 -1760 -1760 -1760 -1760 -1760 -1760 -1760 -1760 -1760 -1760 -1760 -1760
-1760 -1760 -1760 -1760 -1760 -1760 -1760 -1760 -1760 -1760 -1760 -1760 -1760 -1760 -1760 -1760 -1760 -1760
-1760 -1760 -1760 -1760 -1760 -1760 -1760 -1760 -1760 -1760 -1760 -1760 -1760 -1760 -1760 -1760 -1760 -1760
-1760 -1760 -1760 -1760 -1760 -1760 -1760 -1760 -1760 -1760 -1760 -1760 -1760 -1760 -1760 -1760 -1760 -1760
-1760 -1760 -1760 -1760 -1760 -1760 -1760 -1760 -1760 -1760 -1760 -1760 -1760 -1760 -1760 -1760 -1760 -1760
-1760 -1760 -1760 -1760 -1760 -1760 -1760 -1760 -1760 -1760 -1760 -1760 -1760 -1760 -1760 -1760 -1760 -1760
-1760 -1760 -1760 -1760 -1760 -1760 -1760 -1760 -1760 -1760 -1760 -1760 -1760 -1760 -1760 -1760 -1760 -1760
-1760 -1760 -1760 -1760 -1760 -1760 -1760 -1760 -1760 -1760 -1760 -1760 -1760 -1760 -1760 -1760 -1760 -1760
-1760 -1760 -1760 -1760 -1760 -1760 -1760 -1760 -1760 -1760 -1760 -1760 -1760 -1760 -1760 -1760 -1760 -1760
-1760 -1760 -1760 -1760 -1760 -1760 -1760 -1760 -1760 -1760 -1760 -1760 -1760 -1760 -1760 -1760 -1760 -1760
-1760 -1760 -1760 -1760 -1760 -1760 -1760 -1760 -1760 -1760 -1760 -1760 -1760 -1760 -1760 -1760 -1760 -1760
-1760 -1760 -1760 -1760 -1760 -1760 -1760 -1760 -1760 -1760 -1760 -1760 -1760 -1760 -1760 -1760 -1760 -1760
-1760 -1760 -1760 -1760 -1760 -1760 -1760 -1760 -1760 -1760 -1760 -1760 -1760 -1760 -1760 -1760 -1760 -1760
-1760 -1760 -1760 -1760 -1760 -1760 -1760 -1760 -1760 -1760 -1760 -1760 -1760 -1760 -1760 -1760 -1760 -1760
-1760 -1760 -1760 -1760 -1760 -1760 -1760 -1760 -1760 -1760 -1760 -1760 -1760 -1760 -1760 -1760 -1760 -1760
-1760 -1760 -1760 -1760 -1760 -1760 -1760 -1760 -1760 -1760
