-414 -414 -414 -414 -414 -414 -414 -414 -414 -414 -414 -414 -414 -414 -414 -414 -414 -414
-414 -414 -414 -414 -414 -414 -414 -414 -414 -414 -414 -414 -414 -414 -414 -414 -414 -414
-414 -414 -414 -414 -414 -414 -414 -414 -414 -414 -414 -414 -414 -414 -414 -414 -414 -414
-414 -414 -414 -414 -414 -414 -414 -414 -414 -414 -414 -414 -414 -414 -414 -414 -414 -414
-414 -414 -414 -414 -414 -414 -414 -414 -414 -414 -414 -414 -414 -414 -414 -414 -414 -414
-414 -414 -414 -414 -414 -414 -414 -414 -414 -414 -414 -414 -414 -414 -414 -414 -414 -414
-414 -414 -414 -414 -414 -414 -414 -414 -414 -414 -414 -414 -414 -414 -414 -414 -414 -414
-414 -414 -414 -414 -414 -414 -414 -414 -414 -414 -414 -414 -414 -414 -414 -414 -414 -414
-414 -414 -414 -414 -414 -414 -414 -414 -414 -414 -414 -414 -414 -414 -414 -414 -414 -414
-414 -414 -414 -414 -414 -414 -414 -414 -414 -414 -414 -414 -414 -414 -414 -414 -414 -414
-414 -414 -414 -414 -414 -414 -414 -414 -414 -414 -414 -414 -414 -414 -414 -414 -414 -414
-414 -414 -414 -414 -414 -414 -414 -414 -414 -414 -414 -414 -414 -414 -414 -414 -414 -414
-414 -414 -414 -414 -414 -414 -414 -414 -414 -414 -414 -414 -414 -414 -414 -414 -414 -414
-414 -414 -414 -414 -414 -414 -414 -414 -414 -414 -414 -414 -414 -414 -414 -414 -414 -414
-414 -414 -414 -414 -414 -414 -414 -414 -414 -414 -414 -414 -414 -414 -414 -414 -414 -414
-414 -414 -414 -414 -414 -414 -414 -414 -414 -414 -414 -414 -414 -414 -414 -414 -414 -414
-414 -414 -414 -414 -414 -414 -414 -414 -414 -414 -414 -414 -414 -414 -414 -414 -414 -414
-414 -414 -414 -414 -414 -414 -414 -414 -414 -414 -414 -414 -414 -414 -414 -414 -414 -414
-414 -414 -414 -414 -414 -414 -414 -414 -414 -414 -414 -414 -414 -414 -414 -414 -414 -414
-414 -414 -414 -414 -414 -414 -414 -414 -414 -414 -414 -414 -414 -414 -414 -414 -414 -414
-414 -414 -414 -414 -414 -414 -414 -414 -414 -414 -414 -414 -414 -414 -414 -414 -414 -414
-414 -414 -414 -414 -414 -414 -414 -414 -414 -414 -414 -414 -414 -414 -414 -414 -414 -414
-414 -414 -414 -414 -414 -414 -414 -414 -414 -414 -414 -414 -414 -414 -414 -414 -414 -414
-414 -414 -414 -414 -414 -414 -414 -414 -414 -414 -414 -414 -414 -414 -414 -414 -414 -414
-414 -414 -414 -414 -414 -414 -414 -414 -414 -414 -414 -414 -414 -414 -414 -414 -414 -414
-414 -414 -414 -414 -414 -414 -414 -414 -414 -414 -414 -414 -414 -414 -414 -414 -414 -414
-414 -414 -414 -414 -414 -414 -414 -414 -414 -414 -414 -414 -414 -414 -414 -414 -414 -414
-414 -414 -414 -414 -414 -414 -414 -414 -414 -414 -414 -414 -414 -414 -414 29 29 29
29 29 29 29 29 29 29 29 29 29 29 29 29 29 29 29 29 29
29 29 29 29 29 29 29 29 29 29 29 29 29 29 29 29 29 29
29 29 29 29 29 29 29 29 29 29 29 29 29 29 29 29 29 29
29 29 29 29 29 29 29 29 29 29 29 29 29 29 29 29 29 29
29 29 29 29 29 29 29 29 29 29 29 29 29 29 29 29 29 29
29 29 29 29 29 29 29 29 29 29 29 29 29 29 29 29 29 29
29 29 29 29 29 29 29 29 29 29 29 29 29 29 29 29 29 29
29 29 29 29 29 29 29 29 29 29 29 29 29 29 29 29 29 29
29 29 29 29 29 29 29 29 29 29 29 29 29 29 29 29 29 29
29 29 29 29 29 29 29 29 29 29 29 29 29 29 29 29 29 29
29 29 29 29 29 29 29 29 29 29 29 29 29 29 29 29 29 29
29 29 29 29 29 29 29 29 29 29 29 29 29 29 29 29 29 29
29 29 29 29 29 29 29 29 29 29 29 29 29 29 29 29 29 29
29 29 29 29 29 29 29 29 29 29 29 29 29 29 29 29 29 29
29 29 29 29 29 29 29 29 29 29 29 29 29 29 29 29 29 29
29 29 29 29 29 29 29 29 29 29 29 29 29 29 29 29 29 29
29 29 29 29 29 29 29 29 29 29 29 29 29 29 29 29 29 29
29 29 29 29 29 29 29 29 29 29 29 29 29 29 29 29 29 29
29 29 29 29 29 29 29 29 29 29 29 29 29 29 29 29 29 29
29 29 29 29 29 29 29 29 29 29 29 29 29 29 29 29 29 29
29 29 29 29 29 29 29 29 29 29 29 29 29 29 29 29 29 29
29 29 29 29 29 29 29 29 29 29 29 29 29 29 29 29 29 29
29 29 29 29 29 29 29 29 29 29 29 29 29 29 29 29 29 29
29 29 29 29 29 29 29 29 29 29 29 29 29 29 29 29 29 29
29 29 29 29 29 29 29 29 29 29 29 29 29 29 29 29 29 29
29 29 29 29 29 29 29 29 29 29 29 -542 -542 -542 -542 -542 -542 -542
-542 -542 -542 -542 -542 -542 -542 -542 -542 -542 -542 -542 -542 -542 -542 -542 -542 -542
-542 -542 -542 -542 -542 -542 -542 -542 -542 -542 -542 -542 -542 -542 -542 -542 -542 -542
-542 -542 -542 -542 -542 -542 -542 -542 -542 -542 -542 -542 -542 -542 -542 -542
