-1597 -1597 -1597 -1597 -1597 -1597 -1597 -1597 -1597 -1597 -1597 -1597 -1597 -1597 -1597 -1597 -1597 -1597
-1597 -1597 -1597 -1597 -1597 -1597 -1597 -1597 -1597 -1597 -1597 -1597 -1597 -1597 -1597 -1597 -1597 -1597
-1597 -1597 -1597 -1597 -1597 -1597 -1597 -1597 -1597 -1597 -1597 -1597 -1597 -1597 -1597 -1597 -1597 -1597
-1597 -1597 -1597 -1597 -1597 -1597 -1597 -1597 -1597 -1597 -1597 -1597 -1597 -1597 -1597 -1597 -1597 -1597
-1597 -1597 -1597 -1597 -1597 -1597 -1597 -1597 -1597 -1597 -1597 -1597 -1597 -1597 -1597 -1597 -1597 -1597
-1597 -1597 -1597 -1597 -1597 -1597 -1597 -1597 -1597 -1597 -1597 -1597 -1597 -1597 -1597 -1597 -1597 -1597
-1597 -1597 -1597 -1597 -1597 -1597 -1597 -1597 -1597 -1597 -1597 -1597 -1597 -1597 -1597 -1597 -1597 -1597
-1597 -1597 -1597 -1597 -1597 -1597 -1597 -1597 -1597 -1597 -1597 -1597 -1597 -1597 -1597 -1597 -1597 -1597
-1597 -1597 -1597 -1597 -1597 -1597 -1597 -1597 -1597 -1597 -1597 -1597 -1597 -1597 -1597 -1597 -1597 -1597
-1597 -1597 -1597 -1597 -1597 -1597 -1597 -1597 -1597 -1597 -1597 -1597 -1597 -1597 -1597 -1597 -1597 -1597
-1597 -1597 -1597 -1597 -1597 -1597 -1597 -1597 -1597 -1597 -1597 -1597 -1597 -1597 -1597 -1597 -1597 -1597
-1597 -1597 -1597 -1597 -1597 -1597 -1597 -1597 -1597 -1597 -1597 -1597 -1597 -1597 -1597 -1597 -1597 -1597
-1597 -1597 -1597 -1597 -1597 -1597 -1597 -1597 -1597 -1597 -1597 -1597 -1597 -1597 -1597 -1597 -1597 -1597
-1597 -1597 -1597 -1597 -1597 -1597 -1597 -1597 -1597 -1597 -1597 -1597 -1597 -1597 -1597 -1597 -1597 -1597
-1597 -1597 -1597 -1597 -1597 -1597 -1597 -1597 -1597 -1597 -1597 -1597 -1597 -1597 -1597 -1597 -1597 -1597
-1597 -1597 -1597 -1597 -1597 -1597 -1597 -1597 -1597 -1597 -1597 -1597 -1597 -1597 -1597 -1597 -1597 -1597
-1597 -1597 -1597 -1597 -1597 -1597 -1597 -1597 -1597 -1597 -1597 -1597 -1597 -1597 -1597 -1597 -1597 -1597
-1597 -1597 -1597 -1597 -1597 -1597 -1597 -1597 -1597 -1597 -1597 -1597 -1597 -1597 -1597 -1597 -1597 -1597
-1597 -1597 -1597 -1597 -1597 -1597 -1597 -1597 -1597 -1597 -1597 -1597 -1597 -1597 -1597 -1597 -1597 -1597
-1597 -1597 -1597 -1597 -1597 -1597 -1597 -1597 -1597 -1597 -1597 -1597 -1597 -1597 -1597 -1597 -1597 -1597
-1597 -1597 -1597 -1597 -1597 -1597 -1597 -1597 -1597 -1597 -1597 -1597 -1597 -1597 -1597 -1597 -1597 -1597
-1597 -1597 -1597 -1597 -1597 -1597 -1597 -1597 -1597 -1597 -1597 -1597 -1597 -1597 -1597 -1597 -1597 -1597
-1597 -1597 -1597 -1597 -1597 -1597 -1597 -1597 -1597 -1597 -1597 -1597 -1597 -1597 -1597 -1597 -1597 -1597
-1597 -1597 -1597 -1597 -1597 -1597 -1597 -1597 -1597 -1597 -1597 -1597 -1597 -1597 -1597 -1597 -1597 -1597
-1597 -1597 -1597 -1597 -1597 -1597 -1597 -1597 -1597 -1597 -1597 -1597 -1597 -1597 -1597 -1597 -1597 -1597
-1597 -1597 -1597 -1597 -1597 -1597 -1597 -1597 -1597 -1597 -1597 -1597 -1597 -1597 -1597 -1597 -1597 -1597
-1597 -1597 -1597 -1597 -1597 -1597 -1597 -1597 -1597 -1597 -1597 -1597 -1597 -1597 -1597 -1597 -1597 -1597
-1597 -1597 -1597 -1597 -1597 -1597 -1597 -1597 -1597 -1597 -1597 -1597 -1597 -1597 -1597 -1597 -1597 -1597
-1597 -1597 -1597 -1597 -1597 -1597 -1597 -1597 -1597 -1597 -1597 -1597 -1597 -1597 -1597 -1597 -1597 -1597
-1597 -1597 -1597 -1597 -1597 -1597 -1597 -1597 -1597 -1597 -1597 -1597 -1597 -1597 -1597 -1597 -1597 -1597
-1597 -1597 -1597 -1597 -1597 -1597 -1597 -1597 -1597 -1597 -1597 -1597 -1597 -1597 -1597 -1597 -1597 -1597
-1597 -1597 -1597 -1597 -1597 -1597 -1597 -1597 -1597 -1597 -1597 -1597 -1597 -1597 -1597 -1597 -1597 -1597
-1597 -1597 -1597 -1597 -1597 -1597 -1597 -1597 -1597 -1597 -1597 -1597 -1597 -1597 -1597 -1597 -1597 -1597
-1597 -1597 -1597 -1597 -1597 -1597 -1597 -1597 -1597 -1597 -1597 -1597 -1597 -1597 -1597 -1597 -1597 -1597
-1597 -1597 -1597 -1597 -1597 -1597 -1597 -1597 -1597 -1597 -1597 -1597 -1597 -1597 -1597 -1597 -1597 -1597
-1597 -1597 -1597 -1597 -1597 -1597 -1597 -1597 -1597 -1597 -1597 -1597 -1597 -1597 -1597 -1597 -1597 -1597
-1597 -1597 -1597 -1597 -1597 -1597 -1597 -1597 -1597 -1597 -1597 -1597 -1597 -1597 -1597 -1597 -1597 -1597
-1597 -1597 -1597 -1597 -1597 -1597 -1597 -1597 -1597 -1597 -1597 -1597 -1597 -1597 -1597 -1597 -1597 -1597
-1597 -1597 -1597 -1597 -1597 -1597 -1597 -1597 -1597 -1597 -1597 -1597 -1597 -1597 -1597 -1597 -1597 -1597
-1597 -1597 -1597 -1597 -1597 -1597 -1597 -1597 -1597 -1597 -1597 -1597 -1597 -1597 -1597 -1597 -1597 -1597
-1597 -1597 -1597 -1597 -1597 -1597 -1597 -1597 -1597 -1597 -1597 -1597 -1597 -1597 -1597 -1597 -1597 -1597
-1597 -1597 -1597 -1597 -1597 -1597 -1597 -1597 -1597 -1597 -1597 -1597 -1597 -1597 -1597 -1597 -1597 -1597
-1597 -1597 -1597 -1597 -1597 -1597 -1597 -1597 -1597 -1597 -1597 -1597 -1597 -1597 -1597 -1597 -1597 -1597
-1597 -1597 -1597 -1597 -1597 -1597 -1597 -1597 -1597 -1597 -1597 -1597 -1597 -1597 -1597 -1597 -1597 -1597
-1597 -1597 -1597 -1597 -1597 -1597 -1597 -1597 -1597 -1597 -1597 -1597 -1597 -1597 -1597 -1597 -1597 -1597
-1597 -1597 -1597 -1597 -1597 -1597 -1597 -1597 -1597 -1597 -1597 -1597 -1597 -1597 -1597 -1597 -1597 -1597
-1597 -1597 -1597 -1597 -1597 -1597 -1597 -1597 -1597 -1597 -1597 -1597 -1597 -1597 -1597 -1597 -1597 -1597
-1597 -1597 -1597 -1597 -1597 -1597 -1597 -1597 -1597 -1597 -1597 -1597 -1597 -1597 -1597 -1597 -1597 -1597
-1597 -1597 -1597 -1597 -1597 -1597 -1597 -1597 -1597 -1597 -1597 -1597 -1597 -1597 -1597 -1597 -1597 -1597
-1597 -1597 -1597 -1597 1505 1505 1505 1505 1505 1505 1505 1505 1505 1505 1505 1505 1505 1505
1505 1505 1505 1505 1505 1505 1505 1505 1505 1505 1505 1505 1505 1505 1505 1505 1505 1505
1505 1505 1505 1505 1505 1505 1505 1505 1505 1505 1505 1505 1505 1505 1505 1505 1505 1505
1505 1505 1505 1505 1505 1505 1505 1505 1505 1505 1505 1505 1505 1505 1505 1505 1505 1505
1505 1505 1505 1505 1505 1505 1505 1505 1505 1505 1505 1505 1505 1505 1505 1505 1505 1505
1505 1505 1505 1505 1505 1505 1505 1505 1505 1505 1505 1505 1505 1505 1505 1505 1505 1505
1505 1505 1505 1505 1505 1505 1505 1505 1505 1505 1505 1505 1505 1505 1505 1505 1505 1505
1505 1505 1505 1505 1505 1505 1505 1505 1505 1505 1505 1505 1505 1505 1505 1505 1505 1505
1505 1505 1505 1505 1505 1505 1505 1505 1505 1505 1505 1505 1505 1505 1505 1505 1505 1505
1505 1505 1505 1505 1505 1505 1505 1505 1505 1505 1505 1505 1505 1505 1505 1505 1505 1505
1505 1505 1505 1505 1505 1505 1505 1505 1505 1505 1505 1505 1505 1505 1505 1505 1505 1505
1505 1505 1505 1505 1505 1505 1505 1505 1505 1505 1505 1505 1505 1505 1505 1505 1505 1505
1505 1505 1505 1505 1505 1505 1505 1505 1505 1505 1505 1505 1505 1505 1505 1505 1505 1505
1505 1505 1505 1505 1505 1505 1505 1505 1505 1505 1505 1505 1505 1505 1505 1505 1505 1505
1505 1505 1505 1505 1505 1505 1505 1505 1505 1505 1505 1505 1505 1505 1505 1505 1505 1505
1505 1505 1505 1505 1505 1505 1505 1505 1505 1505 1505 1505 1505 1505 1505 1505 1505 1505
1505 1505 1505 1505 1505 1505 1505 1505 1505 1505 1505 1505 1505 1505 1505 1505 1505 1505
1505 1505 1505 1505 1505 1505 1505 1505 1505 1505 1505 1505 1505 1505 1505 1505 1505 1505
1505 1505 1505 1505 1505 1505 1505 1505 1505 1505 1505 1505 1505 1505 1505 1505 1505 1505
1505 1505 1505 1505 1505 1505 1505 1505 1505 1505 1505 1505 1505 1505 1505 1505 1505 1505
1505 1505 1505 1505 1505 1505 1505 1505 1505 1505 1505 1505 1505 1505 1505 1505 1505 1505
1505 1505 1505 1505 1505 1505 1505 1505 1505 1505 1505 1505 1505 1505 1505 1505 1505 1505
1505 1505 1505 1505 1505 1505 1505 1505 1505 1505 1505 1505 1505 1505 1505 1505 1505 1505
1505 1505 1505 1505 1505 1505 1505 1505 1505 1505 1505 1505 1505 1505 1505 1505 1505 1505
1505 1505 1505 1505 1505 1505 1505 1505 1505 1505 1505 1505 1505 1505 1505 1505 1505 1505
1505 1505 1505 1505 1505 1505 1505 1505 1505 1505 1505 1505 1505 1505 1505 1505 1505 1505
1505 1505 1505 1505 1505 1505 1505 1505 1505 1505 1505 1505 1505 1505 1505 1505 1505 1505
1505 1505 1505 1505 1505 1505 1505 1505 1505 1505 1505 1505 1505 1505 1505 1505 1505 1505
1505 1505 1505 1505 1505 1505 1505 1505 1505 1505 1505 1505 1505 1505 1505 1505 1505 1505
1505 1505 1505 1505 1505 1505 1505 1505 1505 1505 1505 1505 1505 1505 1505 1505 1505 1505
1505 1505 1505 1505 1505 1505 1505 1505 1505 1505 1505 1505 1505 1505 1505 1505 1505 1505
1505 1505 1505 1505 1505 1505 1505 1505 1505 1505 1505 1505 1505 1505 1505 1505 1505 1505
1505 1505 1505 1505 1505 1505 1505 1505 1505 1505 1505 1505 1505 1505 1505 1505 1505 1505
1505 1505 1505 1505 1505 1505 1505 1505 1505 1505 1505 1505 1505 1505 1505 1505 1505 1505
1505 1505 1505 1505 1505 1505 1505 1505 1505 1505 1505 1505 1505 1505 1505 1505 1505 1505
1505 1505 1505 1505 1505 1505 1505 1505 1505 1505 1505 1505 1505 1505 1505 1505 1505 1505
1505 1505 1505 1505 1505 1505 1505 1505 1505 1505 1505 1505 1505 1505 1505 1505 1505 1505
1505 1505 1505 1505 1505 1505 1505 1505 1505 1505 1505 1505 1505 1505 1505 1505 1505 1505
1505 1505 1505 1505 1505 1505 1505 1505 1505 1505 1505 1505 1505 1505 1505 1505 1505 1505
1505 1505 1505 1505 1505 1505 1505 1505 1505 1505 1505 1505 1505 1505 1505 1505 1505 1505
1505 1505 1505 1505 1505 1505 1505 1505 1505 1505 1505 1505 1505 1505 1505 1505 1505 1505
1505 1505 1505 1505 1505 1505 1505 1505 1505 1505 1505 1505 1505 1505 1505 1505 1505 1505
1505 1505 1505 1505 1505 1505 1505 1505 1505 1505 1505 1505 1505 1505 1505 1505 1505 1505
1505 1505 1505 1505 1505 1505 1505 1505 1505 1505 1505 1505 1505 1505 1505 1505 1505 1505
1505 1505 1505 1505 1505 1505 1505 1505 1505 1505 1505 1505 1505 1505 1505 1505 1505 1505
1505 1505 1505 1505 1505 1505 1505 1505 1505 1505 1505 1505 1505 1505 1505 1505 1505 1505
1505 1505 1505 1505 1505 1505 1505 1505 1505 1505 1505 1505 1505 1505 1505 1505 1505 1505
1505 1505 1505 1505 1505 1505 1505 1505 1505 1505 1505 1505 1505 1505 1505 1505 1505 1505
1505 1505 1505 1505 1505 1505 1505 1505 1505 1505 1505 1505 1505 1505 1505 1505 1505 1505
1505 1505 1505 1505 1505 1505 1505 1505 1505 1505 1505 1505 1505 1505 1505 1505 1505 1505
1505 1505 1505 1505 1505 1505 1505 1505 1505 1505 1505 1505 1505 1505 1505 1505 1505 1505
1505 1505 1505 1505 1505 1505 1505 1505 1505 1505 1505 1505 1505 1505 1505 1505 1505 1505
1505 1505 1505 1505 1505 1505 1505 1505 1505 1505 1505 1505 1505 1505 1505 1505 1505 1505
1505 1505 1505 1505 1505 1505 1505 1505 1505 1505 1505 1505 1505 1505 1505 1505 1505 1505
1505 1505 1505 1505 1505 1505 1505 1505 1505 1505 1505 1505 1505 1505 1505 1505 1505 1505
1505 1505 1505 1505 1505 1505 1505 1505 1505 1505 1505 1505 1505 1505 1505 1505 1505 1505
1505 1505 1505 1505 1505 1505 1505 1505 1505 1505 1505 1505 1505 1505 1505 1505 1505 1505
1505 1505 1505 1505 1505 1505 1505 1505 1505 1505 1505 1505 1505 1505 1505 1505 1505 1517
1517 1517 1517 1517 1517 1517 1517 1517 1517 1517 1517 1517 1517 1517 1517 1517 1517 1517
1517 1517 1517 1517 1517 1517 1517 1517 1517 1517 1517 1517 1517 1517 1517 1517 1517 1517
1517 1517 1517 1517 1517 1517 1517 1517 1517 1517 1517 1517 1517 1517 1517 1517 1517 1517
1517 1517 1517 1517 1517 1517 1517 1517 1517 1517 1517 1517 1517 1517 1517 1517 1517 1517
1517 1517 1517 1517 1517 1517 1517 1517 1517 1517 1517 1517 1517 1517 1517 1517 1517 1517
1517 1517 1517 1517 1517 1517 1517 1517 1517 1517 1517 1517 1517 1517 1517 1517 1517 1517
1517 1517 1517 1517 1517 1517 1517 1517 1517 1517 1517 1517 1517 1517
