585 595 601 602 605 608 618 621 629 637 645 648 655 661 666 672 681 687
691 692 695 700 704 710 711 720 721 725 728 734 737 746 748 753 755 760
769 774 776 785 786 793 796 802 808 813 819 827 833 840 845 851 860 866
871 878 886 888 893 901 908 917 923 930 940 945 954 960 970 976 978 986
988 997 998 1007 1008 1015 1025 1026 1031 1032 1035 1039 1049 1058 1066 1074 1080 1089
1094 1095 1104 1114 1121 1131 1134 1139 1147 1155 1162 1172 1176 1178 1181 1189 1192 1196
1197 1202 1211 1218 1223 1229 1230 1235 1236 1237 1246 1247 1253 1257 1258 1259 1264 1266
1269 1274 1283 1291 1297 1304 1306 1308 1314 1319 1325 1333 1343 1349 1355 1363 1372 1374
1380 1386 1387 1394 1397 1398 1407 1412 1418 1425 1435 1436 1442 1452 1453 1457 1460 1463
1472 1475 1484 1494 1497 1498 1500 1506 1510 1519 1523 1533 1542 1551 1555 1558 1563 1567
1569 1577 1582 1591 1599 1604 1610 1614 1617 1627 1628 1634 1639 1641 1643 1653 1654 1657
1667 1671 1675 1682 1686 1694 1698 1700 1701 1705 1710 1713 1721 1724 1726 1735 1744 1745
1754 1762 1765 1773 1775 1781 1789 1799 1800 1804 1808 1813 1814 1815 1816 1821 1825 1833
1840 1846 1854 1862 1866 1872 1877 1878 1887 1888 1891 1898 1900 1902 1905 1914 1916 1921
1928 1936 1943 1951 1961 1971 1978 1980 1985 1988 1989 1991 1999 2005 2014 2024 2030 2031
2040 2046 2051 2055 2062 2072 2075 2079 2086 2088 2094 2103 2108 2115 2123 2129 2137 2146
2153 2156 2164 2166 2169 2179 2180 2189 2197 2198 2201 2210 2218 2219 2229 2233 2241 2251
2257 2260 2262 2269 2277 2282 2288 2293 2298 2300 2302 2305 2314 2315 2321 2323 2324 2327
2334 2336 2345 2353 2359 2364 2374 2375 2378 2385 2395 2398 2402 2408 2411 2413 2423 2428
2431 2434 2438 2444 2451 2454 2457 2464 2473 2479 2488 2493 2502 2512 2514 2516 2518 2527
2531 2532 2536 2545 2549 2557 2561 2571 2574 2584 2588 2589 2596 2601 2602 2610 2613 2614
2619 2629 2632 2637 2642 2644 2647 2650 2651 2654 2658 2660 2663 2673 2677 2684 2692 2696
2701 2703 2705 2713 2721 2723 2730 2740 2743 2747 2754 2764 2771 2778 2786 2796 2799 2806
2812 2821 2823 2825 2832 2833 2842 2847 2853 2854 2856 2866 2869 2871 2875 2880 2885 2889
2892 2896 2898 2901 2911 2918 2924 2929 2933 2938 2943 2950 2955 2964 2969 2975 2985 2988
2992 2996 3006 3015 3017 3020 3030 3039 3048 3056 3061 3065 3073 3083 3093 3095 3103 3106
3113 3120 3126 3134 3144 3151 3154 3164 3172 3177 3185 3186 3189 3191 3197 3204 3211 3214
3218 3220 3228 3229 3237 3239 3248 3253 3260 3265 3275 3284 3289 3297 3304 3306 3307 3314
3318 3328 3338 3345 3346 3347 3350 3355 3359 3365 3367 3369 3370 3376 3378 3385 3392 3395
3402 3410 3420 3421 3424 3427 3434 3437 3446 3449 3457 3458 3465 3466 3470 3472 3476 3486
3489 3499 3500 3505 3507 3513 3518 3526 3532 3537 3546 3554 3560 3567 3570 3572 3574 3581
3589 3593 3597 3598 3599 3600 3608 3612 3618 3619 3629 3632 3642 3652 3658 3663 3672 3673
3674 3677 3686 3687 3691 3696 3699 3705 3712 3722 3729 3734 3742 3744 3745 3753 3760 3766
3772 3774 3778 3786 3788 3793 3802 3804 3811 3814 3820 3827 3830 3833 3842 3846 3849 3850
3854 3857 3866 3871 3873 3883 3892 3899 3908 3917 3922 3931 3937 3943 3951 3959 3961 3968
3975 3978 3988 3990 4000 4010 4019 4029 4031 4036 4038 4045 4053 4061 4063 4067 4075 4085
4087 4093 4102 4105 4108 4117 4123 4130 4140 4147 4157 4166 4168 4170 4177 4183 4186 4187
4188 4189 4193 4202 4211 4220 4227 4232 4238 4242 4251 4261 4267 4270 4271 4275 4282 4292
4302 4303 4308 4318 4327 4336 4339 4348 4349 4351 4361 4362 4372 4377 4387 4394 4402 4409
4419 4425 4427 4436 4440 4443 4444 4446 4454 4459 4468 4475 4476 4480 4489 4492 4494 4499
4502 4508 4517 4526 4533 4538 4545 4553 4559 4564 4571 4573 4579 4588 4591 4599 4602 4612
4621 4622 4632 4637 4639 4643 4652 4656 4665 4666 4668 4672 4676 4684 4687 4688 4689 4697
4707 4709 4712 4718 4725 4730 4736 4740 4744 4750 4759 4765 4772 4775 4782 4789 4798 4806
4813 4814 4821 4822 4829 4834 4841 4849 4853 4861 4869 4879 4885 4893 4902 4905 4912 4919
4920 4922 4925 4926 4931 4941 4944 4954 4961 4968 4977 4982 4984 4994 5004 5010 5013 5020
5025 5027 5035 5038 5048 5058 5059 5067 5069 5073 5075 5076 5081 5084 5094 5101 5109 5118
5125 5135 5145 5150 5157 5166 5170 5179 5186 5196 5199 5206 5208 5216 5225 5226 5234 5238
5245 5249 5251 5252 5259 5261 5271 5279 5281 5289 5290 5299 5302 5309 5315 5321 5324 5325
5334 5340 5350 5359 5364 5371 5378 5384 5394 5395 5396 5397 5405 5407 5413 5419 5420 5427
5437 5439 5442 5449 5451 5461 5464 5469 5479 5480 5485 5490 5500 5507 5508 5517 5520 5529
5533 5540 5543 5544 5550 5560 5561 5565 5569 5574 5579 5580 5584 5585 5591 5601 5602 5603
5610 5615 5617 5627 5629 5630 5636 5645 5652 5657 5659 5667 5675 5676 5684 5689 5696 5706
5716 5722 5725 5726 5736 5745 5750 5758 5767 5771 5775 5779 5782 5791 5794 5795 5799 5802
5808 5812 5815 5822 5829 5835 5838 5848 5852 5859 5861 5869 5875 5878 5882 5886 5894 5902
5908 5917 5918 5921 5922 5928 5936 5946 5949 5959 5966 5971 5980 5984 5991 5999 6001 6003
6008 6010 6015 6025 6027 6036 6041 6050 6051 6054 6059 6064 6069 6070 6075 6078 6087 6090
6092 6097 6099 6106 6108 6112 6117 6118 6128 6130 6137 6143 6147 6150 6156 6158
