-1366 -1357 -1354 -1353 -1351 -1345 -1344 -1343 -1342 -1341 -1337 -1333 -1325 -1322 -1321 -1320 -1315 -1309
-1305 -1299 -1294 -1284 -1275 -1272 -1268 -1263 -1253 -1247 -1243 -1242 -1236 -1234 -1230 -1223 -1215 -1214
-1206 -1200 -1196 -1188 -1186 -1176 -1168 -1164 -1163 -1153 -1145 -1144 -1140 -1135 -1130 -1122 -1112 -1103
-1095 -1094 -1088 -1081 -1080 -1074 -1064 -1061 -1060 -1058 -1051 -1041 -1039 -1031 -1023 -1013 -1010 -1007
-1006 -1000 -996 -987 -979 -969 -961 -959 -949 -941 -939 -937 -935 -931 -921 -917 -913 -909
-902 -894 -889 -880 -876 -867 -859 -850 -842 -836 -828 -824 -822 -820 -814 -810 -807 -798
-794 -789 -784 -782 -778 -776 -771 -763 -756 -746 -737 -731 -729 -725 -715 -713 -712 -704
-698 -689 -684 -681 -672 -663 -658 -653 -644 -638 -630 -621 -618 -616 -613 -606 -602 -601
-598 -592 -585 -581 -573 -569 -561 -557 -554 -546 -536 -532 -523 -520 -513 -511 -506 -504
-500 -499 -492 -486 -484 -475 -471 -464 -461 -453 -452 -442 -438 -429 -423 -418 -411 -408
-407 -404 -394 -385 -379 -376 -372 -362 -359 -355 -345 -339 -331 -328 -319 -316 -314 -306
-305 -297 -288 -279 -274 -267 -265 -261 -260 -254 -248 -246 -243 -235 -225 -218 -209 -200
-198 -188 -187 -180 -175 -173 -165 -156 -146 -145 -143 -134 -128 -126 -120 -114 -109 -102
-98 -90 -88 -82 -80 -79 -77 -71 -68 -63 -61 -60 -56 -50 -44 -42 -38 -35
-29 -25 -18 -10 -6 -3 3 11 19 20 29 36 44 51 56 65 69 77
85 91 93 94 96 105 114 123 133 137 140 150 151 153 154 159 164 165
171 173 181 184 191 199 201 206 214 220 222 232 241 250 253 260 264 266
271 281 283 292 297 304 308 313 318 320 324 332 341 349 357 362 364 368
377 384 393 398 401 408 414 419 426 435 438 442 446 456 463 467 470 478
480 490 498 505 515 516 525 528 530 531 536 537 538 541 547 550 556 565
574 579 583 585 587 592 599 606 609 619 628 633 637 644 650 654 662 663
667 674 681 690 691 693 697 703 705 713 718 719 728 738 740 741 745 746
749 754 764 768 776 777 782 787 791 801 804 811 815 823 830 836 844 850
859 868 878 885 890 897 907 913 917 921 927 936 945 949 953 958 961 966
971 977 978 987 996 998 1003 1011 1019 1022 1026 1034 1038 1039 1047 1051 1058 1063
1064 1067 1070 1078 1082 1086 1093 1100 1102 1110 1117 1123 1128 1136 1138 1140 1146 1147
1157 1158 1163 1166 1169 1170 1177 1179 1180 1182 1186 1195 1200 1201 1207 1211 1214 1215
1219 1221 1223 1225 1226 1231 1234 1240 1244 1247 1250 1252 1253 1263 1272 1280 1282 1286
1291 1298 1304 1314 1324 1326 1334 1337 1343 1345 1346 1352 1356 1361 1367 1377 1383 1387
1392 1397 1407 1415 1423 1430 1433 1440 1442 1445 1455 1462 1471 1478 1488 1494 1500 1501
1505 1507 1508 1512 1514 1517 1518 1527 1529 1539 1542 1548 1550 1558 1567 1573 1578 1580
1590 1600 1602 1603 1607 1609 1615 1624 1627 1635 1642 1652 1658 1666 1671 1681 1682 1689
1692 1697 1703 1706 1710 1713 1723 1724 1728 1735 1740 1750 1760 1761 1770 1771 1777 1778
1788 1789 1794 1801 1807 1817 1825 1833 1839 1846 1855 1859 1860 1867 1870 1879 1886 1892
1896 1902 1907 1910 1916 1918 1923 1926 1935 1939 1946 1951 1955 1957 1967 1975 1978 1986
1992 2001 2005 2009 2016 2022 2026 2029 2033 2040 2046 2056 2065 2071 2073 2077 2086 2087
2096 2098 2108 2115 2120 2130 2139 2142 2151 2160 2163 2166 2169 2174 2178 2186 2189 2198
2208 2214 2223 2224 2226 2232 2234 2238 2246 2249 2250 2254 2262 2270 2280 2289 2292 2294
2302 2312 2314 2316 2323 2324 2330 2333 2336 2340 2341 2343 2352 2361 2370 2372 2378 2383
2389 2391 2398 2400 2404 2409 2411 2418 2425 2435 2441 2451 2453 2459 2465 2474 2478 2488
2498 2505 2514 2515 2518 2528 2531 2534 2539 2543 2548 2554 2563 2571 2580 2588 2591 2596
2599 2607 2610 2614 2623 2628 2635 2636 2642 2648 2658 2662 2663 2669 2679 2689 2696 2699
2703 2706 2709 2712 2719 2729 2737 2740 2741 2748 2753 2756 2760 2766 2772 2777 2787 2789
2799 2804 2813 2815 2821 2827 2836 2839 2847 2855 2858 2866 2875 2883 2888 2895 2901 2905
2906 2910 2913 2918 2919 2928 2937 2940 2945 2955 2960 2966 2968 2976 2979 2989 2991 2997
2998 3007 3017 3024 3029 3030 3031 3033 3034 3042 3044 3049 3059 3069 3079 3089 3094 3098
3099 3100 3109 3110 3111 3121 3127 3136 3145 3147 3148 3152 3160 3170 3175 3183 3190 3200
3208 3213 3219 3228 3237 3246 3255 3257 3259 3269 3274 3276 3282 3284 3291 3301 3305 3310
3316 3317 3319 3323 3330 3335 3343 3344 3349 3354 3358 3368 3374 3382 3389 3398 3400 3408
3416 3423 3429 3431 3432 3442 3451 3457 3462 3469 3475 3476 3485 3488 3494 3497 3499 3500
3508 3511 3516 3524 3531 3539 3546 3550 3557 3567 3574 3580 3585 3587 3594 3602 3609 3612
3621 3630 3639 3642 3652 3657 3661 3667 3675 3680 3684 3693 3703 3712 3721 3731 3741 3750
3752 3757 3760 3766 3768 3777 3781 3785 3788 3798 3803 3806 3815 3823 3825 3834 3836 3839
3849 3854 3861 3869 3879 3881 3891 3896 3898 3903 3909 3918 3920 3930 3940 3942 3943 3952
3956 3959 3968 3974 3981 3986 3990 3992 3995 4002 4011 4012 4019 4027 4029 4034 4039 4041
4046 4052 4060 4067 4072 4077 4078 4079 4083 4088 4094 4102 4107 4115 4122 4124 4133 4143
4151 4154 4160 4168 4171 4178 4181 4184 4185 4195 4200 4206 4213 4218 4220 4222 4226 4232
4236 4244 4254 4262 4272 4282 4289 4292 4298 4299 4302 4305 4312 4313 4323 4326 4333 4339
4340 4346 4349 4356 4365 4367 4376 4381 4390 4400 4404 4412 4417 4420 4422 4424 4425 4433
4442 4451 4453 4455 4462 4467 4473 4479 4480 4481 4482 4491 4492 4500 4502 4506 4516 4526
4529 4535 4543 4545 4552 4554 4558 4559 4565 4566 4570 4579 4588 4592 4593 4601 4602 4606
4610 4614 4621 4625 4634 4641 4647 4655 4657 4661 4669 4673 4675 4679 4688 4697 4699 4706
4709 4715 4725 4734 4743 4746 4756 4757 4758 4766 4775 4777 4787 4793 4796 4804 4810 4812
4817 4827 4834 4842 4850 4860 4865 4866 4867 4873 4882 4887 4894 4898 4899 4903 4907 4909
4919 4922 4930 4936 4938 4939 4949 4950 4960 4963 4964 4966 4967 4976 4985 4988 4996 5004
5005 5015 5019 5020 5022 5023 5031 5040 5041 5048 5052 5059 5066 5073 5080 5082 5085 5089
5093 5100 5105 5107 5115 5116 5121 5129 5132 5134 5135 5136 5146 5151 5154 5157 5161 5167
5173 5174 5184 5190 5194 5197 5206 5209 5217 5218 5223 5232 5238 5248 5255 5261 5271 5275
5284 5285 5293 5296 5305 5315 5316 5320 5329 5338 5339 5341 5351 5360 5369 5378 5379 5386
5394 5400 5405 5408 5412 5416 5423 5429 5437 5443 5447 5453 5460 5463 5470 5475 5479 5486
5489 5497 5498 5505 5510 5511 5515 5520 5524 5534 5544 5550 5551 5558 5567 5576 5586 5595
5602 5603 5613 5618 5625 5632 5633 5636 5644 5653 5655 5662 5663 5664 5667 5671 5680 5683
5690 5691 5696 5701 5703 5713 5723 5730 5734 5739 5749 5759 5761 5764 5768 5772 5775 5780
5781 5783 5793 5803 5810 5814 5816 5822 5825 5830 5840 5849 5859 5861 5866 5876 5884 5894
5898 5906 5907 5908 5917 5921 5931 5935 5943 5948 5958 5967 5974 5977 5987 5996 5998 6006
6010 6020 6029 6034 6040 6041 6049 6058 6067 6076 6082 6088 6090 6092 6094 6097 6101 6105
6112 6122 6125 6134 6143 6145 6150 6160 6161 6162 6170 6178 6183 6190 6196 6202 6203 6210
6212 6215 6222 6230 6237 6245 6249 6253 6258 6259 6267 6269 6277 6280 6289 6291 6299 6307
6311 6317 6320 6329 6335 6336 6341 6343 6345 6353 6357 6359 6365 6370 6377 6386 6395 6398
6402 6409 6416 6417 6418 6419 6421 6425 6428 6434 6439 6448 6450 6451 6452 6461 6462 6464
6465 6467 6474 6478 6483 6490 6499 6507 6513 6518 6521 6527 6530 6533 6539 6542 6548 6554
6562 6565 6571 6581 6588 6597 6598 6604 6607 6608 6610 6611 6617 6620 6628 6636 6642 6650
6654 6660 6661 6665 6670 6671 6677 6680 6686 6696 6706 6712 6715 6723 6728 6733 6739 6749
6758 6766 6774 6784 6788 6790 6795 6800 6801 6805 6812 6818 6820 6821 6829 6836 6841 6843
6847 6857 6858 6868 6878 6884 6891 6898 6905 6912 6922 6926 6927 6930 6938 6941 6947 6951
6954 6959 6963 6965 6971 6973 6974 6977 6985 6988 6997 7005 7006 7016 7022 7028 7037 7047
7054 7064 7073 7081 7083 7093 7102 7111 7117 7123 7132 7136 7137 7140 7143 7147 7152 7155
7160 7169 7179 7185 7194 7196 7205 7209 7210 7218 7220 7230 7233 7240 7241 7251 7256 7260
7270 7279 7282 7292 7298 7306 7314 7319 7325 7326 7333 7343 7347 7350 7354 7358 7366 7370
7376 7384 7389 7398 7405 7411 7421 7430 7439 7446 7451 7460 7470 7473 7483 7493 7500 7501
7504 7506 7512 7520 7523 7528 7531 7535 7543 7549 7554 7562 7568 7577 7582 7589 7591 7596
7604 7608 7610 7618 7623 7627 7629 7635 7645 7654 7662 7670 7677 7679 7688 7693 7697 7704
7709 7710 7712 7721 7731 7735 7739 7748 7756 7766 7774 7775 7785 7791 7793 7794 7803 7805
7807 7817 7819 7829 7833 7835 7841 7845 7853 7854 7857 7867 7875 7880 7890 7896 7899 7907
7911 7921 7924 7927 7933 7938 7944 7950 7953 7954 7963 7970 7980 7981 7986 7992 7995 8005
8012 8016 8024 8028 8037 8042 8050 8053 8058 8062 8070 8080 8086 8093 8095 8097 8105 8106
8109 8118 8122 8132 8135 8138 8148 8149 8155 8165 8168 8176 8179 8184 8193 8199 8202 8210
8220 8222 8231 8232 8237 8245 8253 8263 8271 8278 8281 8290 8297 8305 8309 8313 8323 8327
8329 8336 8346 8356 8361 8368 8378 8383 8390 8398 8401 8403 8405 8414 8419 8428 8437 8447
8452 8457 8459 8462 8470 8474 8479 8481 8486 8490 8491 8492 8495 8501 8502 8508 8515 8521
8528 8530 8532 8540 8541 8550 8556 8563 8564 8568 8573 8583 8592 8601 8611 8612 8620 8629
8631 8639 8647 8655 8658 8662 8672 8679 8689 8698 8705 8707 8709 8718 8722 8728 8735 8740
8741 8750 8754 8763 8767 8774 8779 8787 8797 8803 8811 8821 8830 8839 8845 8846 8853 8855
8865 8875 8882 8888 8892 8900 8902 8909 8915 8919 8929 8939 8946 8950 8954 8959 8960 8967
8971 8972 8974 8981 8982 8992 8994 9004 9006 9013 9022 9031 9037 9040 9046 9050 9051 9060
9063 9068 9078 9080 9085 9086 9095 9096 9106 9111 9113 9119 9129 9136 9145 9155 9164 9167
9174 9176 9182 9188 9194 9204 9210 9216 9225 9227 9230 9240 9244 9252 9255 9257 9264 9271
9272 9273 9282 9288 9292 9300 9308 9315 9325 9330 9333 9335 9337 9342 9350 9354 9363 9371
9374 9382 9392 9402 9411 9418 9428 9438 9446 9452 9459 9461 9465 9474 9475 9483 9489 9496
9505 9508 9514 9519 9525 9527 9536 9537 9544 9545 9553 9556 9566 9574 9579 9583 9592 9599
9601 9608 9612 9614 9624 9625 9627 9636 9644 9651 9655 9660 9670 9674 9677 9687 9691 9696
9703 9707 9716 9720 9723 9733 9738 9741 9746 9756 9762 9767 9772 9780 9783 9788 9792 9797
9801 9807 9816 9818 9825 9831 9834 9844 9848 9854 9863 9865 9866 9868 9871 9875 9878 9879
9880 9888 9896 9897 9904 9908 9912 9919 9921 9926 9936 9940 9949 9958 9967 9969 9979 9986
9987 9990 9993 10002 10011 10016 10018 10023 10026 10033 10037 10039 10041 10050 10059 10067 10074 10081
10090 10100 10106 10107 10112 10113 10118 10121 10124 10125 10126 10128 10130 10137 10139 10145 10147 10157
10159 10165 10174 10183 10192 10198 10199 10208 10217 10221 10229 10231 10237 10241 10246 10256 10260 10269
10273 10274 10281 10290 10296 10304 10312 10321 10322 10330 10339 10341 10349 10353 10356 10364 10374 10378
10387 10393 10402 10405 10412 10417 10422 10426 10434 10437 10447 10457 10461 10469 10478 10487 10497 10500
10503 10513 10518 10528 10532 10540 10546 10547 10555 10560 10570 10576 10577 10579 10580 10590 10594 10602
10610 10613 10619 10623 10631 10634 10635 10640 10644 10648 10656 10661 10662 10665 10672 10681 10691 10701
10711 10718 10721 10731 10736 10738 10746 10755 10762 10769 10775 10778 10783 10793 10797 10800 10804 10814
10824 10827 10835 10844 10849 10859 10867 10875 10885 10887 10895 10900 10904 10907 10916 10922 10925 10928
10931 10939 10941 10948 10957 10962 10972 10982 10987 10996 11005 11013 11023 11032 11042 11045 11051 11054
11061 11062 11071 11078 11079 11087 11093 11095 11098 11104 11114 11119 11128 11137 11144 11145 11146 11153
11159 11160 11167 11171 11179 11187 11192 11193 11197 11204 11205 11213 11218 11224 11232 11234 11239 11247
11250 11255 11261 11270 11275 11283 11288 11289 11292 11299 11309 11316 11317 11326 11328 11331 11337 11339
11342 11344 11351 11354 11357 11362 11365 11374 11376 11386 11392 11394 11396 11398 11404 11410 11416 11424
11433 11437 11440 11450 11457 11464 11466 11474 11478 11484 11493 11495 11501 11511 11521 11524 11533 11537
11544 11547 11553 11556 11566 11575 11582 11584 11591 11598 11602 11608 11610 11613 11620 11629 11638 11645
11652 11658 11666 11670 11674 11682 11687 11688 11690 11695 11699 11703 11710 11713 11718 11726 11734 11736
11745 11753 11763 11768 11773 11780 11788 11789 11799 11806 11813 11819 11824 11826 11831 11839 11846 11847
11854 11860 11862 11870 11879 11885 11895 11900 11903 11909 11919 11929 11935 11941 11945 11955 11957 11966
11973 11977 11983 11992 11995 12003 12011 12017 12023 12028 12031 12041 12042 12049 12058 12065 12071 12072
12076 12086 12092 12096 12100 12105 12113 12122 12129 12138 12145 12152 12162 12163 12168 12172 12182 12185
12187 12194 12196 12201 12210 12219 12220 12228 12231 12240 12246 12247 12256 12263 12271 12277 12284 12289
12292 12295 12303 12313 12320 12321 12326 12332 12334 12336 12341 12344 12349 12356 12359 12368 12375 12377
12379 12384 12391 12396 12404 12407 12411 12414 12415 12424 12434 12441 12447 12455 12465 12472 12478 12481
12485 12490 12493 12502 12512 12517 12519 12523 12530 12536 12541 12551 12557 12562 12572 12581 12582 12584
12594 12601 12606 12615 12619 12620 12627 12637 12638 12642 12649 12650 12655 12662 12666 12673 12682 12688
12697 12704 12705 12714 12723 12733 12742 12751 12761 12767 12773 12783 12788 12790 12793 12798 12808 12814
12823 12825 12834 12842 12852 12853 12855 12862 12864 12874 12882 12892 12894 12901 12902 12903 12905 12912
12919 12920 12921 12923 12932 12934 12942 12946 12954 12958 12960 12967 12977 12985 12988 12992 13002 13008
13011 13013 13023 13033 13039 13048 13050 13058 13067 13069 13075 13079 13085 13090 13097 13106 13114 13122
13127 13137 13147 13156 13165 13169 13175 13184 13186 13192 13193 13194 13196 13200 13209 13213 13214 13216
13225 13229 13233 13236 13240 13241 13250 13256 13262 13265 13271 13273 13279 13288 13292 13300 13301 13302
13306 13309 13313 13316 13324 13327 13336 13343 13345 13350 13360 13363 13372 13374 13379 13388 13393 13397
13398 13408 13414 13422 13432 13435 13437 13446 13450 13459 13461 13469 13471 13479 13480 13483 13484 13486
13488 13490 13491 13493 13503 13509 13513 13516 13519 13520 13528 13536 13538 13540 13548 13552 13558 13562
13571 13578 13584 13591 13592 13598 13603 13608 13618 13624 13627 13628 13629 13637 13644 13646 13652 13654
13658 13660 13661 13667 13677 13683 13693 13696 13701 13710 13712 13713 13722 13725 13729 13738 13740 13743
13744 13748 13755 13762 13772 13775 13777 13782 13788 13794 13802 13805 13806 13815 13819 13823 13829 13839
13841 13849 13850 13855 13859 13866 13875 13881 13884 13887 13890 13894 13904 13907 13910 13915 13925 13934
13936 13939 13949 13953 13956 13961 13971 13975 13982 13985 13987 13995 13996 14006 14007 14009 14013 14021
14029 14030 14033 14037 14046 14047 14048 14049 14054 14064 14066 14073 14081 14091 14097 14106 14114 14123
14128 14137 14144 14153 14155 14162 14169 14171 14173 14180 14183 14188 14190 14193 14194 14195 14202 14205
14212 14218 14219 14229 14238 14239 14249 14254 14257 14262 14267 14276 14280 14290 14300 14306 14309 14318
14328 14335 14343 14350 14355 14356 14366 14367 14377 14381 14382 14386 14392 14399 14406 14412 14419 14427
14433 14434 14437 14446 14450 14459 14469 14475 14483 14493 14500 14508 14516 14526 14531 14532 14542 14549
14558 14561 14567 14572 14574 14576 14586 14591 14599 14602 14604 14606 14611 14612 14622 14623 14633 14640
14650 14655 14662 14665 14668 14677 14687 14690 14692 14695 14701 14704 14713 14718 14721 14728 14737 14739
14747 14750 14757 14766 14773 14775 14782 14792 14798 14799 14801 14806 14814 14817 14826 14830 14837 14844
14849 14859 14863 14869 14878 14883 14887 14892 14895 14897 14901 14908 14909 14910 14913 14914 14921 14926
14936 14944 14947 14950 14951 14953 14962 14968 14972 14981 14988 14989 14990 14993 14998 15001 15003 15006
15013 15019 15021 15028 15035 15038 15044 15053 15063 15068 15074 15079 15087 15093 15094 15100 15110 15117
15122 15125 15128 15130 15131 15140 15147 15153 15154 15155 15158 15161 15171 15179 15187 15188 15195 15198
15207 15214 15217 15222 15230 15233 15243 15246 15252 15257 15259 15269 15279 15286 15295 15297 15301 15311
15320 15323 15330 15340 15350 15360 15369 15370 15375 15382 15392 15400 15409 15415 15422 15427 15429 15439
15445 15453 15461 15469 15472 15482 15489 15499 15500 15510 15511 15517 15526 15534 15540 15545 15548 15557
15560 15561 15563 15565 15571 15575 15583 15593 15594 15596 15602 15607 15613 15621 15626 15633 15637 15645
15655 15663 15664 15666 15673 15675 15678 15679 15681 15684 15685 15691 15700 15705 15711 15721 15727 15728
15738 15743 15752 15757 15763 15770 15778 15784 15788 15798 15803 15809 15819 15823 15833 15835 15838 15848
15855 15856 15862 15870 15873 15883 15892 15898 15902 15903 15908 15916 15921 15928 15937 15939 15941 15943
15946 15948 15958 15960 15964 15967 15969 15973 15980 15984 15986 15987 15992 15994 15995 16001 16008 16017
16020 16021 16031 16032 16037 16045 16052 16055 16063 16072 16075 16078 16085 16091 16093 16101 16103 16109
16115 16124 16127 16132 16134 16136 16137 16145 16146 16155 16160 16165 16173 16179 16181 16191 16198 16199
16209 16217 16222 16227 16237 16240 16247 16251 16253 16257 16265 16269 16277 16283 16287 16297 16301 16306
16307 16317 16325 16331 16332 16341 16342 16345 16349 16351 16353 16363 16370 16376 16379 16385 16389 16397
16405 16415 16419 16423 16427 16430 16435 16438 16443 16444 16448 16458 16467 16474 16481 16485 16491 16499
16501 16504 16510 16513 16517 16525 16533 16536 16542 16550 16558 16562 16570 16579 16589 16592 16600 16601
16605 16612 16617 16622 16629 16631 16633 16638 16645 16649 16659 16660 16668 16676 16684 16690 16700 16702
16708 16714 16721 16731 16738 16739 16745 16755 16765 16773 16783 16792 16796 16806 16809 16818 16826 16828
16834 16839 16842 16844 16850 16860 16861 16868 16877 16884 16889 16893 16896 16897 16901 16906 16915 16921
16922 16924 16927 16934 16937 16945 16947 16948 16951 16955 16964 16965 16966 16971 16972 16979 16983 16991
16997 17001 17006 17011 17018 17025 17027 17030 17033 17036 17043 17046 17056 17060 17070 17076 17079 17083
17084 17090 17098 17100 17109 17114 17116 17120 17128 17130 17138 17148 17154 17163 17167 17173 17179 17184
17190 17199 17209 17218 17222 17231 17241 17245 17251 17252 17261 17264 17272 17276 17277 17283 17292 17297
17302 17305 17311 17313 17322 17328 17337 17342 17343 17353 17355 17362 17363 17365 17368 17371 17372 17376
17381 17391 17399 17403 17406 17408 17410 17412 17418 17420 17429 17430 17435 17439 17441 17444 17451 17453
17456 17466 17469 17479 17489 17498 17503 17508 17511 17517 17521 17527 17534 17535 17542 17546 17550 17551
17561 17565 17569 17576 17582 17592 17596 17598 17600 17604 17610 17617 17626 17629 17630 17634 17639 17641
17646 17654 17655 17660 17667 17674 17679 17686 17691 17698 17699 17709 17715 17724 17728 17730 17734 17740
17741 17749 17756 17762 17764 17774 17780 17784 17788 17793 17796 17806 17811 17821 17826 17833 17835 17841
17844 17846 17847 17849 17858 17860 17861 17866 17870 17876 17877 17887 17889 17890 17900 17901 17905 17915
17919 17924 17929 17935 17945 17948 17949 17954 17961 17966 17975 17985 17990 17991 17998 18007 18011 18015
18024 18025 18030 18036 18037 18045 18048 18057 18062 18065 18068 18075 18076 18084 18089 18093 18098 18100
18105 18108 18116 18119 18128 18136 18137 18146 18152 18159 18169 18178 18186 18189 18192 18202 18210 18218
18220 18229 18237 18239 18242 18244 18248 18253 18262 18271 18272 18278 18284 18288 18298 18308 18314 18323
18324 18325 18329 18334 18336 18344 18347 18353 18355 18361 18365 18372 18376 18382 18388 18394 18403 18405
18406 18413 18423 18425 18427 18434 18440 18444 18449 18459 18463 18471 18480 18485 18494 18499 18507 18509
18518 18521 18531 18532 18537 18540 18548 18554 18557 18560 18567 18574 18577 18583 18591 18592 18599 18606
18612 18616 18622 18629 18638 18648 18650 18652 18655 18659 18662 18664 18668 18669 18672 18680 18690 18694
18699 18700 18704 18711 18721 18723 18728 18738 18742 18749 18759 18761 18766 18771 18778 18788 18789 18791
18800 18805 18813 18816 18819 18821 18831 18840 18845 18846 18847 18848 18858 18865 18875 18880 18881 18888
18895 18904 18906 18913 18915 18923 18927 18936 18943 18945 18955 18964 18974 18975 18982 18985 18993 18997
19005 19010 19019 19027 19034 19042 19045 19048 19054 19058 19068 19069 19079 19085 19094 19101 19103 19105
19106 19109 19112 19117 19122 19125 19131 19136 19144 19153 19154 19157 19158 19160 19168 19170 19171 19177
19180 19182 19189 19192 19193 19202 19205 19214 19219 19224 19234 19244 19247 19254 19264 19265 19274 19283
19286 19294 19301 19305 19310 19311 19320 19326 19330 19339 19348 19351 19357 19361 19363 19365 19372 19378
19384 19393 19395 19405 19414 19415 19419 19429 19437 19439 19443 19445 19452 19460 19464 19468 19473 19477
19480 19484 19488 19490 19494 19496 19505 19506 19507 19515 19523 19526 19532 19535 19538 19542 19546 19554
19561 19567 19575 19585 19591 19601 19605 19614 19622 19628 19629 19630 19634 19640 19647 19648 19658 19665
19666 19675 19678 19684 19694 19701 19705 19710 19719 19729 19732 19734 19735 19745 19750 19758 19762 19771
19779 19782 19786 19794 19796 19806 19814 19824 19832 19838 19847 19852 19857 19858 19863 19872 19881 19888
19889 19898 19903 19910 19918 19927 19931 19935 19938 19941 19942 19945 19955 19958 19968 19977 19983 19992
19996 20004 20005 20013 20018 20026 20029 20030 20037 20043 20051 20055 20062 20068 20075 20084 20093 20096
20097 20104 20113 20117 20118 20126 20128 20133 20142 20151 20156 20158 20164 20168 20171 20173 20175 20183
20192 20200 20202 20211 20214 20222 20230 20231 20241 20246 20254 20257 20267 20272 20281 20287 20294 20301
20308 20312 20321 20322 20332 20341 20344 20350 20354 20360 20367 20369 20377 20382 20390 20398 20408 20416
20421 20428 20429 20434 20441 20443 20449 20457 20464 20471 20473 20482 20488 20498 20499 20507 20517 20524
20534 20540 20550 20555 20564 20565 20575 20577 20580 20585 20593 20601 20609 20617 20624 20626 20629 20635
20645 20652 20653 20656 20659 20666 20674 20681 20682 20691 20697 20702 20706 20710 20711 20715 20723 20728
20729 20738 20747 20751 20754 20761 20762 20766 20774 20775 20780 20789 20799 20806 20816 20819 20827 20830
20835 20838 20848 20858 20864 20867 20875 20877 20883 20885 20888 20894 20902 20908 20916 20918 20921 20931
20936 20940 20943 20950 20958 20968 20974 20982 20984 20992 20993 20996 21004 21005 21010 21013 21021 21029
21033 21035 21037 21042 21047 21051 21055 21064 21070 21079 21083 21084 21085 21087 21090 21091 21099 21109
21118 21124 21133 21142 21146 21148 21150 21157 21162 21167 21175 21177 21181 21191 21193 21196 21204 21211
21212 21216 21226 21231 21241 21245 21249 21256 21265 21272 21274 21275 21280 21283 21284 21285 21286 21294
21299 21306 21308 21316 21317 21323 21328 21338 21347 21351 21360 21364 21368 21376 21384 21394 21404 21414
21419 21421 21426 21435 21438 21445 21449 21452 21455 21458 21463 21466 21472 21475 21477 21487 21488 21494
21504 21508 21512 21522 21527 21532 21539 21541 21548 21552 21557 21564 21566 21573 21575 21577 21578 21588
21593 21594 21597 21601 21602 21608 21611 21614 21622 21628 21631 21639 21649 21652 21657 21660 21662 21663
21667 21669 21671 21679 21688 21691 21700 21703 21709 21715 21724 21730 21732 21738 21743 21745 21751 21760
21767 21777 21780 21787 21797 21805 21813 21821 21823 21830 21831 21835 21836 21845 21846 21851 21853 21860
21866 21875 21882 21891 21899 21909 21914 21920 21922 21923 21926 21930 21931 21932 21941 21946 21948 21952
21961 21964 21970 21977 21982 21988 21998 22000 22006 22008 22011 22013 22020 22030 22039 22044 22049 22057
22066 22074 22079 22088 22096 22102 22103 22110 22117 22125 22129 22139 22149 22158 22167 22173 22179 22188
22194 22199 22201 22211 22215 22220 22230 22235 22236 22245 22251 22257 22258 22260 22269 22274 22275 22280
22290 22297 22304 22312 22314 22321 22330 22337 22346 22353 22354 22358 22367 22372 22380 22386 22393 22398
22403 22406 22408 22412 22413 22420 22421 22424 22425 22433 22439 22447 22453 22460 22462 22467 22476 22482
22484 22487 22496 22499 22500 22503 22513 22520 22523 22532 22537 22539 22542 22543 22546 22552 22554 22556
22560 22570 22571 22579 22586 22587 22597 22601 22607 22616 22621 22626 22634 22641 22651 22654 22664 22667
22676 22686 22688 22689 22697 22701 22707 22717 22720 22724 22727 22734 22740 22749 22754 22755 22763 22773
22782 22792 22795 22803 22805 22813 22815 22825 22826 22836 22840 22842 22850 22851 22859 22868 22878 22888
22894 22902 22911 22913 22919 22928 22932 22936 22944 22950 22958 22960 22961 22971 22978 22982 22988 22995
22996 23006 23007 23016 23021 23026 23028 23031 23040 23041 23043 23049 23054 23062 23069 23073 23082 23085
23091 23093 23098 23099 23101 23108 23117 23127 23131 23138 23145 23150 23160 23165 23168 23171 23173 23182
23190 23194 23199 23208 23209 23216 23219 23225 23228 23236 23241 23248 23251 23255 23256 23260 23263 23267
23272 23274 23275 23283 23290 23296 23305 23309 23313 23318 23321 23330 23338 23342 23346 23355 23360 23362
23368 23375 23382 23385 23388 23394 23402 23411 23418 23422 23428 23434 23438 23439 23447 23455 23460 23466
23471 23475 23485 23486 23488 23496 23505 23513 23522 23527 23537 23545 23553 23556 23558 23559 23564 23565
23573 23575 23583 23588 23592 23600 23603 23612 23620 23626 23629 23639 23647 23648 23654 23664 23665 23669
23675 23684 23692 23697 23702 23710 23715 23718 23719 23721 23730 23735 23743 23746 23748 23749 23758 23767
23777 23785 23787 23791 23797 23800 23810 23820 23829 23838 23843 23849 23852 23858 23865 23870 23873 23877
23883 23886 23896 23903 23912 23921 23926 23932 23938 23940 23941 23949 23953 23963 23973 23976 23984 23985
23992 23993 23994 24000 24010 24015 24019 24024 24028 24034 24043 24052 24057 24059 24068 24073 24080 24084
24090 24099 24106 24108 24117 24121 24125 24129 24131 24141 24146 24151 24154 24159 24165 24167 24174 24181
24184 24193 24200 24202 24212 24215 24217 24221 24225 24231 24240 24249 24256 24263 24267 24272 24280 24281
24290 24295 24303 24305 24315 24317 24324 24332 24334 24340 24345 24348 24356 24363 24364 24374 24381 24389
24397 24405 24410 24415 24419 24427 24433 24441 24446 24447 24454 24461 24470 24477 24482 24492 24496 24504
24514 24523 24526 24534 24541 24551 24557 24564 24574 24579 24586 24591 24599 24603 24610 24617 24623 24626
24629 24635 24645 24652 24653 24663 24668 24671 24679 24689 24690 24699 24703 24713 24719 24721 24723 24726
24728 24738 24739 24743 24745 24747 24756 24757 24761 24770 24780 24784 24794 24802 24811 24815 24820 24828
24832 24838 24848 24854 24857 24863 24868 24875 24881 24885 24886 24896 24899 24908 24912 24915 24919 24921
24923 24930 24932 24939 24949 24953 24954 24964 24969 24970 24978 24986 24988 24990 24994 25003 25009 25013
25022 25023 25027 25029 25037 25042 25052 25059 25061 25069 25074 25084 25085 25095 25100 25107 25109 25110
25112 25119 25127 25134 25135 25144 25148 25151 25154 25162 25165 25174 25182 25186 25195 25198 25203 25213
25217 25218 25228 25234 25239 25240 25241 25247 25250 25253 25257 25266 25270 25278 25280 25283 25288 25289
25294 25297 25302 25307 25317 25326 25332 25337 25344 25354 25363 25364 25370 25373 25379 25385 25388 25395
25398 25400 25407 25416 25419 25422 25426 25428 25429 25439 25444 25454 25464 25474 25475 25483 25484 25487
25495 25504 25513 25520 25528 25532 25536 25539 25546 25551 25555 25559 25562 25569 25576 25578 25579 25582
25590 25597 25604 25612 25621 25627 25630 25633 25638 25646 25651 25653 25662 25671 25680 25690 25692 25695
25700 25702 25707 25712 25715 25724 25728 25733 25741 25743 25746 25750 25753 25761 25765 25774 25783 25785
25792 25794 25797 25805 25813 25822 25826 25834 25836 25842 25848 25854 25859 25862 25865 25871 25879 25888
25894 25898 25902 25906 25912 25917 25927 25937 25943 25950 25954 25955 25959 25966 25976 25978 25987 25994
26001 26004 26005 26007 26009 26013 26017 26022 26029 26037 26045 26048 26050 26059 26061 26067 26075 26078
26087 26090 26097 26101 26102 26108 26118 26127 26135 26141 26144 26154 26157 26167 26177 26178 26185 26192
26196 26200 26208 26216 26221 26226 26230 26238 26248 26253 26258 26266 26272 26281 26286 26292 26302 26306
26308 26313 26318 26325 26330 26340 26344 26351 26355 26359 26365 26366 26370 26375 26382 26390 26400 26403
26410 26413 26417 26427 26431 26434 26442 26446 26452 26460 26462 26467 26473 26475 26482 26488 26498 26507
26512 26520 26523 26530 26540 26547 26551 26558 26568 26575 26580 26585 26593 26602 26612 26615 26625 26626
26631 26635 26640 26648 26655 26658 26664 26668 26678 26683 26685 26692 26697 26704 26709 26712 26717 26723
26729 26736 26743 26748 26753 26757 26762 26767 26771 26772 26781 26782 26784 26792 26794 26802 26808 26817
26821 26823 26829 26831 26841 26848 26857 26864 26865 26872 26882 26884 26891 26896 26898 26901 26910 26917
26922 26929 26930 26933 26939 26949 26953 26960 26970 26972 26979 26989 26999 27001 27006 27015 27022 27031
27039 27045 27053 27061 27069 27071 27073 27075 27082 27090 27096 27103 27107 27108 27115 27118 27120 27127
27135 27140 27146 27150 27159 27165 27174 27178 27188 27191 27198 27202 27212 27222 27223 27225 27232 27233
27240 27246 27247 27248 27256 27264 27269 27271 27280 27281 27282 27292 27297 27304 27312 27317 27318 27328
27336 27339 27341 27348 27354 27357 27360 27370 27371 27377 27379 27380 27388 27397 27400 27403 27413 27415
27422 27426 27427 27434 27437 27438 27443 27448 27450 27453 27461 27470 27478 27481 27484 27493 27494 27501
27509 27517 27520 27527 27537 27547 27553 27562 27567 27577 27585 27586 27587 27591 27599 27604 27612 27614
27615 27620 27627 27632 27642 27649 27651 27653 27657 27664 27666 27673 27682 27685 27686 27694 27700 27708
27714 27715 27719 27727 27729 27735 27744 27754 27762 27768 27774 27776 27777 27785 27786 27788 27794 27797
27801 27808 27809 27814 27821 27831 27834 27837 27841 27844 27849 27855 27863 27865 27873 27876 27886 27890
27896 27901 27902 27912 27916 27921 27925 27928 27934 27935 27944 27952 27954 27958 27964 27969 27975 27985
27993 27994 27997 28005 28010 28014 28018 28019 28025 28034 28041 28048 28050 28053 28059 28060 28064 28067
28070 28073 28077 28084 28091 28099 28100 28105 28112 28121 28122 28124 28134 28136 28138 28147 28151 28155
28161 28169 28178 28182 28189 28194 28195 28200 28207 28211 28217 28222 28227 28233 28238 28246 28247 28251
28260 28269 28272 28277 28285 28288 28290 28294 28301 28307 28312 28322 28324 28334 28336 28338 28342 28352
28359 28363 28373 28375 28379 28384 28388 28397 28400 28409 28418 28421 28424 28426 28431 28436 28437 28445
28451 28458 28467 28470 28471 28474 28479 28482 28488 28497 28499 28509 28510 28519 28520 28522 28528 28534
28535 28545 28546 28556 28566 28568 28575 28581 28588 28597 28606 28609 28612 28617 28620 28630 28634 28643
28646 28650 28657 28661 28668 28675 28681 28687 28694 28699 28705 28710 28711 28721 28722 28731 28740 28750
28758 28761 28765 28769 28779 28782 28791 28795 28796 28799 28808 28810 28814 28824 28825 28828 28834 28837
28844 28849 28858 28862 28864 28871 28873 28880 28885 28894 28895 28905 28915 28922 28924 28926 28932 28940
28942 28950 28957 28962 28965 28973 28980 28990 28992 28998 29001 29006 29015 29019 29029 29034 29042 29052
29055 29062 29066 29073 29081 29084 29085 29090 29094 29098 29103 29112 29119 29120 29126 29132 29139 29142
29144 29149 29156 29161 29164 29165 29175 29179 29188 29197 29200 29206 29209 29216 29220 29222 29230 29237
29241 29250 29252 29256 29260 29270 29272 29282 29284 29294 29304 29305 29312 29313 29318 29326 29327 29335
29340 29345 29348 29351 29357 29367 29371 29373 29378 29388 29397 29406 29411 29414 29417 29420 29425 29431
29436 29445 29455 29460 29461 29469 29470 29477 29484 29491 29498 29505 29507 29515 29523 29528 29536 29540
29550 29560 29565 29575 29584 29589 29592 29597 29603 29612 29614 29622 29624 29625 29632 29635 29644 29650
29655 29656 29658 29663 29665 29669 29679 29687 29689 29699 29707 29712 29713 29721 29729 29730 29736 29743
29748 29757 29761 29768 29775 29778 29786 29796 29797 29799 29803 29812 29817 29825 29829 29839 29845 29854
29863 29868 29878 29883 29888 29895 29903 29909 29917 29923 29926 29936 29944 29946 29949 29953 29959 29966
29969 29972 29980 29984 29989 29992 30000 30007 30008 30009 30013 30020 30021 30024 30025 30034 30038 30046
30050 30060 30062 30069 30072 30078 30079 30087 30093 30095 30103 30113 30119 30123 30131 30134 30138 30147
30156 30165 30171 30179 30187 30190 30194 30197 30206 30215 30217 30218 30227 30228 30231 30235 30241 30249
30256 30263 30272 30281 30283 30293 30298 30299 30308 30314 30317 30319 30329 30337 30341 30348 30357 30360
30364 30374 30382 30390 30400 30401 30407 30415 30423 30424 30427 30434 30436 30439 30448 30453 30461 30470
30478 30479 30484 30485 30490 30498 30505 30511 30520 30530 30539 30544 30547 30550 30560 30566 30572 30573
30583 30584 30592 30595 30602 30606 30608 30618 30619 30626 30631 30638 30646 30650 30656 30665 30672 30676
30682 30692 30697 30703 30709 30716 30724 30728 30730 30731 30736 30741 30747 30748 30749 30758 30759 30768
30770 30775 30777 30781 30790 30793 30800 30801 30811 30817 30826 30833 30842 30843 30849 30850 30853 30856
30864 30868 30875 30879 30881 30891 30898 30901 30908 30910 30920 30922 30926 30933 30942 30943 30953 30957
30961 30962 30964 30970 30971 30973 30975 30981 30988 30994 30999 31003 31006 31009 31016 31017 31026 31027
31033 31036 31040 31043 31049 31050 31056 31066 31073 31074 31080 31088 31096 31103 31111 31121 31123 31124
31127 31133 31142 31147 31151 31155 31163 31168 31175 31183 31190 31195 31200 31208 31212 31222 31225 31226
31231 31237 31247 31250 31260 31270 31273 31275 31279 31282 31286 31294 31297 31302 31311 31312 31318 31325
31326 31334 31344 31345 31354 31360 31368 31370 31371 31372 31380 31390 31394 31395 31405 31413 31421 31428
31435 31438 31444 31450 31453 31456 31457 31458 31460 31463 31472 31473 31476 31483 31487 31495 31496 31504
31509 31512 31516 31521 31525 31535 31540 31541 31548 31555 31558 31559 31567 31571 31577 31586 31595 31602
31603 31606 31612 31621 31622 31624 31626 31631 31641 31647 31651 31661 31668 31671 31673 31677 31678 31685
31692 31693 31696 31699 31703 31704 31709 31717 31724 31726 31727 31732 31740 31743 31747 31753 31754 31764
31772 31777 31780 31789 31797 31807 31809 31813 31815 31825 31834 31837 31842 31846 31856 31864 31871 31872
31878 31881 31884 31886 31890 31897 31899 31908 31918 31923 31924 31930 31934 31942 31944 31952 31956 31964
31968 31972 31976 31982 31985 31987 31992 32000 32002 32009 32013 32017 32022 32024 32025 32034 32043 32053
32063 32072 32075 32081 32085 32086 32089 32091 32093 32097 32098 32100 32106 32112 32116 32121 32126 32131
32140 32144 32150 32160 32162 32166 32170 32171 32176 32186 32188 32197 32204 32207 32216 32226 32230 32238
32243 32250 32256 32263 32267 32275 32285 32287 32288 32298 32302 32306 32311 32318 32320 32323 32332 32342
32344 32352 32358 32362 32366 32375 32377 32382 32387 32388 32396 32397 32398 32400 32407 32410 32420 32428
32434 32443 32450 32453 32455 32457 32458 32464 32467 32477 32479 32485 32489 32496 32503 32512 32516 32519
32521 32523 32527 32537 32541 32542 32546 32550 32558 32560 32570 32579 32585 32591 32594 32596 32598 32602
32610 32613 32616 32618 32624 32633 32642 32651 32656 32664 32670 32672 32677 32682 32686 32689 32693 32699
32709 32716 32717 32726 32731 32738 32745 32752 32756 32763 32769 32770 32776 32780 32787 32792 32794 32799
32809 32815 32821 32822 32828 32835 32844 32852 32854 32856 32858 32859 32869 32870 32871 32880 32884 32892
32897 32905 32908 32910 32920 32930 32935 32939 32942 32952 32954 32956 32957 32961 32963 32966 32969 32979
32985 32987 32993 33003 33009 33015 33019 33028 33036 33039 33041 33049 33052 33057 33064 33070 33072 33082
33086 33094 33101 33106 33116 33122 33124 33134 33140 33150 33151 33153 33157 33162 33169 33172 33174 33179
33183 33190 33199 33201 33205 33215 33219 33222 33226 33232 33235 33245 33252 33256 33261 33269 33278 33284
33289 33296 33305 33312 33316 33317 33326 33330 33336 33346 33349 33356 33364 33373 33379 33385 33392 33395
33397 33399 33400 33402 33408 33413 33420 33422 33431 33440 33443 33445 33446 33454 33460 33469 33479 33480
33485 33487 33495 33504 33513 33515 33524 33532 33537 33540 33542 33545 33553 33558 33560 33563 33570 33577
33580 33583 33587 33588 33597 33604 33610 33618 33624 33626 33634 33644 33650 33652 33657 33661 33665 33668
33676 33680 33686 33694 33695 33704 33713 33714 33717 33726 33730 33736 33743 33746 33749 33757 33759 33768
33775 33781 33786 33788 33789 33793 33794 33801 33806 33811 33816 33824 33832 33835 33837 33839 33847 33852
33860 33870 33874 33883 33884 33891 33895 33898 33899 33904 33914 33918 33923 33925 33926 33932 33933 33941
33945 33952 33953 33962 33968 33976 33981 33982 33992 33997 34007 34009 34017 34018 34024 34032 34037 34044
34049 34055 34058 34066 34075 34084 34091 34092 34101 34110 34114 34119 34125 34130 34137 34146 34147 34150
34152 34155 34156 34162 34164 34171 34181 34184 34191 34198 34203 34213 34222 34223 34228 34236 34244 34254
34255 34263 34268 34273 34282 34283 34284 34290 34298 34303 34310 34312 34319 34323 34330 34340 34346 34354
34361 34370 34372 34381 34382 34392 34401 34408 34417 34426 34427 34436 34446 34456 34460 34461 34470 34480
34484 34487 34492 34500 34510 34515 34522 34532 34539 34547 34548 34549 34551 34556 34560 34565 34567 34572
34580 34586 34592 34599 34606 34611 34620 34625 34634 34643 34646 34649 34656 34666 34674 34676 34682 34683
34687 34696 34698 34700 34702 34707 34710 34716 34721 34723 34732 34740 34744 34750 34755 34757 34765 34772
34782 34792 34797 34801 34810 34818 34822 34825 34828 34833 34836 34844 34845 34849 34851 34860 34863 34869
34873 34878 34886 34891 34899 34904 34910 34911 34919 34922 34931 34937 34938 34947 34954 34961 34971 34980
34981 34988 34993 34994 35002 35005 35006 35013 35020 35023 35028 35037 35041 35048 35058 35061 35064 35066
35068 35075 35079 35081 35091 35098 35101 35103 35107 35111 35113 35119 35127 35132 35134 35138 35146 35151
35152 35157 35162 35165 35171 35179 35188 35189 35194 35199 35201 35205 35211 35213 35220 35224 35230 35240
35243 35244 35246 35256 35266 35268 35276 35284 35285 35290 35296 35302 35304 35308 35314 35317 35326 35335
35337 35346 35348 35358 35367 35372 35380 35385 35394 35403 35412 35416 35421 35424 35432 35436 35440 35446
35450 35458 35463 35472 35477 35478 35488 35491 35496 35498 35502 35505 35510 35515 35517 35527 35528 35537
35546 35555 35560 35561 35571 35573 35579 35580 35586 35589 35596 35601 35602 35605 35613 35616 35618 35621
35626 35630 35635 35641 35642 35650 35654 35657 35667 35672 35677 35687 35695 35696 35697 35702 35711 35715
35716 35726 35728 35732 35735 35737 35747 35749 35751 35760 35768 35778 35782 35788 35797 35802 35809 35817
35818 35823 35829 35830 35833 35842 35845 35848 35854 35860 35868 35878 35882 35886 35894 35898 35905 35910
35916 35922 35930 35940 35950 35953 35956 35964 35967 35975 35984 35987 35992 35994 35995 36003 36012 36019
36023 36027 36030 36034 36037 36040 36049 36054 36055 36061 36062 36067 36076 36085 36095 36096 36101 36111
36119 36125 36135 36143 36149 36158 36166 36173 36177 36182 36192 36200 36210 36213 36216 36222 36232 36238
36247 36248 36250 36258 36261 36269 36277 36286 36295 36300 36306 36310 36313 36316 36318 36326 36334 36342
36347 36349 36354 36358 36364 36365 36370 36378 36379 36383 36392 36400 36409 36412 36415 36424 36429 36433
36435 36438 36445 36446 36456 36463 36468 36469 36474 36478 36482 36486 36491 36494 36499 36506 36516 36523
36527 36530 36537 36546 36551 36561 36565 36569 36577 36580 36587 36591 36600 36603 36607 36611 36612 36618
36625 36632 36637 36644 36647 36653 36656 36663 36672 36675 36680 36681 36686 36696 36697 36704 36706 36711
36721 36724 36732 36739 36748 36752 36759 36763 36770 36777 36786 36790 36795 36799 36801 36803 36813 36818
36819 36825 36835 36841 36849 36853 36856 36865 36874 36882 36889 36897 36899 36908 36917 36924 36927 36931
36938 36942 36950 36960 36968 36976 36979 36985 36989 36995 36998 37001 37009 37012 37014 37022 37028 37034
37038 37045 37049 37050 37056 37058 37062 37070 37077 37080 37089 37095 37101 37109 37116 37124 37132 37140
37149 37157 37162 37172 37182 37184 37185 37193 37200 37203 37205 37214 37221 37230 37237 37246 37249 37254
37260 37261 37268 37272 37279 37280 37288 37292 37296 37306 37310 37312 37315 37318 37322 37325 37331 37336
37343 37351 37354 37355 37364 37369 37373 37377 37383 37389 37390 37394 37404 37406 37414 37422 37423 37424
37434 37439 37444 37447 37454 37459 37461 37470 37480 37487 37494 37503 37507 37516 37524 37530 37537 37546
37554 37557 37559 37563 37573 37582 37584 37592 37596 37601 37611 37615 37622 37627 37637 37642 37652 37659
37666 37676 37682 37691 37693 37702 37709 37715 37716 37717 37721 37724 37729 37739 37741 37747 37749 37755
37760 37762 37772 37780 37784 37792 37802 37810 37816 37825 37829 37839 37847 37857 37863 37870 37876 37879
37882 37886 37891 37893 37897 37906 37912 37919 37926 37929 37930 37934 37943 37950 37957 37958 37968 37970
37972 37978 37981 37982 37988 37991 37996 38005 38009 38016 38025 38028 38029 38036 38041 38048 38054 38056
38063 38073 38081 38090 38095 38102 38110 38111 38118 38120 38129 38133 38136 38145 38148 38155 38156 38164
38167 38176 38183 38192 38201 38207 38215 38224 38230 38235 38244 38253 38257 38263 38271 38276 38284 38291
38301 38310 38320 38321 38325 38331 38341 38350 38352 38360 38363 38364 38372 38381 38389 38393 38403 38411
38414 38419 38424 38430 38437 38443 38446 38454 38463 38471 38481 38484 38490 38498 38503 38505 38511 38513
38518 38522 38531 38539 38540 38546 38553 38561 38568 38569 38577 38585 38590 38591 38597 38599 38604 38611
38618 38626 38631 38640 38643 38649 38652 38655 38658 38668 38678 38686 38692 38702 38710 38720 38723 38726
38730 38736 38740 38748 38753 38758 38763 38770 38778 38781 38782 38787 38790 38793 38803 38813 38816 38826
38836 38846 38855 38864 38869 38876 38879 38883 38887 38892 38899 38904 38908 38913 38917 38926 38930 38935
38937 38947 38949 38952 38961 38968 38969 38973 38976 38985 38988 38995 39001 39006 39008 39013 39014 39018
39020 39030 39032 39042 39051 39058 39061 39069 39073 39075 39081 39087 39093 39100 39106 39111 39121 39131
39132 39140 39141 39142 39143 39149 39152 39159 39167 39174 39178 39180 39190 39197 39201 39209 39213 39214
39224 39226 39235 39237 39239 39249 39254 39257 39265 39272 39273 39280 39285 39294 39302 39309 39312 39321
39329 39330 39338 39341 39344 39345 39348 39355 39356 39361 39365 39370 39379 39388 39398 39408 39415 39419
39426 39433 39440 39449 39458 39463 39465 39468 39472 39478 39482 39485 39487 39491 39495 39497 39506 39510
39514 39523 39527 39528 39531 39533 39537 39539 39542 39545 39550 39558 39559 39562 39565 39568 39570 39578
39582 39592 39597 39604 39611 39613 39617 39627 39632 39634 39635 39645 39648 39653 39663 39672 39677 39687
39690 39700 39706 39715 39724 39726 39729 39733 39737 39747 39750 39760 39764 39774 39777 39784 39790 39796
39805 39812 39814 39819 39829 39838 39847 39851 39857 39866 39869 39873 39882 39886 39890 39891 39899 39905
39909 39919 39923 39931 39941 39948 39953 39963 39964 39970 39973 39975 39985 39988 39995 40003 40006 40013
40014 40019 40020 40023 40030 40032 40035 40039 40049 40056 40065 40070 40071 40078 40088 40096 40100 40106
40107 40108 40110 40120 40127 40130 40135 40142 40147 40148 40155 40162 40163 40164 40167 40171 40177 40181
40184 40189 40192 40198 40204 40207 40208 40211 40221 40231 40236 40242 40251 40255 40260 40264 40273 40275
40285 40295 40296 40306 40314 40323 40327 40331 40333 40341 40348 40354 40362 40369 40379 40383 40388 40394
40403 40405 40411 40414 40421 40428 40430 40439 40449 40452 40455 40461 40469 40477 40479 40483 40487 40494
40500 40502 40505 40507 40508 40517 40525 40530 40539 40540 40549 40552 40561 40565 40573 40579 40589 40593
40596 40604 40613 40618 40626 40636 40638 40640 40642 40645 40654 40655 40660 40661 40667 40674 40682 40687
40691 40692 40700 40709 40710 40716 40718 40719 40725 40728 40729 40735 40742 40743 40752 40757 40767 40770
40778 40779 40786 40787 40789 40792 40794 40800 40802 40808 40814 40819 40822 40824 40833 40839 40844 40849
40854 40857 40867 40874 40878 40886 40894 40904 40906 40907 40908 40912 40917 40927 40937 40940 40943 40950
40953 40959 40969 40971 40977 40979 40982 40985 40987 40994 40995 41004 41011 41012 41020 41028 41032 41042
41043 41048 41056 41059 41061 41062 41066 41076 41081 41088 41091 41097 41104 41110 41113 41121 41131 41135
41145 41150 41158 41159 41164 41167 41174 41182 41191 41198 41200 41208 41210 41215 41217 41219 41225 41227
41228 41230 41236 41239 41242 41249 41258 41260 41264 41267 41269 41273 41279 41282 41290 41299 41306 41314
41322 41330 41333 41341 41344 41349 41350 41360 41367 41371 41372 41376 41386 41394 41401 41410 41416 41425
41426 41431 41432 41435 41444 41452 41457 41459 41467 41477 41479 41489 41491 41498 41507 41515 41516 41523
41532 41533 41540 41549 41554 41555 41556 41557 41566 41568 41576 41579 41584 41594 41597 41605 41607 41612
41615 41621 41628 41636 41639 41647 41656 41666 41676 41685 41689 41690 41695 41699 41704 41711 41721 41729
41738 41745 41753 41757 41763 41765 41772 41781 41782 41792 41793 41801 41809 41811 41821 41827 41835 41842
41847 41849 41855 41862 41865 41872 41881 41882 41887 41893 41903 41906 41913 41914 41924 41930 41932 41934
41939 41942 41948 41951 41958 41968 41976 41982 41984 41989 41997 42006 42015 42020 42028 42033 42042 42043
42050 42055 42059 42066 42074 42075 42079 42083 42092 42101 42103 42105 42109 42111 42120 42130 42131 42139
42147 42154 42163 42170 42180 42188 42192 42196 42201 42211 42220 42223 42232 42241 42248 42249 42252 42255
42258 42264 42265 42267 42277 42283 42291 42294 42298 42299 42303 42306 42313 42322 42330 42339 42345 42353
42362 42366 42376 42378 42382 42386 42395 42396 42401 42402 42412 42422 42432 42438 42448 42451 42452 42459
42465 42475 42480 42487 42489 42494 42501 42506 42513 42520 42527 42530 42533 42543 42549 42555 42563 42569
42576 42581 42587 42595 42603 42611 42621 42623 42629 42631 42640 42641 42642 42645 42653 42663 42664 42666
42675 42676 42679 42685 42692 42697 42707 42716 42724 42728 42737 42743 42744 42750 42755 42765 42771 42776
42778 42783 42788 42798 42800 42810 42818 42828 42832 42838 42840 42847 42848 42858 42861 42862 42866 42876
42883 42888 42890 42899 42904 42909 42918 42922 42929 42934 42940 42950 42957 42966 42973 42976 42977 42986
42995 43003 43009 43010 43014 43022 43028 43035 43041 43049 43051 43061 43070 43071 43075 43079 43087 43096
43101 43102 43109 43110 43117 43126 43133 43138 43141 43142 43144 43147 43153 43161 43170 43180 43186 43195
43199 43200 43201 43205 43211 43215 43216 43226 43232 43241 43251 43253 43254 43263 43270 43277 43284 43290
43297 43306 43307 43317 43318 43322 43330 43337 43340 43350 43356 43364 43374 43377 43378 43379 43384 43393
43395 43403 43410 43412 43416 43425 43428 43436 43439 43448 43455 43464 43470 43473 43474 43477 43479 43484
43492 43500 43510 43518 43523 43529 43536 43543 43549 43551 43560 43570 43572 43575 43579 43585 43593 43600
43610 43613 43620 43626 43630 43634 43635 43638 43643 43646 43652 43661 43667 43675 43679 43683 43687 43691
43697 43699 43706 43707 43713 43717 43724 43727 43730 43734 43737 43745 43747 43751 43752 43754 43761 43768
43769 43777 43781 43787 43795 43799 43803 43812 43818 43825 43830 43839 43840 43850 43856 43865 43867 43868
43869 43879 43882 43892 43897 43904 43908 43910 43914 43918 43927 43936 43944 43946 43953 43959 43963 43970
43979 43987 43991 44001 44002 44004 44012 44018 44022 44030 44031 44032 44037 44043 44046 44048 44058 44067
44073 44076 44085 44091 44099 44102 44112 44120 44128 44135 44139 44146 44153 44157 44166 44171 44173 44179
44181 44183 44186 44192 44199 44204 44208 44217 44218 44222 44228 44238 44239 44243 44251 44256 44263 44269
44275 44281 44283 44288 44289 44292 44297 44298 44300 44307 44314 44319 44321 44323 44332 44341 44349 44359
44361 44366 44376 44379 44381 44382 44385 44390 44398 44405 44412 44420 44428 44434 44436 44437 44446 44456
44463 44469 44474 44480 44487 44494 44504 44514 44517 44522 44524 44528 44530 44533 44539 44540 44542 44552
44553 44562 44565 44569 44577 44584 44587 44597 44606 44613 44616 44620 44621 44622 44631 44634 44636 44642
44647 44657 44662 44668 44671 44672 44673 44681 44688 44694 44702 44711 44716 44719 44720 44724 44726 44734
44740 44745 44750 44759 44768 44777 44784 44788 44796 44805 44806 44816 44825 44828 44830 44837 44847 44848
44856 44862 44867 44870 44877 44885 44886 44890 44894 44900 44906 44911 44915 44917 44927 44932 44936 44946
44952 44954 44962 44964 44966 44972 44973 44983 44990 44998 45000 45001 45008 45014 45020 45024 45034 45044
45051 45058 45063 45067 45073 45081 45084 45091 45101 45105 45111 45113 45115 45120 45127 45135 45136 45140
45141 45146 45152 45158 45164 45165 45169 45178 45183 45188 45192 45201 45203 45213 45217 45223 45227 45229
45233 45234 45237 45239 45247 45251 45260 45262 45271 45274 45279 45280 45281 45283 45287 45289 45296 45301
45303 45306 45314 45320 45321 45330 45333 45335 45338 45348 45350 45356 45362 45366 45371 45373 45383 45386
45394 45398 45401 45404 45406 45409 45411 45415 45421 45428 45438 45446 45456 45460 45464 45470 45476 45483
45488 45493 45500 45506 45510 45517 45526 45532 45533 45543 45548 45553 45554 45558 45568 45569 45573 45578
45587 45593 45602 45604 45612 45621 45628 45633 45640 45646 45656 45659 45662 45665 45667 45668 45670 45680
45687 45690 45699 45706 45715 45721 45725 45728 45732 45739 45742 45743 45747 45755 45761 45766 45767 45776
45784 45791 45793 45803 45806 45814 45816 45818 45821 45826 45835 45840 45850 45856 45858 45865 45875 45879
45889 45895 45898 45905 45906 45916 45924 45934 45938 45944 45952 45953 45957 45965 45973 45978 45980 45981
45985 45989 45999 46001 46005 46012 46018 46022 46028 46037 46044 46047 46054 46060 46070 46073 46077 46083
46093 46094 46102 46110 46114 46117 46122 46131 46141 46144 46154 46157 46160 46161 46171 46178 46185 46192
46201 46207 46213 46221 46226 46236 46239 46242 46251 46258 46265 46273 46274 46277 46281 46284 46292 46295
46296 46302 46304 46305 46309 46313 46320 46324 46326 46332 46335 46343 46352 46358 46367 46369 46373 46381
46384 46386 46387 46396 46398 46404 46412 46413 46418 46426 46431 46441 46446 46452 46458 46467 46470 46474
46483 46492 46493 46500 46503 46508 46510 46518 46527 46536 46540 46545 46551 46559 46565 46571 46579 46588
46594 46596 46600 46603 46613 46619 46626 46629 46637 46640 46645 46648 46656 46665 46671 46673 46675 46685
46688 46698 46704 46712 46718 46725 46731 46741 46745 46748 46756 46758 46766 46767 46773 46775 46783 46793
46802 46807 46812 46821 46823 46832 46837 46846 46856 46863 46871 46880 46889 46896 46897 46904 46906 46913
46919 46929 46938 46942 46945 46954 46962 46969 46972 46981 46985 46992 46994 47002 47010 47020 47030 47038
47040 47045 47050 47057 47064 47065 47070 47080 47082 47085 47094 47096 47099 47103 47107 47115 47118 47121
47129 47133 47143 47146 47154 47163 47167 47175 47183 47184 47193 47194 47196 47204 47214 47222 47229 47232
47241 47251 47258 47264 47270 47278 47282 47285 47295 47300 47307 47316 47318 47328 47338 47344 47346 47348
47358 47360 47361 47367 47372 47381 47388 47393 47399 47404 47414 47415 47425 47427 47430 47435 47440 47447
47450 47459 47468 47476 47484 47491 47492 47501 47509 47518 47527 47537 47546 47551 47554 47562 47571 47581
47591 47594 47598 47601 47608 47611 47614 47623 47624 47633 47636 47637 47639 47647 47648 47655 47663 47672
47674 47678 47685 47693 47699 47701 47705 47707 47717 47720 47726 47731 47733 47742 47752 47757 47759 47762
47771 47774 47778 47787 47797 47799 47802 47810 47812 47816 47819 47828 47832 47833 47838 47840 47842 47846
47855 47857 47865 47868 47871 47874 47882 47883 47888 47897 47906 47910 47918 47926 47927 47931 47939 47949
47955 47959 47969 47978 47984 47985 47988 47992 47996 47998 48007 48011 48019 48023 48033 48041 48046 48047
48055 48063 48064 48074 48077 48086 48093 48094 48096 48102 48105 48115 48122 48126 48136 48141 48151 48155
48158 48165 48174 48181 48185 48189 48197 48200 48210 48216 48219 48220 48226 48229 48238 48248 48258 48264
48268 48272 48278 48286 48296 48306 48316 48318 48323 48329 48333 48340 48348 48351 48360 48363 48367 48372
48382 48389 48394 48396 48403 48413 48417 48425 48434 48441 48449 48458 48462 48471 48481 48490 48492 48495
48504 48510 48515 48525 48535 48545 48547 48551 48561 48564 48573 48581 48587 48597 48598 48605 48610 48618
48625 48631 48639 48648 48651 48656 48659 48667 48672 48680 48681 48686 48687 48695 48705 48710 48712 48716
48720 48730 48737 48741 48745 48748 48754 48762 48763 48768 48778 48786 48787 48792 48796 48806 48814 48824
48833 48841 48845 48850 48852 48855 48858 48867 48870 48873 48882 48884 48892 48896 48901 48904 48914 48917
48922 48931 48941 48947 48953 48956 48960 48968 48977 48986 48989 48995 48998 49004 49005 49010 49017 49018
49026 49036 49045 49055 49061 49070 49076 49078 49080 49086 49089 49093 49095 49096 49099 49105 49114 49122
49128 49135 49144 49147 49148 49158 49161 49171 49177 49182 49189 49197 49205 49214 49223 49233 49243 49245
49255 49256 49257 49259 49265 49268 49271 49280 49285 49286 49289 49299 49307 49317 49318 49324 49329 49337
49342 49345 49352 49362 49368 49374 49384 49394 49397 49407 49414 49415 49417 49419 49425 49432 49434 49438
49446 49447 49457 49465 49470 49471 49474 49478 49480 49484 49491 49492 49500 49509 49514 49521 49530 49539
49545 49551 49561 49562 49565 49572 49579 49580 49585 49586 49595 49597 49602 49605 49611 49620 49624 49632
49638 49646 49649 49659 49661 49669 49673 49682 49687 49688 49697 49698 49701 49702 49705 49711 49714 49721
49730 49740 49750 49756 49760 49764 49772 49776 49778 49787 49794 49798 49807 49816 49820 49827 49837 49840
49845 49851 49859 49869 49871 49880 49881 49887 49890 49894 49900 49909 49910 49916 49921 49927 49928 49935
49942 49946 49949 49956 49957 49961 49962 49972 49974 49976 49977 49981 49987 49997 49998 49999 50006 50015
50016 50025 50031 50033 50042 50050 50053 50056 50057 50059 50068 50069 50079 50087 50093 50095 50103 50112
50120 50121 50129 50136 50139 50145 50154 50163 50168 50172 50176 50185 50186 50196 50206 50215 50220 50223
50232 50237 50247 50256 50266 50273 50277 50285 50292 50293 50301 50308 50316 50320 50327 50332 50337 50346
50354 50356 50358 50361 50371 50375 50382 50387 50397 50400 50406 50414 50424 50430 50431 50438 50445 50448
50452 50453 50463 50470 50476 50481 50486 50496 50500 50510 50511 50518 50524 50528 50534 50537 50541 50544
50545 50551 50560 50562 50566 50573 50574 50579 50582 50591 50594 50600 50609 50613 50618 50626 50631 50640
50645 50655 50656 50664 50671 50675 50682 50686 50690 50698 50701 50703 50712 50721 50727 50736 50744 50750
50751 50758 50761 50769 50778 50781 50784 50793 50801 50811 50816 50817 50823 50826 50828 50838 50839 50840
50841 50849 50852 50854 50864 50873 50876 50878 50885 50895 50901 50910 50915 50924 50934 50941 50945 50951
50959 50962 50966 50967 50977 50981 50987 50991 51000 51007 51010 51013 51017 51021 51027 51036 51043 51048
51058 51066 51067 51068 51070 51076 51079 51089 51096 51101 51105 51110 51119 51124 51130 51134 51143 51147
51153 51154 51157 51165 51171 51181 51191 51192 51202 51206 51216 51220 51224 51226 51231 51238 51245 51251
51256 51259 51265 51274 51284 51294 51299 51303 51304 51307 51309 51312 51313 51318 51323 51331 51334 51344
51348 51352 51355 51360 51369 51371 51376 51383 51385 51390 51394 51402 51412 51422 51431 51434 51442 51449
51454 51461 51470 51472 51477 51487 51493 51497 51499 51507 51514 51518 51527 51536 51537 51547 51557 51559
51564 51571 51572 51576 51581 51586 51588 51595 51601 51609 51617 51621 51631 51639 51644 51651 51654 51660
51669 51673 51679 51685 51687 51692 51696 51701 51703 51711 51719 51727 51736 51744 51752 51758 51764 51774
51779 51784 51787 51789 51794 51799 51802 51812 51818 51820 51828 51836 51841 51845 51848 51857 51860 51869
51879 51881 51884 51890 51898 51907 51910 51917 51921 51931 51940 51948 51956 51966 51975 51981 51982 51991
51997 52007 52010 52017 52022 52024 52030 52033 52040 52046 52054 52062 52069 52077 52080 52082 52090 52092
52093 52094 52102 52106 52110 52116 52117 52126 52131 52139 52145 52152 52159 52167 52174 52178 52188 52196
52206 52212 52222 52232 52236 52239 52242 52245 52248 52251 52255 52264 52273 52275 52282 52287 52297 52301
52305 52315 52323 52325 52329 52330 52336 52346 52352 52362 52364 52366 52371 52374 52379 52384 52393 52402
52408 52410 52414 52417 52418 52425 52430 52436 52444 52445 52448 52453 52456 52462 52468 52478 52488 52490
52494 52497 52500 52510 52517 52518 52524 52531 52533 52540 52544 52547 52555 52565 52572 52577 52581 52588
52591 52592 52598 52606 52610 52616 52626 52632 52639 52641 52650 52654 52664 52666 52674 52682 52683 52686
52696 52706 52714 52715 52717 52722 52732 52734 52738 52743 52745 52753 52759 52762 52768 52770 52777 52782
52786 52794 52797 52799 52800 52809 52813 52820 52824 52831 52841 52851 52852 52853 52862 52870 52874 52879
52889 52896 52901 52902 52909 52910 52911 52919 52929 52932 52940 52947 52956 52962 52968 52974 52980 52985
52995 53002 53005 53008 53012 53014 53016 53023 53031 53034 53038 53045 53049 53057 53059 53066 53071 53074
53081 53087 53096 53097 53100 53109 53111 53119 53124 53126 53130 53131 53140 53149 53152 53153 53158 53161
53166 53170 53173 53180 53188 53194 53203 53206 53210 53217 53222 53232 53237 53243 53246 53251 53255 53257
53265 53270 53280 53286 53294 53296 53298 53299 53306 53307 53308 53317 53323 53333 53334 53342 53350 53360
53365 53369 53379 53380 53382 53385 53389 53390 53398 53404 53412 53415 53419 53423 53424 53432 53436 53438
53445 53448 53449 53450 53453 53460 53461 53465 53468 53476 53482 53487 53491 53501 53506 53515 53525 53529
53536 53540 53543 53553 53554 53558 53564 53572 53582 53586 53587 53592 53597 53602 53610 53611 53619 53623
53629 53637 53641 53644 53647 53655 53662 53665 53674 53682 53684 53686 53696 53704 53712 53713 53717 53725
53733 53737 53739 53743 53745 53752 53761 53767 53768 53769 53776 53777 53782 53789 53791 53794 53803 53808
53818 53819 53824 53831 53840 53846 53847 53849 53856 53864 53869 53873 53879 53884 53889 53890 53891 53896
53906 53908 53915 53925 53935 53939 53941 53944 53952 53953 53954 53958 53963 53972 53973 53979 53989 53993
53999 54007 54014 54017 54024 54032 54038 54042 54050 54055 54063 54065 54074 54079 54084 54086 54091 54100
54109 54113 54118 54125 54134 54141 54146 54152 54154 54155 54156 54164 54170 54177 54187 54191 54201 54211
54218 54226 54227 54236 54239 54249 54252 54258 54261 54262 54269 54272 54282 54289 54299 54300 54305 54306
54310 54320 54324 54328 54336 54340 54344 54353 54354 54355 54358 54366 54370 54373 54376 54386 54395 54401
54409 54419 54427 54437 54443 54450 54452 54460 54467 54477 54486 54494 54501 54506 54514 54522 54524 54531
54534 54539 54542 54552 54561 54568 54575 54583 54591 54597 54607 54609 54610 54618 54625 54634 54643 54648
54654 54660 54665 54673 54682 54689 54696 54697 54698 54707 54713 54721 54722 54730 54732 54739 54741 54742
54749 54759 54765 54767 54773 54774 54775 54785 54794 54800 54804 54811 54821 54829 54838 54846 54847 54853
54856 54858 54862 54871 54876 54877 54883 54885 54892 54893 54895 54898 54902 54912 54914 54924 54930 54939
54947 54951 54953 54961 54964 54965 54969 54978 54985 54988 54996 55004 55008 55011 55014 55020 55029 55038
55041 55048 55050 55058 55062 55069 55078 55080 55090 55091 55097 55105 55109 55114 55115 55121 55131 55132
55137 55146 55148 55149 55158 55163 55173 55179 55183 55189 55190 55191 55197 55203 55205 55207 55208 55213
55218 55228 55233 55242 55246 55256 55257 55258 55267 55277 55280 55287 55296 55305 55309 55318 55324 55334
55335 55342 55350 55352 55357 55363 55367 55369 55370 55375 55383 55391 55392 55402 55405 55407 55417 55418
55423 55432 55440 55446 55450 55452 55453 55455 55459 55466 55474 55481 55484 55487 55493 55503 55506 55515
55518 55519 55520 55521 55528 55531 55534 55540 55546 55555 55564 55567 55573 55582 55583 55587 55590 55594
55599 55600 55609 55617 55625 55627 55628 55638 55642 55646 55654 55659 55660 55669 55673 55679 55683 55689
55697 55706 55716 55723 55730 55736 55739 55746 55750 55751 55752 55755 55765 55775 55785 55792 55801 55808
55813 55815 55817 55821 55828 55831 55832 55835 55841 55850 55852 55859 55867 55871 55872 55882 55884 55891
55901 55909 55910 55916 55921 55923 55927 55934 55936 55945 55955 55963 55969 55970 55978 55981 55991 55999
56006 56007 56015 56016 56019 56024 56025 56027 56037 56041 56045 56048 56055 56057 56059 56066 56076 56086
56089 56098 56105 56115 56116 56122 56124 56128 56134 56140 56148 56158 56161 56170 56171 56180 56186 56187
56188 56194 56199 56201 56203 56209 56210 56214 56224 56229 56234 56240 56249 56250 56260 56269 56275 56285
56292 56294 56303 56308 56311 56319 56328 56338 56347 56356 56357 56358 56360 56364 56370 56372 56374 56384
56390 56395 56398 56404 56405 56414 56417 56420 56430 56436 56441 56444 56453 56458 56459 56464 56470 56480
56482 56488 56498 56499 56502 56509 56513 56523 56528 56530 56539 56546 56547 56556 56565 56568 56576 56586
56587 56591 56598 56606 56608 56615 56623 56629 56639 56644 56652 56662 56671 56676 56684 56688 56690 56696
56697 56702 56705 56709 56715 56723 56724 56734 56735 56745 56755 56761 56765 56770 56775 56784 56793 56802
56812 56814 56821 56822 56825 56827 56833 56837 56845 56848 56858 56867 56874 56879 56888 56890 56892 56893
56895 56905 56907 56915 56923 56926 56928 56930 56939 56947 56956 56966 56969 56973 56981 56982 56989 56997
57007 57015 57016 57018 57026 57027 57029 57030 57033 57035 57042 57046 57053 57062 57066 57071 57078 57085
57095 57103 57109 57118 57126 57129 57135 57140 57144 57148 57155 57159 57161 57171 57177 57185 57192 57197
57201 57209 57219 57227 57234 57243 57245 57247 57248 57258 57259 57269 57276 57280 57288 57291 57293 57300
57308 57313 57320 57330 57338 57340 57346 57349 57356 57360 57370 57378 57380 57390 57394 57395 57405 57412
57416 57422 57423 57424 57431 57439 57440 57445 57447 57448 57452 57457 57467 57475 57478 57484 57493 57498
57507 57514 57519 57529 57537 57546 57553 57559 57560 57564 57574 57584 57588 57589 57598 57599 57608 57612
57614 57619 57623 57626 57628 57633 57643 57644 57647 57653 57658 57663 57673 57679 57685 57688 57693 57695
57700 57704 57709 57710 57715 57720 57729 57731 57734 57744 57750 57752 57753 57761 57771 57781 57791 57799
57801 57803 57812 57818 57824 57827 57830 57838 57840 57850 57851 57856 57857 57861 57870 57874 57881 57886
57892 57898 57905 57913 57914 57916 57924 57926 57928 57935 57944 57951 57955 57962 57967 57973 57976 57983
57993 57995 58004 58012 58020 58025 58030 58034 58037 58041 58043 58051 58060 58070 58078 58080 58084 58086
58090 58096 58104 58107 58110 58114 58123 58130 58140 58150 58152 58153 58159 58163 58166 58169 58172 58178
58185 58189 58198 58201 58203 58208 58217 58224 58229 58237 58241 58247 58257 58262 58270 58280 58290 58298
58305 58313 58323 58332 58342 58352 58356 58360 58369 58370 58371 58373 58379 58381 58388 58396 58402 58405
58413 58418 58420 58428 58431 58437 58443 58452 58456 58461 58465 58472 58479 58483 58486 58488 58498 58503
58512 58522 58527 58532 58540 58549 58553 58560 58568 58569 58572 58575 58585 58593 58597 58603 58612 58613
58623 58625 58635 58639 58644 58652 58654 58660 58665 58674 58681 58685 58690 58691 58699 58704 58707 58711
58717 58721 58727 58729 58734 58735 58745 58750 58760 58761 58764 58770 58775 58776 58782 58784 58791 58793
58794 58797 58805 58813 58818 58821 58830 58834 58841 58851 58858 58866 58875 58879 58886 58895 58900 58902
58904 58905 58909 58919 58920 58926 58927 58935 58937 58944 58951 58952 58955 58965 58973 58983 58988 58998
59006 59011 59015 59017 59025 59034 59040 59047 59053 59060 59065 59072 59074 59084 59092 59097 59107 59113
59120 59126 59127 59129 59139 59141 59149 59154 59158 59167 59171 59179 59189 59190 59200 59206 59212 59214
59222 59230 59232 59241 59249 59258 59263 59268 59278 59282 59285 59291 59300 59306 59316 59317 59318 59321
59324 59325 59335 59337 59340 59345 59353 59358 59365 59371 59380 59382 59391 59392 59401 59405 59406 59415
59421 59427 59430 59440 59448 59455 59456 59457 59466 59476 59483 59487 59491 59497 59501 59508 59511 59513
59518 59523 59525 59527 59531 59534 59538 59546 59548 59553 59556 59557 59566 59568 59577 59581 59584 59591
59599 59604 59608 59617 59627 59631 59639 59643 59644 59645 59653 59656 59664 59671 59677 59681 59691 59698
59700 59703 59713 59721 59727 59734 59739 59748 59756 59760 59763 59772 59774 59777 59778 59782 59790 59793
59796 59805 59806 59815 59825 59829 59834 59843 59851 59853 59857 59866 59871 59879 59882 59892 59896 59902
59905 59906 59916 59922 59931 59940 59943 59948 59956 59960 59961 59965 59967 59971 59976 59983 59992 60000
60008 60013 60016 60024 60031 60037 60040 60041 60043 60046 60047 60049 60054 60060 60070 60079 60081 60087
60094 60103 60104 60105 60108 60117 60123 60124 60129 60132 60137 60139 60148 60153 60161 60169 60173 60179
60184 60187 60188 60193 60202 60206 60210 60214 60217 60221 60229 60231 60233 60242 60250 60254 60264 60271
60277 60282 60290 60293 60302 60308 60318 60324 60328 60337 60341 60346 60349 60354 60357 60361 60364 60366
60376 60382 60387 60390 60394 60404 60412 60415 60424 60425 60427 60432 60435 60438 60440 60449 60457 60467
60477 60481 60487 60495 60497 60503 60508 60510 60515 60525 60533 60534 60542 60546 60554 60562 60567 60572
60577 60579 60589 60597 60604 60609 60614 60620 60622 60623 60626 60630 60632 60641 60645 60647 60648 60652
60661 60666 60676 60682 60688 60690 60693 60697 60699 60709 60712 60722 60724 60732 60741 60743 60748 60757
60762 60763 60765 60773 60777 60784 60787 60796 60804 60806 60810 60817 60819 60825 60834 60837 60838 60839
60849 60852 60855 60862 60865 60874 60883 60890 60896 60901 60908 60911 60918 60927 60934 60940 60947 60952
60958 60963 60973 60978 60979 60982 60989 60993 60995 60998 61000 61001 61007 61010 61017 61026 61032 61034
61044 61054 61058 61067 61068 61076 61081 61088 61096 61106 61108 61113 61115 61118 61122 61125 61129 61135
61145 61151 61160 61166 61171 61178 61181 61183 61187 61195 61201 61204 61214 61220 61221 61223 61224 61230
61238 61246 61249 61253 61260 61265 61266 61268 61270 61277 61284 61293 61294 61295 61302 61309 61317 61323
61325 61331 61341 61346 61352 61356 61365 61374 61376 61381 61387 61393 61396 61398 61402 61408 61411 61419
61427 61436 61438 61447 61449 61459 61467 61472 61475 61479 61488 61494 61502 61512 61520 61522 61525 61532
61537 61546 61556 61564 61571 61581 61591 61594 61598 61605 61608 61617 61622 61623 61628 61635 61643 61648
61652 61654 61655 61657 61663 61665 61666 61675 61683 61688 61691 61694 61700 61702 61712 61717 61727 61732
61738 61746 61753 61755 61760 61768 61777 61785 61788 61789 61790 61800 61802 61803 61809 61818 61823 61825
61827 61836 61839 61848 61853 61858 61864 61874 61882 61883 61884 61888 61898 61903 61908 61911 61916 61918
61927 61928 61936 61946 61947 61957 61965 61966 61974 61975 61984 61992 62002 62007 62008 62017 62019 62024
62030 62036 62040 62050 62051 62058 62066 62067 62073 62074 62080 62084 62087 62092 62100 62105 62110 62120
62127 62132 62134 62135 62143 62153 62156 62165 62166 62167 62177 62185 62195 62202 62212 62221 62222 62231
62232 62241 62251 62261 62269 62277 62278 62282 62292 62300 62301 62310 62316 62322 62325 62333 62337 62339
62342 62348 62358 62359 62362 62364 62366 62371 62381 62387 62391 62394 62402 62410 62417 62425 62429 62430
62431 62438 62442 62446 62448 62454 62462 62467 62472 62473 62475 62484 62486 62495 62503 62506 62514 62521
62529 62536 62545 62551 62552 62554 62563 62572 62580 62583 62593 62596 62606 62616 62623 62633 62638 62639
62644 62650 62654 62661 62670 62678 62687 62689 62696 62701 62711 62714 62716 62718 62721 62730 62737 62738
62745 62746 62756 62764 62769 62779 62789 62798 62803 62804 62806 62814 62819 62826 62827 62836 62838 62843
62851 62853 62858 62859 62868 62873 62883 62891 62892 62895 62903 62911 62914 62924 62933 62938 62948 62952
62959 62966 62973 62983 62987 62997 63007 63008 63015 63020 63024 63026 63028 63029 63032 63034 63044 63048
63056 63062 63064 63074 63083 63084 63092 63101 63108 63114 63117 63121 63126 63135 63142 63148 63158 63159
63166 63171 63175 63181 63187 63190 63193 63195 63202 63209 63217 63218 63228 63237 63240 63243 63253 63254
63258 63265 63269 63279 63288 63297 63303 63308 63317 63326 63332 63337 63340 63349 63354 63355 63357 63360
63364 63373 63374 63381 63390 63397 63400 63408 63410 63416 63426 63435 63440 63450 63456 63457 63465 63472
63474 63479 63480 63490 63500 63501 63503 63513 63517 63524 63530 63532 63538 63544 63545 63552 63562 63570
63579 63589 63590 63594 63601 63604 63607 63608 63616 63619 63629 63639 63648 63656 63658 63666 63675 63679
63686 63688 63692 63698 63703 63709 63716 63723 63725 63726 63730 63735 63739 63741 63745 63753 63763 63767
63776 63783 63792 63800 63803 63813 63818 63821 63825 63832 63839 63840 63848 63858 63861 63866 63871 63874
63883 63886 63895 63903 63911 63918 63928 63929 63935 63937 63943 63946 63951 63961 63964 63974 63981 63987
63996 64005 64007 64014 64019 64023 64027 64033 64039 64041 64051 64058 64068 64075 64082 64087 64091 64095
64104 64108 64110 64117 64127 64136 64140 64145 64153 64154 64164 64174 64179 64181 64186 64190 64196 64203
64211 64214 64217 64225 64234 64240 64246 64248 64251 64253 64256 64261 64262 64269 64279 64284 64293 64298
64306 64310 64315 64321 64328 64336 64342 64343 64350 64359 64360 64367 64375 64383 64392 64401 64402 64405
64408 64410 64415 64421 64431 64441 64450 64460 64469 64473 64475 64480 64481 64491 64496 64506 64515 64523
64524 64528 64530 64537 64540 64542 64552 64558 64567 64574 64581 64591 64593 64599 64607 64613 64621 64629
64638 64641 64648 64650 64658 64659 64666 64676 64678 64680 64685 64689 64692 64699 64701 64703 64704 64706
64707 64709 64712 64716 64722 64726 64734 64737 64745 64747 64751 64754 64755 64759 64761 64766 64776 64780
64786 64787 64792 64798 64799 64802 64804 64809 64819 64821 64827 64828 64833 64839 64847 64853 64859 64861
64869 64871 64875 64876 64884 64894 64895 64904 64914 64921 64924 64927 64930 64937 64946 64954 64957 64965
64972 64981 64984 64987 64991 65000 65006 65016 65023 65029 65034 65041 65043 65053 65054 65057 65063 65065
65067 65076 65085 65091 65095 65105 65112 65114 65124 65126 65134 65137 65138 65147 65149 65159 65168 65169
65173 65178 65181 65186 65188 65198 65208 65213 65221 65230 65231 65237 65244 65246 65256 65260 65265 65266
65276 65282 65291 65301 65306 65316 65323 65325 65330 65331 65334 65342 65344 65352 65360 65369 65377 65382
65390 65396 65399 65400 65402 65403 65405 65408 65415 65419 65424 65432 65436 65444 65454 65462 65466 65476
65478 65484 65486 65493 65499 65503 65508 65515 65517 65522 65525 65530 65538 65539 65548 65558 65560 65568
65578 65588 65589 65590 65596 65601 65606 65607 65611 65613 65615 65621 65623 65625 65632 65633 65643 65649
65659 65660 65670 65680 65681 65682 65692 65697 65707 65715 65721 65725 65735 65736 65741 65747 65750 65757
65762 65763 65767 65777 65787 65795 65796 65805 65814 65824 65827 65830 65836 65837 65845 65855 65857 65862
65863 65866 65869 65877 65880 65887 65895 65903 65907 65916 65922 65923 65933 65940 65944 65951 65960 65962
65969 65971 65974 65979 65987 65993 66002 66007 66011 66020 66030 66040 66042 66048 66057 66063 66072 66081
66083 66092 66096 66102 66110 66111 66117 66127 66131 66141 66142 66149 66158 66162 66163 66164 66166 66171
66181 66182 66189 66190 66198 66207 66213 66221 66222 66226 66230 66232 66239 66249 66253 66256 66263 66267
66277 66279 66284 66293 66300 66304 66306 66315 66325 66328 66333 66338 66340 66345 66349 66358 66365 66375
66378 66381 66386 66389 66399 66402 66404 66414 66423 66433 66442 66452 66453 66457 66461 66467 66468 66471
66481 66491 66499 66502 66512 66514 66523 66532 66534 66544 66550 66553 66555 66565 66566 66570 66579 66587
66593 66596 66599 66608 66617 66620 66623 66628 66634 66643 66652 66654 66662 66669 66679 66687 66691 66698
66705 66709 66715 66718 66721 66726 66730 66740 66750 66757 66763 66771 66779 66780 66783 66789 66793 66801
66809 66818 66824 66834 66837 66842 66843 66849 66851 66852 66861 66862 66870 66877 66886 66891 66900 66903
66908 66913 66921 66927 66936 66945 66953 66954 66957 66958 66965 66966 66967 66969 66972 66980 66987 66993
66998 67001 67007 67012 67013 67022 67023 67031 67037 67042 67046 67048 67052 67055 67057 67060 67066 67069
67075 67076 67084 67093 67098 67106 67113 67115 67121 67131 67134 67136 67138 67142 67150 67156 67159 67162
67165 67170 67180 67190 67196 67204 67208 67217 67221 67224 67228 67229 67231 67240 67249 67256 67258 67262
67270 67278 67282 67291 67297 67302 67311 67316 67321 67322 67327 67328 67337 67340 67350 67351 67361 67365
67374 67382 67385 67390 67398 67401 67405 67415 67421 67429 67432 67440 67445 67449 67451 67455 67463 67468
67471 67473 67474 67475 67476 67484 67487 67496 67498 67500 67502 67512 67518 67522 67525 67526 67531 67533
67537 67538 67540 67543 67547 67551 67553 67556 67564 67568 67569 67577 67581 67587 67592 67600 67603 67611
67616 67624 67626 67636 67638 67646 67654 67655 67656 67657 67665 67674 67682 67683 67692 67694 67698 67705
67715 67716 67724 67728 67734 67740 67745 67753 67758 67768 67777 67778 67786 67793 67796 67802 67806 67807
67813 67817 67826 67828 67835 67839 67840 67842 67843 67852 67858 67866 67867 67877 67887 67895 67901 67904
67913 67920 67921 67931 67936 67937 67947 67953 67956 67966 67973 67981 67989 67993 67999 68007 68009 68019
68021 68029 68036 68040 68045 68047 68052 68059 68065 68067 68077 68080 68082 68089 68090 68096 68106 68113
68114 68119 68125 68135 68137 68144 68152 68159 68161 68169 68177 68178 68183 68186 68191 68199 68203 68212
68216 68219 68227 68232 68235 68244 68252 68256 68262 68269 68271 68280 68286 68295 68297 68306 68315 68321
68325 68329 68339 68349 68351 68352 68356 68357 68364 68371 68375 68382 68386 68392 68396 68406 68408 68416
68424 68427 68434 68439 68448 68451 68453 68459 68462 68467 68471 68473 68474 68477 68485 68494 68503 68507
68517 68521 68522 68527 68533 68541 68546 68554 68560 68566 68576 68578 68588 68598 68599 68604 68610 68618
68627 68632 68635 68636 68643 68644 68650 68660 68662 68668 68670 68678 68680 68688 68695 68701 68706 68708
68712 68716 68719 68729 68731 68740 68742 68751 68756 68757 68767 68772 68775 68784 68792 68798 68801 68807
68816 68824 68825 68835 68838 68842 68847 68854 68861 68868 68873 68876 68886 68889 68890 68894 68902 68910
68916 68920 68922 68924 68933 68940 68947 68955 68959 68963 68970 68976 68980 68986 68992 68999 69002 69012
69019 69022 69028 69035 69037 69043 69050 69056 69058 69063 69067 69077 69081 69091 69101 69106 69109 69111
69119 69128 69130 69133 69140 69141 69149 69153 69163 69172 69174 69179 69187 69189 69197 69205 69214 69222
69226 69232 69240 69245 69254 69256 69261 69262 69266 69269 69270 69278 69287 69288 69290 69295 69300 69305
69314 69323 69333 69340 69342 69345 69352 69361 69366 69374 69382 69384 69388 69390 69399 69405 69410 69417
69425 69430 69438 69444 69453 69458 69466 69471 69481 69483 69485 69489 69495 69504 69506 69514 69521 69525
69526 69531 69532 69533 69534 69538 69548 69556 69562 69564 69574 69578 69580 69590 69592 69600 69610 69615
69620 69628 69629 69633 69636 69643 69653 69658 69667 69677 69679 69682 69691 69701 69707 69716 69721 69727
69736 69741 69747 69748 69758 69764 69767 69770 69779 69782 69784 69785 69787 69797 69803 69804 69810 69816
69822 69823 69829 69837 69847 69848 69854 69863 69872 69873 69882 69891 69892 69900 69907 69912 69914 69924
69927 69935 69943 69945 69953 69958 69962 69963 69969 69972 69978 69981 69982 69991 69999 70003 70009 70018
70025 70028 70033 70041 70042 70052 70058 70063 70064 70072 70079 70082 70091 70099 70109 70119 70121 70131
70132 70137 70143 70144 70153 70157 70165 70171 70176 70182 70183 70186 70193 70194 70201 70203 70206 70216
70224 70233 70235 70241 70247 70255 70260 70264 70269 70279 70288 70295 70302 70310 70318 70326 70333 70339
70349 70355 70361 70367 70369 70371 70380 70381 70386 70391 70396 70397 70404 70406 70408 70415 70423 70433
70441 70448 70452 70456 70458 70465 70467 70472 70475 70477 70486 70490 70495 70500 70509 70515 70523 70525
70529 70538 70547 70550 70554 70561 70563 70569 70570 70578 70585 70595 70602 70605 70609 70615 70623 70633
70640 70649 70657 70664 70673 70678 70682 70692 70700 70704 70712 70720 70727 70737 70743 70750 70753 70761
70769 70779 70783 70784 70788 70793 70801 70810 70815 70825 70826 70829 70832 70839 70840 70849 70857 70864
70873 70882 70885 70893 70900 70907 70917 70918 70921 70926 70930 70938 70947 70948 70958 70964 70965 70972
70975 70976 70985 70990 70998 71007 71015 71018 71019 71029 71035 71039 71047 71055 71064 71067 71068 71075
71085 71093 71103 71112 71117 71127 71134 71144 71146 71153 71160 71167 71175 71184 71188 71197 71199 71207
71217 71225 71228 71234 71241 71247 71251 71258 71265 71270 71274 71281 71282 71285 71291 71293 71296 71300
71305 71315 71321 71329 71339 71341 71351 71358 71367 71372 71382 71389 71395 71398 71401 71408 71412 71415
71420 71427 71430 71437 71443 71453 71456 71462 71468 71469 71476 71485 71489 71495 71502 71508 71515 71525
71530 71539 71548 71550 71558 71564 71572 71573 71575 71583 71590 71598 71603 71607 71612 71614 71621 71622
71629 71638 71648 71657 71663 71668 71669 71672 71681 71690 71698 71701 71710 71715 71721 71730 71740 71748
71756 71764 71767 71770 71779 71789 71796 71802 71812 71820 71825 71832 71837 71841 71850 71853 71858 71859
71866 71874 71875 71879 71881 71885 71893 71901 71902 71905 71915 71920 71924 71928 71936 71940 71943 71944
71947 71950 71960 71964 71967 71969 71973 71975 71977 71983 71992 72000 72004 72011 72015 72019 72026 72027
72033 72036 72046 72049 72055 72064 72069 72075 72083 72091 72099 72105 72115 72119 72125 72135 72144 72154
72156 72159 72166 72173 72181 72189 72190 72195 72202 72205 72215 72221 72231 72241 72247 72254 72260 72265
72275 72280 72289 72292 72298 72301 72309 72312 72321 72323 72331 72339 72341 72342 72352 72358 72363 72369
72378 72386 72387 72393 72401 72409 72416 72424 72426 72428 72432 72441 72445 72450 72453 72462 72470 72473
72480 72482 72484 72494 72499 72501 72506 72510 72520 72529 72531 72537 72545 72554 72558 72564 72568 72574
72583 72591 72593 72600 72605 72608 72611 72616 72625 72631 72635 72641 72643 72649 72657 72658 72666 72667
72677 72678 72682 72685 72694 72704 72712 72720 72724 72732 72735 72742 72745 72746 72753 72755 72759 72760
72770 72780 72786 72791 72794 72801 72805 72811 72818 72825 72826 72830 72837 72844 72851 72860 72863 72865
72867 72871 72881 72887 72889 72892 72894 72904 72905 72912 72915 72917 72920 72926 72929 72933 72934 72937
72941 72950 72954 72960 72965 72967 72970 72979 72989 72993 72994 73002 73010 73014 73016 73025 73032 73039
73042 73051 73061 73068 73071 73072 73074 73077 73081 73085 73089 73091 73100 73103 73106 73107 73113 73117
73121 73129 73130 73136 73139 73148 73156 73165 73174 73181 73188 73195 73204 73214 73223 73233 73242 73246
73255 73262 73264 73274 73282 73283 73289 73296 73301 73305 73313 73318 73320 73329 73333 73340 73343 73349
73353 73361 73366 73369 73372 73378 73384 73385 73393 73401 73402 73408 73413 73419 73420 73422 73432 73439
73446 73454 73457 73467 73470 73479 73488 73498 73500 73509 73512 73514 73522 73525 73535 73541 73550 73552
73562 73572 73575 73576 73581 73585 73589 73590 73591 73596 73602 73604 73606 73607 73611 73618 73627 73629
73633 73639 73646 73656 73666 73674 73676 73682 73687 73693 73694 73696 73698 73705 73711 73715 73718 73724
73732 73737 73741 73748 73754 73756 73763 73765 73769 73773 73779 73780 73789 73794 73795 73805 73807 73813
73823 73830 73832 73841 73849 73854 73855 73860 73870 73880 73884 73885 73890 73895 73900 73910 73914 73920
73930 73938 73946 73954 73963 73970 73975 73979 73984 73988 73994 74001 74006 74012 74016 74017 74020 74024
74031 74038 74041 74045 74055 74056 74057 74063 74072 74074 74077 74082 74087 74095 74102 74112 74114 74120
74129 74139 74142 74151 74155 74156 74163 74164 74166 74176 74178 74184 74193 74198 74205 74215 74218 74226
74227 74237 74244 74246 74256 74257 74261 74264 74269 74273 74278 74279 74283 74291 74295 74301 74306 74314
74316 74320 74327 74335 74342 74344 74346 74349 74356 74363 74368 74370 74371 74379 74387 74396 74400 74401
74406 74408 74413 74414 74415 74417 74423 74431 74441 74445 74451 74459 74465 74474 74475 74481 74488 74492
74499 74502 74509 74515 74516 74518 74522 74530 74538 74544 74552 74560 74561 74565 74569 74570 74576 74580
74584 74592 74595 74601 74608 74615 74623 74628 74635 74638 74646 74652 74656 74658 74660 74665 74667 74669
74672 74681 74684 74694 74696 74699 74704 74713 74723 74732 74742 74743 74750 74759 74769 74772 74779 74782
74790 74800 74801 74811 74820 74826 74827 74833 74841 74849 74856 74862 74870 74879 74884 74887 74895 74898
74900 74904 74907 74917 74920 74930 74936 74944 74945 74950 74955 74960 74962 74966 74973 74974 74983 74992
75000 75009 75013 75023 75030 75039 75041 75048 75049 75053 75061 75071 75072 75074 75078 75086 75095 75098
75106 75114 75124 75134 75138 75145 75155 75157 75165 75174 75181 75184 75190 75191 75193 75201 75205 75206
75207 75213 75216 75220 75221 75231 75238 75248 75249 75258 75260 75266 75272 75281 75289 75295 75301 75310
75320 75328 75338 75348 75358 75366 75376 75378 75382 75386 75392 75396 75404 75407 75409 75416 75417 75421
75430 75437 75443 75453 75456 75465 75466 75475 75481 75487 75495 75505 75510 75515 75523 75528 75534 75536
75538 75546 75547 75557 75565 75568 75575 75580 75585 75588 75590 75594 75596 75600 75610 75612 75619 75629
75632 75639 75642 75652 75654 75660 75666 75676 75682 75692 75693 75703 75713 75721 75729 75733 75734 75741
75750 75754 75761 75770 75778 75780 75787 75788 75796 75804 75805 75812 75818 75819 75823 75827 75834 75835
75842 75849 75857 75864 75870 75878 75880 75886 75896 75902 75911 75915 75925 75934 75942 75952 75955 75959
75969 75978 75987 75993 75999 76009 76011 76014 76016 76018 76023 76026 76031 76038 76041 76044 76050 76051
76061 76068 76069 76079 76083 76090 76095 76103 76112 76121 76123 76131 76141 76151 76159 76162 76170 76172
76180 76185 76192 76194 76198 76200 76204 76206 76209 76213 76214 76221 76224 76227 76237 76242 76252 76259
76265 76274 76278 76283 76293 76298 76308 76316 76326 76336 76343 76344 76347 76357 76359 76362 76372 76382
76390 76392 76399 76407 76417 76421 76423 76425 76427 76435 76439 76447 76450 76454 76462 76472 76477 76478
76488 76490 76497 76498 76500 76507 76517 76523 76526 76532 76533 76540 76543 76548 76552 76557 76566 76567
76569 76573 76577 76579 76589 76594 76597 76598 76602 76610 76620 76630 76632 76637 76639 76643 76651 76658
76664 76671 76674 76682 76685 76692 76694 76700 76702 76707 76709 76717 76718 76727 76728 76733 76743 76751
76757 76760 76762 76772 76776 76786 76794 76795 76805 76807 76809 76811 76821 76828 76835 76842 76850 76858
76859 76860 76869 76870 76879 76887 76892 76902 76912 76918 76926 76934 76938 76942 76943 76946 76953 76958
76965 76969 76971 76979 76986 76991 76998 77004 77013 77014 77024 77029 77032 77033 77043 77049 77051 77058
77060 77066 77069 77070 77077 77083 77084 77088 77091 77093 77099 77109 77114 77122 77123 77130 77132 77142
77151 77160 77170 77172 77181 77185 77192 77193 77202 77210 77216 77222 77227 77234 77241 77245 77251 77257
77259 77262 77264 77269 77273 77277 77281 77284 77285 77292 77298 77299 77309 77318 77327 77334 77335 77344
77345 77350 77355 77362 77369 77379 77388 77397 77405 77407 77412 77414 77421 77429 77432 77435 77441 77447
77454 77458 77464 77472 77479 77488 77495 77497 77503 77513 77522 77524 77527 77535 77536 77545 77550 77555
77560 77570 77579 77585 77587 77590 77593 77595 77602 77610 77615 77621 77630 77638 77647 77657 77661 77669
77679 77684 77693 77694 77701 77702 77704 77708 77717 77722 77727 77728 77737 77739 77746 77749 77750 77755
77765 77775 77781 77785 77795 77800 77803 77805 77807 77814 77822 77831 77837 77846 77849 77858 77859 77860
77866 77872 77880 77882 77885 77892 77902 77907 77908 77918 77921 77923 77932 77933 77941 77951 77959 77963
77971 77973 77979 77983 77990 77999 78006 78009 78016 78019 78027 78037 78039 78043 78048 78053 78056 78062
78064 78070 78078 78082 78083 78085 78089 78094 78097 78102 78108 78111 78112 78122 78123 78127 78131 78141
78145 78154 78159 78168 78175 78176 78185 78189 78192 78198 78207 78211 78217 78225 78227 78233 78235 78245
78254 78259 78261 78266 78272 78277 78286 78291 78295 78299 78308 78318 78323 78333 78335 78337 78342 78346
78354 78362 78369 78378 78387 78397 78398 78406 78411 78418 78426 78433 78441 78446 78456 78463 78464 78474
78479 78488 78489 78493 78497 78505 78511 78521 78522 78530 78537 78547 78556 78562 78563 78565 78568 78569
78576 78578 78587 78588 78598 78604 78609 78618 78626 78636 78645 78651 78653 78657 78661 78662 78668 78678
78686 78688 78696 78701 78709 78711 78718 78725 78730 78739 78741 78743 78747 78757 78767 78768 78776 78780
78790 78799 78806 78810 78815 78817 78824 78826 78832 78842 78850 78857 78862 78864 78868 78877 78884 78887
78889 78898 78901 78903 78904 78907 78915 78923 78924 78930 78932 78942 78950 78957 78960 78970 78971 78973
78982 78992 78999 79000 79001 79006 79014 79018 79027 79036 79042 79051 79058 79064 79068 79072 79074 79083
79088 79090 79093 79099 79109 79113 79116 79122 79130 79135 79142 79144 79151 79157 79167 79168 79171 79173
79180 79189 79191 79198 79207 79215 79217 79219 79225 79234 79241 79248 79252 79255 79256 79257 79266 79267
79276 79282 79288 79290 79297 79303 79310 79317 79319 79325 79330 79335 79336 79338 79348 79357 79363 79373
79376 79385 79391 79401 79404 79407 79417 79418 79427 79432 79442 79452 79461 79465 79472 79481 79488 79491
79498 79508 79517 79525 79528 79537 79547 79551 79556 79559 79560 79561 79568 79570 79571 79580 79584 79589
79590 79598 79605 79609 79616 79618 79627 79631 79632 79636 79639 79647 79653 79663 79668 79676 79680 79686
79694 79704 79713 79716 79720 79726 79731 79733 79739 79748 79755 79756 79764 79768 79778 79785 79790 79794
79802 79805 79806 79809 79812 79820 79825 79830 79838 79845 79853 79854 79860 79870 79874 79883 79884 79892
79895 79900 79901 79909 79911 79912 79913 79915 79921 79931 79941 79949 79953 79958 79963 79965 79967 79969
79977 79985 79993 80001 80006 80007 80015 80024 80027 80036 80042 80046 80047 80057 80058 80060 80070 80080
80084 80094 80099 80108 80114 80119 80123 80131 80137 80138 80139 80141 80149 80152 80156 80162 80163 80171
80177 80181 80189 80192 80200 80210 80220 80227 80234 80244 80250 80257 80265 80268 80276 80282 80291 80301
80304 80308 80310 80317 80326 80330 80336 80345 80355 80356 80359 80360 80362 80364 80365 80369 80371 80376
80377 80379 80382 80390 80395 80396 80398 80406 80407 80409 80417 80423 80430 80437 80439 80440 80448 80456
80460 80464 80474 80480 80485 80495 80499 80506 80510 80512 80520 80528 80535 80544 80551 80560 80564 80570
80573 80583 80589 80593 80596 80598 80601 80605 80608 80611 80613 80619 80621 80623 80632 80642 80652 80655
80661 80662 80671 80680 80689 80694 80704 80707 80713 80714 80722 80728 80731 80732 80741 80742 80749 80752
80758 80765 80771 80780 80787 80789 80798 80805 80812 80821 80825 80831 80841 80846 80849 80859 80868 80876
80878 80887 80890 80897 80906 80907 80911 80920 80929 80934 80943 80950 80951 80953 80954 80964 80965 80975
80980 80985 80990 80996 81004 81007 81015 81017 81025 81032 81042 81046 81054 81055 81063 81069 81073 81075
81078 81081 81083 81093 81097 81099 81104 81113 81116 81122 81129 81138 81143 81148 81155 81162 81163 81164
81171 81178 81184 81188 81197 81199 81200 81207 81213 81214 81217 81223 81232 81235 81245 81248 81250 81252
81261 81269 81272 81282 81284 81291 81292 81302 81311 81319 81329 81334 81342 81344 81350 81355 81359 81367
81368 81375 81377 81380 81384 81392 81396 81397 81401 81403 81406 81413 81423 81429 81434 81435 81442 81450
81459 81464 81465 81475 81478 81479 81486 81490 81491 81493 81496 81504 81509 81513 81521 81523 81528 81538
81546 81549 81559 81564 81570 81574 81581 81587 81594 81596 81606 81613 81622 81627 81635 81643 81648 81656
81662 81664 81668 81675 81685 81690 81697 81698 81708 81714 81721 81727 81731 81741 81750 81760 81761 81765
81766 81771 81772 81780 81783 81791 81794 81802 81806 81811 81818 81824 81832 81835 81842 81848 81849 81859
81866 81868 81875 81884 81887 81888 81895 81899 81904 81911 81914 81918 81925 81933 81942 81945 81952 81957
81965 81972 81976 81982 81991 82001 82008 82014 82018 82020 82024 82025 82034 82044 82046 82052 82057 82062
82066 82070 82079 82080 82086 82093 82101 82104 82114 82118 82122 82132 82141 82144 82151 82154 82164 82166
82172 82177 82186 82189 82198 82207 82211 82219 82229 82234 82241 82244 82251 82261 82265 82274 82276 82283
82293 82302 82307 82317 82322 82326 82335 82343 82352 82354 82362 82363 82371 82373 82378 82385 82387 82388
82398 82408 82411 82418 82428 82437 82439 82448 82457 82464 82473 82476 82479 82483 82485 82494 82496 82498
82502 82509 82516 82518 82521 82523 82527 82529 82538 82542 82551 82559 82569 82570 82571 82573 82575 82576
82583 82590 82593 82602 82606 82611 82614 82622 82627 82629 82638 82645 82654 82656 82657 82659 82669 82670
82675 82676 82677 82684 82687 82691 82695 82696 82704 82709 82716 82721 82731 82737 82743 82747 82749 82757
82761 82767 82771 82779 82780 82781 82788 82793 82798 82803 82812 82821 82829 82838 82848 82856 82865 82874
82876 82886 82896 82898 82904 82905 82907 82909 82916 82924 82934 82941 82946 82950 82959 82962 82971 82980
82988 82992 82999 83008 83009 83016 83022 83030 83037 83038 83039 83044 83053 83058 83065 83071 83072 83075
83084 83085 83089 83095 83105 83109 83112 83117 83118 83126 83136 83145 83155 83162 83168 83175 83184 83193
83203 83210 83211 83219 83227 83236 83239 83240 83243 83247 83256 83260 83262 83264 83272 83281 83285 83292
83301 83305 83314 83318 83327 83337 83347 83352 83358 83361 83364 83373 83376 83381 83387 83395 83402 83409
83411 83420 83428 83432 83434 83442 83445 83454 83458 83459 83460 83470 83472 83475 83484 83491 83495 83499
83501 83505 83506 83508 83518 83521 83524 83531 83534 83537 83544 83547 83555 83561 83568 83569 83576 83577
83579 83583 83586 83589 83594 83601 83602 83608 83611 83614 83619 83624 83631 83636 83642 83652 83659 83668
83669 83679 83682 83688 83698 83704 83705 83712 83715 83716 83723 83728 83730 83735 83738 83744 83750 83755
83758 83760 83766 83776 83781 83788 83796 83803 83811 83817 83818 83826 83834 83841 83850 83859 83865 83868
83870 83880 83882 83885 83888 83893 83903 83905 83910 83918 83924 83934 83941 83948 83952 83961 83970 83977
83979 83987 83997 83998 84001 84002 84010 84014 84016 84025 84027 84029 84031 84032 84033 84035 84045 84055
84058 84062 84071 84073 84079 84088 84089 84092 84098 84104 84113 84120 84123 84126 84131 84136 84141 84142
84143 84151 84153 84159 84164 84172 84176 84183 84186 84189 84195 84198 84207 84214 84221 84227 84231 84240
84248 84250 84254 84256 84257 84262 84267 84275 84279 84285 84291 84301 84306 84307 84310 84311 84321 84326
84335 84341 84346 84356 84357 84359 84367 84369 84376 84385 84392 84393 84400 84405 84412 84421 84427 84428
84431 84439 84445 84455 84458 84460 84461 84462 84466 84469 84476 84481 84483 84486 84488 84496 84505 84506
84513 84523 84532 84534 84540 84550 84552 84554 84563 84566 84567 84574 84579 84585 84590 84598 84604 84609
84610 84617 84626 84632 84634 84644 84647 84649 84651 84653 84659 84668 84669 84672 84675 84681 84687 84692
84702 84711 84712 84719 84724 84734 84737 84745 84748 84758 84765 84768 84777 84782 84786 84793 84799 84800
84802 84804 84808 84813 84819 84829 84836 84846 84856 84862 84865 84873 84880 84882 84883 84884 84891 84892
84899 84906 84916 84924 84931 84938 84944 84947 84948 84949 84956 84966 84972 84977 84982 84988 84992 84998
85008 85009 85015 85021 85028 85032 85042 85052 85059 85061 85066 85069 85075 85077 85084 85087 85091 85100
85107 85111 85118 85123 85132 85137 85144 85153 85155 85163 85165 85173 85174 85180 85188 85193 85195 85204
85208 85210 85217 85222 85229 85230 85233 85243 85247 85254 85255 85259 85261 85270 85276 85284 85287 85290
85298 85304 85314 85318 85328 85329 85336 85343 85352 85362 85365 85375 85376 85380 85382 85392 85398 85408
85413 85417 85421 85426 85433 85437 85446 85452 85453 85460 85466 85470 85474 85481 85483 85485 85491 85500
85501 85511 85519 85520 85525 85526 85530 85539 85540 85545 85550 85555 85558 85561 85563 85570 85580 85581
85586 85589 85596 85602 85603 85613 85618 85621 85627 85630 85633 85636 85642 85650 85655 85660 85668 85670
85678 85682 85690 85693 85694 85703 85705 85713 85714 85723 85726 85734 85741 85751 85759 85766 85775 85785
85795 85797 85803 85805 85808 85817 85819 85823 85824 85833 85837 85838 85846 85849 85859 85867 85876 85884
85891 85893 85903 85912 85918 85924 85927 85936 85944 85945 85949 85956 85965 85974 85983 85985 85994 86002
86003 86013 86014 86016 86018 86026 86029 86032 86035 86041 86046 86052 86056 86057 86064 86067 86072 86073
86075 86080 86086 86095 86098 86106 86109 86118 86123 86127 86128 86136 86145 86154 86160 86164 86168 86169
86170 86179 86181 86186 86190 86200 86203 86209 86219 86225 86232 86237 86239 86241 86246 86248 86258 86268
86274 86281 86286 86288 86295 86297 86304 86308 86316 86324 86331 86335 86345 86350 86356 86365 86370 86373
86376 86377 86386 86395 86400 86405 86413 86418 86419 86426 86432 86434 86440 86449 86454 86461 86466 86468
86474 86482 86486 86494 86502 86509 86510 86512 86521 86528 86533 86535 86542 86548 86550 86556 86561 86569
86578 86586 86587 86591 86592 86596 86604 86606 86607 86609 86610 86617 86623 86632 86635 86643 86647 86655
86657 86663 86668 86671 86677 86686 86693 86694 86701 86711 86721 86730 86735 86741 86746 86753 86755 86763
86770 86773 86774 86780 86785 86791 86792 86801 86810 86815 86823 86830 86835 86842 86844 86854 86855 86864
86865 86869 86873 86878 86882 86886 86894 86904 86908 86912 86916 86923 86926 86934 86941 86945 86952 86957
86962 86971 86974 86977 86979 86989 86994 86997 87003 87006 87012 87016 87025 87035 87041 87042 87050 87060
87069 87076 87082 87083 87086 87087 87093 87095 87105 87108 87118 87119 87125 87126 87136 87139 87140 87150
87155 87157 87160 87163 87169 87172 87175 87183 87193 87197 87203 87212 87218 87222 87229 87237 87240 87242
87252 87258 87268 87277 87281 87283 87284 87292 87293 87294 87296 87297 87306 87310 87311 87316 87322 87329
87331 87332 87333 87335 87344 87354 87359 87366 87375 87385 87388 87394 87401 87407 87414 87422 87431 87438
87440 87448 87450 87451 87457 87466 87468 87474 87484 87492 87493 87500 87506 87510 87516 87522 87524 87527
87530 87540 87549 87551 87554 87561 87567 87573 87582 87583 87584 87590 87600 87604 87614 87620 87624 87631
87632 87638 87643 87645 87650 87654 87661 87670 87674 87679 87683 87693 87696 87705 87715 87722 87731 87732
87738 87739 87742 87749 87759 87767 87773 87775 87776 87782 87790 87795 87801 87805 87806 87809 87814 87824
87827 87831 87839 87848 87854 87862 87866 87867 87877 87884 87886 87894 87902 87912 87921 87930 87936 87939
87941 87950 87960 87967 87969 87972 87978 87986 87990 87996 88003 88010 88012 88016 88019 88023 88032 88040
88044 88052 88054 88060 88066 88070 88079 88086 88093 88095 88100 88103 88106 88115 88119 88126 88131 88141
88149 88158 88167 88171 88175 88176 88183 88186 88187 88195 88199 88205 88208 88213 88214 88217 88223 88231
88240 88243 88248 88250 88254 88255 88256 88261 88267 88273 88278 88284 88286 88292 88300 88303 88306 88313
88318 88323 88332 88340 88347 88357 88364 88369 88371 88372 88375 88383 88384 88387 88390 88397 88399 88402
88403 88404 88412 88415 88425 88432 88438 88440 88444 88452 88453 88454 88456 88462 88472 88476 88478 88483
88488 88494 88495 88505 88511 88512 88513 88514 88518 88524 88529 88530 88534 88536 88540 88545 88547 88548
88556 88561 88570 88572 88581 88591 88598 88602 88607 88617 88623 88625 88633 88643 88653 88663 88670 88676
88686 88695 88700 88701 88709 88714 88719 88725 88734 88736 88737 88747 88752 88761 88763 88770 88780 88786
88793 88802 88809 88819 88826 88830 88837 88838 88841 88847 88857 88865 88870 88871 88872 88876 88879 88882
88889 88899 88905 88909 88912 88914 88921 88931 88941 88944 88946 88954 88964 88971 88973 88980 88984 88990
89000 89003 89010 89018 89019 89023 89032 89040 89041 89045 89047 89050 89056 89064 89071 89072 89080 89084
89085 89089 89093 89094 89104 89106 89116 89119 89127 89130 89131 89132 89142 89144 89150 89156 89166 89171
89180 89185 89195 89198
