-55 -52 -42 -35 -26 -16 -6 -1 1 8 9 11 21 28 37 40 47 56
57 66 70 79 83 88 98 103 105 110 119 120 129 139 144 146 151 157
160 164 169 175 176 184 194 197 198 199 200 201 202 205 213 216 217 222
227 235 240 241 245 255 263 264 273 280 284 288 291 300 308 317 324 328
332 335 336 337 343 345 348 353 360 364 367 369 375 382 389 394 403 411
413 420 423 426 428 436 441 450 458 466 475 478 485 488 496 506 511 520
527 537 538 541 542 544 552 560 561 562 572 578 586 596 598 604 605 606
608 618 625 632 642 652 661 667 675 680 683 689 699 701 702 703 709 715
718 723 728 733 738 745 746 752 759 765 770 779 783 791 801 810 816 818
823 830 832 840 850 853 856 857 865 872 881 888 894 901 902 907 917 924
925 935 937 946 951 956 964 965 974 983 990 992 995 999 1003 1007 1010 1014
1021 1025 1034 1040 1042 1049 1051 1060 1065 1067 1076 1086 1088 1093 1100 1107 1110 1118
1127 1130 1135 1142 1149 1153 1160 1170 1173 1178 1180 1187 1197 1203 1205 1214 1220 1228
1230 1234 1236 1239 1245 1255 1260 1269 1275 1284 1286 1296 1297 1300 1305 1315 1317 1321
1325 1335 1339 1349 1351 1355 1357 1361 1365 1374 1383 1390 1398 1407 1415 1424 1425 1433
1440 1441 1446 1450 1458 1459 1466 1476 1477 1482 1491 1499 1502 1509 1516 1525 1535 1538
1547 1554 1564 1571 1579 1581 1589 1595 1605 1610 1620 1623 1630 1635 1639 1645 1647 1650
1652 1654 1660 1669 1672 1675 1677 1680 1685 1693 1694 1695 1704 1706 1715 1723 1730 1732
1738 1739 1745 1753 1756 1761 1768 1775 1777 1787 1789 1794 1797 1799 1802 1808 1817 1820
1827 1833 1838 1840 1842 1843 1844 1848 1852 1858 1862 1865 1868 1878 1881 1891 1896 1900
1905 1914 1918 1926 1930 1935 1943 1944 1949 1954 1959 1963 1968 1974 1981 1990 1991 2001
2007 2017 2018 2024 2034 2040 2046 2050 2058 2062 2066 2076 2086 2092 2102 2110 2113 2118
2119 2123 2133 2140 2142 2152 2154 2163 2172 2180 2183 2186 2196 2197 2203 2209 2210 2211
2214 2216 2218 2223 2226 2231 2240 2242 2247 2254 2259 2263 2265 2270 2275 2276 2280 2286
2292 2295 2298 2308 2312 2318 2323 2324 2327 2337 2341 2343 2351 2354 2359 2366 2373 2375
2383 2386 2389 2391 2397 2399 2400 2404 2409 2413 2423 2432 2440 2441 2451 2457 2459 2467
2477 2481 2482 2491 2500 2507 2512 2521 2528 2533 2537 2541 2550 2555 2560 2565 2572 2581
2589 2599 2608 2616 2621 2626 2631 2633 2643 2653 2662 2671 2676 2677 2678 2679 2689 2697
2707 2713 2721 2725 2729 2734 2735 2741 2748 2751 2755 2759 2760 2769 2776 2780 2784 2794
2798 2805 2812 2822 2826 2830 2839 2844 2853 2861 2870 2874 2881 2886 2896 2901 2911 2912
2914 2924 2933 2941 2951 2957 2965 2966 2973 2975 2984 2986 2988 2992 2998 3005 3008 3017
3023 3026 3031 3039 3043 3045 3047 3050 3053 3060 3064 3065 3066 3076 3082 3083 3089 3094
3101 3107 3115 3122 3128 3136 3143 3148 3155 3160 3164 3168 3171 3174 3175 3177 3183 3187
3189 3193 3195 3199 3205 3214 3217 3227 3234 3240 3242 3251 3257 3267 3269 3270 3278 3284
3293 3296 3306 3315 3325 3334 3343 3346 3347 3357 3365 3374 3378 3379 3381 3383 3392 3397
3405 3415 3424 3429 3439 3446 3455 3458 3467 3472 3473 3474 3484 3487 3490 3499 3505 3508
3516 3521 3522 3529 3533 3541 3545 3550 3554 3561 3566 3574 3583 3589 3591 3600 3609 3613
3620 3624 3628 3631 3637 3640 3642 3650 3656 3664 3673 3675 3676 3677 3686 3694 3702 3709
3710 3717 3722 3727 3728 3732 3737 3743 3747 3749 3754 3757 3765 3773 3780 3788 3795 3797
3802 3804 3807 3815 3816 3825 3828 3838 3841 3851 3861 3863 3872 3882 3887 3896 3898 3901
3910 3914 3918 3926 3927 3935 3937 3938 3948 3953 3954 3958 3967 3974 3984 3987 3989 3995
4004 4005 4006 4010 4018 4023 4031 4036 4042 4046 4050 4057 4062 4070 4077 4085 4094 4099
4106 4116 4123 4132 4138 4143 4152 4153 4156 4164 4166 4170 4174 4181 4191 4201 4209 4211
4216 4222 4229 4230 4239 4243 4250 4255 4263 4273 4277 4283 4293 4300 4309 4316 4322 4324
4327 4333 4343 4347 4356 4362 4372 4377 4379 4380 4383 4387 4390 4395 4396 4406 4408 4416
4424 4433 4438 4440 4446 4448 4452 4454 4459 4464 4469 4478 4483 4488 4489 4495 4505 4515
4522 4523 4531 4537 4540 4549 4550 4551 4557 4559 4569 4570 4572 4582 4584 4594 4602 4605
4610 4620 4625 4628 4634 4637 4646 4652 4662 4671 4674 4682 4683 4684 4688 4697 4707 4709
4716 4717 4725 4735 4739 4740 4744 4752 4759 4760 4766 4770 4775 4784 4787 4790 4794 4796
4806 4809 4817 4825 4826 4835 4845 4851 4855 4857 4862 4868 4871 4880 4888 4889 4897 4904
4912 4918 4925 4932 4942 4950 4956 4958 4968 4977 4985 4993 4997 5007 5015 5023 5030 5040
5050 5057 5061 5071 5074 5078 5083 5087 5094 5101 5110 5113 5123 5130 5134 5136 5142 5147
5149 5158 5160 5167 5168 5177 5180 5190 5192 5200 5204 5211 5220 5224 5231 5241 5243 5252
5258 5268 5269 5277 5287 5295 5300 5306 5314 5322 5331 5341 5343 5344 5349 5351 5359 5368
5375 5377 5386 5388 5389 5393 5399 5409 5416 5419 5429 5433 5443 5444 5453 5454 5457 5459
5465 5466 5467 5471 5481 5484 5488 5498 5503 5507 5516 5525 5528 5537 5547 5549 5551 5555
5560 5570 5576 5581 5590 5591 5596 5606 5609 5614 5615 5619 5624 5625 5635 5644 5649 5659
5669 5672 5673 5680 5687 5694 5697 5701 5706 5712 5718 5724 5728 5731 5735 5742 5747 5756
5757 5760 5764 5768 5778 5780 5781 5791 5795 5803 5812 5815 5816 5819 5822 5823 5829 5834
5840 5846 5854 5859 5861 5868 5869 5875 5882 5887 5896 5899 5906 5908 5910 5911 5912 5917
5920 5922 5927 5934 5935 5940 5941 5951 5956 5963 5973 5983 5993 6003 6010 6012 6017 6021
6030 6031 6039 6040 6044 6053 6058 6059 6061 6068 6069 6072 6079 6085 6092 6102 6105 6115
6121 6131 6137 6147 6150 6155 6162 6171 6173 6183 6191 6194 6198 6204 6213 6216 6226 6227
6231 6238 6242 6252 6255 6256 6264 6273 6282 6290 6298 6300 6303 6308 6312 6313 6321 6330
6333 6337 6339 6349 6356 6361 6364 6372 6378 6387 6397 6407 6408 6411 6417 6423 6424 6433
6437 6440 6444 6453 6454 6460 6467 6472 6474 6482 6486 6494 6502 6508 6513 6514 6517 6523
6524 6528 6531 6540 6546 6556 6566 6571 6572 6581 6588 6595 6600 6607 6613 6615 6618 6622
6631 6633 6640 6647 6652 6654 6658 6668 6678 6681 6690 6693 6702 6709 6718 6721 6723 6730
6738 6748 6758 6759 6765 6773 6775 6781 6783 6789 6793 6800 6802 6810 6814 6815 6819 6826
6834 6836 6846 6847 6853 6860 6869 6873 6878 6881 6889 6890 6897 6906 6913 6914 6924 6928
6933 6939 6947 6949 6957 6960 6963 6972 6980 6984 6990 6991 6996 7006 7007 7014 7021 7026
7031 7040 7043 7046 7051 7056 7062 7070 7079 7084 7093 7100 7110 7111 7121 7125 7131 7136
7144 7154 7159 7169 7172 7182 7191 7197 7202 7207 7215 7225 7229 7234 7240 7246 7253 7257
7262 7270 7280 7281 7290 7294 7301 7311 7313 7318 7325 7329 7336 7340 7344 7350 7354 7359
7363 7368 7377 7380 7384 7393 7397 7400 7404 7405 7414 7417 7424 7429 7434 7443 7447 7453
7462 7468 7477 7487 7490 7495 7498 7506 7509 7512 7522 7529 7535 7544 7554 7561 7570 7571
7576 7584 7589 7591 7601 7611 7621 7630 7636 7644 7650 7659 7660 7667 7668 7674 7682 7686
7692 7694 7697 7707 7711 7714 7722 7728 7735 7738 7744 7752 7754 7759 7768 7777 7778 7785
7795 7800 7802 7807 7814 7819 7827 7837 7843 7846 7849 7859 7866 7872 7877 7878 7883 7889
7894 7899 7906 7910 7911 7917 7927 7936 7946 7954 7962 7966 7967 7972 7976 7980 7981 7990
7992 7994 7995 7996 7997 8004 8013 8020 8030 8036 8046 8049 8050 8057 8061 8063 8069 8072
8078 8081 8087 8093 8098 8108 8109 8110 8111 8114 8119 8121 8130 8140 8143 8148 8152 8159
8165 8172 8177 8183 8185 8187 8190 8200 8206 8215 8222 8225 8232 8236 8239 8240 8243 8247
8256 8263 8271 8275 8277 8283 8293 8298 8302 8305 8309 8313 8316 8317 8327 8335 8338 8340
8350 8354 8359 8366 8374 8375 8380 8390 8396 8397 8400 8409 8413 8414 8417 8422 8424 8431
8437 8446 8454 8464 8473 8480 8484 8490 8495 8501 8510 8518 8528 8532 8533 8539 8541 8542
8545 8554 8556 8562 8565 8571 8581 8585 8586 8590 8595 8598 8602 8608 8613 8619 8624 8625
8628 8631 8634 8639 8643 8648 8651 8656 8657 8660 8661 8663 8669 8672 8681 8685 8686 8695
8699 8701 8703 8709 8714 8721 8726 8732 8736 8743 8747 8756 8759 8761 8771 8781 8788 8796
8806 8813 8819 8824 8830 8836 8842 8848 8856 8862 8871 8875 8881 8890 8891 8896 8902 8908
8911 8921 8929 8934 8943 8953 8960 8969 8975 8976 8984 8991 8998 9004 9012 9019 9026 9032
9039 9044 9047 9055 9060 9061 9063 9068 9069 9078 9080 9083 9093 9096 9105 9110 9115 9122
9125 9130 9135 9145 9147 9151 9152 9154 9164 9173 9183 9193 9196 9200 9205 9206 9209 9212
9221 9222 9230 9233 9234 9236 9239 9245 9247 9253 9261 9271 9279 9285 9286 9291 9297 9306
9311 9314 9320 9328 9338 9347 9354 9362 9368 9373 9375 9382 9392 9395 9401 9402 9407 9410
9418 9423 9433 9437 9446 9450 9451 9461 9464 9468 9476 9478 9480 9485 9495 9499 9504 9507
9511 9512 9517 9521 9523 9530 9540 9542 9545 9554 9563 9565 9572 9575 9577 9582 9589 9599
9600 9602 9610 9613 9614 9618 9626 9636 9644 9651 9659 9665 9675 9676 9686 9694 9700 9701
9710 9711 9715 9720 9721 9729 9733 9735 9738 9746 9748 9758 9768 9772 9776 9785 9787 9797
9801 9811 9817 9826 9836 9840 9848 9855 9857 9862 9865 9867 9872 9878 9884 9887 9891 9896
9900 9908 9913 9919 9926 9927 9937 9941 9944 9949 9950 9959 9960 9963 9965 9972 9977 9982
9983 9990 9994 10001 10002 10010 10014 10020 10026 10028 10037 10045 10051 10058 10059 10062 10072 10075
10078 10088 10096 10100 10109 10118 10126 10131 10137 10142 10147 10155 10160 10168 10169 10176 10181 10189
10199 10201 10202 10206 10209 10215 10217 10218 10219 10222 10229 10235 10237 10239 10241 10244 10247 10249
10250 10255 10261 10263 10269 10277 10283 10293 10302 10312 10314 10318 10323 10329 10333 10340 10345 10349
10358 10365 10371 10375 10380 10384 10390 10399 10409 10411 10414 10422 10432 10441 10443 10452 10459 10460
10461 10463 10467 10469 10471 10475 10478 10483 10486 10489 10499 10505 10506 10508 10514 10517 10518 10525
10526 10533 10542 10551 10559 10563 10573 10580 10581 10591 10593 10602 10611 10616 10624 10626 10631 10640
10642 10644 10654 10663 10673 10680 10686 10689 10691 10693 10695 10702 10704 10711 10718 10719 10724 10728
10732 10733 10741 10742 10748 10752 10759 10763 10766 10767 10772 10778 10785 10793 10799 10801 10802 10811
10817 10825 10827 10836 10842 10844 10850 10853 10861 10865 10868 10873 10883 10890 10896 10899 10908 10915
10916 10920 10922 10932 10933 10937 10938 10945 10951 10954 10956 10966 10968 10974 10976 10981 10991 10999
11006 11015 11018 11019 11026 11035 11043 11049 11059 11061 11062 11071 11077 11086 11092 11096 11098 11100
11103 11111 11118 11125 11128 11135 11140 11150 11160 11169 11179 11187 11195 11197 11207 11208 11209 11217
11221 11229 11235 11244 11250 11257 11264 11274 11276 11280 11283 11290 11295 11305 11307 11309 11317 11318
11320 11325 11327 11333 11335 11342 11349 11351 11353 11354 11362 11371 11377 11378 11384 11386 11391 11398
11399 11403 11413 11416 11421 11423 11433 11439 11441 11442 11449 11453 11455 11456 11463 11471 11476 11480
11490 11498 11502 11504 11512 11521 11526 11536 11544 11551 11559 11568 11574 11581 11583 11591 11592 11599
11605 11608 11613 11623 11631 11638 11642 11649 11656 11665 11673 11680 11681 11689 11699 11706 11715 11717
11725 11726 11728 11738 11747 11756 11760 11767 11768 11771 11774 11779 11786 11793 11803 11812 11822 11825
11830 11840 11845 11854 11855 11864 11871 11872 11876 11879 11881 11883 11886 11896 11900 11910 11916 11921
11930 11937 11945 11949 11951 11955 11965 11973 11981 11989 11990 11992 11993 11994 12004 12008 12018 12021
12023 12028 12029 12038 12045 12048 12053 12059 12068 12077 12078 12085 12088 12091 12099 12105 12112 12117
12119 12122 12127 12129 12133 12138 12146 12156 12163 12169 12179 12184 12189 12199 12205 12211 12218 12228
12231 12232 12238 12245 12254 12258 12266 12268 12276 12286 12287 12294 12296 12304 12306 12313 12319 12322
12324 12325 12331 12339 12340 12350 12353 12355 12356 12360 12368 12374 12384 12385 12391 12395 12404 12407
12413 12414 12422 12424 12434 12437 12446 12450 12454 12462 12466 12475 12476 12477 12481 12491 12498 12502
12503 12507 12511 12520 12525 12531 12540 12550 12558 12560 12563 12569 12571 12579 12585 12590 12595 12605
12614 12618 12619 12624 12633 12635 12639 12643 12647 12651 12653 12656 12664 12673 12674 12675 12681 12682
12691 12697 12707 12713 12716 12718 12719 12728 12733 12738 12748 12758 12761 12762 12765 12772 12777 12780
12787 12793 12796 12801 12808 12814 12818 12827 12830 12832 12838 12847 12856 12862 12869 12872 12877 12886
12891 12901 12911 12917 12926 12928 12935 12937 12940 12942 12949 12956 12966 12967 12977 12978 12985 12987
12991 12996 13005 13006 13007 13014 13018 13025 13030 13033 13040 13045 13047 13056 13063 13068 13077 13083
13089 13098 13101 13104 13107 13116 13118 13128 13138 13143 13151 13155 13163 13169 13172 13175 13179 13183
13184 13186 13189 13192 13201 13211 13219 13228 13232 13242 13248 13252 13257 13262 13268 13272 13277 13286
13289 13298 13301 13309 13318 13321 13322 13332 13342 13347 13353 13362 13367 13376 13377 13385 13390 13395
13401 13410 13411 13413 13423 13426 13436 13443 13449 13453 13455 13459 13463 13469 13479 13489 13492 13497
13499 13509 13516 13526 13534 13543 13544 13551 13559 13562 13564 13568 13571 13578 13585 13592 13602 13603
13612 13614 13621 13626 13636 13639 13645 13652 13654 13659 13666 13667 13669 13675 13684 13688 13698 13708
13717 13724 13733 13734 13735 13745 13754 13764 13772 13776 13779 13781 13790 13797 13807 13809 13810 13816
13820 13824 13831 13840 13845 13855 13857 13867 13869 13872 13874 13876 13880 13887 13893 13897 13898 13903
13904 13909 13917 13922 13926 13936 13938 13943 13951 13959 13962 13963 13968 13969 13970 13973 13976 13980
13985 13995 14002 14004 14010 14012 14021 14026 14034 14043 14047 14055 14057 14066 14074 14079 14080 14085
14092 14102 14112 14122 14132 14135 14137 14147 14149 14157 14159 14163 14167 14170 14176 14178 14180 14182
14185 14193 14198 14206 14211 14215 14217 14226 14234 14235 14239 14240 14249 14259 14264 14268 14278 14280
14285 14289 14297 14304 14310 14312 14320 14325 14328 14330 14340 14344 14353 14357 14366 14375 14376 14386
14390 14396 14399 14405 14408 14409 14415 14419 14420 14428 14431 14436 14439 14444 14451 14454 14462 14466
14467 14475 14476 14480 14484 14494 14495 14505 14512 14514 14517 14518 14527 14532 14537 14544 14548 14557
14565 14567 14572 14581 14583 14588 14596 14606 14615 14622 14627 14628 14632 14637 14638 14643 14646 14650
14652 14653 14660 14670 14671 14680 14684 14694 14697 14705 14709 14710 14714 14717 14719 14725 14730 14733
14738 14747 14749 14753 14758 14768 14776 14781 14788 14794 14804 14808 14809 14812 14821 14825 14829 14831
14832 14837 14843 14849 14854 14863 14871 14873 14882 14889 14898 14908 14910 14917 14921 14931 14932 14942
14946 14956 14960 14963 14972 14976 14977 14978 14988 14995 14996 15002 15008 15017 15026 15035 15043 15045
15053 15058 15066 15068 15073 15083 15089 15090 15091 15099 15102 15112 15113 15120 15130 15132 15141 15144
15151 15158 15163 15168 15170 15180 15183 15189 15198 15207 15215 15219 15222 15225 15231 15237 15241 15247
15256 15259 15265 15270 15274 15282 15289 15293 15296 15298 15304 15313 15319 15329 15331 15333 15343 15353
15355 15365 15374 15377 15386 15387 15389 15396 15403 15412 15415 15416 15423 15431 15436 15441 15448 15452
15461 15469 15474 15478 15485 15488 15494 15501 15510 15511 15513 15518 15524 15528 15535 15538 15544 15546
15553 15558 15563 15568 15571 15576 15580 15581 15589 15595 15598 15601 15607 15615 15617 15624 15629 15639
15646 15647 15654 15655 15657 15665 15671 15676 15684 15690 15691 15694 15702 15710 15712 15718 15726 15731
15733 15738 15740 15746 15751 15759 15769 15772 15774 15777 15781 15791 15793 15797 15807 15817 15821 15824
15827 15833 15840 15850 15854 15863 15866 15871 15874 15879 15888 15892 15899 15901 15909 15916 15921 15924
15931 15937 15945 15953 15960 15970 15978 15986 15995 15997 15999 16005 16014 16023 16024 16031 16033 16038
16044 16049 16051 16059 16063 16069 16075 16080 16084 16087 16096 16103 16106 16112 16119 16129 16139 16147
16157 16164 16170 16176 16186 16196 16206 16212 16213 16216 16223 16224 16231 16237 16244 16248 16258 16268
16271 16275 16278 16288 16294 16296 16306 16313 16320 16326 16331 16337 16341 16342 16345 16347 16353 16360
16370 16374 16384 16389 16396 16403 16406 16416 16420 16424 16425 16426 16429 16433 16435 16445 16448 16449
16456 16464 16474 16481 16490 16493 16497 16502 16504 16508 16511 16514 16520 16521 16531 16536 16538 16541
16542 16548 16557 16560 16568 16577 16583 16593 16603 16607 16608 16615 16618 16619 16621 16627 16634 16636
16645 16651 16652 16660 16663 16671 16672 16674 16677 16684 16686 16689 16692 16696 16703 16709 16716 16724
16728 16732 16739 16745 16747 16755 16762 16764 16773 16776 16783 16790 16800 16804 16813 16817 16819 16828
16835 16838 16843 16844 16849 16853 16863 16873 16874 16877 16886 16892 16899 16903 16907 16910 16919 16928
16930 16938 16945 16949 16955 16962 16968 16978 16980 16990 16998 17008 17018 17021 17026 17031 17033 17035
17043 17046 17049 17059 17060 17062 17072 17075 17085 17092 17099 17108 17112 17119 17128 17136 17137 17138
17143 17153 17161 17165 17173 17180 17183 17190 17193 17199 17200 17201 17210 17215 17220 17227 17237 17246
17255 17265 17273 17274 17277 17281 17291 17294 17300 17303 17312 17321 17328 17338 17344 17351 17358 17360
17366 17373 17383 17389 17395 17399 17400 17403 17407 17409 17418 17425 17433 17436 17443 17453 17462 17470
17474 17482 17483 17485 17494 17498 17506 17515 17518 17525 17531 17538 17548 17552 17556 17562 17571 17573
17575 17584 17586 17596 17597 17603 17605 17609 17611 17613 17623 17630 17633 17637 17644 17646 17655 17660
17666 17670 17679 17680 17688 17695 17705 17712 17717 17718 17728 17730 17738 17747 17754 17764 17768 17776
17778 17781 17785 17792 17800 17802 17806 17812 17813 17822 17827 17828 17829 17833 17840 17845 17846 17854
17857 17861 17863 17872 17882 17887 17891 17896 17900 17910 17912 17913 17922 17925 17928 17938 17942 17947
17957 17960 17961 17971 17972 17976 17979 17987 17988 17992 18002 18004 18006 18012 18020 18029 18032 18040
18050 18055 18057 18059 18063 18067 18068 18073 18074 18081 18087 18093 18095 18099 18104 18114 18122 18128
18135 18139 18145 18147 18155 18164 18170 18173 18182 18183 18184 18193 18203 18207 18212 18215 18224 18231
18241 18245 18252 18261 18262 18268 18271 18280 18288 18291 18299 18300 18310 18320 18323 18328 18332 18335
18339 18341 18350 18359 18368 18369 18375 18385 18386 18391 18394 18395 18401 18404 18406 18415 18416 18423
18427 18428 18434 18435 18439 18446 18455 18456 18462 18471 18481 18485 18488 18490 18496 18503 18507 18508
18516 18522 18530 18535 18543 18550 18553 18560 18566 18572 18578 18586 18587 18588 18592 18595 18604 18609
18618 18627 18632 18635 18643 18644 18653 18660 18669 18676 18677 18678 18685 18693 18702 18711 18714 18724
18730 18740 18743 18751 18754 18757 18761 18769 18775 18776 18781 18785 18794 18803 18807 18811 18818 18826
18830 18834 18837 18843 18849 18853 18860 18865 18871 18874 18883 18890 18891 18899 18903 18905 18908 18910
18915 18917 18924 18933 18940 18949 18950 18953 18954 18956 18957 18964 18969 18974 18976 18983 18989 18990
19000 19008 19017 19018 19026 19035 19039 19043 19048 19053 19054 19061 19063 19068 19069 19070 19072 19082
19090 19095 19098 19104 19114 19122 19126 19131 19135 19145 19153 19156 19160 19166 19173 19183 19186 19190
19199 19204 19208 19215 19218 19224 19231 19238 19240 19247 19257 19262 19267 19272 19282 19291 19293 19300
19308 19312 19315 19321 19326 19330 19331 19341 19347 19353 19355 19365 19373 19381 19389 19392 19396 19404
19406 19414 19418 19426 19434 19441 19444 19446 19448 19458 19468 19474 19484 19489 19493 19503 19512 19513
19519 19525 19532 19542 19551 19560 19570 19572 19579 19583 19586 19596 19605 19610 19612 19617 19623 19630
19636 19642 19646 19647 19655 19659 19661 19663 19666 19667 19673 19683 19693 19701 19708 19718 19724 19730
19740 19748 19749 19758 19761 19769 19779 19784 19792 19794 19799 19809 19815 19825 19827 19832 19833 19838
19841 19847 19857 19866 19873 19882 19883 19891 19893 19902 19905 19912 19916 19918 19927 19933 19940 19945
19947 19948 19958 19961 19965 19971 19977 19984 19992 20001 20004 20007 20009 20015 20016 20024 20031 20038
20045 20047 20057 20066 20072 20079 20086 20091 20093 20100 20102 20105 20106 20113 20119 20127 20128 20129
20136 20139 20148 20155 20163 20165 20168 20176 20179 20187 20188 20198 20208 20218 20221 20225 20230 20239
20248 20249 20259 20269 20277 20279 20286 20289 20296 20304 20311 20319 20322 20326 20327 20335 20342 20344
20350 20355 20357 20363 20369 20372 20373 20376 20386 20396 20403 20410 20413 20420 20429 20434 20435 20436
20438 20444 20452 20458 20463 20468 20471 20479 20480 20487 20488 20497 20503 20512 20521 20522 20527 20533
20536 20541 20549 20552 20558 20563 20573 20583 20587 20593 20601 20606 20610 20618 20621 20629 20632 20634
20636 20643 20653 20659 20662 20665 20669 20672 20678 20679 20688 20693 20700 20702 20712 20720 20728 20729
20733 20736 20743 20749 20758 20762 20767 20777 20784 20786 20796 20801 20804 20809 20815 20824 20833 20840
20841 20845 20847 20851 20857 20860 20862 20869 20871 20878 20885 20891 20898 20906 20908 20911 20917 20919
20922 20929 20939 20949 20950 20957 20964 20970 20979 20984 20989 20999 21008 21013 21015 21016 21024 21032
21042 21044 21048 21050 21052 21062 21069 21077 21081 21086 21087 21090 21097 21106 21108 21115 21116 21126
21131 21139 21149 21152 21162 21165 21175 21179 21180 21189 21199 21201 21208 21209 21212 21219 21225 21231
21240 21246 21249 21259 21268 21271 21275 21284 21292 21293 21302 21306 21308 21313 21322 21331 21335 21336
21346 21347 21348 21352 21359 21362 21364 21365 21366 21373 21374 21375 21382 21387 21388 21390 21392 21396
21398 21407 21414 21417 21422 21430 21437 21441 21451 21461 21469 21479 21486 21495 21501 21502 21507 21514
21515 21517 21523 21526 21527 21532 21542 21552 21556 21563 21568 21575 21579 21589 21599 21601 21602 21611
21621 21622 21630 21637 21647 21649 21652 21653 21658 21660 21666 21675 21679 21689 21697 21698 21702 21711
21721 21730 21735 21740 21741 21747 21757 21759 21765 21767 21774 21784 21789 21794 21795 21797 21803 21807
21817 21825 21835 21837 21840 21847 21850 21851 21859 21867 21872 21878 21887 21890 21898 21908 21914 21915
21919 21929 21937 21940 21948 21954 21963 21969 21974 21975 21981 21987 21997 22006 22014 22019 22023 22029
22030 22031 22033 22038 22046 22056 22061 22071 22074 22084 22087 22097 22106 22113 22121 22126 22133 22134
22136 22144 22147 22153 22161 22165 22174 22176 22180 22182 22190 22193 22197 22203 22208 22217 22224 22225
22229 22236 22237 22238 22247 22253 22257 22267 22275 22279 22285 22287 22297 22298 22308 22312 22316 22321
22327 22335 22343 22350 22356 22361 22370 22371 22375 22385 22387 22391 22396 22406 22414 22420 22429 22431
22440 22444 22454 22458 22462 22465 22467 22470 22473 22475
