-1697 -1691 -1687 -1686 -1676 -1672 -1670 -1663 -1661 -1654 -1648 -1647 -1645 -1635 -1633 -1627 -1617 -1611
-1610 -1600 -1594 -1589 -1588 -1586 -1578 -1568 -1565 -1561 -1552 -1544 -1536 -1529 -1523 -1519 -1515 -1507
-1500 -1499 -1495 -1487 -1485 -1475 -1472 -1464 -1461 -1453 -1451 -1444 -1439 -1430 -1420 -1411 -1405 -1403
-1400 -1390 -1387 -1382 -1377 -1375 -1369 -1368 -1360 -1351 -1341 -1335 -1329 -1325 -1317 -1316 -1309 -1300
-1293 -1289 -1279 -1274 -1271 -1265 -1264 -1260 -1257 -1250 -1244 -1242 -1232 -1231 -1222 -1221 -1215 -1206
-1205 -1199 -1196 -1191 -1187 -1182 -1172 -1170 -1163 -1160 -1159 -1154 -1145 -1142 -1132 -1126 -1122 -1121
-1112 -1105 -1102 -1095 -1094 -1090 -1080 -1079 -1070 -1064 -1057 -1049 -1047 -1042 -1039 -1035 -1031 -1027
-1019 -1012 -1008 -1004 -996 -991 -990 -982 -976 -973 -968 -967 -962 -954 -948 -943 -933 -925
-915 -912 -911 -909 -899 -895 -890 -880 -874 -865 -861 -854 -847 -839 -833 -825 -818 -816
-808 -800 -796 -787 -785 -777 -775 -768 -760 -750 -741 -738 -730 -728 -719 -717 -709 -706
-702 -700 -694 -692 -682 -675 -673 -671 -670 -662 -652 -647 -642 -638 -629 -619 -612 -608
-598 -593 -585 -578 -576 -568 -567 -558 -557 -547 -542 -540 -538 -529 -523 -521 -516 -507
-500 -497 -488 -487 -484 -477 -472 -467 -464 -454 -448 -447 -440 -433 -431 -430 -422 -416
-411 -405 -399 -397 -395 -389 -386 -382 -379 -372 -368 -358 -354 -345 -340 -331 -324 -318
-313 -305 -304 -302 -297 -288 -284 -277 -268 -261 -256 -253 -246 -238 -233 -223 -218 -213
-204 -198 -197 -193 -185 -178 -168 -159 -149 -143 -142 -133 -127 -124 -119 -116 -110 -104
-101 -91 -86 -85 -77 -68 -62 -60 -56 -46 -42 -40 -33 -30 -28 -23 -19 -16
-7 0 4 6 9 14 21 28 32 35 41 46 52 54 59 65 73 81
88 93 94 98 101 110 116 119 120 124 127 128 130 138 142 150 159 169
170 176 185 186 191 193 201 205 206 211 221 222 227 229 230 240 246 247
250 253 259 263 273 283 293 301 302 310 311 321 330 332 338 339 344 353
363 369 377 380 389 395 405 408 416 417 427 436 443 452 457 460 468 475
484 488 493 501 511 518 520 523 531 533 543 552 554 560 565 575 577 584
588 593 600 603 606 614 621 623 625 626 630 637 641 645 650 653 663 671
677 682 685 689 691 695 701 711 719 724 728 734 744 748 756 766 775 783
790 799 807 811 815 819 822 824 832 839 845 851 861 868 869 874 878 881
885 892 894 900 903 910 915 918 921 926 934 937 940 941 947 949 955 962
963 965 970 973 977 984 989 994 1003 1008 1017 1021 1029 1031 1037 1043 1046 1056
1062 1070 1078 1084 1094 1096 1104 1108 1114 1124 1125 1128 1137 1141 1149 1150 1157 1159
1161 1169 1176 1183 1189 1197 1204 1211 1214 1222 1227 1228 1230 1235 1238 1246 1249 1257
1260 1266 1273 1276 1285 1286 1288 1291 1294 1304 1311 1316 1320 1322 1332 1336 1341 1348
1357 1361 1364 1372 1380 1390 1391 1394 1399 1406 1411 1413 1415 1418 1420 1430 1436 1438
1439 1447 1449 1458 1460 1461 1470 1472 1473 1481 1489 1497 1507 1516 1525 1535 1545 1552
1560 1565 1568 1569 1575 1581 1584 1591 1592 1595 1599 1609 1612 1614 1618 1624 1631 1632
1637 1641 1649 1658 1666 1674 1682 1683 1690 1691 1698 1707 1714 1722 1729 1738 1742 1749
1758 1768 1775 1783 1785 1787 1794 1795 1799 1803 1811 1821 1830 1831 1835 1845 1852 1853
1863 1865 1872 1873 1876 1884 1893 1902 1909 1910 1919 1929 1930 1938 1948 1949 1956 1957
1961 1966 1976 1986 1988 1990 1998 2007 2008 2011 2014 2021 2023 2029 2035 2043 2048 2058
2065 2066 2072 2082 2085 2093 2094 2102 2103 2106 2108 2112 2120 2130 2135 2142 2146 2153
2155 2163 2173 2175 2179 2187 2195 2200 2210 2212 2221 2229 2232 2235 2245 2251 2259 2269
2275 2279 2287 2296 2299 2301 2307 2311 2313 2314 2321 2330 2336 2343 2345 2346 2355 2362
2368 2372 2376 2384 2393 2399 2403 2409 2417 2423 2433 2439 2440 2450 2453 2459 2461 2463
2465 2475 2479 2486 2488 2490 2498 2501 2504 2506 2509 2518 2526 2534 2538 2541 2547 2556
2560 2568 2572 2576 2585 2588 2598 2600 2610 2612 2620 2629 2637 2646 2650 2652 2655 2656
2661 2664 2668 2676 2677 2686 2689 2691 2699 2704 2710 2717 2720 2730 2735 2737 2739 2743
2750 2752 2761 2770 2777 2785 2789 2790 2794 2802 2804 2806 2815 2820 2824 2828 2835 2837
2844 2845 2851 2858 2864 2872 2874 2876 2880 2887 2891 2892 2902 2908 2916 2920 2930 2935
2939 2944 2954 2957 2965 2972 2982 2990 2994 2999 3003 3006 3013 3016 3017 3025 3029 3033
3038 3046 3050 3055 3060 3069 3076 3077 3084 3087 3090 3100 3110 3120 3127 3136 3139 3148
3156 3163 3165 3174 3182 3191 3197 3207 3216 3220 3222 3225 3228 3237 3239 3249 3253 3262
3266 3275 3279 3282 3286 3294 3295 3299 3305 3307 3309 3318 3326 3334 3344 3353 3358 3368
3373 3383 3386 3394 3399 3404 3414 3419 3428 3433 3434 3438 3446 3455 3463 3464 3474 3481
3489 3495 3501 3505 3510 3515 3523 3532 3536 3541 3543 3548 3554 3562 3568 3578 3580 3582
3583 3585 3589 3593 3596 3598 3601 3605 3609 3612 3613 3616 3620 3623 3628 3633 3636 3644
3651 3658 3659 3660 3664 3672 3676 3679 3686 3695 3696 3698 3707 3710 3717 3718 3727 3735
3736 3743 3744 3752 3758 3763 3769 3773 3775 3783 3792 3794 3802 3803 3804 3805 3807 3813
3818 3828 3835 3842 3844 3849 3852 3862 3871 3876 3885 3894 3896 3905 3913 3917 3923 3928
3935 3939 3949 3958 3963 3971 3979 3986 3993 3996 4002 4006 4011 4021 4025 4034 4037 4041
4047 4053 4060 4064 4065 4075 4076 4083 4085 4094 4099 4102 4103 4108 4113 4117 4127 4132
4139 4147 4149 4152 4162 4172 4175 4178 4183 4187 4188 4196 4203 4207 4216 4226 4233 4234
4242 4251 4254 4255 4262 4266 4274 4275 4284 4288 4295 4298 4299 4306 4310 4314 4316 4321
4327 4330 4335 4343 4347 4351 4352 4360 4366 4367 4369 4374 4383 4386 4389 4394 4401 4410
4412 4416 4419 4425 4430 4433 4437 4447 4448 4455 4461 4465 4467 4468 4477 4484 4485 4488
4492 4494 4501 4508 4514 4516 4520 4521 4524 4530 4533 4542 4546 4549 4554 4563 4569 4574
4575 4582 4584 4585 4586 4587 4596 4599 4602 4606 4608 4612 4616 4619 4624 4629 4635 4641
4648 4657 4663 4667 4676 4677 4678 4685 4691 4699 4701 4704 4711 4713 4719 4723 4730 4734
4743 4751 4758 4759 4769 4775 4785 4789 4792 4801 4809 4814 4815 4821 4829 4834 4837 4839
4849 4855 4857 4862 4864 4871 4875 4879 4888 4897 4901 4910 4914 4922 4924 4927 4930 4932
4940 4948 4957 4961 4968 4972 4977 4985 4988 4989 4991 4994 5000 5008 5015 5018 5021 5030
5035 5045 5051 5057 5060 5069 5072 5073 5077 5087 5095 5100 5109 5115 5125 5130 5139 5145
5147 5155 5160 5169 5174 5184 5189 5197 5205 5208 5214 5217 5221 5224 5229 5232 5242 5245
5246 5248 5250 5258 5265 5267 5277 5281 5291 5301 5302 5303 5311 5321 5328 5331 5340 5343
5352 5356 5364 5368 5373 5381 5385 5389 5395 5400 5404 5406 5412 5420 5422 5430 5436 5446
5450 5452 5457 5467 5472 5473 5475 5476 5486 5492 5495 5502 5509 5510 5512 5517 5520 5523
5533 5542 5551 5560 5568 5573 5582 5584 5589 5597 5599 5601 5608 5610 5619 5627 5634 5641
5643 5644 5651 5657 5663 5668 5669 5675 5680 5690 5695 5696 5700 5703 5713 5716 5725 5735
5742 5743 5744 5753 5760 5762 5771 5777 5780 5785 5795 5796 5802 5807 5810 5818 5823 5827
5836 5844 5854 5856 5859 5866 5867 5868 5871 5879 5883 5893 5899 5904 5906 5907 5913 5914
5923 5927 5930 5938 5945 5947 5952 5955 5962 5966 5972 5980 5984 5993 6002 6009 6016 6023
6024 6025 6028 6036 6046 6048 6053 6057 6059 6060 6061 6063 6072 6073 6082 6088 6097 6104
6111 6119 6121 6123 6133 6137 6146 6152 6156 6164 6167 6171 6180 6181 6185 6186 6188 6191
6192 6195 6205 6208 6212 6218 6225 6232 6242 6245 6250 6251 6256 6261 6271 6274 6279 6288
6292 6297 6302 6309 6313 6316 6325 6326 6328 6338 6341 6347 6354 6362 6368 6374 6378 6380
6384 6391 6397 6402 6405 6409 6417 6421 6431 6440 6444 6451 6458 6466 6474 6477 6487 6492
6501 6511 6520 6529 6530 6531 6537 6543 6552 6554 6562 6566 6576 6581 6582 6584 6585 6591
6595 6596 6605 6610 6618 6621 6626 6631 6641 6647 6650 6655 6657 6665 6670 6671 6672 6676
6677 6680 6690 6693 6696 6702 6709 6718 6719 6725 6731 6738 6744 6748 6753 6762 6768 6773
6783 6788 6795 6801 6802 6811 6813 6819 6822 6830 6836 6845 6852 6858 6863 6872 6875 6876
6877 6887 6897 6902 6911 6913 6920 6925 6927 6933 6939 6943 6948 6955 6957 6965 6969 6975
6976 6981 6985 6990 6991 6997 7006 7012 7017 7027 7031 7034 7039 7044 7046 7055 7057 7058
7063 7067 7073 7083 7085 7088 7091 7097 7104 7113 7121 7131 7134 7136 7140 7149 7151 7153
7163 7167 7171 7178 7184 7193 7194 7201 7211 7218 7227 7232 7241 7242 7250 7256 7263 7269
7272 7278 7287 7292 7294 7296 7297 7303 7304 7311 7315 7318 7321 7326 7332 7336 7342 7349
7357 7364 7369 7371 7381 7384 7393 7400 7401 7408 7417 7418 7424 7432 7438 7447 7453 7463
7464 7473 7475 7483 7486 7487 7488 7490 7491 7496 7501 7508 7509 7514 7524 7534 7539 7548
7549 7556 7557 7565 7575 7579 7582 7590 7598 7606 7615 7617 7623 7633 7636 7638 7639 7647
7656 7659 7662 7668 7673 7682 7683 7687 7694 7699 7706 7707 7709 7716 7724 7729 7735 7743
7749 7753 7761 7770 7774 7780 7789 7798 7801 7803 7810 7812 7815 7822 7828 7836 7837 7838
7848 7854 7860 7861 7867 7874 7883 7887 7889 7895 7896 7898 7903 7904 7908 7911 7912 7922
7924 7927 7937 7941 7950 7960 7968 7978 7986 7987 7992 7996 8001 8011 8014 8016 8017 8027
8037 8040 8042 8049 8051 8059 8066 8069 8077 8083 8093 8103 8109 8115 8118 8127 8131 8134
8138 8141 8142 8152 8158 8168 8173 8182 8192 8199 8206 8209 8217 8221 8225 8226 8228 8234
8243 8244 8249 8252 8258 8262 8272 8277 8283 8291 8292 8297 8303 8304 8310 8313 8318 8326
8335 8345 8352 8358 8360 8368 8377 8384 8393 8398 8405 8410 8417 8419 8423 8430 8437 8447
8453 8459 8461 8470 8479 8486 8496 8497 8506 8507 8509 8517 8521 8526 8527 8531 8536 8537
8543 8549 8557 8567 8577 8578 8581 8591 8601 8607 8611 8613 8618 8628 8635 8642 8646 8656
8660 8670 8678 8679 8685 8691 8694 8697 8704 8706 8712 8717 8723 8733 8743 8750 8752 8758
8767 8771 8780 8787 8794 8796 8806 8816 8818 8828 8834 8843 8847 8857 8859 8864 8873 8879
8887 8893 8900 8908 8909 8915 8917 8918 8926 8933 8942 8949 8951 8961 8964 8973 8976 8981
8985 8993 8998 9003 9012 9020 9030 9040 9048 9056 9060 9062 9068 9076 9085 9095 9096 9101
9106 9109 9118 9122 9124 9127 9132 9133 9141 9148 9151 9159 9164 9174 9177 9179 9180 9189
9199 9209 9219 9224 9228 9236 9237 9243 9252 9262 9263 9268 9275 9281 9283 9286 9291 9298
9300 9308 9317 9323 9325 9335 9336 9339 9342 9350 9352 9361 9368 9369 9379 9382 9385 9392
9400 9407 9416 9420 9427 9431 9435 9436 9445 9451 9460 9464 9465 9467
