-7713 -7705 -7698 -7688 -7684 -7682 -7674 -7666 -7656 -7647 -7640 -7634 -7631 -7629 -7628 -7626 -7622 -7621
-7614 -7607 -7598 -7593 -7585 -7581 -7580 -7576 -7573 -7570 -7568 -7566 -7561 -7554 -7549 -7546 -7542 -7535
-7525 -7523 -7514 -7507 -7506 -7500 -7497 -7494 -7487 -7484 -7482 -7481 -7471 -7465 -7460 -7458 -7455 -7451
-7450 -7443 -7438 -7430 -7420 -7414 -7405 -7403 -7396 -7394 -7393 -7386 -7384 -7377 -7368 -7364 -7363 -7358
-7356 -7347 -7345 -7335 -7327 -7325 -7319 -7314 -7311 -7306 -7302 -7297 -7290 -7284 -7274 -7269 -7264 -7262
-7261 -7258 -7252 -7251 -7242 -7239 -7237 -7233 -7225 -7216 -7215 -7211 -7209 -7202 -7198 -7193 -7190 -7184
-7174 -7164 -7158 -7148 -7139 -7129 -7127 -7121 -7117 -7108 -7100 -7090 -7089 -7085 -7083 -7080 -7073 -7068
-7061 -7052 -7042 -7040 -7032 -7024 -7019 -7012 -7003 -6997 -6996 -6992 -6990 -6988 -6981 -6976 -6969 -6962
-6956 -6953 -6951 -6946 -6939 -6935 -6931 -6922 -6914 -6907 -6899 -6890 -6886 -6885 -6875 -6871 -6866 -6863
-6861 -6859 -6858 -6855 -6847 -6842 -6836 -6830 -6829 -6819 -6813 -6804 -6800 -6793 -6784 -6774 -6769 -6764
-6756 -6747 -6741 -6740 -6734 -6728 -6723 -6718 -6710 -6704 -6698 -6693 -6689 -6685 -6677 -6675 -6673 -6667
-6661 -6651 -6641 -6631 -6626 -6624 -6623 -6613 -6605 -6599 -6594 -6592 -6585 -6579 -6569 -6563 -6554 -6550
-6548 -6543 -6539 -6537 -6531 -6524 -6515 -6507 -6498 -6496 -6487 -6480 -6470 -6463 -6457 -6454 -6449 -6445
-6439 -6436 -6427 -6418 -6410 -6409 -6407 -6403 -6398 -6396 -6389 -6387 -6383 -6380 -6379 -6377 -6371 -6364
-6356 -6351 -6345 -6337 -6336 -6332 -6328 -6321 -6315 -6313 -6303 -6297 -6296 -6294 -6289 -6281 -6278 -6270
-6268 -6263 -6260 -6252 -6251 -6242 -6237 -6227 -6225 -6220 -6216 -6207 -6202 -6194 -6187 -6182 -6178 -6168
-6164 -6160 -6154 -6145 -6143 -6142 -6139 -6136 -6128 -6124 -6119 -6118 -6117 -6114 -6111 -6103 -6097 -6095
-6091 -6083 -6080 -6078 -6069 -6061 -6055 -6052 -6042 -6033 -6030 -6022 -6013 -6005 -6002 -5992 -5982 -5981
-5971 -5970 -5967 -5965 -5957 -5948 -5945 -5942 -5933 -5932 -5930 -5922 -5913 -5905 -5901 -5899 -5897 -5887
-5878 -5873 -5868 -5858 -5849 -5846 -5836 -5827 -5820 -5815 -5809 -5800 -5792 -5790 -5782 -5780 -5777 -5771
-5763 -5755 -5745 -5744 -5743 -5733 -5727 -5723 -5713 -5710 -5704 -5698 -5697 -5695 -5691 -5681 -5673 -5665
-5662 -5655 -5645 -5642 -5637 -5635 -5626 -5620 -5610 -5603 -5593 -5592 -5589 -5581 -5579 -5574 -5571 -5570
-5569 -5564 -5562 -5553 -5550 -5540 -5533 -5525 -5522 -5518 -5514 -5512 -5509 -5499 -5491 -5487 -5480 -5474
-5469 -5461 -5459 -5451 -5450 -5446 -5437 -5433 -5425 -5422 -5412 -5402 -5393 -5383 -5374 -5370 -5363 -5357
-5355 -5350 -5348 -5338 -5336 -5333 -5331 -5321 -5319 -5311 -5302 -5299 -5297 -5289 -5279 -5270 -5260 -5254
-5253 -5246 -5240 -5237 -5234 -5231 -5221 -5216 -5210 -5203 -5200 -5195 -5189 -5184 -5175 -5169 -5163 -5160
-5156 -5148 -5140 -5130 -5121 -5118 -5115 -5111 -5110 -5109 -5107 -5098 -5097 -5094 -5089 -5086 -5081 -5078
-5073 -5065 -5063 -5060 -5055 -5051 -5049 -5044 -5034 -5029 -5026 -5017 -5012 -5004 -4996 -4989 -4980 -4975
-4969 -4960 -4954 -4953 -4952 -4950 -4947 -4938 -4936 -4926 -4922 -4914 -4905 -4901 -4892 -4887 -4877 -4869
-4867 -4861 -4859 -4849 -4843 -4842 -4834 -4825 -4817 -4808 -4806 -4800 -4797 -4793 -4784 -4774 -4766 -4757
-4748 -4744 -4743 -4735 -4728 -4720 -4717 -4715 -4707 -4701 -4698 -4689 -4681 -4671 -4670 -4661 -4656 -4653
-4649 -4644 -4637 -4631 -4624 -4617 -4613 -4607 -4597 -4596 -4590 -4585 -4579 -4576 -4573 -4564 -4556 -4550
-4541 -4533 -4532 -4523 -4519 -4509 -4503 -4498 -4490 -4484 -4479 -4469 -4464 -4454 -4447 -4439 -4430 -4428
-4422 -4415 -4405 -4402 -4401 -4392 -4387 -4383 -4373 -4366 -4357 -4350 -4349 -4343 -4341 -4337 -4335 -4327
-4326 -4317 -4311 -4309 -4307 -4300 -4297 -4291 -4289 -4286 -4284 -4282 -4274 -4266 -4264 -4259 -4249 -4248
-4243 -4236 -4228 -4224 -4223 -4221 -4216 -4214 -4209 -4206 -4198 -4188 -4179 -4172 -4171 -4169 -4167 -4157
-4150 -4141 -4134 -4127 -4125 -4120 -4118 -4114 -4108 -4107 -4103 -4095 -4093 -4090 -4086 -4083 -4077 -4072
-4066 -4065 -4056 -4055 -4054 -4047 -4037 -4029 -4021 -4014 -4010 -4006 -3998 -3993 -3990 -3986 -3981 -3973
-3968 -3966 -3964 -3957 -3947 -3946 -3945 -3944 -3942 -3938 -3936 -3934 -3933 -3926 -3918 -3908 -3904 -3902
-3901 -3896 -3893 -3884 -3876 -3871 -3868 -3862 -3855 -3845 -3836 -3827 -3821 -3816 -3810 -3808 -3805 -3802
-3797 -3793 -3783 -3777 -3768 -3765 -3755 -3749 -3748 -3741 -3737 -3730 -3722 -3717 -3707 -3701 -3692 -3683
-3676 -3668 -3658 -3655 -3645 -3635 -3631 -3623 -3613 -3612 -3607 -3603 -3595 -3593 -3590 -3589 -3582 -3572
-3563 -3553 -3551 -3541 -3531 -3530 -3529 -3526 -3525 -3522 -3519 -3515 -3506 -3496 -3488 -3482 -3480 -3476
-3473 -3470 -3462 -3455 -3445 -3438 -3431 -3422 -3415 -3408 -3405 -3395 -3389 -3380 -3372 -3369 -3364 -3355
-3347 -3345 -3341 -3338 -3336 -3329 -3328 -3319 -3310 -3301 -3295 -3292 -3284 -3278 -3274 -3266 -3265 -3263
-3258 -3251 -3242 -3241 -3232 -3223 -3216 -3207 -3203 -3201 -3193 -3185 -3183 -3180 -3177 -3169 -3159 -3157
-3150 -3143 -3136 -3132 -3123 -3114 -3108 -3101 -3097 -3088 -3078 -3068 -3060 -3054 -3046 -3036 -3027 -3021
-3018 -3013 -3006 -2996 -2995 -2985 -2984 -2983 -2975 -2972 -2965 -2960 -2959 -2958 -2953 -2944 -2943 -2939
-2938 -2932 -2931 -2929 -2919 -2918 -2913 -2910 -2909 -2903 -2901 -2894 -2887 -2885 -2879 -2875 -2874 -2872
-2862 -2861 -2854 -2844 -2840 -2835 -2830 -2822 -2818 -2816 -2811 -2807 -2805 -2799 -2798 -2794 -2791 -2787
-2785 -2781 -2773 -2766 -2759 -2757 -2747 -2745 -2743 -2738 -2731 -2725 -2724 -2718 -2712 -2710 -2700 -2699
-2696 -2690 -2681 -2678 -2670 -2661 -2652 -2650 -2642 -2637 -2628 -2620 -2611 -2602 -2592 -2589 -2583 -2582
-2578 -2570 -2563 -2561 -2552 -2542 -2541 -2540 -2531 -2528 -2523 -2518 -2508 -2500 -2496 -2489 -2484 -2474
-2468 -2465 -2455 -2452 -2450 -2441 -2434 -2430 -2424 -2415 -2406 -2403 -2397 -2391 -2386 -2384 -2383 -2379
-2377 -2369 -2368 -2358 -2355 -2353 -2346 -2341 -2340 -2335 -2326 -2324 -2323 -2318 -2311 -2310 -2304 -2297
-2291 -2283 -2276 -2274 -2269 -2259 -2252 -2242 -2233 -2232 -2228 -2219 -2216 -2212 -2208 -2203 -2199 -2189
-2183 -2177 -2172 -2165 -2163 -2156 -2151 -2147 -2140 -2137 -2135 -2133 -2123 -2122 -2113 -2104 -2101 -2099
-2098 -2097 -2096 -2088 -2082 -2079 -2072 -2071 -2070 -2063 -2058 -2049 -2047 -2037 -2029 -2023 -2022 -2012
-2005 -2004 -1995 -1989 -1986 -1981 -1979 -1973 -1969 -1959 -1955 -1948 -1944 -1939 -1932 -1931 -1930 -1925
-1921 -1911 -1903 -1899 -1892 -1887 -1882 -1872 -1864 -1856 -1850 -1847 -1843 -1835 -1831 -1827 -1817 -1811
-1810 -1801 -1791 -1786 -1784 -1782 -1775 -1769 -1765 -1757 -1755 -1748 -1738 -1734 -1726 -1716 -1710 -1705
-1703 -1696 -1686 -1679 -1669 -1659 -1656 -1654 -1653 -1650 -1643 -1641 -1636 -1633 -1630 -1627 -1621 -1616
-1606 -1603 -1595 -1592 -1585 -1578 -1571 -1570 -1562 -1555 -1545 -1535 -1526 -1521 -1512 -1502 -1496 -1490
-1488 -1486 -1477 -1474 -1468 -1459 -1451 -1446 -1443 -1433 -1423 -1416 -1411 -1407 -1399 -1390 -1388 -1379
-1372 -1362 -1359 -1352 -1348 -1344 -1343 -1338 -1334 -1332 -1324 -1320 -1317 -1308 -1299 -1295 -1293 -1283
-1280 -1270 -1267 -1257 -1250 -1249 -1245 -1239 -1238 -1232 -1230 -1223 -1222 -1214 -1212 -1205 -1197 -1195
-1189 -1183 -1179 -1176 -1168 -1162 -1155 -1149 -1140 -1138 -1134 -1126 -1121 -1115 -1111 -1109 -1101 -1091
-1088 -1083 -1079 -1074 -1064 -1058 -1052 -1045 -1039 -1036 -1033 -1030 -1023 -1016 -1007 -1006 -998 -991
-988 -982 -975 -967 -957 -956 -953 -944 -939 -934 -933 -929 -925 -921 -915 -905 -904 -894
-891 -888 -887 -884 -882 -873 -866 -859 -858 -853 -846 -842 -838 -836 -835 -833 -829 -822
-817 -814 -811 -807 -797 -788 -781 -778 -773 -770 -764 -759 -752 -749 -746 -738 -737 -733
-731 -729 -721 -720 -719 -711 -704 -699 -692 -690 -680 -676 -669 -659 -649 -640 -634 -626
-623 -620 -610 -608 -607 -603 -597 -596 -592 -588 -586 -583 -581 -574 -565 -564 -555 -552
-548 -538 -535 -533 -527 -523 -519 -515 -510 -504 -503 -495 -494 -487 -483 -481 -480 -477
-471 -467 -465 -463 -454 -449 -440 -431 -421 -415 -409 -401 -393 -392 -389 -380 -375 -371
-362 -357 -354 -353 -350 -343 -333 -327 -317 -313 -304 -302 -296 -290 -280 -272 -265 -259
-254 -249 -245 -235 -230 -227 -223 -221 -214 -207 -204 -195 -190 -182 -181 -176 -173 -167
-163 -160 -151 -142 -136 -131 -123 -118 -111 -109 -102 -97 -93 -83 -81 -76 -70 -66
-59 -55 -45 -39 -31 -21 -17 -9 -6 0 5 6 15 20 21 30 36 38
48 53 54 63 68 72 79 88 91 93 102 111 120 123 129 139 147 151
158 167 172 177 181 190 196 200 203 207 214 222 229 236 241 244 248 256
265 272 278 286 291 301 311 318 322 330 340 350 359 368 378 386 396 399
400 402 407 417 424 433 443 448 451 459 467 470 471 480 481 490 498 500
510 520 521 523 527 532 542 551 557 564 572 579 586 593 597 605 610 615
624 625 630 638 644 648 649 651 659 666 671 676 680 686 695 702 704 712
716 718 720 728 738 747 752 757 758 763 769 776 783 791 798 800 806 812
816 817 826 830 832 842 848 856 864 874 880 882 887 894 903 905 910 919
921 925 929 937 940 948 949 951 953 959 966 974 979 989 991 1001 1003 1007
1012 1016 1020 1024 1026 1028 1030 1033 1041 1051 1060 1068 1070 1072 1081 1082 1092 1098
1105 1114 1123 1132 1137 1147 1148 1156 1163 1173 1182 1183 1186 1189 1192 1198 1208 1212
1222 1231 1239 1245 1246 1251 1260 1268 1277 1284 1286 1290 1295 1305 1314 1320 1322 1328
1338 1340 1342 1351 1352 1362 1372 1380 1382 1391 1395 1401 1406 1408 1414 1418 1423 1424
1431 1432 1440 1441 1443 1453 1460 1465 1470 1474 1478 1485 1491 1501 1509 1510 1514 1519
1528 1531 1533 1537 1547 1548 1556 1564 1568 1578 1588 1591 1593 1598 1608 1614 1619 1621
1627 1637 1638 1648 1658 1661 1665 1670 1675 1682 1692 1694 1704 1714 1721 1725 1730 1731
1733 1737 1740 1743 1753 1756 1762 1770 1775 1777 1778 1780 1781 1784 1786 1796 1802 1803
1807 1814 1816 1821 1831 1836 1843 1844 1853 1860 1868 1869 1872 1875 1883 1891 1894 1895
1903 1912 1919 1925 1930 1936 1939 1945 1946 1951 1955 1958 1959 1967 1969 1979 1989 1994
1999 2009 2017 2026 2033 2035 2043 2044 2053 2058 2059 2065 2068 2074 2077 2087 2092 2095
2100 2110 2111 2113 2121 2129 2136 2137 2145 2149 2151 2160 2162 2166 2171 2174 2184 2192
2200 2201 2203 2210 2215 2220 2221 2226 2231 2240 2241 2247 2257 2262 2264 2265 2269 2275
2276 2283 2284 2292 2293 2297 2298 2304 2306 2315 2324 2333 2335 2338 2344 2354 2361 2369
2379 2384 2385 2386 2395 2397 2404 2408 2416 2420 2428 2435 2437 2440 2441 2448 2458 2465
2473 2480 2481 2486 2496 2498 2501 2503 2513 2515 2518 2522 2530 2536 2537 2543 2548 2558
2559 2561 2563 2564 2573 2574 2577 2579 2585 2593 2603 2613 2621 2622 2624 2631 2634 2637
2642 2646 2649 2653 2662 2670 2678 2686 2696 2703 2709 2710 2712 2721 2724 2733 2734 2744
2747 2756 2757 2764 2773 2782 2783 2790 2797 2806 2809 2811 2812 2816 2820 2828 2831 2841
2846 2856 2865 2875 2877 2881 2882 2892 2893 2896 2901 2906 2911 2920 2926 2936 2944 2950
2955 2959 2964 2969 2978 2979 2988 2997 3005 3007 3009 3015 3018 3024 3034 3036 3038 3046
3055 3057 3060 3067 3074 3079 3088 3089 3090 3100 3108 3112 3117 3120 3123 3130 3137 3145
3154 3155 3165 3168 3170 3176 3183 3192 3196 3202 3209 3214 3223 3229 3232 3242 3252 3254
3257 3259 3262 3267 3271 3275 3284 3291 3293 3299 3306 3314 3320 3330 3337 3346 3355 3362
3372 3382 3390 3394 3400 3405 3414 3424 3432 3437 3438 3442 3445 3446 3451 3457 3458 3459
3468 3470 3472 3480 3484 3490 3497 3499 3500 3503 3507 3514 3521 3528 3530 3539 3541 3546
3549 3558 3564 3568 3573 3582 3587 3592 3598 3602 3608 3617 3621 3631 3634 3636 3637 3642
3645 3653 3656 3666 3667 3672 3679 3680 3685 3692 3701 3705 3715 3725 3734 3738 3744 3753
3761 3771 3772 3776 3778 3785 3793 3803 3809 3812 3820 3825 3835 3843 3848 3858 3867 3873
3878 3884 3890 3897 3899 3900 3905 3915 3920 3924 3934 3937 3939 3944 3953 3958 3964 3971
3976 3977 3978 3982 3985 3989 3992 3998 4005 4015 4020 4028 4036 4040 4048 4054 4063 4065
4069 4076 4086 4089 4092 4094 4100 4110 4118 4125 4127 4136 4137 4141 4146 4149 4155 4158
4159 4162 4169 4174 4176 4184 4194 4202 4208 4216 4222 4223 4225 4228 4237 4242 4246 4248
4255 4264 4267 4270 4275 4283 4289 4297 4303 4309 4316 4322 4326 4330 4332 4338 4341 4344
4347 4351 4353 4356 4364 4365 4369 4376 4385 4393 4399 4408 4411 4415 4420 4428 4433 4438
4442 4450 4451 4455 4460 4464 4467 4473 4475 4479 4485 4490 4494 4495 4499 4505 4508 4509
4514 4522 4531 4539 4546 4549 4558 4563 4570 4571 4573 4574 4578 4579 4585 4587 4595 4599
4606 4609 4613 4617 4624 4633 4636 4637 4647 4654 4662 4667 4677 4681 4686 4689 4697 4701
4709 4712 4713 4716 4720 4727 4735 4745 4749 4750 4760 4761 4763 4765 4775 4776 4780 4790
4795 4802 4812 4813 4819 4828 4835 4836 4845 4850 4860 4866 4876 4881 4890 4892 4899 4901
4908 4911 4919 4923 4933 4942 4947 4952 4959 4961 4968 4970 4978 4984 4986 4987 4996 5003
5011 5013 5022 5026 5029 5038 5042 5047 5048 5052 5054 5058 5068 5069 5079 5088 5093 5101
5109 5117 5123 5126 5127 5129 5138 5140 5142 5143 5148 5151 5159 5166 5175 5183 5187 5195
5198 5206 5209 5211 5215 5225 5233 5241 5242 5245 5254 5257 5260 5264 5272 5276 5279 5287
5288 5293 5298 5305 5307 5308 5314 5323 5330 5331 5336 5341 5349 5359 5363 5365 5375 5381
5386 5388 5391 5397 5398 5408 5418 5422 5429 5436 5438 5445 5454 5460 5465 5475 5481 5484
5486 5496 5502 5509 5513 5519 5524 5529 5534 5537 5542 5550 5554 5556 5563 5571 5580 5582
5589 5596 5605 5610 5615 5619 5629 5634 5642 5650 5654 5655 5662 5668 5676 5684 5694 5696
5697 5704 5708 5717 5724 5727 5730 5739 5746 5756 5760 5770 5777 5786 5791 5799 5807 5814
5824 5825 5830 5839 5844 5847 5851 5859 5864 5874 5881 5891 5898 5902 5906 5908 5913 5918
5924 5930 5933 5935 5943 5945 5948 5949 5958 5965 5969 5970 5979 5986 5990 5997 6001 6008
6012 6017 6025 6030 6040 6049 6057 6060 6068 6076 6077 6080 6089 6099 6101 6111 6112 6118
6125 6126 6127 6135 6145 6150 6159 6169 6173 6183 6187 6188 6189 6192 6197 6199 6209 6210
6213 6223 6226 6233 6234 6241 6247 6249 6253 6262 6272 6276 6286 6295 6299 6306 6307 6314
6315 6320 6329 6335 6345 6350 6357 6362 6369 6372 6380 6387 6397 6401 6409 6413 6416 6424
6427 6437 6447 6455 6460 6463 6469 6472 6475 6482 6491 6497 6507 6516 6520 6525 6530 6539
6546 6551 6553 6562 6572 6573 6579 6588 6594 6596 6599 6603 6605 6613 6617 6624 6631 6636
6640 6650 6658 6668 6669 6676 6679 6680 6686 6687 6689 6697 6705 6712 6721 6722 6728 6734
6736 6744 6747 6752 6759 6761 6764 6766 6772 6782 6792 6794 6801 6808 6818 6822 6832 6842
6847 6855 6857 6861 6865 6874 6880 6886 6889 6894 6904 6909 6911 6914 6919 6924 6928 6931
6938 6943 6950 6952 6953 6962 6966 6971 6973 6974 6979 6981 6991 6995 7001 7004 7013 7021
7024 7028 7035 7045 7055 7061 7067 7070 7078 7087 7090 7091 7099 7104 7113 7122 7131 7132
7139 7148 7149 7151 7155 7159 7165 7168 7170 7173 7178 7184 7188 7189 7193 7200 7202 7204
7206 7216 7219 7224 7225 7234 7238 7242 7249 7256 7264 7268 7271 7277 7282 7288 7294 7299
7302 7310 7312 7318 7322 7326 7332 7335 7339 7344 7350 7354 7359 7363 7372 7380 7383 7387
7396 7399 7402 7412 7415 7425 7435 7440 7444 7446 7449 7453 7463 7465 7466 7475 7484 7485
7490 7496 7504 7506 7513 7516 7522 7526 7531 7538 7539 7541 7544 7550 7554 7555 7557 7563
7567 7576 7581 7591 7593 7602 7608 7617 7622 7631 7632 7638 7644 7649 7650 7655 7662 7669
7676 7681 7682 7688 7696 7705 7710 7713 7719 7722 7725 7731 7739 7743 7751 7756 7759 7762
7764 7773 7774 7780 7789 7795 7796 7805 7810 7811 7817 7822 7824 7828 7836 7839 7849 7857
7865 7873 7875 7883 7891 7901 7908 7917 7925 7933 7937 7942 7946 7954 7955 7957 7967 7975
7982 7992 7996 8002 8003 8004 8008 8009 8010 8015 8017 8019 8025 8027 8032 8033 8039 8048
8050 8060 8065 8071 8081 8082 8087 8090 8092 8096 8100 8110 8114 8121 8124 8126 8130 8137
8145 8152 8159 8164 8167 8173 8181 8190 8193 8194 8199 8201 8202 8205 8209 8210 8216 8224
8228 8235 8245 8250 8251 8255 8259 8266 8270 8275 8283 8290 8294 8297 8304 8310 8311 8318
8325 8334 8344 8346 8352 8358 8368 8371 8377 8384 8388 8395 8401 8405 8410 8419 8424 8433
8441 8447 8451 8458 8465 8468 8475 8476 8477 8483 8486 8489 8495 8503 8510 8515 8516 8523
8528 8532 8540 8549 8552 8554 8564 8567 8577 8587 8589 8594 8601 8608 8617 8623 8628 8634
8642 8645 8653 8657 8662 8664 8665 8668 8670 8672 8674 8675 8676 8686 8690 8691 8700 8706
8709 8719 8724 8729 8732 8739 8744 8749 8754 8758 8764 8768 8769 8771 8780 8787 8788 8797
8800 8803 8807 8815 8820 8821 8823 8827 8832 8841 8842 8851 8852 8859 8861 8862 8863 8872
8882 8891 8896 8906 8912 8921 8928 8931 8940 8950 8959 8969 8976 8977 8986 8991 8993 8997
9001 9011 9015 9021 9022 9025 9033 9043 9050 9052 9060 9062 9065 9066 9070 9073 9077 9087
9094 9103 9111 9116 9123 9128 9132 9136 9138 9148 9152 9157 9165 9166 9173 9179 9181 9182
9184 9191 9193 9196 9203 9206 9209 9215 9222 9230 9238 9242 9252 9259 9261 9267 9274 9280
9289 9291 9293 9295 9300 9305 9307 9313 9315 9319 9321 9322 9329 9335 9345 9354 9356 9362
9363 9370 9373 9380 9382 9391 9392 9402 9409 9419 9421 9429 9435 9440 9446 9451 9454 9462
9463 9466 9474 9475 9485 9488 9495 9496 9502 9510 9516 9517 9522 9531 9532 9540 9549 9553
9557 9565 9571 9577 9580 9582 9587 9591 9599 9608 9617 9621 9630 9636 9638 9642 9647 9649
9654 9664 9672 9678 9685 9689 9697 9698 9703 9713 9718 9725 9733 9739 9744 9751 9761 9764
9770 9775 9784 9789 9794 9802 9804 9812 9818 9827 9829 9834 9840 9843 9847 9852 9859 9867
9877 9881 9882 9888 9897 9905 9911 9921 9928 9937 9947 9957 9962 9969 9979 9988 9997 9998
10000 10004 10011 10017 10025 10030 10035 10038 10040 10045 10052 10061 10067 10069 10071 10081 10088 10095
10105 10114 10123 10126 10134 10140 10148 10154 10156 10158 10165 10175 10185 10190 10196 10198 10207 10208
10218 10224 10231 10237 10246 10250 10256 10260 10268 10269 10272 10282 10283 10287 10288 10297 10307 10310
10320 10330 10331 10337 10341 10349 10359 10367 10374 10378 10385 10391 10395 10398 10400 10409 10418 10419
10429 10431 10433 10437 10446 10451 10453 10455 10465 10472 10475 10479 10483 10493 10497 10506 10516 10522
10526 10528 10533 10541 10546 10556 10559 10565 10572 10576 10579 10589 10591 10600 10607 10609 10618 10619
10620 10626 10632 10638 10641 10647 10657 10660 10665 10667 10672 10681 10686 10694 10701 10703 10710 10711
10713 10721 10729 10739 10744 10748 10752 10757 10763 10765 10774 10775 10777 10781 10789 10790 10798 10806
10813 10816 10825 10832 10841 10848 10858 10863 10871 10873 10879 10887 10896 10897 10899 10908 10918 10927
10930 10933 10942 10949 10957 10967 10969 10972 10981 10989 10993 10999 11008 11012 11020 11027 11029 11032
11040 11042 11047 11051 11052 11056 11062 11067 11076 11080 11086 11095 11105 11113 11117 11118 11120 11125
11133 11141 11142 11145 11147 11150 11153 11162 11168 11170 11175 11176 11182 11187 11195 11197 11204 11207
11211 11218 11223 11232 11241 11245 11249 11256 11264 11267 11270 11274 11281 11288 11290 11291 11295 11301
11303 11307 11316 11321 11329 11338 11340 11345 11354 11359 11364 11373 11377 11378 11381 11391 11399 11402
11404 11408 11409 11414 11422 11424 11431 11437 11443 11452 11458 11460 11468 11477 11485 11489 11491 11495
11503 11511 11518 11521 11527 11533 11542 11551 11556 11558 11564 11571 11572 11578 11581 11582 11592 11600
11604 11607 11611 11620 11626 11634 11639 11649 11650 11656 11658 11663 11666 11667 11669 11677 11685 11691
11695 11698 11705 11712 11722 11726 11727 11733 11741 11747 11757 11764 11768 11771 11779 11786 11793 11795
11800 11803 11804 11807 11809 11811 11821 11829 11835 11841 11842 11851 11854 11862 11870 11874 11879 11880
11890 11898 11905 11913 11917 11925 11935 11937 11947 11955 11959 11961 11963 11967 11976 11977 11978 11985
11986 11995 12000 12007 12017 12022 12023 12028 12030 12039 12040 12044 12045 12048 12052 12053 12057 12064
12070 12075 12080 12088 12092 12100 12106 12114 12115 12125 12127 12128 12131 12136 12143 12152 12157 12158
12166 12175 12179 12184 12193 12199 12206 12212 12215 12225 12229 12232 12235 12240 12241 12251 12252 12254
12263 12271 12277 12285 12290 12292 12298 12299 12301 12303 12311 12312 12317 12324 12332 12336 12346 12352
12358 12359 12364 12368 12373 12383 12385 12394 12397 12400 12404 12405 12411 12413 12418 12424 12430 12437
12446 12448 12457 12460 12465 12467 12477 12480 12482 12491 12499 12501 12510 12513 12522 12529 12535 12538
12547 12556 12559 12569 12575 12580 12589 12593 12595 12599 12608 12612 12615 12624 12625 12634 12637 12638
12643 12647 12650 12651 12658 12664 12673 12683 12693 12701 12708 12716 12719 12729 12736 12740 12749 12757
12759 12761 12762 12768 12774 12779 12788 12794 12799 12805 12814 12822 12826 12828 12833 12836 12843 12849
12856 12857 12867 12877 12887 12896 12902 12904 12908 12913 12921 12931 12938 12942 12950 12960 12963 12971
12977 12980 12986 12994 12999 13004 13008 13016 13022 13029 13037 13040 13047 13051 13058 13068 13069 13079
13089 13091 13099 13107 13112 13117 13126 13135 13145 13148 13153 13154 13155 13164 13171 13176 13185 13187
13197 13199 13203 13208 13210 13216 13223 13226 13229 13234 13240 13245 13254 13255 13257 13260 13269 13275
13281 13290 13296 13303 13308 13315 13320 13328 13331 13340 13345 13353 13363 13371 13379 13380 13382 13386
13390 13391 13401 13410 13420 13428 13438 13443 13449 13454 13459 13465 13466 13476 13485 13490 13494 13496
13505 13506 13507 13516 13520 13524 13533 13536 13546 13548 13549 13555 13564 13572 13574 13583 13593 13595
13603 13606 13616 13623 13629 13630 13640 13645 13647 13652 13655 13660 13661 13663 13672 13675 13684 13688
13693 13701 13706 13714 13723 13725 13729 13733 13737 13746 13748 13756 13757 13758 13762 13771 13780 13786
13787 13790 13792 13796 13798 13806 13810 13814 13819 13827 13829 13833 13838 13848 13852 13861 13868 13877
13879 13881 13882 13884 13890 13893 13899 13901 13906 13908 13916 13922 13926 13933 13934 13935 13939 13946
13952 13957 13966 13967 13973 13980 13989 13994 14001 14006 14011 14012 14022 14032 14037 14039 14044 14050
14054 14055 14065 14066 14073 14083 14085 14089 14091 14099 14101 14107 14114 14119 14127 14131 14135 14136
14143 14152 14162 14166 14173 14182 14189 14199 14204 14211 14220 14230 14238 14242 14245 14247 14249 14257
14261 14269 14276 14280 14284 14291 14293 14295 14297 14300 14304 14313 14316 14321 14331 14337 14341 14349
14354 14357 14359 14369 14371 14375 14376 14379 14386 14388 14391 14401 14404 14408 14416 14420 14421 14429
14430 14435 14437 14447 14448 14456 14464 14474 14476 14485 14493 14499 14503 14512 14516 14525 14532 14535
14537 14542 14548 14556 14558 14565 14566 14573 14574 14577 14584 14590 14597 14603 14605 14606 14612 14618
14625 14629 14633 14635 14638 14639 14642 14650 14659 14661 14667 14673 14678 14680 14689 14696 14697 14702
14711 14718 14719 14724 14733 14742 14752 14758 14763 14772 14774 14775 14782 14790 14793 14796 14806 14812
14817 14823 14833 14840 14842 14844 14846 14856 14861 14863 14868 14871 14873 14882 14888 14898 14906 14912
14913 14919 14924 14930 14934 14944 14945 14947 14949 14954 14958 14962 14972 14980 14985 14990 14997 15006
15016 15020 15025 15032 15034 15038 15048 15053 15063 15064 15070 15075 15085 15092 15096 15099 15106 15114
15118 15121 15125 15128 15133 15140 15147 15151 15157 15165 15173 15179 15187 15189 15193 15199 15206 15212
15218 15226 15234 15239 15240 15243 15244 15245 15252 15257 15258 15259 15260 15266 15275 15283 15287 15297
15303 15305 15308 15316 15323 15327 15331 15337 15342 15344 15352 15356 15364 15369 15373 15381 15384 15394
15400 15406 15416 15424 15432 15434 15440 15448 15458 15466 15467 15476 15482 15488 15494 15503 15506 15512
15515 15522 15526 15530 15540 15544 15545 15553 15563 15564 15568 15571 15572 15580 15587 15597 15603 15605
15614 15616 15618 15622 15623 15631 15637 15647 15648 15658 15664 15672 15677 15679 15688 15690 15695 15705
15709 15716 15721 15731 15740 15742 15749 15759 15767 15774 15775 15783 15790 15794 15801 15804 15813 15822
15827 15829 15834 15844 15850 15854 15864 15865 15867 15871 15875 15878 15886 15892 15899 15909 15918 15928
15936 15944 15951 15954 15961 15965 15968 15975 15984 15990 15994 15998 16001 16005 16006 16010 16020 16028
16036 16039 16040 16045 16051 16057 16063 16073 16079 16088 16095 16104 16107 16116 16119 16125 16134 16135
16137 16146 16152 16161 16167 16173 16182 16189 16194 16203 16208 16216 16222 16228 16235 16245 16254 16258
16259 16263 16264 16267 16268 16276 16281 16283 16286 16292 16298 16304 16314 16321 16323 16331 16340 16349
16355 16363 16365 16371 16376 16380 16390 16397 16402 16412 16418 16419 16427 16432 16440 16450 16456 16466
16476 16482 16483 16492 16499 16501 16505 16515 16519 16527 16535 16543 16553 16561 16564 16571 16578 16584
16593 16597 16607 16615 16623 16625 16633 16637 16645 16651 16655 16665 16675 16681 16686 16692 16697 16705
16715 16716 16717 16720 16722 16724 16731 16734 16736 16740 16741 16749 16759 16767 16772 16777 16786 16794
16795 16804 16808 16816 16819 16820 16828 16834 16843 16851 16854 16860 16865 16875 16881 16886 16895 16905
16909 16918 16928 16934 16936 16938 16947 16950 16959 16963 16970 16972 16980 16983 16985 16989 16990 16996
17001 17008 17015 17024 17032 17034 17038 17042 17044 17045 17054 17055 17059 17069 17074 17084 17087 17092
17093 17099 17100 17104 17105 17109 17115 17122 17132 17133 17140 17147 17149 17154 17160 17166 17173 17179
17188 17198 17201 17208 17210 17215 17220 17226 17235 17238 17243 17247 17248 17250 17254 17255 17264 17265
17269 17274 17280 17284 17285 17292 17299 17309 17311 17314 17317 17324 17332 17338 17342 17351 17354 17364
17371 17379 17380 17383 17391 17392 17401 17411 17420 17422 17424 17428 17429 17436 17437 17440 17444 17446
17447 17455 17457 17458 17463 17467 17471 17477 17481 17486 17493 17500 17503 17513 17519 17524 17526 17532
17537 17541 17551 17555 17562 17565 17571 17574 17577 17585 17589 17595 17599 17608 17609 17615 17620 17627
17631 17633 17641 17648 17652 17655 17661 17667 17671 17678 17683 17686 17691 17692 17697 17703 17712 17719
17721 17730 17735 17740 17745 17747 17749 17757 17758 17762 17769 17777 17780 17784 17785 17786 17790 17799
17803 17808 17813 17820 17830 17839 17845 17851 17854 17864 17870 17876 17885 17886 17896 17901 17909 17919
17926 17932 17935 17943 17950 17953 17955 17960 17968 17978 17983 17986 17990 17992 17996 18006 18010 18016
18018 18020 18029 18031 18033 18038 18046 18056 18057 18066 18075 18085 18092 18093 18095 18096 18105 18106
18108 18118 18125 18132 18142 18144 18152 18156 18162 18168 18170 18179 18185 18189 18197 18201 18207 18214
18222 18232 18241 18249 18251 18253 18258 18259 18260 18267 18269 18274 18275 18282 18286 18294 18295 18304
18311 18318 18327 18331 18340 18346 18355 18365 18374 18383 18387 18388 18391 18399 18409 18416 18423 18429
18431 18439 18444 18446 18451 18456 18458 18466 18475 18481 18485 18488 18489 18495 18504 18509 18512 18519
18521 18529 18530 18539 18549 18552 18557 18561 18565 18568 18570 18572 18573 18576 18584 18594 18599 18602
18608 18613 18616 18625 18635 18645 18647 18650 18656 18666 18667 18671 18681 18684 18689 18695 18704 18712
18722 18723 18733 18739 18747 18757 18766 18771 18777 18784 18791 18797 18801 18803 18808 18815 18822 18830
18832 18840 18841 18846 18847 18851 18853 18854 18859 18863 18870 18875 18882 18889 18898 18907 18914 18920
18923 18927 18931 18938 18942 18950 18954 18959 18964 18969 18970 18975 18985 18990 18994 19000 19006 19010
19014 19019 19023 19031 19035 19043 19051 19053 19063 19073 19076 19079 19089 19097 19106 19114 19124 19125
19133 19136 19140 19144 19152 19155 19156 19163 19171 19173 19179 19187 19192 19201 19207 19216 19222 19223
19233 19239 19243 19246 19249 19258 19263 19269 19275 19284 19294 19300 19308 19316 19318 19325 19335 19340
19346 19348 19349 19352 19361 19369 19379 19382 19386 19395 19401 19410 19414 19418 19425 19426 19431 19435
19436 19446 19448 19453 19462 19471 19481 19483 19492 19498 19504 19506 19513 19514 19522 19524 19528 19530
19534 19540 19546 19556 19559 19560 19561 19568 19570 19574 19580 19585 19586 19587 19590 19595 19605 19615
19617 19625 19626 19635 19639 19649 19653 19659 19664 19667 19674 19679 19688 19695 19696 19702 19708 19713
19717 19721 19729 19732 19738 19741 19751 19760 19768 19770 19772 19777 19779 19782 19789 19795 19798 19801
19802 19804 19814 19816 19821 19824 19828 19834 19841 19850 19856 19858 19861 19864 19872 19881 19885 19890
19894 19903 19913 19917 19923 19926 19935 19942 19946 19948 19954 19960 19962 19970 19979 19985 19987 19995
20002 20004 20013 20021 20024 20034 20035 20037 20045 20047 20057 20066 20068 20076 20083 20087 20090 20096
20104 20106 20114 20122 20126 20133 20143 20145 20146 20156 20159 20169 20173 20183 20186 20193 20194 20204
20208 20209 20211 20214 20217 20226 20232 20242 20249 20251 20258 20260 20261 20267 20277 20285 20295 20305
20307 20310 20318 20326 20334 20336 20346 20355 20356 20360 20364 20368 20374 20377 20384 20392 20399 20404
20407 20412 20415 20425 20427 20428 20429 20433 20442 20450 20451 20461 20469 20476 20484 20493 20501 20508
20516 20519 20524 20533 20542 20549 20556 20563 20571 20579 20584 20591 20599 20603 20613 20615 20616 20623
20624 20626 20628 20637 20640 20645 20651 20654 20661 20667 20671 20674 20684 20686 20694 20701 20704 20706
20712 20716 20724 20729 20730 20736 20741 20745 20754 20763 20773 20778 20786 20796 20797 20799 20807 20817
20820 20828 20829 20836 20840 20844 20847 20850 20859 20862 20870 20872 20877 20886 20896 20901 20902 20911
20916 20924 20933 20935 20943 20952 20961 20962 20970 20979 20986 20991 20994 20995 21003 21010 21014 21018
21020 21027 21028 21037 21038 21043 21045 21049 21058 21067 21070 21076 21081 21089 21099 21106 21112 21113
21119 21121 21124 21130 21133 21137 21141 21145 21146 21152 21159 21164 21172 21173 21181 21189 21194 21202
21203 21212 21217 21225 21233 21239 21246 21253 21259 21262 21268 21271 21272 21279 21288 21296 21301 21302
21311 21313 21316 21324 21330 21334 21335 21338 21348 21355 21358 21366 21372 21375 21379 21388 21398 21406
21414 21416 21420 21425 21430 21436 21441 21443 21444 21445 21455 21463 21464 21467 21470 21474 21475 21478
21485 21488 21489 21496 21504 21509 21511 21513 21521 21522 21523 21527 21536 21538 21545 21549 21552 21561
21566 21567 21569 21572 21581 21583 21589 21599 21601 21603 21604 21606 21611 21617 21618 21621 21622 21631
21636 21639 21640 21650 21659 21662 21669 21677 21682 21687 21691 21699 21706 21714 21719 21722 21725 21727
21735 21737 21744 21748 21757 21758 21764 21768 21777 21787 21789 21790 21797 21805 21812 21813 21820 21822
21831 21841 21843 21845 21851 21854 21860 21870 21880 21889 21895 21896 21900 21909 21912 21920 21923 21927
21929 21933 21942 21945 21955 21962 21969 21970 21973 21974 21978 21981 21986 21989 21993 21996 21999 22002
22008 22013 22014 22020 22027 22032 22037 22042 22045 22046 22050 22057 22066 22073 22078 22080 22090 22091
22100 22103 22105 22109 22111 22114 22116 22125 22129 22131 22138 22139 22143 22144 22151 22161 22164 22165
22167 22172 22175 22185 22187 22189 22197 22206 22213 22217 22221 22223 22230 22236 22237 22246 22247 22249
22255 22264 22269 22278 22281 22287 22288 22295 22305 22306 22313 22320 22327 22329 22334 22342 22345 22346
22349 22352 22353 22363 22371 22372 22377 22379 22382 22385 22392 22398 22400 22403 22412 22419 22424 22433
22441 22450 22460 22463 22464 22467 22475 22481 22490 22499 22507 22514 22521 22531 22541 22551 22558 22561
22563 22569 22576 22583 22590 22594 22602 22609 22610 22618 22627 22634 22638 22643 22645 22651 22652 22653
22655 22665 22670 22675 22685 22686 22696 22704 22714 22724 22730 22731 22734 22737 22745 22748 22755 22760
22769 22770 22773 22775 22778 22779 22785 22791 22794 22801 22806 22814 22816 22818 22828 22837 22839 22845
22855 22860 22865 22872 22878 22882 22890 22897 22907 22914 22922 22925 22934 22943 22951 22956 22959 22960
22970 22977 22984 22991 22995 22996 23002 23003 23012 23020 23026 23033 23037 23046 23051 23052 23058 23063
23066 23068 23072 23080 23082 23086 23096 23106 23114 23120 23128 23130 23133 23141 23144 23150 23154 23156
23164 23171 23172 23175 23181 23186 23193 23199 23209 23215 23216 23218 23228 23238 23245 23247 23254 23257
23260 23266 23270 23276 23280 23282 23283 23286 23291 23299 23302 23304 23314 23316 23324 23327 23336 23343
23347 23351 23358 23360 23362 23369 23379 23387 23392 23400 23402 23403 23406 23412 23420 23421 23424 23430
23435 23443 23446 23452 23462 23471 23477 23481 23483 23487 23497 23501 23506 23514 23523 23532 23535 23536
23544 23554 23563 23569 23579 23589 23594 23600 23610 23617 23624 23632 23633 23634 23641 23648 23650 23659
23668 23671 23681 23689 23692 23696 23700 23705 23709 23713 23723 23726 23735 23736 23746 23751 23756 23763
23769 23777 23779 23781 23789 23798 23805 23809 23810 23819 23821 23829 23835 23836 23845 23850 23853 23857
23867 23872 23875 23877 23878 23880 23881 23885 23892 23898 23904 23909 23912 23915 23919 23924 23929 23934
23940 23944 23949 23956 23958 23968 23969 23974 23979 23983 23992 23993 24000 24007 24011 24017 24027 24034
24042 24051 24056 24058 24068 24072 24073 24082 24085 24088 24097 24104 24112 24122 24132 24134 24138 24140
24142 24146 24156 24162 24164 24170 24180 24186 24188 24195 24203 24212 24221 24228 24236 24244 24252 24254
24257 24258 24259 24265 24269 24279 24286 24290 24300 24302 24311 24320 24321 24323 24326 24334 24344 24354
24361 24369 24372 24379 24383 24387 24390 24397 24404 24408 24409 24418 24424 24428 24436 24443 24448 24450
24455 24457 24462 24463 24465 24470 24476 24482 24489 24494 24503 24508 24512 24522 24529 24531 24541 24543
24553 24560 24569 24570 24576 24586 24587 24589 24594 24602 24603 24612 24617 24624 24627 24628 24629 24633
24638 24648 24657 24663 24668 24678 24684 24692 24700 24702 24709 24715 24723 24733 24735 24739 24742 24747
24755 24760 24761 24765 24774 24775 24776 24778 24788 24794 24799 24803 24808 24815 24825 24828 24834 24839
24848 24850 24856 24858 24868 24871 24878 24881 24889 24893 24895 24899 24908 24915 24924 24934 24940 24950
24955 24965 24975 24979 24987 24990 24997 24999 25006 25009 25018 25023 25032 25039 25045 25048 25051 25055
25057 25061 25068 25075 25084 25087 25095 25096 25103 25111 25114 25120 25129 25138 25139 25143 25146 25148
25151 25153 25155 25157 25160 25170 25172 25179 25187 25189 25193 25201 25203 25204 25210 25219 25222 25225
25227 25236 25238 25239 25249 25250 25260 25267 25268 25273 25277 25281 25289 25296 25306 25314 25320 25321
25328 25330 25336 25339 25346 25355 25363 25367 25370 25378 25383 25388 25391 25401 25411 25419 25427 25432
25441 25444 25452 25457 25461 25466 25474 25475 25478 25487 25496 25502 25504 25511 25516 25520 25525 25526
25528 25529 25539 25546 25552 25556 25566 25569 25579 25586 25590 25597 25599 25608 25618 25626 25636 25646
25648 25651 25657 25659 25662 25669 25676 25686 25688 25692 25697 25701 25705 25715 25725 25729 25731 25734
25741 25746 25747 25748 25756 25766 25774 25781 25786 25795 25802 25808 25814 25821 25824 25828 25836 25840
25841 25848 25849 25855 25860 25861 25869 25874 25878 25886 25891 25895 25899 25904 25908 25909 25916 25923
25930 25937 25944 25953 25954 25962 25965 25970 25979 25989 25993 25994 25999 26003 26006 26010 26019 26021
26025 26028 26030 26039 26047 26052 26055 26062 26067 26069 26076 26084 26088 26098 26099 26105 26106 26109
26114 26121 26129 26134 26142 26143 26146 26156 26165 26167 26176 26185 26193 26203 26208 26218 26222 26232
26241 26244 26254 26258 26265 26268 26272 26277 26281 26290 26296 26306 26309 26312 26322 26325 26330 26336
26341 26344 26352 26362 26363 26367 26371 26373 26378 26387 26395 26402 26405 26410 26415 26418 26420 26421
26426 26431 26433 26442 26443 26450 26460 26470 26473 26480 26488 26489 26490 26492 26496 26497 26498 26505
26508 26510 26516 26526 26531 26537 26547 26556 26565 26567 26572 26579 26580 26588 26594 26604 26611 26615
26624 26627 26634 26639 26647 26648 26651 26661 26670 26673 26675 26676 26683 26685 26691 26694 26704 26712
26721 26728 26737 26747 26755 26765 26766 26774 26779 26783 26791 26799 26801 26805 26808 26809 26814 26821
26822 26823 26833 26836 26838 26843 26845 26852 26860 26866 26868 26876 26883 26891 26898 26908 26916 26925
26934 26941 26947 26956 26966 26970 26977 26979 26987 26990 26999 27008 27016 27025 27029 27039 27047 27056
27059 27065 27071 27073 27082 27087 27095 27101 27103 27108 27112 27114 27116 27117 27127 27128 27138 27147
27156 27166 27168 27177 27184 27190 27196 27204 27209 27210 27218 27225 27228 27233 27234 27244 27245 27249
27257 27267 27276 27284 27290 27292 27294 27297 27303 27305 27311 27314 27322 27330 27334 27342 27346 27347
27354 27362 27371 27376 27382 27387 27392 27395 27405 27410 27418 27423 27424 27433 27441 27451 27455 27458
27460 27461 27466 27473 27474 27477 27486 27495 27498 27506 27515 27521 27522 27525 27535 27543 27547 27551
27553 27563 27567 27577 27580 27583 27586 27596 27602 27603 27609 27610 27612 27614 27623 27625 27628 27635
27645 27649 27655 27656 27666 27675 27681 27685 27688 27693 27701 27708 27715 27719 27725 27733 27738 27745
27749 27752 27755 27763 27767 27774 27779 27789 27796 27802 27811 27819 27823 27832 27836 27840 27841 27849
27851 27858 27867 27875 27878 27884 27892 27896 27900 27904 27907 27908 27911 27919 27920 27930 27937 27942
27949 27953 27959 27963 27973 27981 27986 27996 28004 28009 28019 28025 28031 28040 28041 28047 28057 28059
28062 28065 28071 28077 28078 28080 28088 28089 28096 28098 28104 28105 28115 28122 28129 28137 28139 28140
28145 28153 28163 28170 28175 28177 28187 28195 28202 28211 28219 28227 28228 28230 28234 28242 28248 28254
28261 28262 28271 28280 28282 28290 28293 28295 28304 28314 28324 28333 28335 28345 28351 28359 28364 28365
28366 28376 28385 28390 28398 28402 28404 28407 28414 28422 28423 28427 28429 28434 28439 28441 28446 28454
28457 28463 28469 28476 28483 28486 28487 28488 28496 28501 28506 28507 28508 28516 28526 28536 28544 28545
28555 28561 28563 28572 28578 28580 28587 28589 28591 28592 28599 28604 28612 28614 28618 28625 28627 28629
28636 28642 28646 28651 28660 28663 28671 28672 28681 28691 28700 28704 28714 28715 28724 28733 28740 28741
28746 28749 28750 28757 28765 28773 28783 28791 28800 28803 28813 28816 28821 28827 28831 28834 28837 28844
28854 28855 28864 28872 28874 28878 28882 28892 28894 28904 28914 28915 28919 28923 28929 28933 28936 28941
28947 28955 28965 28971 28973 28976 28985 28994 29002 29005 29015 29020 29026 29031 29041 29044 29048 29055
29063 29067 29076 29077 29080 29089 29091 29098 29106 29115 29121 29126 29128 29138 29146 29152 29153 29157
29159 29168 29174 29182 29184 29187 29189 29198 29203 29213 29217 29219 29224 29234 29236 29246 29256 29263
29267 29277 29278 29288 29294 29296 29297 29303 29311 29316 29322 29327 29328 29329 29336 29338 29347 29353
29362 29365 29370 29379 29383 29384 29393 29399 29409 29413 29423 29425 29428 29429 29432 29433 29436 29445
29448 29453 29459 29469 29474 29479 29486 29495 29497 29505 29511 29512 29521 29525 29528 29536 29538 29540
29549 29555 29561 29567 29577 29578 29588 29589 29590 29595 29598 29605 29611 29612 29613 29622 29627 29628
29638 29646 29655 29657 29662 29671 29678 29681 29686 29689 29698 29708 29714 29719 29723 29730 29740 29743
29746 29751 29752 29755 29764 29765 29775 29776 29784 29792 29793 29800 29805 29814 29822 29831 29836 29844
29850 29858 29861 29862 29865 29874 29878 29885 29888 29896 29897 29898 29902 29907 29916 29919 29929 29935
29944 29954 29963 29973 29981 29983 29991 30001 30007 30014 30020 30029 30039 30043 30046 30056 30064 30070
30078 30087 30095 30100 30108 30115 30122 30124 30132 30141 30149 30156 30163 30167 30171 30179 30185 30189
30199 30208 30209 30213 30222 30229 30232 30242 30248 30251 30255 30261 30266 30271 30279 30283 30293 30298
30303 30304 30310 30316 30317 30323 30329 30334 30338 30344 30352 30359 30360 30368 30374 30376 30385 30394
30402 30409 30416 30423 30426 30430 30432 30440 30450 30453 30459 30465 30467 30473 30482 30487 30495 30504
30512 30516 30521 30523 30533 30536 30539 30547 30553 30556 30558 30564 30565 30572 30575 30581 30583 30592
30598 30608 30614 30621 30626 30632 30640 30645 30653 30662 30668 30676 30685 30695 30705 30709 30712 30717
30725 30729 30732 30733 30735 30738 30746 30753 30759 30765 30775 30785 30790 30796 30803 30809 30814 30820
30824 30826 30831 30839 30843 30846 30851 30860 30867 30877 30887 30888 30895 30904 30906 30915 30925 30929
30930 30938 30942 30951 30961 30963 30972 30982 30984 30987 30990 30993 30999 31004 31007 31015 31025 31031
31035 31045 31046 31056 31062 31063 31065 31070 31077 31086 31087 31091 31097 31101 31106 31115 31123 31130
31140 31146 31153 31161 31165 31172 31174 31178 31187 31188 31189 31199 31209 31215 31223 31229 31238 31239
31248 31257 31260 31265 31268 31274 31276 31286 31291 31300 31302 31309 31317 31324 31332 31339 31342 31344
31350 31354 31357 31365 31371 31378 31381 31387 31389 31391 31395 31400 31404 31411 31413 31423 31428 31431
31432 31439 31441 31445 31455 31463 31472 31473 31479 31486 31488 31494 31503 31512 31521 31529 31537 31538
31544 31545 31550 31553 31563 31564 31571 31572 31574 31577 31579 31582 31587 31593 31602 31607 31609 31611
31620 31621 31622 31631 31639 31640 31641 31646 31654 31661 31665 31671 31680 31683 31692 31701 31707 31716
31719 31729 31734 31735 31745 31754 31756 31763 31768 31773 31782 31785 31793 31802 31810 31812 31817 31822
31823 31831 31833 31842 31846 31856 31865 31870 31878 31888 31890 31892 31894 31899 31906 31915 31920 31930
31934 31944 31948 31956 31964 31972 31977 31984 31986 31992 31993 32001 32011 32012 32021 32024 32027 32036
32041 32044 32049 32053 32057 32058 32060 32067 32072 32079 32081 32084 32086 32095 32098 32105 32115 32125
32128 32130 32135 32140 32147 32150 32154 32159 32169 32176 32182 32186 32190 32195 32204 32207 32215 32222
32231 32236 32244 32245 32252 32257 32266 32272 32276 32286 32287 32297 32301 32306 32315 32318 32320 32327
32328 32335 32340 32349 32352 32355 32363 32364 32370 32373 32377 32378 32387 32389 32395 32397 32400 32407
32417 32427 32434 32437 32438 32445 32447 32457 32459 32460 32469 32475 32481 32483 32490 32495 32497 32504
32508 32513 32516 32526 32533 32541 32551 32559 32569 32576 32582 32592 32595 32602 32603 32613 32616 32617
32618 32621 32627 32637 32638 32647 32656 32662 32672 32681 32683 32690 32698 32706 32709 32712 32720 32728
32732 32733 32737 32740 32748 32751 32758 32767 32768 32777 32783 32788 32794 32802 32810 32820 32830 32836
32840 32844 32848 32853 32854 32855 32862 32870 32874 32884 32891 32894 32898 32904 32907 32911 32915 32924
32932 32938 32943 32951 32958 32960 32964 32968 32970 32980 32987 32991 33001 33010 33017 33021 33025 33033
33036 33037 33042 33043 33047 33056 33065 33075 33080 33081 33083 33089 33098 33103 33105 33107 33109 33119
33128 33129 33133 33136 33141 33151 33161 33171 33179 33189 33198 33203 33206 33216 33226 33232 33237 33245
33250 33253 33255 33260 33262 33266 33269 33279 33287 33295 33298 33301 33309 33313 33323 33329 33335 33341
33345 33354 33361 33369 33374 33377 33381 33391 33395 33396 33401 33406 33416 33423 33424 33428 33433 33434
33437 33441 33451 33453 33458 33460 33461 33463 33472 33481 33486 33488 33492 33500 33509 33515 33519 33524
33533 33539 33545 33554 33556 33558 33559 33568 33578 33585 33589 33594 33597 33599 33601 33603 33613 33618
33624 33631 33640 33645 33650 33658 33659 33665 33669 33679 33682 33690 33693 33702 33707 33717 33718 33724
33725 33727 33731 33738 33748 33753 33757 33758 33761 33767 33776 33781 33789 33793 33800 33803 33808 33816
33825 33831 33836 33840 33850 33854 33855 33864 33868 33878 33888 33896 33901 33909 33918 33919 33924 33927
33936 33946 33948 33956 33963 33967 33977 33983 33984 33993 33999 34006 34014 34021 34022 34030 34037 34046
34047 34049 34059 34062 34063 34070 34071 34076 34079 34082 34083 34088 34090 34091 34093 34096 34106 34116
34122 34123 34126 34131 34138 34141 34147 34149 34156 34159 34164 34165 34174 34178 34182 34190 34191 34198
34206 34214 34215 34218 34225 34234 34235 34242 34245 34253 34261 34263 34266 34268 34273 34275 34280 34286
34289 34292 34297 34305 34310 34317 34326 34332 34342 34351 34354 34356 34362 34372 34373 34377 34383 34393
34399 34402 34406 34408 34412 34414 34422 34427 34428 34436 34441 34447 34451 34457 34467 34472 34480 34483
34484 34488 34489 34493 34495 34496 34503 34511 34519 34528 34537 34542 34547 34551 34554 34558 34560 34561
34568 34571 34580 34585 34594 34600 34605 34612 34617 34626 34629 34639 34648 34649 34657 34659 34664 34666
34674 34680 34682 34692 34699 34705 34707 34714 34717 34726 34728 34738 34745 34748 34754 34758 34759 34764
34771 34772 34776 34785 34792 34799 34808 34810 34815 34824 34827 34828 34835 34845 34846 34853 34857 34861
34870 34875 34883 34890 34899 34906 34915 34916 34918 34920 34925 34934 34941 34944 34951 34952 34961 34970
34974 34975 34979 34988 34991 34996 35004 35008 35016 35020 35022 35027 35034 35044 35045 35047 35048 35051
35054 35056 35062 35067 35071 35079 35086 35089 35098 35106 35108 35116 35118 35128 35132 35139 35142 35143
35148 35153 35155 35165 35175 35180 35182 35192 35195 35201 35205 35210 35217 35222 35229 35237 35246 35256
35261 35271 35281 35291 35296 35297 35300 35305 35309 35311 35314 35318 35324 35329 35335 35339 35349 35354
35362 35364 35365 35370 35378 35381 35384 35394 35402 35408 35411 35414 35421 35430 35439 35440 35441 35445
35447 35449 35459 35464 35467 35470 35471 35479 35489 35490 35496 35498 35507 35511 35512 35518 35524 35532
35541 35549 35552 35561 35563 35573 35576 35586 35589 35598 35605 35612 35617 35627 35632 35637 35647 35648
35653 35655 35664 35665 35668 35673 35674 35678 35688 35696 35701 35704 35707 35715 35719 35726 35736 35746
35748 35751 35761 35765 35766 35770 35775 35782 35788 35790 35793 35796 35797 35801 35802 35805 35810 35820
35828 35836 35842 35845 35847 35856 35858 35867 35871 35881 35891 35895 35903 35908 35910 35914 35916 35926
35936 35938 35946 35956 35962 35968 35977 35978 35980 35987 35991 35995 36003 36008 36012 36017 36026 36028
36038 36040 36042 36050 36058 36066 36072 36078 36087 36094 36104 36107 36117 36125 36131 36135 36144 36150
36152 36161 36164 36168 36175 36182 36188 36189 36197 36201 36210 36218 36224 36227 36231 36237 36246 36254
36260 36269 36273 36274 36280 36283 36285 36294 36304 36307 36308 36312 36315 36321 36326 36332 36333 36336
36338 36343 36350 36357 36363 36373 36375 36385 36388 36390 36395 36396 36402 36405 36412 36418 36428 36431
36432 36434 36436 36440 36444 36449 36450 36460 36469 36472 36481 36485 36494 36504 36511 36517 36527 36528
36534 36535 36542 36552 36556 36559 36561 36563 36564 36565 36573 36582 36591 36601 36609 36615 36623 36629
36630 36638 36642 36647 36653 36660 36669 36677 36683 36692 36693 36697 36706 36709 36714 36721 36724 36728
36738 36739 36745 36748 36750 36758 36765 36766 36774 36781 36788 36795 36799 36807 36811 36813 36816 36819
36826 36832 36833 36840 36847 36848 36852 36857 36864 36872 36877 36886 36892 36893 36903 36912 36922 36929
36934 36936 36942 36949 36958 36963 36971 36979 36985 36993 36994 37004 37008 37013 37019 37028 37037 37045
37052 37055 37059 37062 37068 37069 37076 37077 37082 37092 37098 37104 37109 37114 37118 37120 37128 37137
37146 37154 37164 37170 37178 37188 37190 37196 37206 37211 37221 37226 37233 37241 37242 37244 37248 37253
37259 37263
