26
2
1
0 250
4 250
8 250
10 250
-4 250
1 250
4 250
6 250
-3 250
2 250
5 250
8 250
-6 250
-2 250
2 250
4 250
-5 250
0 250
3 250
5 250
-8 250
-4 250
0 250
2 250
-3 250
0 250
3 250
5 250
-3 250
1 250
4 250
6 250
0 250
4 250
8 250
10 250
-4 250
1 250
4 250
6 250
-3 250
2 250
5 250
8 250
-6 250
-2 250
2 250
4 250
-5 250
0 250
3 250
5 250
-8 250
-4 250
0 250
2 250
-3 250
0 250
3 250
5 250
-3 250
1 250
4 250
6 250
0 250
4 250
8 250
10 250
-4 250
1 250
4 250
6 250
-3 250
2 250
5 250
8 250
-6 250
-2 250
2 250
4 250
-5 250
0 250
3 250
5 250
-8 250
-4 250
0 250
2 250
-3 250
0 250
3 250
5 250
-3 250
1 250
4 250
6 250
