38
1
1
10 1000
9 1000
8 1000
6 1000
5 1000
4 1000
5 1000
6 1000
10 1000
6 1000
5 1000
4 1000
3 1000
2 1000
3 1000
4 1000
8 250
6 250
8 250
2 250
1 250
4 250
3 250
4 250
2 250
8 250
6 250
5 250
2 250
10 250
6 250
13 250
5 250
10 250
9 250
11 250
4 250
9 250
8 250
6 250
3 250
4 250
5 250
8 250
1 500
6 500
12 250
10 125
11 125
12 250
10 125
11 125
12 125
4 125
5 125
6 125
8 125
9 125
10 125
11 125
10 250
8 125
9 125
10 250
2 125
3 125
4 125
5 125
4 125
3 125
4 125
2 125
3 125
4 125
3 250
5 125
4 125
3 250
2 125
1 125
2 125
1 125
0 125
1 125
2 125
3 125
4 125
5 125
3 250
5 125
4 125
5 250
6 125
8 125
6 125
5 125
4 125
5 125
6 125
8 125
9 125
10 125
2 250
8 125
9 125
10 250
8 125
9 125
6 125
4 125
5 125
6 125
8 125
9 125
10 125
11 125
8 250
5 125
6 125
8 250
2 125
3 125
4 125
5 125
4 125
3 125
4 125
8 125
6 125
8 125
3 250
5 125
4 125
3 250
4 125
3 125
2 125
3 125
2 125
3 125
4 125
5 125
6 125
8 125
3 250
5 125
6 125
8 250
6 125
5 125
6 125
8 125
9 125
8 125
6 125
8 125
5 125
6 125
10 500




