60
3
1
15 8500
4 0
2 0
1 250
4 0
2 0
1 250
4 0
2 0
1 0
0 750
3 125
2 125
2 0
-5 250
2 125
3 125
4 0
0 250
2 250
1 500
0 0
-3 0
-4 250
1 250
2 0
1 0
0 250
0 250
-4 250
12 125
13 125
12 250
12 125
13 125
12 250
14 750
14 250
13 125
14 250
12 125
12 250
14 250
12 750
4 250
5 250
4 750
2 125
3 125
4 250
3 125
2 125
1 250
-3 250
-4 250
-5 500
-3 250
-4 250
2 250
-8 250
4 125
13 125
12 250
12 125
13 125
12 250
14 750
14 250
13 125
14 250
13 125
14 250
14 375
-6 0
-8 125
4 0
2 0
1 250
4 0
1 250
4 0
2 250
4 0
2 0
1 500
3 500
2 250
0 250
1 125
1 375
2 500
4 1000
5 250
4 125
4 0
2 250
4 0
1 625
4 0
-4 250
-3 125
0 125
0 0
-3 0
-4 0
-5 250
-3 250
0 0
-3 0
-4 125
1 125
0 1625
4 125
4 250
4 500
3 500
2 250
0 250
1 125
1 375
2 500
4 1000
5 250
4 125
2 250
2 625
-4 250
-3 125
0 125
-8 250
-8 250
-8 125
-7 125
-8 1500
13 250
12 125
12 0
10 250
12 0
9 675
12 0
4 250
5 125
8 125
0 0
-3 0
-4 0
-5 1250
-3 250
0 125
1 250
0 125 

