40
1
0
2 450
5 450
8 450
6 450
5 450
8 450
5 450
6 450
5 450
3 450
4 450
2 2000
2 450
5 450
8 450
6 450
5 450
8 450
5 450
6 450
5 450
2 450
1 425
1 2000
1 450
3 475
4 425
6 2250
1 450
3 475
4 425
5 2000
-3 450
0 450
4 450
3 450
2 450
4 450
3 450
3 450
2 450
2 450
-4 450
-3 2000
5 450
5 475
4 425
4 2000
6 450
5 475
3 425
2 2000
2 450
4 450
2 450
1 2250
1 450
3 475
1 425
2 2000
2 450
5 450
8 450
6 450
5 450
8 450
5 450
6 450
5 450
3 450
4 450
2 2000
2 450
5 450
8 450
6 450
5 450
8 450
5 450
6 450
5 450
2 450
1 425
1 2000
1 450
3 475
4 425
6 2000
1 450
3 475
4 425
5 2000
-3 450
0 450
4 450
3 450
2 450
4 450
3 450
3 450
2 450
2 450
4 425
5 3600